0.00152493
0.01666570
0.01636291
0.01625133
0.01629019
0.01662946
0.01701832
0.01675463
0.01690483
0.01643682
0.01637578
0.01651406
0.01626372
0.01629162
0.01634407
0.01615930
0.01620913
0.01628137
0.01636505
0.01631188
0.01630735
0.01639390
0.01651835
0.01620293
0.01630807
0.01648974
0.01648402
0.02006888
0.01627564
0.01640296
0.01701546
0.01654482
0.01642895
0.01636791
0.01631331
0.01635456
0.01635885
0.01635170
0.01638436
0.01630902
0.01629376
0.01627254
0.01622152
0.01723289
0.01661158
0.02083850
0.02639222
0.02993059
0.02715778
0.02671695
0.02824712
0.02289271
0.02088165
0.01997471
0.02488661
0.02656245
0.02677059
0.02921247
0.02641892
0.02770972
0.02874374
0.02735043
0.02661467
0.02727842
0.01626968
0.01623011
0.01633120
0.01641035
0.01658106
0.01673961
0.01657534
0.01649404
0.01655197
0.01706576
0.01657534
0.01629901
0.01626754
0.01634955
0.01630187
0.01634336
0.01641726
0.01640606
0.01624513
0.01622415
0.01622033
0.01625252
0.01685286
0.01655030
0.01619387
0.01627684
0.01622152
0.01630402
0.01622629
0.01627159
0.01667166
0.01627946
0.01634550
0.01628494
0.01627707
0.01634979
0.01693654
0.01720166
0.01716113
0.01723671
0.01732326
0.01756477
0.01787901
0.01770830
0.01957321
0.01806998
0.01904154
0.01846623
0.01856422
0.01985216
0.01828170
0.01811290
0.01897764
0.01904917
0.01672721
0.01702833
0.01738453
0.01686335
0.01755357
0.01787329
0.01669264
0.01652789
0.01659966
0.01679587
0.01706100
0.01667905
0.01644921
0.01636910
0.01645136
0.01673436
0.01678109
0.01748514
0.01716018
0.01707220
0.01716280
0.01711798
0.01692867
0.01656342
