0.00155711
0.02078128
0.02507114
0.02908778
0.02908158
0.02973461
0.02907634
0.02916384
0.02914000
0.02938318
0.02904439
0.02904391
0.02911234
0.02931428
0.02912235
0.02952480
0.03586459
0.04809737
0.04908013
0.04715872
0.04703927
0.04685330
0.04702759
0.04893970
0.04867744
0.04672670
0.05135536
0.05578327
0.05125332
0.04708076
0.05120420
0.04697013
0.04938507
0.04888630
0.04685831
0.04926085
0.05313301
0.05658889
0.04703450
0.04918909
0.04905128
0.05267954
0.05312252
0.05468106
0.05300164
0.07793164
0.04965067
0.05690336
0.05106235
0.04861546
0.04911447
0.04677582
0.04914856
0.04955864
0.05495334
0.05072641
0.04972601
0.04863644
0.04883647
0.04688740
0.04703403
0.04890728
0.04684687
0.04723454
0.04680920
0.04677439
0.04658270
0.04856300
0.04887533
0.04947639
0.04877257
0.04705024
0.04953194
0.04721332
0.05255413
0.05248284
0.03419113
0.03412485
0.03376389
0.03397465
0.03380823
0.03416562
0.03401089
0.03403044
0.03427458
0.03373456
0.03373241
0.03411245
0.03407741
0.03358698
0.03374052
0.03353691
0.03363538
0.03358459
0.03376985
0.03378630
0.03394246
0.03383803
0.03413606
0.03387427
0.03385282
0.03389096
0.03395915
0.03428769
0.03376985
0.03387761
0.03398061
0.03433919
0.03402686
0.03373909
0.02964854
0.02962065
0.02926230
0.02945662
0.02935052
0.02938938
0.02936077
0.03552246
0.02928090
0.03049374
0.03053474
0.02944183
0.03048372
0.03058624
0.03052998
0.03080869
0.03051281
0.02994657
0.03002644
0.02974796
0.03012705
0.02974105
0.02933025
0.02948022
0.02932835
0.02963924
0.03280258
0.03017020
0.03099918
0.02972126
0.02969718
0.02955723
0.02968979
0.03008008
0.03665519
0.02947545
0.02924585
0.02931809
0.02953839
0.02931666
0.02917767
0.02920675
0.02988815
0.03044295
0.03062057
0.03061557
0.02911973
0.02937818
0.02975273
0.03087592
0.02937984
0.02949142
0.02929139
0.02916622
0.02938294
0.02949739
0.02972555
0.02942967
0.03092027
0.02942872
0.02942348
0.03245902
0.02938199
0.02948904
0.03049803
0.03050780
0.03040338
0.03036404
0.03028226
0.02938867
0.02942014
0.03039575
0.03071308
0.02923393
0.02934480
0.02943826
0.02938747
0.03041792
0.02950096
0.02961063
0.02952981
0.02941179
0.02952790
0.02930284
0.02935672
0.02925014
0.03115344
0.02978110
0.02986908
0.02958608
0.02962923
0.03051567
0.02950072
0.02923751
0.02947283
0.02941298
0.02992749
0.03078246
0.04015493
0.03009987
0.02966166
0.03157687
0.04028082
0.02969146
0.02989316
0.02995443
0.02934074
0.03000188
0.02971649
0.02982712
0.02918911
0.02931333
0.02961707
0.02993155
0.03015447
0.02992344
0.02928233
0.02972817
0.02987003
0.02976561
0.02966785
0.02960515
0.02997303
0.02977085
0.02967262
0.02994895
0.02981353
0.02950811
0.02998328
0.03270864
0.02967238
0.03354859
0.02992511
0.02982998
0.03391075
0.02980399
0.03011942
0.02975750
0.03074527
0.02925134
0.02971458
0.02919865
0.03119111
0.02978539
0.03521180
0.02978086
0.02981138
0.03056765
0.03119850
0.02972889
0.02984524
0.03062534
0.03071713
0.02939439
0.03008032
0.02986431
0.02982140
0.03005314
0.03020597
0.03017044
0.02999902
0.03004479
0.02999783
0.03081536
0.03071642
0.03303623
0.04046082
0.02991724
0.02957773
0.02967167
0.02961493
0.03011990
0.03070807
0.03616071
0.03587556
0.03684640
0.03554559
0.03149533
0.03012395
0.02991271
0.02981901
0.02933264
0.02935982
0.03027344
0.03046036
0.03047895
0.03048396
0.03037572
0.02917528
0.03113341
0.03031468
0.03055310
0.03001857
0.03020573
0.02943182
0.02934885
0.02982593
0.03053164
0.03098583
0.02937555
0.02931833
0.02974010
0.04012513
0.02975893
0.02954769
0.02963924
0.02931595
0.03012061
0.02978873
0.02969122
0.02965975
0.02974057
0.02979994
0.02956820
0.02966285
0.02964902
0.02968478
0.02899408
0.02918148
0.02928090
0.02916718
0.03102899
0.02945185
0.02931476
0.02937913
0.02972603
0.02976036
0.03016639
0.02979422
0.02988625
0.02970243
0.02979994
0.02977753
0.03052688
0.03170967
0.02945089
0.02956462
0.02920842
0.02938128
0.02963686
0.02933097
0.03052950
0.02927327
0.02991247
0.02917480
0.02930236
0.02921343
0.02990794
0.02966356
0.02929473
0.02937603
0.02959371
0.02942491
0.02928782
0.02923393
0.02929306
0.02934694
0.02946258
0.02928948
0.02986622
0.02945757
0.02948332
0.02942228
0.03015995
0.02976465
0.03096199
0.02974892
0.02883744
0.03027177
0.02965713
0.02952790
0.02981997
0.03009605
0.02968454
0.02937436
0.02917743
0.02910638
0.02899718
0.02916956
0.02929378
0.02917266
0.03130078
0.02920270
0.02928758
0.02924156
0.03965139
0.02962804
0.02560830
0.02968645
0.03005552
0.02965975
0.02989078
0.02974558
0.02974057
0.02973413
0.02974772
0.03017092
0.03090858
0.02966499
0.03444529
0.03401423
0.03385091
0.03377080
0.03378415
0.02803731
0.02820683
0.03388286
0.03375626
0.02974534
0.03049588
0.03046608
0.02645516
0.02914476
0.02497315
0.02636719
0.02529049
0.02633643
0.02512479
0.02926207
0.02903271
0.02946854
0.02949929
0.02553225
0.02116275
0.02586699
0.02966809
0.02924800
0.03467655
0.02985406
0.02126122
0.02141309
0.02566123
0.02535224
0.02077675
0.02519917
0.02078056
0.02916837
0.02924442
0.01668978
0.02496672
0.02543283
0.02103567
0.02608109
0.01670384
0.02921414
0.02945876
0.02079678
0.02929902
0.02937365
0.02495241
0.02917838
0.02926660
0.02979660
0.03088188
0.03010631
0.02539778
0.02128363
0.02560043
0.02950859
0.03047228
0.02970576
0.02967310
0.02958703
0.02920604
0.03033185
0.03015232
0.02929068
0.03009677
0.02974772
0.02974677
0.02911997
0.02946091
0.01671910
0.02973962
0.02935362
0.02947164
0.02555275
0.02122951
0.02950096
0.02968335
0.02995276
0.02917862
0.02907515
0.02919626
0.02905488
0.02901888
0.02896953
0.02896929
0.02903438
0.01642942
0.02962399
0.02070522
0.03325534
0.03092098
0.02913618
0.02640128
0.02506304
0.02954292
0.02960896
0.02930045
0.02989912
0.02950335
0.02913165
0.02940059
0.03094125
0.02507424
0.03153086
0.02986097
0.03050828
0.02966690
0.02966499
0.02966785
0.02968740
0.02918744
0.03410530
0.03382468
0.03385758
0.03336835
0.02926755
0.02931833
0.02936435
0.02969408
0.02982140
0.02925682
0.02920938
0.02931046
0.03479123
0.03750491
0.03491354
0.03501034
0.03248000
0.03297615
0.03002429
0.02994037
0.03003597
0.02977133
0.03258181
0.02936530
0.03021741
0.03166604
0.02970695
0.03226495
0.03095126
0.03309917
0.02956414
0.03001070
0.02996325
0.02910018
0.02933788
0.02919030
0.02948546
0.02944350
0.02979445
0.02977347
0.03000546
0.02976418
0.02967262
0.03080106
0.03089762
0.03102064
0.03046179
0.02996111
0.02931023
0.03021264
0.03023934
0.03007984
0.03417706
0.03297710
0.03048778
0.04106498
0.04044414
0.02949953
0.02941704
0.02951407
0.02964115
