0.00151968
0.03021097
0.02974725
0.02979732
0.03456140
0.02983332
0.03020477
0.03012371
0.03019691
0.03020334
0.03463602
0.03135133
0.03137851
0.03156996
0.03124666
0.03124022
0.03140354
0.03137445
0.03089714
0.03225160
0.03001690
0.02970600
0.03069854
0.02279091
0.01648378
0.01652336
0.01660299
0.01660156
0.01666570
0.02125478
0.02535915
0.03000259
0.02611327
0.02174759
0.01651573
0.01642060
0.01635408
0.01669335
0.02134776
0.03037524
0.03034091
0.03039551
0.03055334
0.02595949
0.01684785
0.01670289
0.01670790
0.01637340
0.02089643
0.02552295
0.02982330
0.02527571
0.01649404
0.01650596
0.01683164
0.01716852
0.02314115
0.02196407
0.02565098
0.01648498
0.01681876
0.01730752
0.01686668
0.01668787
0.01671219
0.01675034
0.02888751
0.03487110
0.03028679
0.03006077
0.01684928
0.01688480
0.01658249
0.03098178
0.03194070
0.03033590
0.03151226
0.03023291
0.01652622
0.01638055
0.01684523
0.02093458
0.03140235
0.03119349
0.03143740
0.03074884
0.02601647
0.01644826
0.02583671
0.03410840
0.03492451
0.02984142
0.03338075
0.03802013
0.03804088
0.03672814
0.03590417
0.03118372
0.03140759
0.03087258
0.03013968
0.03053141
0.03072691
0.03071332
0.03045750
0.02618742
0.01679087
0.01683426
0.01690650
0.02153921
0.02184224
0.02577829
0.02607012
0.03061795
0.02635646
0.01652956
0.01656556
0.01650596
0.01674080
0.01671314
0.01695299
0.01650214
0.02110147
0.01662493
0.01641750
0.01638746
0.02099180
0.02089334
0.01649451
0.01653695
0.01719427
0.02560115
0.03017545
0.03016520
0.02975154
0.01668239
0.03122759
0.03034306
0.03051901
0.03037453
0.02585387
0.01683426
0.01679611
0.01676416
0.03056312
0.03094292
0.03076577
0.03082037
0.03118491
0.02983212
0.01682091
0.02986503
0.03037167
0.01651859
0.03041887
0.03038764
0.03162694
0.03010058
0.03132367
0.02096820
0.02574134
0.02533293
0.01654553
0.03001189
0.02986622
0.02986979
0.03027844
0.02990746
0.01639080
0.01674771
0.01659179
0.03129053
0.03003144
0.03501582
0.03043318
0.03046966
0.03095436
0.03070641
0.03160596
0.03006124
0.03079343
0.03070784
0.03065705
0.03121519
0.03052711
0.03071141
0.03077412
0.03056622
0.03081441
0.03073812
0.03058219
0.03065777
0.03052664
0.03040481
0.03041267
0.03027272
0.03036332
0.03076839
0.03030539
0.02660227
0.02390885
0.02157259
0.02079391
0.01645398
0.01658225
0.02120399
0.03033662
0.02998090
0.02539611
0.02092314
0.02579260
0.02549338
0.03018236
0.02978134
0.02996993
0.02978253
0.01646805
0.01643753
0.02688074
0.03088641
0.03242993
0.03053999
0.03086376
0.03197145
0.02981591
0.02092242
0.02553511
0.02992797
0.03118801
0.03104758
0.03102875
0.01648927
0.01644254
0.02972817
0.02982068
0.03052735
0.01677728
0.02315426
0.03509474
0.03518295
0.02903342
0.01696086
0.02911901
0.03783011
0.03497863
0.03501940
0.03541589
0.02901101
0.02281427
0.03483391
0.03494239
0.03499103
0.03520894
0.03519487
0.03528929
0.03492308
0.01687121
0.01673889
0.03478312
0.03137159
0.03109622
0.03017831
0.03117704
0.03140187
0.01638341
0.03031325
0.02988100
0.01657796
0.02995729
0.02988291
0.02987599
0.03389907
0.03047252
0.03509116
0.02153111
0.03020382
0.03021526
0.02147937
0.01665878
0.02587128
0.03025222
0.03037596
0.01666665
0.02581382
0.03031325
0.03030372
0.02128768
0.02146816
0.02590728
0.01672125
0.01679826
0.02597451
0.03041506
0.03100204
0.03105211
0.03174901
0.02588367
0.01678038
0.03047132
0.03054309
0.03031135
0.01658583
0.02855086
0.03045702
0.03493214
0.03502774
0.03477311
0.03041506
0.03036284
0.02992797
0.03006673
0.02088475
0.02098608
0.02999115
0.02997923
0.01641560
0.02140570
0.03107834
0.03007030
0.02995872
0.03006077
0.01654291
0.02549529
0.02982306
0.02981853
0.03154111
0.03052473
0.03067064
0.03041768
0.03051496
0.03026628
0.03175974
0.03043866
0.03037405
0.03048015
0.03039312
0.03036785
0.03074622
0.03050375
0.03266144
0.03001595
0.01644301
0.02982855
0.02988720
0.02984357
0.02129841
0.02992535
0.03008938
0.03000331
0.02994180
0.02079034
0.02971721
0.02969122
0.02988529
0.01638985
0.01636720
0.02551556
0.02980804
0.03173232
0.02105331
0.03001690
0.03005290
0.03109717
0.03107810
0.01643300
0.03158474
0.03732562
0.02389145
0.03600502
0.03483677
0.03454375
0.03092551
0.03207994
0.03106332
0.03276992
0.01671624
0.03166771
0.03040361
0.03050733
0.02985454
0.01642323
0.02972198
0.02523398
0.02095461
0.03098702
0.03103638
0.03136802
0.03101730
0.03118300
0.03136587
0.03436303
0.03426862
0.03420138
0.03452754
0.03228235
0.03449202
0.03416491
0.01681924
0.02324629
0.02866626
0.01679206
0.02262831
0.02837539
0.02902985
0.01700616
0.02856183
0.03430820
0.03420162
0.01680875
0.03421021
0.03447700
0.03413129
0.03413486
0.03432012
0.02269101
0.02265549
0.03408456
0.03405571
0.03426766
0.03457952
0.03416991
0.02273035
0.01672888
0.01669478
0.02844024
0.03423715
0.03513265
0.03439975
0.02268386
0.03402042
0.03428674
0.03431606
0.03421593
0.01682591
0.03459072
0.03441858
0.03421283
0.02262187
0.01690173
0.02854013
0.03398561
0.03411174
0.03436637
0.03452539
0.03421998
0.03714919
0.03122950
0.03083634
0.03044558
0.03036356
0.03040504
0.03033876
0.03071594
0.03041530
0.03057933
0.03042531
0.03061509
0.03021288
0.02972198
0.02987838
0.02076054
0.02534699
0.02529144
0.02974534
0.02997661
0.03000188
0.02991319
0.02974606
0.02987957
0.03165674
0.03022933
0.02133489
0.03083420
0.03025055
0.03048539
0.03026104
0.03203583
0.03060722
0.03037906
0.03056765
0.03031397
0.02126169
0.02235413
0.02127552
0.03105211
0.03070903
0.03031778
0.03387165
0.03053355
0.03070927
0.02999187
0.03117204
0.03093481
