0.00145197
0.03554320
0.03522468
0.03528285
0.03501391
0.03504968
0.03538918
0.03499079
0.03503799
0.03531671
0.03474665
0.03045869
0.03040671
0.02993584
0.03364706
0.02981567
0.03035164
0.02986574
0.02997565
0.03018284
0.03024936
0.03158426
0.03165889
0.03158975
0.03184414
0.03022194
0.03178716
0.03161049
0.03094792
0.03148985
0.03246641
0.03211737
0.03054261
0.03205442
0.03203750
0.03022432
0.03025222
0.03070331
0.03038526
0.03458381
0.03088522
0.03062701
0.03043509
0.03066349
0.03229380
0.03198981
0.03087020
0.03158784
0.03109479
0.03166294
0.03161240
0.03220034
0.03038454
0.03038764
0.03043222
0.03051376
0.03050065
0.03047657
0.03003263
0.03076315
0.03191543
0.03064823
0.03073645
0.03091884
0.03203106
0.03076172
0.03106546
0.03062010
0.03132081
0.03537893
0.03526282
0.03520632
0.03528237
0.03516746
0.03539515
0.03521204
0.03501272
0.03510618
0.03504443
0.03544569
0.03516150
0.03503394
0.02995491
0.03099990
0.03010821
0.03011537
0.03004384
0.03029728
0.03051424
0.03052258
0.03047633
0.03025103
0.03057241
0.03059959
0.03003478
0.03081179
0.03158116
0.03011250
0.03071141
0.03060603
0.03021550
0.02985740
0.03045487
0.03074765
0.03021932
0.03065634
0.03061604
0.03064585
0.03056550
0.03042269
0.03024888
0.03048468
0.03022599
0.03009009
0.03051186
0.03062940
0.03005385
0.03028703
0.03033137
0.03049517
0.03428721
0.03197742
0.03193283
0.03035665
0.03104734
0.03048086
0.03389716
0.03135681
0.03355742
0.03513122
0.03525734
0.03523707
0.03499007
0.03492999
0.03536534
0.03507590
0.03238249
0.03012085
0.03017187
0.03055930
0.03014326
0.03012085
0.02990580
0.03055882
0.03010011
0.03001761
0.03117704
0.03129029
0.03236747
0.03378630
0.04119611
0.02996755
0.03008223
0.03079057
0.03092504
0.03043032
0.03043818
0.03002954
0.03049779
0.03030944
0.03072524
0.03055215
0.03065085
0.03065467
0.03045630
0.03049088
0.03043032
0.03045535
0.03477621
0.04277444
0.03608584
0.03055215
0.03039813
0.03059936
0.03061914
0.03032637
0.03056359
0.03131437
0.03039098
0.03173423
0.03134322
0.03173423
0.03007913
0.03090954
0.03067923
0.02988863
0.03025937
0.03072095
0.03014159
0.03008628
0.03009605
0.03152633
0.03007221
0.02996397
0.02997446
0.03004742
0.02996469
0.03009343
0.03009534
0.03046703
0.03105950
0.03085399
0.03035235
0.03387666
0.03027081
0.03248835
0.03225183
0.03028584
0.03191638
0.03038526
0.03029346
0.03042626
0.03205824
0.03036594
0.03108764
0.03636265
0.03657031
0.03518867
0.03676748
0.03102565
0.03071117
0.03154898
0.03077912
0.03839254
0.03031349
0.03030682
0.03312039
0.03037405
0.03062534
0.03033614
0.03051519
0.03039980
0.03296828
0.03064728
0.03324342
0.03060412
0.03029203
0.02996254
0.03015709
0.03039169
0.03035045
0.03274608
0.03219318
0.03016090
0.03002405
0.03018808
0.03007865
0.03014112
0.03023553
0.02999187
0.02991581
0.03058219
0.03027964
0.03022051
0.03037906
0.03075457
0.03026342
0.03120375
0.03067040
0.03512621
0.03451228
0.03441763
0.03462315
0.03492689
0.03453732
0.03464937
0.03479695
0.03458381
0.03454685
0.03457332
0.03455496
0.03464413
0.03473663
0.03451109
0.03426600
0.03285193
0.03203368
0.03036761
0.03439045
0.03110123
0.03005886
0.03037810
0.03104115
0.03104019
0.03047156
0.03043056
0.03047061
0.03034973
0.03017282
0.02988696
0.03042245
0.03240204
0.03165150
0.03152585
0.03131914
0.03090882
0.03055596
0.03003573
0.03349018
0.03234887
0.03153086
0.03006506
0.03056693
0.04058886
0.03077793
0.03021240
0.03157973
0.03041911
0.03050470
0.03060699
0.03045797
0.03035331
0.03030944
0.03047204
0.03049612
0.03081465
0.03161740
0.03058767
0.03053069
0.03081989
0.03054667
0.03064823
0.03030610
0.03034735
0.03062749
0.02991366
0.03004527
0.03086758
0.03128743
0.03078866
0.03084040
0.03086305
0.03074527
0.03087211
0.03085971
0.03100514
0.03090405
0.03062201
0.03084612
0.03080392
0.03895497
0.03275275
0.03099513
0.03071284
0.03075671
0.03073192
0.03075075
0.03073692
0.03088689
0.03103161
0.03212476
0.03020716
0.03045249
0.03066969
0.03044009
0.03044510
0.03109837
0.03161645
0.02997470
0.03021145
0.03080225
0.03012729
0.03003812
0.03035545
0.03065181
0.03057098
0.03150511
0.03167295
0.02988124
0.02992964
0.03215456
0.03072596
0.03034854
0.03042197
0.03031182
0.03035593
0.03033781
0.03056216
0.03147745
0.03031158
