0.00726509
0.03051949
0.03043532
0.03032780
0.02995801
0.02968097
0.03097534
0.03130269
0.03122663
0.03134346
0.03115082
0.03102756
0.03144169
0.03129888
0.03110552
0.03108311
0.03124452
0.03134799
0.03117824
0.02969551
0.03120232
0.03117657
0.03133702
0.03133607
0.03012228
0.03192902
0.03022623
0.03019953
0.03152132
0.03016663
0.03093052
0.03203416
0.02946424
0.03097892
0.03006911
0.03050685
0.03029895
0.03023887
0.03445029
0.03034782
0.02956629
0.02971339
0.02995229
0.03270006
0.03022075
0.03013706
0.03005028
0.02999854
0.02968264
0.03000426
0.03006911
0.03040361
0.03042722
0.02995944
0.03004527
0.03115487
0.03150272
0.03252554
0.03049588
0.03015566
0.03020334
0.03029132
0.03005290
0.03005075
0.02990055
0.03002739
0.02987719
0.03087282
0.02950382
0.02989697
0.02988148
0.03020930
0.03020954
0.03006721
0.03059912
0.03198624
0.03008103
0.03031087
0.03095031
0.03085756
0.03101516
0.03071451
0.03385830
0.02947307
0.02947068
0.03039527
0.03194618
0.03142476
0.03131485
0.03139877
0.03107619
0.03153920
0.04064465
0.02942538
0.02956009
0.02963948
0.02950001
0.02951026
0.02947855
0.02951694
0.03116488
0.03165555
0.03278089
0.03131342
0.03004670
0.03122854
0.02972555
0.02948451
0.02959585
0.02949858
0.02965093
0.02944779
0.03107405
0.03135180
0.02993464
0.03940415
0.04080343
0.02952504
0.03112721
0.03088856
0.03115678
0.03004146
0.02959490
0.02960086
0.03002501
0.02973318
0.02973032
0.02966118
0.03104734
0.02962661
0.02955937
0.02949810
0.02948880
0.03003716
0.03397608
0.03359914
0.02977490
0.02972317
0.03018570
0.03203893
0.02946830
0.02977633
0.03011489
0.03005147
0.03011370
0.03011394
0.03056026
0.03020859
0.03004432
0.03187132
0.02954912
0.02969837
0.02988267
0.02957010
0.03044963
0.03175044
0.03025246
0.03240347
0.04060364
0.04204035
0.03113961
0.03154325
0.02947044
0.03142405
0.03141570
0.03150582
0.03131580
0.03136921
0.03112602
0.02991104
0.02991462
0.03004527
0.03052926
0.02985859
0.02951026
0.02985168
0.03094649
0.03102088
0.03103018
0.02972865
0.03008413
0.02994919
0.03009367
0.03006124
0.02995872
0.03162026
0.03725815
0.03699803
0.03006673
0.02999806
0.02963662
0.02973509
0.02974463
0.02989411
0.02976847
0.03130245
0.03261423
0.04031563
0.03015566
0.03000832
0.03001833
0.02999854
0.03006625
0.03030539
0.03045058
0.03032899
0.03025675
0.03089881
0.03070068
0.03647900
0.03663683
0.03560781
0.03575850
0.03301001
0.03080058
0.03104019
0.03032875
0.03044653
0.03040886
0.03041244
0.03019166
0.03014326
0.03006840
0.03216767
0.03044438
0.03052902
0.03018141
0.02993846
0.03001785
0.03005743
0.03029108
0.02997398
0.03000498
0.03017426
0.03045177
0.03394437
0.03103828
0.02937984
0.03000212
0.02955580
0.02997303
0.03094816
0.03512669
0.02963471
0.03217340
0.02962518
0.02967167
0.02996063
0.03865218
0.02952647
0.03020883
0.03002787
0.03023601
0.03015494
0.03013420
0.03008461
0.03045130
0.03030109
0.03070331
0.03210568
0.03061199
0.03152227
0.03021550
0.03022146
0.03025126
0.02983856
0.03130198
0.03144526
0.02960443
0.02964902
0.03009009
0.02969027
0.02959919
0.02967691
0.02955008
0.02968788
0.02984786
0.02964020
0.02966976
0.03026509
0.03022408
0.03041911
0.03065848
0.03002882
0.02996755
0.02987742
0.02976394
0.03011775
0.03056121
0.03160214
0.03114843
0.02969193
0.03014255
0.03125238
0.02964497
0.03190041
0.03172183
0.03134489
0.03135824
0.03123236
0.02979159
0.03201246
0.03015924
0.02999759
0.03137994
0.02956367
0.02986646
0.02966833
0.02990246
0.02976274
0.02977347
0.02961731
0.02984357
0.02978516
0.02988029
0.03349876
0.02977967
0.02966738
0.02985620
0.02990222
0.03015852
0.02974105
0.02956724
0.02952814
0.02950692
0.03015661
0.03410101
0.03051877
0.02975488
0.02998424
0.03020740
0.03019595
0.03025603
0.03012848
0.03087211
0.02984047
0.03100395
0.03125691
0.03134990
0.03096676
0.03140736
0.02969956
0.02985978
0.02986145
0.02963161
0.02990294
0.02970099
0.02974248
0.02964115
0.02984691
0.03016186
0.02982926
0.02976608
0.03409839
0.02973676
0.03037190
0.03052282
0.03004980
0.03106594
0.03107500
0.03024960
0.02968574
0.03043842
0.02984595
0.03024054
0.02983546
0.03018785
0.02963233
0.02945948
0.02958751
0.02982235
0.02999282
0.02992010
0.02953196
0.02971530
0.02986860
0.03035045
0.02968168
0.03022885
0.02996898
0.02959704
0.03304791
0.03157115
0.02964067
0.03106785
0.03110242
0.02997565
0.03054953
0.03072596
0.03080392
0.03164339
0.02970243
0.03024697
0.03026795
0.02984333
0.03003764
0.03011203
0.03043652
0.03020954
0.03063965
0.03001475
0.03016329
0.03012586
0.03003192
0.03005672
0.03000045
0.02956915
0.02973390
0.03000450
0.02960324
0.02949715
0.02964401
0.03406596
0.02953362
0.02971816
0.03040171
0.03044677
0.03032017
0.03075838
0.03070378
0.02973032
0.02946019
0.02957082
0.03166819
0.03032637
0.03024268
0.02965593
0.02976036
0.02965522
0.03028035
0.02953911
0.03248477
0.02987766
0.02972221
0.03021359
0.02989125
0.02976871
0.03021598
0.03002763
0.03016782
0.03162670
0.03494358
0.03064036
0.03126931
0.03504348
0.02955437
0.02961636
0.02955222
0.02967262
0.02986813
0.02964282
0.03001499
0.02954078
0.03006959
0.02979779
0.02961040
0.03014278
0.02978158
0.02944732
0.02979636
0.02975392
0.02974319
0.03156900
0.03720498
0.03682995
0.03662825
0.03686023
0.03056931
0.03406167
0.03053355
0.02982092
0.03131080
0.03129625
0.03136706
0.03129268
0.03124356
0.03128576
0.03113079
0.02942395
0.02969289
0.02970505
0.03073764
0.02994418
0.03909087
0.03316116
0.03011274
0.03020763
0.02997041
0.03012538
0.03027558
0.02992177
0.03043866
0.03028512
0.03033209
0.03000784
0.03016567
0.03016829
0.03005624
0.03008151
0.03032947
0.03028321
0.03025579
0.02980113
0.02977109
0.02977371
0.02978182
0.02961946
0.02966428
0.02987719
0.02981853
0.03076530
0.02966118
0.03124738
0.02982092
0.03015375
0.02961063
0.03966951
0.02989626
0.02993727
0.02986932
0.03115678
0.03124928
0.03114772
0.03340888
0.03055644
0.02990484
0.02992272
0.03036833
0.02996850
0.03003120
0.02985263
0.03024745
0.03013110
0.02987695
0.03208804
0.02982354
0.02969146
0.03024745
0.03065562
0.02998281
0.03009057
0.03014970
0.02987409
0.03018618
0.03046918
0.03040147
0.03104019
0.03033948
0.03089809
0.03056002
0.03149676
0.03003597
0.03053188
0.03078413
0.03024864
0.03051376
0.03009677
0.02997661
0.02999401
0.02955985
0.02954984
0.03025365
0.03054452
0.02981567
0.03036261
0.02967834
0.03050494
0.03018165
0.03017497
0.03011489
0.03044057
0.03025055
0.03025198
0.03020906
0.03009439
0.03007436
0.03066134
0.03058767
0.03500986
0.03049564
0.02998233
0.02963448
0.02965426
0.02964687
0.03006721
0.03004408
0.03005719
0.02982187
0.03010130
0.03034735
0.03008604
0.03052425
0.02998424
0.03033185
0.02955389
0.03033447
0.03084040
0.03211117
0.03062630
0.02995491
0.03179240
0.03286266
0.02960110
0.02977133
0.03143477
0.03002000
0.03002048
0.03003287
0.03000832
0.03002405
0.02966356
0.03020167
0.02994537
0.03029037
0.02997375
0.02962613
0.03007126
0.03063178
0.02971339
0.03327680
0.02969217
0.02955008
0.02968454
0.03186655
0.03006625
0.03102970
0.03077102
0.03082585
0.03146577
0.02986574
0.03130794
0.03025842
0.03060484
0.02987742
0.02971244
0.03044772
0.02976346
0.02994108
0.03007030
0.03017926
0.03014612
0.03049588
0.03021479
0.03087878
0.02966833
0.03082299
0.03009343
0.03018570
0.03006911
0.03042793
0.03024173
0.03020954
0.03311062
0.03073788
0.03035665
0.03043485
0.03087354
0.03094745
0.03101110
0.02976513
0.03118420
0.03092360
0.02966690
0.02974248
0.03117299
0.03007793
0.03588986
0.04073501
0.02977777
0.03104591
0.03100729
0.03111720
0.02965069
0.03132129
0.03100896
0.03093529
0.02990270
0.03131032
0.03020763
0.02999187
0.03201652
0.03072095
0.02949405
0.03242898
0.02943921
0.02938819
0.02943373
0.03002286
0.03076148
0.03268909
0.03137994
0.03089929
0.02965164
0.02970600
0.02939558
0.02958226
0.02932644
0.02963471
