0.00143981
0.01644754
0.01645565
0.01651049
0.01651597
0.01645851
0.01648450
0.01796079
0.01805401
0.01782823
0.01728511
0.01729536
0.01614332
0.01719284
0.01614404
0.01615834
0.01614356
0.01620388
0.01624751
0.01631427
0.01834130
0.01801062
0.01730633
0.01732659
0.01722789
0.01757956
0.01944494
0.01929975
0.01836610
0.01822543
0.01931620
0.01926780
0.01924968
0.01954150
0.01953173
0.01954961
0.01941419
0.01975584
0.01981211
0.02146554
0.01936817
0.01940560
0.01942492
0.01959753
0.01928687
0.01934838
0.01964855
0.01948190
0.01927662
0.01926017
0.01933837
0.01943660
0.01947260
0.01947355
0.01974416
0.02036738
0.01945210
0.01932096
0.01978970
0.02255964
0.01948929
0.01926112
0.01935387
0.01937652
0.01934862
0.01931071
0.01930046
0.01930475
0.01955485
0.01940703
0.01938725
0.01933503
0.01714540
0.01612782
0.01618004
0.01616836
0.01611519
0.01613736
0.01615596
0.01613426
0.01723957
0.01945066
0.01944017
0.01934218
0.01951098
0.01985240
0.01949048
0.01956201
0.01960397
0.02030563
0.01949334
0.01946068
0.01928902
0.01948810
0.01970458
0.01944780
0.01931691
0.01930213
0.01938558
0.01945662
0.01945710
0.02037430
0.01956201
0.01991677
0.01941538
0.01925921
0.01929545
0.01978302
0.02246356
0.01926517
0.01951790
0.02007580
0.02208233
0.01876426
0.01647329
0.01625943
0.01628685
0.01743436
0.01836610
0.01942778
0.01936269
0.01927471
0.01932645
0.01934028
0.01953578
0.01942897
0.01943159
0.01829600
0.01720119
0.01619387
0.01620126
0.01621747
0.01621103
0.01620936
0.01619983
0.01617312
0.01625586
0.01643538
0.01639152
0.01635313
0.01641321
0.01642227
0.01634312
0.01623774
0.01621366
0.01631713
0.01650763
0.01679993
0.01710081
0.01754403
0.01676750
0.01862097
0.01711178
0.01712370
0.01733375
0.01713896
0.01711321
0.01681232
0.01664686
0.01660275
0.01660490
0.01656151
0.01648402
0.01633382
0.01656175
0.01673889
0.01657343
0.01647329
0.01633477
0.01625443
0.01728106
0.01933479
0.01931024
0.01967049
0.01934695
0.01934218
0.01948142
0.01944375
0.02148676
0.01988220
0.01981473
0.01934028
0.02089310
0.01929998
0.01937771
0.01935005
0.01931286
0.01941514
0.01938725
0.01938796
0.01932025
0.01942968
0.01970363
0.01945639
0.01975298
0.01958466
0.02001476
0.01931810
0.01968956
0.01933837
0.01985073
0.01940393
0.01928592
0.01926327
0.01929474
0.01933265
0.01953530
0.01939368
0.01924491
0.01833224
0.02253604
0.02050042
0.01974201
0.02177286
0.01979136
0.01631665
0.01621222
0.01621389
0.01630020
0.01621962
0.01620173
0.01619339
0.01614761
0.01619816
0.01617312
0.01627231
0.01628113
0.02026820
0.01946568
0.01960754
0.01936007
0.01932144
0.01964855
0.01949668
0.01933169
0.01928306
0.01931715
0.01939321
0.01947403
0.01930428
0.01925206
0.01931572
0.01974607
0.02002764
0.01965690
0.01942444
0.01956916
0.01946330
0.01932478
0.01930594
0.01936102
0.01974702
0.01956749
0.01931715
0.01933742
0.01940799
0.01952219
0.01939487
0.01940155
0.01934028
0.01947951
0.01950765
0.01965642
0.01938558
0.01959968
0.01961112
0.01963711
0.01943827
0.01952243
0.02098441
0.02103972
0.02081203
0.02146006
0.02093649
0.02082062
0.02093840
0.02106881
0.02084565
0.02127433
0.02116656
0.02121067
0.02101493
0.02088881
0.02077627
0.02095008
0.02097511
0.02089119
0.02085328
0.02090621
0.02076411
0.02079129
0.02074957
0.02100587
0.01939607
0.01935220
0.01956654
0.01942611
0.01929855
0.01967430
0.01982164
0.01947117
0.01942658
0.01932883
0.01937318
0.01947594
0.01945686
0.01938987
0.01934528
0.01937699
0.01972842
0.01953650
0.01936579
0.01934290
0.01978159
0.01963782
0.01960063
0.01971769
0.01971149
0.01955533
0.01952076
0.01941681
0.02057719
0.01986217
0.01954365
0.01940751
0.02014375
0.01968408
0.01984406
0.01952171
0.01976466
0.02036738
0.01946807
0.01940918
0.01990891
0.02261782
0.01952839
0.01948881
0.01929617
0.01939797
0.01958776
0.01943398
0.01943970
0.01954317
0.01946592
0.01939821
0.01928759
0.01937151
0.01935768
0.02119017
0.02101541
0.02107263
0.02093720
0.02108455
0.02124000
0.02116036
0.02080846
0.02085567
0.02088237
0.01969981
0.01948714
0.01941276
0.02005363
0.01970029
0.01938701
0.01935625
0.01952219
0.02008367
0.02002144
0.01953673
0.01969528
0.02008462
0.01950312
0.01947069
0.01952958
0.01988196
0.01966810
0.02107525
0.02100754
0.02102995
0.02080655
0.02086902
0.02093482
0.02075911
0.02083254
0.02096224
0.02088070
0.02083778
0.02112031
0.02121687
0.02082419
0.01989698
0.01949930
0.01964927
0.01942492
0.01951170
0.01960850
0.01960087
0.01990533
0.02313995
0.02257180
0.01949406
0.01954961
0.01942205
0.01961017
0.01948023
0.01938725
0.01952147
0.01939583
0.01957321
0.01951575
0.01945114
0.01953125
0.01948261
0.01936746
0.01945186
0.01947427
0.01944613
0.01947856
0.01935720
0.01951265
0.01946712
0.01954865
0.01950145
0.01969862
0.02025723
0.01974654
0.01951027
0.01949406
0.01954651
0.01968622
0.01963091
0.01945853
0.01940155
0.01972198
0.01991868
0.01951051
0.01956487
0.01946688
0.02018476
0.02035713
0.01950932
0.01957035
0.01943088
0.01959920
0.01959062
0.01947474
0.02010870
0.02006793
0.01983190
0.01968265
0.01960397
0.02004671
0.01955366
0.01947331
0.01985669
0.01950097
0.01953721
0.01973701
0.02150702
0.01953101
0.01952624
0.01952052
0.01948428
0.01972198
0.01970792
0.01938105
0.01949120
0.02046847
0.01971364
0.02215481
0.02178431
0.01971054
