0.00123239
0.02154803
0.01980305
0.01960731
0.01969862
0.02118754
0.01961470
0.02118373
0.02085614
0.01953959
0.01950955
0.01948500
0.01966667
0.01994610
0.01983047
0.02113485
0.02117848
0.02020288
0.01969147
0.01947284
0.01954961
0.01984382
0.01975656
0.01968217
0.01951194
0.01956367
0.01962590
0.01960206
0.01949310
0.01942945
0.01966190
0.01962662
0.01960230
0.01945901
0.01961994
0.01958799
0.02004147
0.01957130
0.01967764
0.01980591
0.01954913
0.01967382
0.01947808
0.01955342
0.01957250
0.01968575
0.02018738
0.01957417
0.01954937
0.01960444
0.01961207
0.01960325
0.01969218
0.01975727
0.01964283
0.01947665
0.01946783
0.01981187
0.01976895
0.01961994
0.01952958
0.01954579
0.01967287
0.01969290
0.02003527
0.02117705
0.02133226
0.02098680
0.02078533
0.02059817
0.01951861
0.01941681
0.02002358
0.02342033
0.02304196
0.02334642
0.02304244
0.01944804
0.01731515
0.01970530
0.01959538
0.01957965
0.01968503
0.01957154
0.01962924
0.01955056
0.01961160
0.01974344
0.01958799
0.01940966
0.01948428
0.01953459
0.01962996
0.01956868
0.01981783
0.02101731
0.01974940
0.01974845
0.01967287
0.01949167
0.01953387
0.01951671
0.01951098
0.01948977
0.01961422
0.01968980
0.01962805
0.01952624
0.01973629
0.01965690
0.01953554
0.01959634
0.01960397
0.02124786
0.01977086
0.01961780
0.01989055
0.01965618
0.01972961
0.01995015
0.01961541
0.01954365
0.01965022
0.02017283
0.02292871
0.01976466
0.01964378
0.02008486
0.01982665
0.01972079
0.01970863
0.01975727
0.01964426
0.01964140
0.01982117
0.01967001
0.01972222
0.01961136
0.01975608
0.01960850
