0.00125527
0.01991439
0.02006435
0.01968336
0.02004933
0.02004552
0.02149773
0.02015591
0.02007461
0.02275372
0.02260232
0.02328563
0.02208352
0.02199054
0.02197480
0.02267027
0.02122450
0.02069783
0.02018547
0.02021074
0.02069473
0.02003002
0.01983738
0.01961350
0.01965141
0.01972342
0.01971436
0.01978397
0.01963854
0.01965976
0.01982617
0.01980853
0.01984000
0.01967239
0.01972508
0.02027321
0.02224684
0.01986814
0.02154899
0.01998520
0.01988816
0.02178836
0.02100253
0.02004576
0.01969957
0.02001953
0.01986742
0.01971388
0.01999640
0.01978755
0.02050543
0.01966214
0.01982927
0.01984477
0.01970601
0.01969790
0.01966476
0.01973224
0.01986480
0.02032137
0.02236748
0.01998901
0.01970816
0.01963019
0.01977849
0.01974392
0.01970649
0.01963735
0.01965714
0.01968908
0.01982594
0.01981211
0.01961207
0.01970267
0.02015781
0.02131009
0.01963019
0.01969433
0.01983595
0.01994395
0.01993275
0.01977706
0.01978493
0.01972604
0.01973271
0.01966023
0.02044320
0.01974988
0.01979470
0.01972365
0.01977253
0.01978564
0.01982522
0.01979375
0.01963639
0.01973534
0.01988792
0.02024794
0.02219009
0.01978493
0.01982689
0.01984930
0.02038121
0.01997638
0.01993990
0.02380681
0.02359653
0.01983881
0.01975274
0.01975298
0.02019167
0.01977444
0.02124739
0.02088571
0.01972270
0.01982236
0.01985502
0.01978517
0.02005386
0.02149844
0.02103853
0.01981163
0.01962805
0.01966119
0.01961994
0.01972628
0.01976418
0.01966906
0.01973081
0.01971912
0.01990080
0.01967430
0.01969194
0.01976013
0.01973128
0.01971245
0.01978159
0.01969385
0.01988888
0.01983213
0.01994157
0.01982689
0.01980138
0.01969838
0.01973367
0.01968646
0.02185678
0.01979589
0.01994109
0.02023959
0.02030849
0.01978517
0.01982379
0.01979423
0.01975036
0.01977396
0.01975489
0.01981330
0.01969361
0.01978922
0.01999450
0.02007723
0.01972198
0.01967669
0.01967096
0.01969290
0.01985645
0.01993036
0.01986480
0.01984286
0.01971817
0.01982355
0.01980495
0.01985860
0.01996732
0.02002978
0.01982975
0.01979208
0.02000785
0.01997972
0.01994491
0.01972580
0.01963830
0.01985073
0.02321672
0.01969147
0.01969695
0.01973033
0.01978898
0.02086568
0.01971698
0.01981354
0.01978111
0.01981330
0.01974607
0.01964259
0.01988745
0.01978517
0.01971221
0.01992202
0.01986504
0.01981354
0.02004766
0.01986313
0.02097464
0.02006388
0.01979542
0.02466249
0.02048182
0.02002835
0.02004099
0.02003884
0.02060795
0.01981783
0.01968932
0.02052522
0.02095389
0.01987863
0.01980877
0.01964617
0.01969337
0.02014041
0.02310491
0.01968336
0.01983094
