0.00182748
0.01768899
0.01756907
0.01695037
0.01691818
0.01660681
0.01708317
0.01690745
0.01734138
0.01648903
0.01661611
0.01661777
0.01649547
0.01678848
0.01651835
0.01629043
0.01624179
0.01632786
0.01645565
0.01657200
0.01668119
0.01701140
0.01662254
0.01627970
0.01674581
0.01662064
0.01651144
0.01656103
0.01669097
0.01665831
0.01649618
0.01667881
0.01668620
0.01662540
0.01676416
0.01678348
0.01735091
0.01666689
0.01687765
0.01654053
0.01639700
0.01647449
0.01651812
0.01631904
0.01623154
0.01632571
0.01648474
0.01666784
0.01663947
0.01709890
0.01690102
0.01678848
0.01721358
0.01680827
0.01726627
0.01710606
0.01659060
0.01631832
0.01628327
0.01658630
0.01652670
0.01645565
0.01648307
0.01668167
0.01669192
0.01656628
0.01639557
0.01654482
0.01640248
0.01636791
0.01633954
0.01638508
0.01637840
0.01635861
0.01633739
0.01640153
0.01646018
0.01688313
0.01641130
0.01657915
0.01643133
0.01662660
0.01641297
0.01670694
0.01665998
0.01697946
0.01667356
0.01647782
0.01641059
0.01646709
0.01670790
0.01668048
0.01683807
0.01662493
0.01650715
0.01704025
0.01676440
0.01691651
0.01730847
0.01682067
0.01664734
0.01657319
0.01661301
0.01677060
0.01720643
0.01743698
0.01781249
0.01732421
0.01808047
0.01710820
0.01758075
0.01674151
0.01703215
0.01675725
0.01674843
0.01662970
0.01705194
0.01676130
0.01680326
0.01708412
0.01666856
0.01657820
0.01660848
0.01679516
0.01673388
0.01664352
0.01675749
0.01768160
0.01675773
0.01680827
0.01663017
0.01664805
0.01652956
0.01652288
0.01653719
0.01657462
0.01646638
0.01649952
0.01667833
0.01684666
0.01679087
0.01665306
0.01670074
0.01659751
0.01654911
0.01657915
0.01660442
0.01688647
0.01660633
0.01655722
0.01718426
0.01679945
0.01661777
0.01662493
0.01664615
0.01664710
0.01653838
0.01649570
0.01650643
0.01656389
0.01655054
0.01667404
0.01689744
0.01672268
0.01654983
0.01653409
0.01647997
0.01652956
0.01660490
0.01677132
0.01674604
0.01665235
0.01653600
0.01652622
0.01668477
0.01691771
0.01663327
0.01645279
0.01645470
0.01648664
0.01690650
0.01656914
0.01647711
0.01642132
0.01640415
0.01647329
0.01641870
0.01666927
0.01669407
0.01668286
0.01639199
0.01641393
0.01643205
0.01653218
0.01731205
0.01681423
0.01666856
0.01653218
0.01649618
0.01624322
0.01628494
0.01651239
0.01668453
0.01680303
0.01650667
0.01656628
0.01687670
0.01661038
0.01669097
0.01651907
0.01648974
0.01649714
0.01645613
0.01658583
0.01664877
0.01655436
0.01632047
0.01629186
0.01640844
0.01630664
0.01636338
0.01687336
0.01659012
0.01655817
0.01660442
0.01671219
0.01665640
0.01665854
0.01909065
0.01942778
0.02171874
0.01901770
0.02147579
0.02140617
0.02285194
0.01967859
0.01976061
0.02220798
0.02057028
0.01861405
0.01873660
0.02022648
0.01881504
0.01825094
0.01668024
0.02038503
0.02323937
0.02223158
0.02260709
0.02250266
0.02154326
0.02185321
0.02260637
0.02206254
0.02219605
0.02215028
0.02205181
0.02233171
0.02198410
0.02203798
0.02191567
0.02137637
0.02209115
0.02194238
0.02207112
0.02210498
0.02139592
0.02182746
0.02146578
0.02275968
0.02209163
0.02155042
0.02231979
0.02164340
0.02326655
0.02176833
0.01965356
0.01660943
0.01670456
0.01661682
0.01643538
0.01717877
0.01651120
0.01654863
0.01651573
0.01653147
0.01647067
0.01652908
0.01656222
0.01655388
0.01645803
0.01652861
0.01635170
0.01628113
0.01636028
0.01644278
0.01647377
0.01887035
0.01864696
0.01806617
0.01986456
0.02177262
0.02265835
0.02202845
0.02230525
0.02317739
0.02162766
0.02191114
0.02160811
0.02153134
0.02313185
0.02193713
0.02233672
0.02262163
0.02270675
0.02275920
0.02275777
0.02176046
0.02161193
0.02324438
0.02179193
0.02244115
0.02264500
0.02230239
0.02270651
0.02178931
0.02294660
0.02234268
0.02225137
0.02283168
0.02165461
0.02226377
0.02222896
0.02175450
0.02382278
0.02230644
0.02500987
0.02373815
0.02376747
0.02394032
0.02372479
0.02359891
0.02363849
0.02364397
0.02398038
0.02362299
0.02363753
0.02359843
0.01884365
0.01649046
0.01655388
0.01658368
0.01667547
0.01748037
0.01701331
0.01691413
0.01674962
0.01693845
0.01717305
0.01692009
0.01733279
0.01675653
0.01663780
0.01659632
0.01681638
0.01680660
0.01711583
0.01652741
0.01652503
0.01680160
0.01658010
0.01643085
0.01681972
0.01655626
0.01633000
0.01633215
0.01646733
0.01654601
0.01643443
0.01637363
0.01643658
0.01889348
0.01879573
0.02040362
0.02026582
0.02058005
0.02087450
0.02024531
0.02221060
0.02176929
0.01976871
0.01908660
0.02039981
0.02051640
0.01863766
0.01866746
0.01676130
0.01688647
0.01682210
0.01706648
0.01847816
0.01971722
0.02174354
0.02162600
0.02157259
0.02163339
0.02182007
0.02184057
0.02177978
0.01820135
0.01660395
0.01654601
0.01657057
0.01649642
0.01676083
0.01672506
0.01657319
0.01641846
0.01642823
0.01640964
0.01689100
0.01756287
0.01671386
0.01665878
0.01650405
0.01801348
0.01979613
0.02168345
0.02147460
0.02143812
0.02170110
0.02197790
0.02209735
0.02156878
0.02141714
0.02154350
0.02157879
0.02159214
0.02167797
0.02179575
0.02498746
0.02287102
0.02225018
0.02234507
0.02193499
0.02188063
0.02045226
0.01856542
0.01639938
0.01627564
0.01646566
0.01825452
0.01640987
0.01826453
0.01818991
0.01812792
0.01799369
0.01809072
0.01811028
0.02097225
0.01871300
0.02036095
0.01859546
0.01851320
0.01657772
0.01627469
0.01626182
0.01639199
0.01634789
0.01661587
0.01663017
0.01643038
0.01639032
0.01859498
0.01877499
0.01893091
0.01979709
0.01978135
0.01975894
0.01983118
0.02174425
0.01836705
0.02031422
0.01997876
0.02183175
0.01986408
0.02171183
0.02021623
0.02031279
0.01797724
0.01800585
0.02017307
0.01822257
0.01646233
0.01684165
0.01648259
0.01627970
0.01638532
0.01637697
0.01679015
0.01663494
0.01639318
0.01636672
0.01632023
0.01638579
0.01821661
0.01680779
0.01797771
0.01806760
0.01805234
0.01976442
0.01822472
0.01993251
0.01805806
0.01611829
0.01612759
0.01619387
0.01638269
0.01623511
0.01638579
0.01644182
0.01657987
0.01687193
0.01655364
0.01661706
0.01658058
0.01650810
0.01638722
0.01632237
0.01665568
0.01671290
0.01640296
0.01636362
0.01636147
0.01663399
0.01650167
0.01641750
0.01639819
0.01652622
0.01684690
0.01652384
0.01644349
0.01646352
0.01821256
0.02034783
0.02158856
0.02162361
0.02171421
0.02181673
0.02199340
0.02153754
0.02146626
0.02173996
0.02198362
0.02235293
0.02206898
0.02140164
0.02148175
0.02153611
0.02151585
0.02201295
0.02192807
0.02194166
0.02179718
0.02180314
0.02168679
0.02388597
0.02189255
0.02186489
0.02146769
0.02312803
0.02162099
0.02155185
0.02228308
0.02278280
0.02231073
0.02200198
0.02196145
0.02242684
0.02194738
0.02262235
0.02216673
0.02198482
0.02172589
0.02157044
0.02158189
0.02240992
0.02416730
0.02346396
0.02334499
0.02348900
0.02342463
0.02380085
0.02335095
0.02341270
0.02332520
0.02369809
0.02337885
0.02339268
0.02119184
0.01877284
0.01886964
0.01678991
0.01654506
0.01657557
0.01662946
0.01662350
0.01687098
0.01707411
0.01660299
0.01654625
0.01660037
0.01896238
0.02129221
0.02338171
0.02375770
0.02343750
0.02360344
0.02333593
0.02365494
0.02338719
0.02334213
0.02334833
0.02353048
0.02315116
0.02349782
0.02345872
0.02347398
0.02323747
0.02332926
0.02341866
0.02348518
0.02333164
0.02337289
0.02333713
0.02353406
0.02344489
0.02327037
0.02337480
0.02345538
0.02403617
0.02375245
0.02394867
0.02372074
0.02399063
0.02365851
0.02370954
0.02378750
0.02409744
0.02400970
0.02378917
0.02352977
0.02139330
0.02341127
0.02131295
0.02148628
0.01905298
0.02018094
0.01990438
0.03382611
0.03434205
0.03416443
0.03450680
0.03474665
0.03409457
0.03435421
0.03416038
0.03432727
0.03438926
0.03458452
0.03446388
0.03441620
0.03466702
0.03428793
0.03432107
0.03407264
0.03416443
0.03286266
0.03487515
0.03416228
0.03438425
0.03460813
0.03446460
0.03452587
0.03448939
0.03441644
0.03494620
0.03440523
0.03440189
0.03453684
0.03494215
0.03546667
0.03413296
0.03420520
0.03430772
0.03451037
0.03225803
0.03550649
0.03452420
0.03646111
0.03619218
0.03423643
0.03418922
0.03408074
0.03612542
0.03406310
0.03414059
0.03453660
0.03439784
0.03416562
0.03433967
0.03444362
0.03586769
0.03460002
0.03492546
0.03460789
0.04104757
0.04256082
0.04304600
0.04074216
0.04088235
0.04088426
0.04052901
0.04119706
0.04078913
0.04109716
0.04047012
0.04112244
0.03981853
0.03770471
0.03816080
0.03458953
0.03456593
0.03477478
0.03494096
0.03488398
0.03416729
0.03452921
0.03453732
0.03501892
0.03483081
0.03535414
0.03620410
0.03434277
0.03458381
0.03417158
0.03865337
0.03848290
0.03968549
0.04064822
0.04085970
0.04094243
0.04084706
0.04012561
0.04063272
0.04063988
0.04083705
0.04068494
0.04297400
0.04091930
0.04073262
0.04048514
0.02494216
0.02123761
0.01907778
0.01670980
0.01647139
0.01868486
0.01650047
0.01874399
0.01991320
0.02044988
0.01810241
0.01826000
0.01813531
0.01642108
0.01640224
0.01644683
0.01642704
0.01630354
0.01635385
0.01804495
0.02172208
0.02167773
0.02219582
0.02310824
0.02297544
0.02177191
0.02173281
0.02256560
0.02164674
0.02262592
0.02219176
0.02201509
0.02208471
0.02210903
0.02198148
0.02209568
0.02194285
0.02195549
0.02216506
0.02197337
0.02202511
0.02210784
0.02209163
0.02224350
0.02162647
0.02173519
0.02176642
0.02143335
0.02047992
0.01916814
0.01655626
0.01661897
0.01656818
0.01668286
0.01664829
0.01643467
0.01629829
0.01632118
0.01632786
0.01638460
0.01659942
0.01655293
0.01653600
0.01636696
0.01643777
0.01653600
0.01657844
0.01646209
0.01652646
0.01655841
0.01662397
0.01655030
0.01659417
0.01667118
0.01654768
0.01653004
0.01667404
0.01670980
0.01655149
0.01647091
0.01669812
0.01665616
0.01664448
0.01664424
0.01663470
0.01654673
0.01666212
0.01670003
0.01674151
0.01672339
0.01666903
0.01658440
0.01657248
0.01675487
0.01665258
0.01695538
0.01692033
0.01702213
0.01666975
0.01671004
0.01690459
0.01661110
0.01645565
0.01647353
0.01659584
0.01675534
0.01654387
0.01651216
0.01647568
0.01646948
0.01654625
0.01648736
0.01650310
0.01653194
0.01659966
0.01655722
0.01655340
0.02043009
0.02626252
0.02259755
0.02031493
0.01932716
0.01657772
0.01657081
0.01658821
0.01663375
0.01661420
0.01651955
0.01658940
0.01654053
0.01636648
0.02051711
0.02247858
0.02163076
0.02162361
0.02317905
0.02268672
0.02693367
0.02327871
0.02108622
0.01658583
0.01663685
0.01663399
0.01658201
0.01657248
0.01660109
0.01653409
0.01657653
0.02055931
0.02272105
0.02262115
0.02261853
0.02222419
0.02314472
0.02224779
0.02251101
0.02515602
0.02394795
0.02225041
0.02306485
0.02194071
0.02373505
0.02151990
0.02150011
0.02409339
0.02390552
0.02386451
0.02380562
0.02390194
0.02373433
0.02383733
0.02373552
0.02363658
0.02374172
0.02384734
0.02403235
0.02406955
0.02366114
0.02234793
0.02158237
0.02369356
0.02394557
0.02362919
0.02366567
0.02358413
0.02391481
0.02381873
0.02393413
0.02366257
0.02394629
0.02384329
0.02368879
0.02378893
0.02379751
0.02372360
0.02402639
0.02384186
0.02385235
0.02377748
0.02403998
0.02389312
0.02372026
0.02358246
0.02179241
0.02173209
0.02363706
0.02324486
0.02196217
0.02227712
0.02161574
0.02200699
0.02197266
0.02248287
0.02195215
0.02164412
0.02202559
0.02273607
0.02185011
0.02165771
0.02152061
0.02170825
0.02153206
0.02192330
0.02172637
0.02179265
0.02192283
0.02194834
0.02215576
0.02235675
0.02225661
0.02378082
0.02504849
0.02239060
0.02264786
0.02214909
0.02230382
0.02212930
0.02431893
0.02264380
0.02520776
0.02198410
0.02467370
0.02206111
0.02203465
0.02265310
0.02150297
0.02159524
0.02165222
0.02210975
0.02320004
0.02243590
0.02229857
0.02160525
0.02147031
0.02227211
0.02145505
0.02131271
0.02168679
0.02389717
0.02402592
0.02379298
0.02386880
0.02366495
0.02404118
0.02367377
0.02375245
0.02368593
0.02370191
0.02133441
0.02136087
0.02362537
0.02130175
0.02374601
0.02407241
0.02389050
0.02170610
0.02157855
0.02378106
0.02389836
0.02406669
0.02148271
0.02144098
0.02133965
0.02376914
0.02352977
0.02370405
0.02353954
0.02392554
0.02368093
0.02382112
0.02491617
0.02559948
0.02360344
0.02496409
0.02487803
0.02419066
0.02422619
0.02444267
0.02417517
0.02437210
0.02202630
0.02204609
0.02191281
0.02195024
0.02237034
0.02196741
0.02221012
0.02206326
0.02198339
0.02235079
0.02217031
0.02222109
0.02190733
0.02207041
0.02273369
0.02199507
0.02265024
0.02206302
0.02206612
0.02240491
0.02212381
0.02228022
0.02228904
0.02198434
0.02271795
0.02215052
0.02159691
0.02391481
0.02143717
0.02153516
0.01919222
0.01911116
0.01902604
0.01911592
0.02201390
0.02174091
0.02163982
0.02199793
0.02277565
0.02389407
0.01895046
0.01671219
0.01698661
0.01707125
0.01665854
0.01678801
0.01691270
0.01676512
0.01676893
0.01668525
0.01663685
0.01661158
0.01667929
0.01678467
0.01689887
0.01682568
0.01672721
0.01666737
0.01673412
0.01676869
0.01680088
0.01680493
0.01682854
0.01672602
0.01683521
0.01726246
0.01679134
0.01664066
0.01696539
0.01696754
0.01689792
0.01674342
0.01675177
0.01660442
0.01858091
0.02048326
0.02060533
0.02176666
0.02166200
0.02145338
0.02152371
0.02256465
0.02205396
0.02301502
0.02215052
0.02258253
0.02536392
0.02626610
0.02222466
0.02243543
0.02153373
0.02165103
0.02300215
0.02175784
0.02273703
0.02149439
0.02151656
0.02342796
0.02170277
0.02224994
0.02154708
0.02156019
0.02152896
0.01985121
0.01823664
0.01631188
0.01626849
0.01635242
0.01628542
0.01625490
0.01632357
0.01640773
0.01655030
0.01639628
0.01638746
0.01659131
0.01664758
0.01705718
0.01687098
0.01652241
0.01651168
0.01651335
0.01652670
0.01879597
0.02047396
0.01985550
0.02162838
0.02169418
0.02217126
0.02268672
0.02035356
0.01923251
0.01661015
0.01660728
0.01655746
0.01636648
0.01728892
0.01701093
0.01659060
0.01658607
0.01659083
0.01722002
0.01685929
0.01687217
0.01686692
0.01666451
0.01659918
0.01888108
0.02366185
0.02364588
0.02373147
0.02385449
0.02359557
0.02335095
0.02137184
0.02187300
0.02378368
0.02367496
0.02368927
0.02411199
0.02372050
0.02360725
0.02355790
0.02365994
0.02370024
0.02388144
0.02388239
0.02391028
0.02380705
0.02366638
0.02355957
0.02346015
0.02363276
0.02356791
0.02371764
0.02360797
0.02392840
0.02361274
0.02373505
0.02389622
0.01934743
0.01658463
0.01656961
0.01711059
0.01630306
0.01660919
0.01674390
0.01637816
0.01626873
0.01626682
0.01641655
0.01645994
0.01627517
0.01640463
0.01650524
0.01703596
0.01653624
0.01664662
0.01638603
0.01629305
0.01626682
0.01636243
0.01638317
0.01676273
0.01627350
0.01629376
0.01663804
0.01662636
0.01652884
0.01660299
0.01701927
0.01676154
0.01659346
0.01643181
0.01681209
0.01667523
0.01694584
0.01661849
0.01650071
0.01656151
0.01627517
0.01657057
0.01627731
0.01646543
0.01644611
0.01661539
0.01643753
0.01665378
0.01678061
0.01709700
0.01678753
0.01866627
0.02024531
0.02235651
0.02016687
0.02247715
0.02201557
0.02186632
0.02167797
0.02212524
0.02290988
0.02198195
0.02185106
0.02015305
0.02035069
0.01871467
0.01643395
0.01638508
0.01640415
0.01650095
0.01640725
0.01625085
0.01629853
0.01649475
0.01638055
0.01645088
0.01650238
0.01644301
0.01671791
0.01704502
0.01684117
0.01667953
0.01646948
0.01642370
0.01630020
0.01649666
0.01650500
0.01667070
0.01635337
0.01650715
0.01662254
0.01634121
0.01645350
0.01646852
0.01654124
0.01643682
0.01638055
0.01629734
0.01641989
0.01632214
0.01636577
0.01645780
0.01635718
0.01655197
0.01676154
0.01659131
0.01641178
0.01663518
0.01687884
0.01670766
0.01674891
0.01662016
0.01686168
0.01833534
0.01882410
0.01681972
0.01926923
0.01685405
0.01896763
0.01668334
0.01666570
0.01908541
0.01919079
0.01922560
0.01903462
0.01880765
0.01883245
0.01885986
0.01891661
0.02145553
0.01900363
0.01904440
0.01891994
0.01887751
0.01652575
0.01892543
0.01919866
0.02043223
0.01666260
0.01673365
0.01673365
0.01644635
0.01634908
0.01636314
0.01639700
0.01646900
0.01685405
0.01764059
0.01753592
0.01783991
0.01773262
0.01704550
0.01718354
0.01708794
0.01718974
0.02343178
0.03881311
0.01795244
0.01682091
0.02039099
0.01682138
0.01724219
0.01760960
0.01673937
0.01672077
0.01704597
0.01693726
0.01661491
0.01675487
0.01685548
0.01668406
0.01659274
0.01623821
0.01649141
0.01640439
0.01701975
0.01694608
0.01636887
0.01620817
0.01644063
0.01656842
0.03072762
0.01746702
0.01715183
0.01719546
0.01675987
0.01665902
0.01666093
0.01660705
0.01655793
0.01669979
0.01674604
0.01663804
0.01652813
0.01649833
0.01658225
0.01670289
0.01664400
0.01654005
0.01638365
0.01626754
0.01659536
0.01633501
0.01629877
0.01635075
0.01635385
0.01638532
0.01662636
0.01668644
0.01650786
0.01641583
0.01656079
0.01662445
0.01665401
0.01644826
0.01653910
0.01653218
0.01748753
0.01674342
0.01651621
0.01862192
0.02074504
0.02225304
0.02221894
0.02276874
0.02281141
0.02521729
0.02747512
0.02469397
0.02400470
0.02485061
0.02501202
0.02453494
0.02539420
0.02613902
0.02490449
0.02166033
0.02191567
0.02208257
0.02198768
0.02182293
0.02168465
0.02174687
0.02156472
0.02166533
0.02174020
0.02151799
0.02169704
0.02169418
0.02143502
0.02210140
0.02160621
0.02413774
0.02353573
0.02350211
0.02358794
0.02364469
0.02179098
0.02189779
0.02243209
0.02244973
0.02228141
0.02171683
0.01975346
0.01625848
0.01632571
0.01636338
0.01666617
0.01660275
0.01648974
0.01637459
0.01666474
0.01649523
0.01712394
0.01676941
0.01634359
0.01636958
0.01657557
0.01643634
0.01638198
0.01641297
0.01652217
0.01651669
0.01680326
0.01667571
0.01643610
0.01642728
0.01639771
0.01671529
0.01677108
0.01662707
0.01657224
0.02034783
0.02248669
0.02189207
0.02212334
0.02207804
0.02228737
0.02242136
0.02251911
0.02320409
0.02160287
0.02141190
0.02273011
0.02564001
0.02201152
0.02155042
0.02184415
0.02171850
0.02172470
0.02230191
0.01828051
0.01631474
0.01623416
0.01634884
0.01654077
0.01641965
0.01638508
0.01648760
0.01632023
0.01633358
0.01650739
0.01663208
0.01648235
0.01651835
0.01809978
0.02007866
0.02146363
0.02224994
0.02188349
0.02223802
0.02162242
0.02176929
0.02375102
0.02399373
0.02301908
0.02335620
0.02198839
0.02171278
0.02209139
0.02161169
0.02173066
0.02168441
0.02194500
0.02167726
0.02176809
0.02178240
0.02169490
0.02248549
0.02224422
0.02201772
0.02212358
0.02156091
0.02177358
0.02168918
0.02151346
0.02293825
0.02229357
0.02349401
0.02172589
0.02221823
0.02227426
0.02164268
0.02366948
0.02386403
0.02376890
0.02371788
0.02371812
0.02357936
0.02362037
0.02370977
0.02372026
0.02371502
0.02393842
0.02379417
0.02374959
0.02437329
0.02392983
0.02383494
0.02372813
0.02362776
0.02316308
0.02197385
0.02479124
0.02539682
0.02162218
0.02214098
0.02148199
0.02229142
0.02173328
0.02190423
0.02164626
0.02162790
0.02206659
0.02216697
0.02425742
0.02167344
0.02162504
0.02201581
0.02200031
0.02169657
0.02176952
0.02145672
0.02182245
0.02179050
0.02157879
0.02187991
0.02157474
0.02170658
0.02161121
0.02151036
0.02175236
0.02165079
0.02212858
0.02234387
0.02244616
0.02492976
0.02202749
0.02219319
0.02257133
0.02240062
0.02279115
0.02599192
0.02689028
0.02688193
0.02646255
0.02079320
0.01663709
0.01633573
0.01643324
0.01649451
0.01644850
0.01686239
0.01666880
0.01655054
0.01663351
0.01654339
0.01652145
0.01655579
0.01661372
0.01649880
0.01646471
0.01641154
0.01636791
0.01645064
0.01661682
0.01640058
0.01652217
0.01631999
0.01655483
0.01660562
0.01659656
0.01655293
0.01656675
0.01658320
0.01661348
0.01717067
0.01684570
0.01662540
0.01863575
0.02024150
0.02212310
0.02165771
0.02152705
0.02208447
0.02221394
0.02288842
0.02169967
0.02338576
0.02223277
0.02274823
0.02229762
0.02216649
0.02276015
0.02252030
0.02199435
0.02220583
0.02208614
0.02227068
0.02210712
0.02200913
0.02272987
0.02229142
0.02288365
0.02174449
0.02151942
0.02231073
0.02210951
0.02223921
0.02219129
0.01863241
0.01663566
0.01675367
0.01662683
0.01651978
0.01655626
0.01659703
0.01662707
0.01683593
0.01658344
0.01683807
0.01662350
0.01668930
0.01697516
0.01661873
0.01654530
0.01653934
0.01657486
0.01862049
0.02064037
0.02209210
0.02226663
0.02229166
0.02241278
0.02285528
0.02210426
0.02059436
0.02274418
0.02222633
0.02225661
0.02212882
0.02247739
0.02207589
0.02202773
0.02218795
0.02236581
0.02251935
0.02184534
0.02239799
0.02304769
0.02232981
0.02240133
0.02231002
0.02234387
0.02228785
0.02208400
0.02229738
0.02173042
0.02159929
0.02240014
0.02167773
0.02151203
0.02179146
0.02186513
0.02170324
0.02228570
0.02198315
0.02257609
0.02226901
0.02312613
0.02159834
0.02186871
0.02270651
0.02036357
0.02025938
0.01883340
0.01663733
0.01661491
0.01656318
0.01652002
0.01656914
0.01727629
0.01692653
0.01666021
0.01655483
0.01653290
0.01660442
0.01669908
0.01686192
0.01657343
0.01646185
0.01652002
0.01654053
0.01661754
0.01657128
0.01668215
0.01635432
0.01659298
0.01657701
0.01651907
0.01652741
0.01659894
0.01663899
0.01668358
0.01662183
0.01657534
0.01652431
0.01649356
0.01655221
0.01660943
0.01666427
0.01932192
0.01887298
0.02062511
0.02474284
0.02257776
0.02327657
0.02209425
0.02216792
0.02257800
0.02253389
0.02318454
0.02154565
0.02152109
0.02161503
0.02159095
0.02158237
0.02169251
0.02153158
0.02228761
0.02170849
0.02158761
0.02259302
0.02229714
0.02518225
0.02486396
0.02478719
0.02318048
0.02456641
0.02217889
0.02015281
0.01728415
0.01722503
0.01687336
0.01672554
0.01665926
0.01673150
0.01654649
0.01650047
0.01653886
0.01671314
0.01664114
0.01650500
0.01688623
0.01677847
0.01668906
0.01674938
0.01672864
0.01646733
0.01845932
0.02219725
0.02201247
0.02203751
0.02169275
0.02163458
0.02305174
0.02163911
0.02323008
0.02161765
0.02163911
0.02293134
0.02159214
0.02309155
0.02203107
0.02294016
0.01961803
0.01643538
0.01633453
0.01638007
0.01682472
0.01683426
0.01661515
0.01659584
0.01656938
0.01658201
0.01671624
0.01649261
0.02025604
0.02198195
0.02315760
0.02146196
0.02207232
0.02235317
0.02303529
0.02283382
0.02177382
0.02151918
0.02173114
0.02204180
0.02224898
0.02041793
0.01985979
0.01662064
0.01667595
0.01674485
0.01661420
0.01675200
0.01755500
0.01677132
0.01686382
0.01659608
0.01670289
0.01669550
0.01900434
0.02160168
0.02365446
0.02366924
0.02163291
0.02178311
0.02187133
0.02160907
0.02204657
0.02194142
0.02331710
0.02167034
0.02153730
0.02287984
0.02261376
0.02227116
0.02228546
0.02216291
0.02215862
0.02075911
0.01878619
0.01649451
0.01932502
0.02411342
0.02232170
0.02226090
0.02392864
0.02197933
0.02164316
0.02182388
0.02181506
0.02153158
0.02163410
0.02164078
0.02145243
0.02179265
0.02237201
0.02176571
0.02183509
0.02151060
0.02287626
0.02688289
0.02643538
0.02421880
0.02469730
0.02225327
0.02367806
0.02483869
0.02383041
0.02434731
0.02211833
0.02248383
0.02268291
0.02251244
0.02178431
0.02169776
0.02223635
0.02526999
0.02203202
0.02217054
0.02418447
0.02168775
0.02286983
0.02163434
0.02231717
0.02286220
0.02223682
0.02258825
0.02279210
0.02212787
0.02180815
0.02161932
0.02224565
0.02177596
0.02152324
0.02219248
0.02168179
0.02194953
0.02505708
0.02342391
0.02180982
0.02220297
0.02249932
0.01992440
0.02012873
0.01948118
0.01875949
0.01897407
0.01664186
0.01665521
0.01665854
0.01664662
0.01675582
0.01919961
0.01710606
0.01885271
0.01700115
0.01702833
0.01877809
0.01908827
0.02081251
0.02224302
0.02278137
0.02256751
0.02231359
0.02430534
0.02388310
0.02373075
0.02358842
0.02378869
0.02372098
0.02395606
0.02373505
0.02399659
0.02376747
0.02363634
0.02353501
0.02373004
0.02364707
0.02366304
0.02367401
0.02389288
0.02439928
0.02376819
0.02368045
0.02365756
0.02365828
0.02384949
0.02362776
0.02387118
0.02380466
0.02387738
0.02360725
0.02381968
0.02359009
0.02376652
0.02341151
0.02190852
0.02204537
0.02179718
0.02230835
0.02142024
0.02197933
0.02169776
0.02160931
0.02192497
0.02169609
0.02036548
0.02006388
0.01806736
0.01650023
0.01635790
0.01631260
0.01640296
0.01641655
0.01634455
0.01639986
0.01632094
0.01634741
0.01666880
0.01697969
0.01675963
0.01642323
0.01648736
0.01657748
0.01655221
0.01645780
0.01641917
0.01648188
0.01689148
0.01644588
0.01632166
0.01639700
0.01636076
0.01815987
0.01999712
0.02398705
0.02231073
0.02241325
0.02237105
0.02172112
0.02351427
0.02241135
0.02391052
0.02224541
0.02261734
0.02261925
0.02156496
0.02351809
0.02157450
0.02225614
0.02289724
0.02168846
0.01992297
0.01822615
0.02046132
0.01986790
0.01630950
0.01638126
0.01636672
0.01626086
0.01636171
0.01653647
0.01636147
0.01638055
0.01673746
0.01827717
0.02270555
0.02554345
0.02328396
0.02323508
0.02272367
0.02387714
0.02195978
0.02384973
0.02209687
0.02539301
0.02205276
0.02333307
0.02191830
0.02219820
0.02257204
0.02193260
0.02204442
0.02201605
0.02271628
0.02214122
0.02209520
0.02205539
0.02197838
0.02287507
0.02160192
0.02072549
0.01651621
0.01648879
0.01859307
0.02004910
0.02412200
0.02386594
0.02363014
0.02378678
0.02353525
0.02391934
0.02365756
0.02379823
0.02360034
0.02379298
0.02371478
0.02381372
0.02367091
0.02387953
0.02365994
0.02379227
0.02383566
0.02382231
0.02355886
0.02394891
0.02223396
0.02314687
0.02253342
0.02274370
0.02175236
0.02158546
0.02169132
0.02142262
0.02179146
0.02163172
0.02200031
0.02271962
0.02214742
0.02242494
0.02199292
0.02184057
0.02241540
0.02286100
0.02242875
0.02228618
0.02210927
0.02305913
0.02075267
0.02177143
0.01824331
0.01830673
0.01657128
0.01640916
0.01631808
0.01624990
0.01625037
0.01633096
0.01632214
0.01626968
0.01628995
0.01638079
0.01817989
0.01804638
0.02045465
0.02098513
0.02573133
0.02468801
0.02485657
0.02465606
0.02471566
0.02511692
0.02350831
0.02194142
0.02251053
0.02263236
0.02212071
0.02248144
0.02232289
0.02291536
0.02246952
0.02228069
0.02242541
0.02243567
0.02256989
0.02246356
0.02200031
0.02180409
0.02315164
0.02219033
0.02249599
0.02218103
0.02260613
0.02206826
0.02213979
0.02463150
0.02208805
0.02148223
0.02148032
0.02161741
0.02145600
0.02345705
0.02146387
0.02216887
0.02233553
0.02242327
0.02257299
0.02203703
0.02260423
0.02206421
0.02196670
0.02500057
0.02166700
0.02248716
0.02269101
0.02184439
0.02057719
0.02162790
0.02295280
0.02184820
0.02166891
0.02284741
0.02157044
0.02289867
0.02206969
0.02227998
0.02269149
0.02177191
0.01872802
0.01673436
0.01668310
0.01687241
0.01682472
0.01669908
0.01663947
0.01658368
0.01659775
0.01693583
0.01653624
0.01647043
0.01644731
0.01649976
0.01650929
0.01646066
0.01642346
0.01636887
0.01640821
0.01640487
0.01637745
0.01644540
0.01643968
0.01646900
0.02003980
0.02215981
0.02246881
0.02220201
0.02225256
0.02249217
0.02224231
0.02256894
0.02248168
0.02683115
0.02249765
0.02429962
0.02262425
0.02248573
0.02241874
0.02252007
0.02209210
0.02229953
0.02429199
0.02161837
0.02231264
0.02169776
0.02302122
0.02008033
0.02169752
0.02229643
0.02181435
0.02238202
0.02177334
0.02166677
0.02159667
0.02319145
0.02243161
0.02239656
0.02169013
0.02182078
0.02207136
0.02172780
0.02180290
0.02175093
0.02212405
0.02248096
0.02156925
0.02185011
0.02179337
0.02182865
0.02187300
0.02246523
0.02245498
0.02234125
0.02153397
0.02292705
0.02186704
0.02230668
0.02226329
0.02201605
0.01641297
0.01649046
0.01651096
0.01657248
0.01649523
0.01657248
0.01651978
0.01841450
0.01831818
0.01639652
0.01983738
0.02007461
0.01872611
0.02033710
0.02225375
0.02186465
0.02221680
0.02292085
0.02210832
0.02217984
0.02212501
0.02356005
0.02218986
0.02204752
0.02227306
0.02179503
0.02170420
0.02162981
0.02175927
0.02167916
0.02216482
0.02157712
0.02197194
0.02277279
0.02238488
0.02225232
0.02173114
0.02164173
0.02183008
0.02177334
0.02163458
0.02242160
0.02255964
0.02253127
0.02208447
0.02167320
0.02171421
0.02198863
0.02216482
0.02212071
0.02194262
0.02245188
0.02201676
0.02230811
0.02232099
0.02217031
0.02205515
0.02204823
0.02383637
0.02222204
0.02253294
0.02231741
0.02220917
0.02222586
0.02713346
0.02225900
0.02226758
0.02198505
0.02180433
0.02160096
0.02160311
0.02160239
0.02199817
0.02153420
0.02167130
0.02304316
0.02417803
0.02190232
0.02234864
0.02253342
0.02294064
0.02400351
0.02392387
0.02394271
0.02412200
0.02430725
0.02388358
0.02393317
0.02383709
0.02380896
0.02375913
0.02380252
0.02375770
0.02406859
0.02372813
0.02388930
0.02386785
0.02376938
0.02373648
0.02402091
0.02378249
0.02424645
0.02391958
0.02410245
0.02373266
0.02396011
0.02382207
0.02387691
0.02366543
0.02395654
0.02371335
0.02369285
0.02364016
0.02357817
0.02363491
0.02370834
0.02387547
0.02370977
0.02358842
0.02370834
0.02366114
0.02403879
0.02369714
0.02385640
0.02450776
0.02396202
0.02380633
0.02377462
0.02383971
0.02379704
0.02378798
0.02376485
0.02434421
0.02156973
0.02404904
0.02152371
0.02378917
0.02139854
0.02383351
0.02146816
0.02136064
0.02161407
0.02171898
0.01906395
0.02142000
0.01963854
0.01932001
0.01897979
0.01889896
0.01904225
0.01661015
0.01895285
0.01655984
0.01661754
0.01900721
0.01661921
0.01920223
0.01670241
0.01658630
0.01656055
0.01675653
0.01688695
0.01656199
0.01653934
0.01663899
0.01666546
0.01671338
0.01661396
0.01660204
0.01665378
0.01660514
0.01662064
0.01693892
0.01668191
0.01904893
0.01671839
0.01896787
0.01907110
0.02135801
0.02144361
0.01934004
0.01676273
0.01911354
0.01663494
0.01666665
0.01669526
0.01683354
0.01727152
0.01698303
0.01647139
0.01673508
0.01699352
0.01692224
0.01748013
0.01743317
0.01755214
0.01653075
0.01675892
0.01721573
0.01702833
0.01663995
0.01676941
0.01666427
0.01664138
0.01669025
0.01656127
0.01653838
0.01656508
0.01656842
0.01656389
0.01652598
0.01647258
0.01649833
0.01649427
0.01663780
0.01667070
0.01636982
0.01655388
0.01654696
0.01657581
0.01656604
0.01666427
0.01665521
0.01656318
0.01654053
0.01659012
0.01667404
0.01689887
0.01672125
0.01647758
0.01653218
0.01651406
0.01647043
0.01640964
0.01646757
0.01643991
0.01642776
0.01638556
0.01633191
0.01638722
0.01725769
0.01723528
0.01705718
0.01707363
0.01741576
0.01747155
0.01718473
0.01711512
0.01771164
0.01725984
0.01701832
0.01931810
0.01694894
0.01691103
0.01688719
0.01896095
0.01870990
0.02060485
0.02242684
0.02066922
0.02269316
0.02380347
0.02367806
0.02372742
0.02398562
0.02377558
0.02383709
0.02235937
0.02156329
0.02168632
0.02148223
0.02300644
0.02186346
0.02206659
0.02387285
0.02251697
0.02323103
0.02376413
0.02136874
0.02363801
0.02131486
0.01896095
0.01901698
0.01889682
0.01899552
0.01670074
0.01910210
0.01653743
0.01902390
0.01661253
0.01894355
0.01649976
0.01890206
0.01673317
0.01648951
0.01672912
0.01685357
0.01670790
0.01654673
0.01655340
0.01679516
0.01729560
0.01679564
0.01660466
0.01636720
0.01652050
0.01676393
0.01659298
0.01654482
0.01657224
0.01649618
0.01671720
0.01660156
0.01662564
0.01654434
0.01652074
0.01653981
0.01663685
0.01666737
0.01665473
0.01648879
0.01647973
0.01652479
0.01664758
0.01658511
0.01644492
0.01653552
0.01836491
0.02008510
0.02204442
0.02246547
0.02219629
0.02167797
0.02161694
0.02152681
0.02173042
0.02159667
0.02193308
0.02177477
0.02169490
0.02186680
0.02176595
0.02260685
0.02206445
0.02148724
0.02177000
0.02196527
0.02210641
0.02174640
0.02202487
0.02218437
0.02238965
0.02233338
0.02203226
0.02165604
0.02164912
0.02162790
0.02195883
0.02420449
0.02328277
0.02182055
0.02162385
0.02141380
0.02279615
0.02314615
0.02226043
0.02192807
0.02216053
0.02222896
0.02196288
0.02211428
0.02245712
0.02263117
0.02226305
0.02176118
0.02288342
0.02187777
0.02203226
0.02016282
0.01995730
0.01979160
0.02321339
0.01990533
0.01993155
0.01829028
0.01869154
0.01831174
0.01634669
0.01658583
0.01655436
0.01657295
0.01634955
0.01632571
0.01637673
0.01639438
0.01648641
0.01655793
0.01663446
0.01647711
0.01645803
0.01638031
0.01629257
0.01672935
0.01695824
0.01660204
0.01641154
0.01652718
0.01633739
0.01646876
0.01635814
0.01652169
0.01652765
0.01655889
0.01658487
0.01682377
0.01848531
0.01636696
0.01822639
0.01808500
0.01822162
0.01991868
0.01993275
0.02003574
0.02178502
0.02237844
0.02179003
0.02142596
0.02150059
0.02167821
0.02153158
0.02209306
0.02163219
0.02640295
0.02379274
0.02145529
0.01896071
0.01649928
0.01640749
0.01626682
0.01631188
0.01626182
0.01631832
0.01647568
0.01657796
0.01671839
0.01650763
0.01650548
0.01655412
0.01672220
0.01648474
0.01638579
0.02058649
0.02271724
0.02206683
0.02202654
0.02210927
0.02191067
0.02209997
0.02200031
0.02163625
0.02175426
0.02343130
0.02216268
0.02155304
0.02433944
0.02154660
0.02175641
0.01997280
0.01824403
0.01645279
0.01674676
0.01668811
0.01645589
0.01637673
0.01641965
0.01636338
0.01858521
0.02213979
0.02148223
0.02156091
0.02212501
0.02139044
0.02219629
0.02154589
0.02260065
0.02188587
0.02229595
0.02209640
0.02211738
0.02211094
0.02253151
0.02203345
0.02158737
0.02172732
0.02172804
0.02166462
0.02409720
0.02288771
0.02228689
0.02234960
0.02229023
0.02215195
0.02235222
0.02200389
0.02417755
0.02211499
0.02208757
0.02227807
0.02158117
0.02202606
0.02207947
0.02228761
0.02225184
0.02201438
0.02197862
0.02221084
0.02192330
0.02157378
0.02158380
0.02147031
0.02381921
0.02157211
0.02170229
0.02164745
0.02164125
0.02278090
0.02154684
0.02149343
0.02174520
0.02359653
0.02170038
0.02182412
0.02208018
0.02244210
0.02240014
0.02299547
0.02183747
0.02251220
0.02208424
0.02028275
0.01927304
0.01687551
0.01674867
0.01659584
0.01655650
0.01657915
0.01643634
0.01647496
0.01643038
0.01645947
0.01642203
0.01651025
0.01856518
0.02209878
0.02402568
0.02194548
0.02208281
0.02197027
0.02199459
0.02204823
0.02227902
0.02212667
0.02158904
0.01983786
0.01812029
0.01816678
0.01642036
0.01848650
0.01856780
0.01988268
0.02179885
0.02206254
0.02204609
0.02204609
0.02211571
0.02210522
0.02254963
0.02214456
0.02152681
0.02176476
0.02162480
0.02227640
0.02158046
0.02276421
0.02248526
0.02488375
0.02213264
0.02146459
0.02196741
0.02268720
0.02199960
0.02214789
0.02266097
0.02153158
0.02161980
0.02152514
0.02274227
0.02430391
0.02163386
0.02213717
0.02154589
0.02168298
0.02156234
0.02164435
0.02206206
0.02192378
0.02219868
0.02170825
0.02295017
0.02155805
0.02201581
0.02235651
0.02173972
0.02165818
0.02217746
0.02229714
0.02197695
0.02193356
0.02208829
0.02198958
0.02187753
0.02161479
0.02196217
0.02278924
0.02199841
0.02226949
0.02247787
0.02217054
0.02250457
0.02459025
0.02508712
0.02573323
0.02478671
0.02492118
0.02546263
0.02255750
0.02269268
0.02300978
0.02281260
0.02175689
0.02192235
0.02178741
0.02223468
0.02157950
0.02208400
0.02154851
0.02220345
0.02247858
0.02184582
0.02188683
0.02210164
0.02231956
0.02197337
0.02143717
0.02199173
0.02203226
0.02180028
0.02192354
0.02193642
0.02141452
0.02155828
0.02171350
0.02152252
0.02148771
0.02136111
0.02428365
0.02185249
0.02164221
0.02227473
0.02177095
0.02171898
0.02204275
0.02217412
0.02247977
0.02211046
0.02168322
0.02167106
0.02262998
0.01989079
0.02006531
0.01987910
0.02003217
0.02306938
0.02018547
0.02056956
0.02051902
0.02040863
0.01851797
0.02056718
0.02055454
0.02347064
0.02213478
0.02207899
0.02202559
0.02208424
0.02201772
0.02236652
0.02151489
0.02175617
0.02216387
0.02169156
0.02413273
0.02348423
0.02369618
0.02330589
0.02353406
0.02338338
0.02367139
0.02335453
0.02372193
0.02347326
0.02407575
0.02343869
0.02352953
0.02325225
0.02362919
0.02333713
0.02366686
0.02338433
0.02366781
0.02338195
0.02344179
0.02338576
0.02373981
0.02363276
0.02346420
0.02336907
0.02363086
0.02342200
0.02344894
0.02341104
0.02392364
0.02325225
0.02158451
0.02201557
0.02250838
0.02399683
0.02158928
0.02162552
0.02168989
0.02205229
0.02223301
0.02204609
0.02147841
0.02157712
0.02184534
0.02193213
0.02649307
0.02186275
0.02188468
0.02337909
0.02226806
0.02246857
0.02241135
0.02191520
0.02191758
0.02192450
0.02192378
0.02144289
0.02198291
0.02410531
0.02367234
0.02371836
0.02359629
0.02369738
0.02376199
0.02386713
0.02368641
0.02366757
0.02372909
0.02378559
0.02381539
0.02385569
0.02405286
0.02380824
0.02364469
0.02370286
0.02356958
0.02365303
0.02355337
0.02366734
0.02362037
0.02366614
0.02371478
0.02377057
0.02357936
0.02369118
0.02359772
0.02373147
0.02372980
0.02377939
0.02373338
0.02387547
0.02403116
0.02378845
0.02343798
0.02718854
0.02449369
0.02356124
0.02360892
0.02358532
0.02353716
0.02359438
0.02352405
0.02374744
0.02353191
0.02213407
0.02231216
0.02294254
0.02161622
0.02163124
0.02164412
0.02209830
0.02233315
0.02230334
0.02202153
0.02207637
0.02362728
0.02209425
0.02205992
0.02316904
0.02156186
0.02182126
0.02267075
0.02149391
0.02274871
0.02159691
0.02144217
0.02275729
0.02158451
0.02196455
0.02219296
0.02272129
0.02512288
0.02224517
0.02253366
0.02246571
0.02253270
0.02262735
0.02230525
0.02237988
0.02252865
0.02242780
0.02283406
0.02281499
0.02243352
0.02235031
0.02215910
0.02259827
0.02250981
0.02176356
0.02179003
0.02471375
0.02210379
0.02159452
0.02276659
0.02221179
0.02232480
0.02152348
0.02192068
0.02224016
0.02215815
0.02149105
0.02168751
0.02143645
0.02281880
0.02153301
0.02149844
0.02231812
0.02200031
0.02192378
0.02219629
0.02200413
0.02225733
0.02211761
0.02202106
0.02213764
0.02211094
0.02251935
0.02214885
0.02160239
0.02381539
0.02378964
0.02390718
0.02366996
0.02415323
0.02372599
0.02388859
0.02381229
0.02392602
0.02375007
0.02419686
0.02148104
0.02175593
0.02238059
0.02224207
0.02223492
0.02216601
0.02302194
0.02599549
0.02247357
0.02213001
0.02249789
0.02226639
0.02268958
0.02409267
0.02219558
0.02321458
0.02165389
0.02175188
0.02160048
0.02156925
0.02172446
0.02168179
0.02154231
0.02182841
0.02172494
0.02174830
0.02172852
0.02171564
0.02186918
0.02163863
0.02187920
0.02273107
0.02415276
0.02380300
0.02371335
0.02386761
0.02370119
0.02382469
0.02381063
0.02387667
0.02369928
0.02397537
0.02388716
0.02263546
0.02178693
0.02325058
0.02168131
0.02188134
0.02263594
0.02176762
0.02289200
0.02170420
0.02233267
0.02189016
0.02356791
0.02351403
0.02809620
0.02569509
0.02263308
0.02260232
0.02244282
0.02475667
0.02479863
0.02249599
0.02218533
0.02237558
0.02228332
0.02241707
0.02244115
0.02199340
0.02177978
0.02178502
0.02158427
0.02184415
0.02157402
0.02202868
0.02168608
0.02188420
0.02162361
0.02163339
0.02194166
0.02228642
0.02194595
0.02192068
0.02204967
0.02191710
0.02211404
0.02276301
0.02529883
0.02432728
0.02545238
0.02507544
0.02473950
0.02473521
0.02301216
0.02210212
0.02225900
0.02221394
0.02410769
0.02283549
0.02255893
0.02304053
0.02195311
0.02276707
0.02200150
0.02274537
0.02202725
0.02445102
0.02384615
0.02419472
0.02370834
0.02263594
0.02231383
0.02303839
0.02204037
0.02288651
0.02187896
0.02168322
0.02169609
0.02190351
0.02232933
0.02207947
0.02162910
0.02309847
0.02175069
0.02205443
0.02380610
0.02148008
0.02219033
0.02209640
0.02209830
0.02322149
0.02408266
0.02394319
0.02158070
0.02186608
0.02179289
0.02137232
0.02193451
0.02166557
0.02298903
0.02191305
0.02230835
0.02184176
0.02143550
0.02206874
0.02198696
0.02196598
0.02209258
0.02179599
0.02163696
0.02219820
0.02154160
0.02228856
0.02242517
0.02201152
0.02471542
0.02221727
0.02262235
0.02209330
0.02216864
0.02176881
0.02170181
0.02191663
0.02203941
0.02423501
0.02180958
0.02268004
0.02249146
0.02359009
0.02249384
0.02174520
0.02168918
0.02388883
0.02234888
0.02219272
0.02164245
0.02159953
0.02167916
0.02160573
0.02177191
0.02184296
0.02168584
0.02243924
0.02264905
0.02311540
0.02215672
0.02209401
0.02160668
0.02156138
0.02157021
0.02154803
0.02151728
0.02185154
0.02180290
0.02169609
0.02242422
0.02241373
0.02372313
0.02167916
0.02155232
0.02210045
0.02176428
0.02220392
0.02169514
0.02140808
0.02157903
0.02156901
0.02142239
0.02178860
0.02166271
0.02172875
0.02237034
0.02155185
0.02208352
0.02150965
0.02169800
0.02253318
0.02416921
0.02387953
0.02364516
0.02373958
0.02354503
0.02372575
0.02355146
0.02385712
0.02357435
0.02364349
0.02378917
0.02369428
0.02378869
0.02382112
0.02351809
0.02385354
0.02155185
0.02408910
0.02384162
0.02146220
0.02169418
0.02136040
0.02363610
0.02227688
0.02209115
0.02201867
0.02323294
0.02280545
0.02209139
0.02163815
0.02195144
0.02201319
0.02197480
0.02186036
0.02399158
0.02399349
0.02366734
0.02354002
0.02358246
0.02344728
0.02359724
0.02375174
0.02357841
0.02342200
0.02355385
0.02342176
0.02370429
0.02346325
0.02348280
0.02336478
0.02389455
0.02350521
0.02355933
0.02332282
0.02341056
0.02338743
0.02344775
0.02346158
0.02377129
0.02368760
0.02358890
0.02386689
0.02339935
0.02219248
0.02194571
0.02215862
0.02180934
0.02291822
0.02161884
0.02254105
0.02182317
0.02223659
0.02205396
0.02206540
0.02204752
0.02251554
0.02233315
0.02376008
0.02175665
0.02207971
0.02225542
0.02157640
0.02203488
0.02179217
0.02153802
0.02160144
0.02187324
0.02161884
0.02174926
0.02151012
0.02166128
0.02216482
0.02201223
0.02381563
0.02166080
0.02167010
0.02165532
0.02160597
0.02154827
0.02198815
0.02228332
0.02172279
0.02157855
0.02169800
0.02229309
0.02192974
0.02259088
0.02162600
0.02215338
0.02259111
0.02279902
0.02250481
0.02209568
0.02274251
0.02222848
0.02226329
0.02216983
0.02215838
0.02201724
0.02231121
0.02219152
0.02249050
0.02018547
0.01879072
0.02023315
0.02558970
0.02369881
0.01994205
0.02413964
0.02168655
0.02152014
0.02176523
0.02168608
0.02169275
0.02212548
0.02196503
0.02232456
0.02236176
0.02227283
0.02321076
0.02467775
0.02280116
0.02230525
0.02235222
0.02217507
0.02239490
0.02277708
0.02218103
0.02213073
0.02144480
0.02169466
0.02160645
0.02155781
0.02172899
0.02164388
0.02184319
0.02180624
0.02172923
0.02227759
0.02193022
0.02169037
0.02208400
0.02195621
0.02207637
0.02261233
0.02241254
0.02243137
0.02176499
0.02359414
0.02197146
0.02301121
0.02171445
0.02162576
0.02234674
0.02207994
0.02306986
0.02195144
0.02202296
0.02209759
0.02202272
0.02235055
0.02214003
0.02200317
0.02170348
0.02212358
0.02228999
0.02215981
0.02162933
0.02177548
0.02202201
0.02326608
0.02213073
0.02170873
0.02312040
0.02213693
0.02321219
0.02175665
0.02189994
0.02172852
0.02156377
0.02154827
0.02190065
0.02168322
0.02343798
0.02190089
0.02257419
0.02170563
0.02189207
0.02251673
0.02233768
0.02219605
0.02245092
0.02166009
0.02184653
0.02179313
0.02162600
0.02162528
0.02181053
0.02225971
0.02241635
0.02246022
0.02218199
0.02173734
0.02195239
0.02465463
0.02502227
0.02475071
0.02491999
0.02500796
0.02247286
0.02496314
0.02466202
0.02476692
0.02414727
0.02389288
0.02389717
0.02385783
0.02373981
0.02176285
0.02165055
0.02227759
0.02239871
0.02221251
0.02188134
0.02199244
0.02220178
0.02274537
0.02236271
0.02188540
0.02193546
0.02221227
0.02219319
0.02279067
0.02248049
0.02241611
0.02238941
0.02210879
0.02235365
0.02271056
0.02676058
0.02666926
0.02662301
0.02673483
0.02637029
0.02240276
0.02219844
0.02214956
0.02237105
0.02341175
0.02327251
0.02233696
0.02201939
0.02276564
0.02263784
0.02288342
0.02520013
0.02268982
0.02195692
0.02183604
0.02207494
0.02200174
0.02184653
0.02199006
0.02215672
0.02273417
0.02238607
0.02251887
0.02263474
0.02243853
0.02304029
0.02393889
0.02349353
0.02239823
0.02282357
0.02282047
0.02248597
0.02254081
0.02235150
0.02230620
0.02233958
0.02240372
0.02223420
0.02222180
0.02228522
0.02217460
0.02239037
0.02233553
0.02212715
0.02219510
0.02209377
0.02227640
0.02228594
0.02521062
0.02236629
0.02255440
0.02366042
0.02553225
0.02693629
0.02213836
0.02273941
0.02224064
0.02245975
0.02213573
0.02208400
0.02243400
0.02186108
0.02239299
0.02340317
0.02698326
0.02179861
0.02212834
0.02198625
0.02204227
0.02183557
0.02221894
0.02264810
0.02179122
0.02214074
0.02186275
0.02163672
0.02179885
0.02170539
0.02235389
0.02174449
0.02216959
0.02238369
0.02210665
0.02234554
0.02276874
0.02426624
0.02172089
0.02188993
0.02233887
0.02301550
0.02579641
0.02687001
0.02710056
0.02702975
0.02724576
0.02236438
0.02361798
0.02205062
0.02159953
0.02200150
0.02206659
0.02182579
0.02172899
0.02160573
0.02352524
0.02191567
0.02374411
0.02192831
0.02278686
0.02213287
0.02174735
0.02172303
0.02224755
0.02403545
0.02176881
0.02233481
0.02244616
0.02152514
0.02157283
0.02169323
0.02161860
0.02285266
0.02214789
0.02211785
