0.00159121
0.02616334
0.02592611
0.02632213
0.02643394
0.02705145
0.02682018
0.02580833
0.02598405
0.02671027
0.02593875
0.02585030
0.02578878
0.02588511
0.02641916
0.02007604
0.01666784
0.01679158
0.02200651
0.02630234
0.02329540
0.02680731
0.02327514
0.02640700
0.02635646
0.02333069
0.01665545
0.02759099
0.02799249
0.02974629
0.02107716
0.02092385
0.02937388
0.02935123
0.02707481
0.02716494
0.02712965
0.02570415
0.02706456
0.02313995
0.02285242
0.02746344
0.01669216
0.01680017
0.01647401
0.01649046
0.01669121
0.01678586
0.01697493
0.02642035
0.02592850
0.02650738
0.02630043
0.02622724
0.02689362
0.02441335
0.02683067
0.02612948
0.03250933
0.03392410
0.02609158
0.02727795
0.02816153
0.01639915
0.01661968
0.01644158
0.01669049
0.01637745
0.02614164
0.02824831
0.02644467
0.02640676
0.02644348
0.02660847
0.02626777
0.02649593
0.02670836
0.02662992
0.02647066
0.02640319
0.03256774
0.02763224
0.02706599
0.02687335
0.02679300
0.02657151
0.02661896
0.02663994
0.02924943
0.02013302
0.01658773
0.01666594
0.02607250
0.02591491
0.02627993
0.02671266
0.02580166
0.02616167
0.02624512
0.02603817
0.02610922
0.02654696
0.02703643
0.02595401
0.02646089
0.02759361
0.02717781
0.02689433
0.02587557
0.02602005
0.02746534
0.02605700
0.02685618
