0.00153446
0.02169776
0.02130318
0.02119184
0.02180505
0.02143335
0.02124596
0.02154732
0.02161407
0.02139115
0.02139664
0.02133942
0.02119708
0.02166271
0.02153516
0.02123260
0.02116990
0.02133632
0.02134323
0.02127719
0.02156758
0.02119470
0.02130556
0.02127266
0.02118802
0.02111197
0.02131462
0.02125120
0.02124238
0.02135420
0.02138996
0.02112460
0.02117133
0.02133107
0.02119660
0.02112937
0.02127671
0.02141595
0.02145171
0.02141404
0.02141762
0.02148676
0.02121162
0.02120447
0.02113867
0.02115321
0.02118707
0.02116418
0.02121449
0.02137399
0.02122879
0.02110863
0.02119470
0.02117968
0.02114439
0.02126789
0.02128267
0.02113008
0.02113557
0.02163744
0.02126384
0.02116823
0.02121234
0.02119875
0.02121210
0.02124238
0.01994061
0.01973057
0.01973033
0.01980329
0.01985168
0.01972342
0.01967859
0.01989317
0.01979136
0.01993322
0.02013993
0.01976109
0.01991415
0.02001119
0.01978278
0.01961017
0.02099228
0.01970601
0.01979661
0.01964021
0.01971579
0.01973009
0.01976609
0.02014112
0.02036619
0.01979470
0.01968956
0.01970220
0.01965523
0.01963782
0.01991081
0.01991248
0.01975203
0.01964593
0.01969552
0.02011704
0.02098966
0.01979947
0.02104235
0.02017713
0.01978016
0.01971078
0.02055883
0.01980233
0.01970840
0.01964688
0.01972008
0.01976681
0.01971769
0.01964593
0.01957798
0.01957202
0.01977229
0.01976109
0.01955557
0.01957560
0.01952434
0.01962852
0.01993203
0.01980686
0.01974821
0.01967096
0.01987982
0.01976943
0.01967549
0.01960731
0.02147675
0.01999807
0.01975155
0.01969719
0.02020168
0.01989532
0.01970053
0.01955914
0.01966977
0.01972222
0.01959300
0.01963305
0.01954603
0.01988912
0.02005959
0.01977062
0.01968217
0.01956987
0.01976085
0.01968503
0.01983595
0.02010846
0.01988935
0.02009678
0.01980662
0.01989460
0.02069259
0.02035165
0.01981950
0.01979351
0.02027845
0.02042246
0.02047205
0.01984835
0.02037001
0.02054667
0.01978040
0.01972771
0.01980114
0.01985765
0.01966715
0.01981115
0.01993227
0.02009559
0.01985693
0.01997757
0.01977229
0.01978731
0.01978850
0.01970196
0.01966619
0.01995540
0.01987505
0.02003121
0.01996064
0.01973152
0.01976275
0.01977181
0.01978254
0.01980376
0.01964259
0.01960373
0.02133632
0.02004528
0.01973248
0.02020144
0.01968479
0.01991963
0.01985049
0.01977658
0.02132964
0.01971436
0.02128482
0.01979327
0.01975775
0.01971221
0.01971173
0.01982403
0.02084208
0.01975226
0.01982570
0.01954007
0.01958752
0.02010441
0.01981711
0.01967239
0.01963806
0.02068257
0.01969028
0.01985621
0.01958203
0.01956916
0.01982093
0.02011704
0.01989675
0.01988339
0.01961374
0.01974273
0.01987195
0.01968837
0.01970673
0.01992846
0.01985431
0.02013707
0.02143216
0.02133560
0.02129674
0.02119088
0.02119994
0.02105570
0.01958704
0.01963210
0.01963401
0.01962590
0.01961899
0.01962447
0.01961088
0.01961374
0.01971078
0.01978946
0.01967072
0.01964664
0.01991725
0.01979542
0.01970387
0.01953697
0.01954269
0.01976633
0.01973534
0.01961803
0.01955700
0.01964545
0.01977444
0.01999331
0.01973939
0.01957536
0.02025700
0.01969361
0.01968455
0.01966453
0.01958728
0.01979160
0.02002239
0.01985669
0.01976061
0.01993084
0.01993537
0.02056646
0.02261424
0.02137136
0.01993680
0.01976061
0.01978278
0.01984024
0.01977205
0.01962781
0.01973367
0.01969695
0.02227020
0.02190518
0.02158427
0.02186370
0.02138877
0.02216625
0.02222610
0.02208900
0.02235579
0.02227283
0.02206230
0.02183414
0.02001572
0.01990891
0.02014709
0.01988816
0.02017903
0.02008748
0.02098393
0.01972198
0.01970625
0.01960182
0.01972866
0.01978350
0.01981807
0.01962781
0.01957011
0.01955509
0.01963353
0.01970911
0.01964617
0.01968026
0.02002287
0.02000308
0.02007794
0.01980925
0.01975894
0.01992488
0.02023268
0.01980853
0.01965356
0.01982594
0.01978660
0.01967144
0.01952600
0.01967978
0.01976943
0.01969099
0.01971555
0.01954579
0.01963592
0.01981544
0.01976848
0.01966119
0.02025557
0.02139258
0.01994300
0.01997995
0.02071118
0.01998329
0.02018094
0.01981640
0.01973605
0.01953268
0.01968813
0.01965117
0.01968360
0.01969671
0.01968884
0.01983547
0.02021551
0.02203202
0.01979589
0.01968575
0.01974535
0.01959801
0.01962447
0.01967406
0.01964402
0.01970124
0.01977682
0.01987028
0.01973963
0.01976943
0.01981211
0.01961398
0.01976156
0.01968861
0.01983953
0.01975322
0.01968694
0.02026749
0.01978016
0.01977181
0.01986408
0.01976824
0.01976919
0.01981950
0.01973176
0.02013230
0.02069259
0.01989317
0.01970291
0.02017474
0.02100205
0.01974511
0.01968122
0.01983929
0.02105069
0.01973486
0.01980114
0.01961732
0.01952863
0.01966071
0.01978278
0.01978827
0.01976848
0.01973963
0.02002835
0.01974916
0.01953101
0.01957846
0.01964092
0.02051330
0.01981497
0.01969433
0.01959801
0.01976871
0.01989174
0.01960397
0.01960373
0.01968813
0.01970029
0.01979208
0.02021241
0.01978493
0.01979947
0.01990986
0.01962638
0.01986456
0.01992226
0.01973701
0.01977825
0.01967311
0.01960444
0.01979017
0.01968765
0.01968813
0.01970458
0.02226496
0.01974750
0.01969886
0.01999211
0.02156210
0.01967645
0.01970911
0.01968169
0.01963496
0.01972246
0.01977682
0.01974201
0.01975894
0.02111411
0.02018237
0.02094531
0.02091408
0.02038479
0.01969218
0.02008939
0.02011561
0.01972985
0.01962113
0.01955557
0.01953983
0.01954913
0.01986456
0.01970482
0.01965833
0.01977611
0.01969242
0.01986337
0.01964378
0.01963162
0.02036834
0.02080894
0.01985621
0.01963615
0.02038646
0.02320457
0.01969981
0.02003050
0.01962829
0.02051330
0.02262545
0.01979375
0.01998067
0.01982498
0.01965952
0.01965451
0.01959825
0.01969576
0.01982856
0.01962709
0.01969147
0.01979923
0.01987767
0.01979637
0.01968288
0.02048254
0.02005672
0.01992702
0.01975465
0.01984215
0.01991701
0.01978564
0.01972508
0.01957464
0.01953721
0.01962304
0.01983523
0.01959586
0.01955175
0.01954579
0.02021885
0.02344060
0.02356911
0.02334309
0.02298355
0.01974511
0.01960659
0.01964140
0.01956654
0.01990247
0.01995969
0.01979232
0.01966548
0.02063394
0.02054024
0.01972795
0.01954246
0.01953840
0.01975703
0.01980329
0.01971650
0.01960874
0.02012706
0.01973224
0.01971269
0.01964355
0.01954198
0.02010250
0.02348614
0.02330685
0.02341294
0.02309799
0.02130008
0.02117157
0.02105570
0.02101135
0.02101302
0.02099419
0.02091575
0.02107525
0.02141690
0.02140760
0.02173805
0.02184844
0.02136278
0.02139974
0.02186298
0.02139735
0.02174282
0.02151632
0.02134705
0.02145553
0.02116990
0.02101636
0.02090096
0.01978421
0.02020502
0.01980138
0.01977897
0.01985812
0.01976657
0.01970649
0.01981688
0.02110076
0.02005482
0.01990247
0.01978755
0.01977682
0.01980305
0.01996088
0.01973081
0.02048039
0.01985407
0.01973057
0.01968455
0.01985788
0.02108908
0.01989102
0.01984000
0.01972771
0.02000976
0.01991224
0.02030230
0.01990223
0.01996493
0.01973343
0.01995945
0.01964235
0.01972437
0.01980138
0.01980662
0.02001071
0.02122068
0.01999474
0.02000785
0.02117610
0.01989269
0.01997614
0.02013946
0.02053475
0.01992822
0.01987267
0.02064705
0.02008748
0.02016473
0.02152061
0.02043176
0.02051854
0.02213144
0.02032542
0.02000070
0.01973438
0.01969862
0.01981401
0.01989770
0.01981163
0.01965189
0.01968026
0.01981020
0.01979804
0.01964116
0.01965213
0.01963067
0.01974463
0.01978588
0.01966476
0.02008033
0.02060223
0.02045107
0.02001286
0.02140379
0.02127433
0.02120662
0.02123404
0.02138853
0.02119589
0.02127314
0.02141237
0.02134323
0.02119994
0.02146935
0.02161026
0.01973033
0.01962304
0.01989293
0.01976466
0.01977849
0.01963806
0.01957154
0.01969600
0.01977587
0.01966429
0.01975822
0.02128553
0.01978159
0.02004457
0.02000237
0.02010465
0.02007842
0.01997256
0.01959300
0.02056289
0.02167869
0.01972437
0.01968598
0.02082753
0.02009964
0.01969123
0.01964903
0.02030611
0.02061701
0.02019286
0.01965737
0.02011275
0.02074218
0.02009273
0.01970339
0.01963520
0.01963830
0.01970506
0.01970959
0.02044678
0.02218628
0.02206540
0.02159953
0.02198911
0.02165174
0.02143502
0.02165103
0.02020931
0.01992321
0.02001667
0.02018881
0.02002907
0.01963830
0.01965117
0.01963282
0.01966834
0.01970816
0.01970792
0.01961875
0.01968765
0.01980996
0.01969266
0.01987720
0.01987934
0.01980901
0.01974416
0.01965570
0.01971006
0.02010059
0.01993942
0.01974058
0.02026129
0.02087069
0.02007771
0.01965737
0.01981187
0.02045584
0.02028298
0.01984382
0.01966453
0.01963162
0.01996422
0.01987839
0.01987600
0.01964903
0.02009296
0.02161837
0.01980090
0.01971316
0.01980591
0.02030230
0.02216530
0.01966977
0.01961923
0.01977348
0.01969194
0.01980352
0.01973605
0.01975322
0.01970243
0.01960135
0.01966166
0.01970077
0.02000117
0.01969385
0.01951981
0.01957917
0.01954722
0.01979494
0.01964998
0.01960301
0.01959252
0.02022171
0.01973629
0.01988554
0.01967764
0.01967168
0.01992679
0.01985931
0.01969671
0.02024913
0.02126074
0.01974320
0.01962137
0.01970696
0.02126408
0.02001667
0.01986837
0.01972723
0.02154493
0.01976347
0.01971316
0.01979351
0.01969624
0.01994419
0.01977301
0.01978087
0.01971936
0.01966238
0.01971936
0.01973581
0.01965499
0.01961184
0.02011776
0.01981950
0.01973152
0.01958537
0.01965594
0.02023911
0.02013421
0.01967311
0.01967716
0.01997685
0.01980710
0.01964355
0.01962662
0.01964784
