0.00140858
0.01942873
0.01985002
0.01953459
0.01968241
0.01987386
0.01961470
0.01945472
0.01959610
0.01966858
0.01950765
0.01934290
0.01953769
0.01957631
0.01952744
0.01953506
0.01939440
0.01935410
0.01958942
0.01973772
0.01979733
0.01966143
0.02137876
0.01986361
0.01954770
0.01964498
0.02180576
0.01974082
0.02191210
0.01946354
0.01955652
0.01974249
0.01959276
0.01943231
0.01941109
0.01979995
0.01945829
0.02019882
0.02295995
0.02303815
0.02184820
0.01947570
0.01960802
0.01961446
0.01951671
0.01938891
0.01944518
0.01957917
0.01992607
0.01960707
0.01954556
0.01964259
0.01957393
0.02303481
0.01963043
0.01984811
0.01990604
0.01949978
0.01952863
0.01947904
0.01966977
0.01951432
0.01952887
0.01948714
0.01971579
0.01972389
0.01974559
0.01945186
0.01945114
0.02040553
0.01982832
0.01980948
0.01944685
0.02017069
0.01972795
0.01971054
0.01951694
0.01947784
0.01954174
0.01960421
0.01954126
0.01968002
0.01984978
0.01982522
0.01969862
0.01958609
0.02162170
0.02004743
0.01989985
0.01982832
0.01963592
0.02119994
0.01980519
0.02012157
0.01962996
0.02092314
0.01997733
0.01955867
0.01948738
0.02049994
0.02065015
0.01963735
0.01954222
0.01947880
0.01952243
0.01964736
0.01971555
0.01952076
0.02015185
0.01955843
0.01949716
0.01962137
0.01946259
0.01940203
0.01945448
0.01946259
0.01988578
0.01977158
0.02122688
0.01980352
0.01943302
0.01947665
0.01946115
0.01991630
0.01969194
0.01958776
0.02026033
0.01955724
0.01955485
0.01954341
0.01947570
0.01946855
0.01953769
0.01964808
0.01971674
0.01945186
0.01954174
0.01950169
0.01967669
0.01966643
0.01960564
0.01972556
0.01961589
0.01957393
0.01971889
0.01972175
0.01957965
0.01969552
0.02045560
0.02270412
0.01941967
0.01955104
0.01978302
0.01945305
0.01948166
0.01962924
0.01964426
0.02086425
0.02180719
0.01988816
0.01956630
0.01951575
0.01944423
0.01940346
0.01942921
0.01949596
0.01950908
0.01946735
0.01942730
0.01950622
0.01940823
0.01949239
0.01970911
0.01953673
0.01945877
0.01951385
0.01943278
0.01938272
0.01945972
0.01943517
0.01946330
0.01959825
0.01961851
0.01959848
0.01953745
0.01965213
0.01988482
0.01956677
0.01946712
0.01971054
0.01942301
0.01942539
0.01937675
0.01955390
0.02013111
0.01974559
0.01963735
0.01954246
0.01993680
0.01959252
0.01952267
0.01962757
0.02099586
0.02005625
0.01951218
0.01948619
0.02050710
0.02120185
0.02196813
0.01968384
0.01958513
0.02153444
0.01958013
0.01955724
0.02088976
0.01982880
0.01963592
0.01942420
0.01938772
0.01947045
0.02003407
0.01970863
0.01955223
0.01940131
0.01948261
0.01951861
0.01953936
0.01940894
0.01942921
0.01969695
0.01948977
0.01950979
0.01944041
0.01947474
0.01947212
0.01947618
0.01958704
0.01947331
0.01933861
0.01957893
0.01950073
0.01986575
0.02112222
0.02091694
0.01944613
0.01948571
0.01947999
0.02119112
0.01970410
0.01946735
0.01943660
0.02057242
0.02063227
0.01946235
0.01968336
0.02000570
0.01958013
0.01967096
0.01976395
0.01947927
0.01945972
0.01959872
0.01949811
0.01955104
0.01955891
0.01951504
0.01985431
0.01965189
0.01963902
0.01947212
0.01942873
0.01960897
0.01971626
0.01958656
0.01946998
0.01960397
0.01953697
0.01947999
0.01947570
0.01948309
0.01952863
0.01950550
0.01956224
0.01943326
0.01930714
0.01942396
0.01944399
0.02084136
0.01969671
0.01949191
0.01954269
0.01956844
0.01954317
0.01934028
0.02124071
0.02174234
0.02915955
0.02205610
0.02155042
0.02177620
0.02150679
0.02203846
0.02891207
0.01982331
0.02058482
0.02189231
0.02122545
0.02120495
0.02086377
0.01954651
0.01937652
0.01954174
0.01944709
0.01950336
0.01951170
0.01937962
0.01952243
0.01947212
0.01955128
0.01969743
0.01943207
0.01947689
0.01947117
0.01950026
0.01943183
0.01946115
0.01954889
0.01949286
0.01953435
0.01940775
0.01932096
0.01964021
0.01951981
0.01955938
0.01938605
0.01941204
0.01947737
0.01952982
0.01952362
0.01944900
0.01944065
0.01958489
0.01952386
0.01970458
0.02024865
0.02056050
0.01950645
0.02017713
0.01962352
0.01968646
0.01959896
0.01951385
0.01952171
0.01946855
0.01953673
0.01966238
0.01968193
0.01952243
0.01952505
0.01944017
0.01981330
0.01977801
0.01954627
0.01956749
0.01974583
0.01954198
0.01961589
0.01948380
0.01975632
0.01963043
0.01952100
0.01972866
0.01975298
0.01949978
0.01942992
0.01947832
0.01931763
0.01939511
0.01934338
0.01940417
0.01956654
0.01935434
0.01937151
0.02050757
0.02002883
0.01947665
0.01948237
0.01995683
0.02079153
0.01938272
0.01946235
0.01943254
0.01935506
0.01954985
0.01948261
0.02062726
0.01951933
0.01969600
0.02002764
0.01954865
0.01945281
0.01931071
0.01946497
0.01964259
0.01939940
0.01964545
0.01960635
0.01961327
0.01955986
0.01952672
0.01951432
0.01951122
0.02003980
0.01967692
0.01958466
0.01950550
0.01942396
0.01969552
0.01980114
0.01943040
0.01941538
0.01936674
0.01957846
0.01943994
0.01948261
0.01940346
0.01939988
0.01960921
0.01955843
0.01970530
0.01952386
0.01940227
0.01947021
0.01953053
0.01949787
0.01943779
0.01979780
0.01947975
0.01943803
0.01938534
0.01943898
0.01954651
0.01951742
0.01956201
0.01964378
0.01945925
0.01948571
0.01945901
0.01970625
0.01956296
0.01965141
0.01969600
0.01974297
0.01944399
0.01945329
0.01971412
0.01962471
0.01973653
0.01967692
0.01996922
0.01954412
0.01954317
0.01967621
0.01952815
0.01949644
0.01968503
0.01994085
0.01965523
0.01995158
0.01956868
0.01972699
0.01964331
0.01962161
0.01954317
0.02139688
0.01966786
