0.00245905
0.01968503
0.02010679
0.01984644
0.01964879
0.01961517
0.01956224
0.01987243
0.01968551
0.01968384
0.01957941
0.01981401
0.01978254
0.01969767
0.01962900
0.01958537
0.01976085
0.01973796
0.01966906
0.01964474
0.01979470
0.01979113
0.01973319
0.01956463
0.01976275
0.01964426
0.01983547
0.01971507
0.01976132
0.02003670
0.01967311
0.01973128
0.01974511
0.01986957
0.01961064
0.01955175
0.01957798
0.02029324
0.02146101
0.02117181
0.02135801
0.01997375
0.01961684
0.01951766
0.01964569
0.01958418
0.01952314
0.01960945
0.01954865
0.01966047
0.01984882
0.02016997
0.01965165
0.01983500
0.01985550
0.01962066
0.01962638
0.01967168
0.01991844
0.01962781
0.01952696
0.01951694
0.01972175
0.01961994
0.01953197
0.01949024
0.01966548
0.01966381
0.01964712
0.01955867
0.01983166
0.01970553
0.01987934
0.01988769
0.01953864
0.01962900
0.01961851
0.01975989
0.01957631
0.02015829
0.02029586
0.01983476
0.01979589
0.01968288
0.01965427
0.01965618
0.01952410
0.01948977
0.01978612
0.01966286
0.01956105
0.01947689
0.01960349
0.01966071
0.01975012
0.01953983
0.01970339
0.01974702
0.01960588
0.01962829
0.01964331
0.01982570
0.01962233
0.01961231
0.01968598
0.01974559
0.01980615
0.01961160
0.01956749
0.01957607
0.01969552
0.01960349
0.01948047
0.01951981
0.01951671
0.01965475
0.01960111
0.01955295
0.01956582
0.01968145
0.01967216
0.02105236
0.01965237
0.01977468
0.01980901
0.01958942
0.01956367
0.01976585
0.02009892
0.01968145
0.02214861
0.01991367
0.02002311
0.01965380
0.01982450
0.02001309
0.01980352
0.01955605
0.01960731
0.01982927
0.01857018
0.01967239
0.01962709
0.01959753
0.01964951
0.01968670
0.01951671
0.01844335
0.01964688
0.01992607
0.01972318
0.01999855
0.01962924
0.01992917
0.01963091
0.01954603
0.02006078
0.02090764
0.01957417
0.01951671
0.01942730
0.01948762
0.01966047
0.01959801
0.01845026
0.02050328
0.02041626
0.01961875
0.02122712
0.02104783
0.01820159
0.01863742
0.01830316
0.02117276
0.02138615
0.02131271
0.02111721
0.02136135
0.01975179
0.01964545
0.02123952
0.02136540
0.02090335
0.01963210
0.02001357
0.01981330
0.01840425
0.01948214
0.01949358
0.01975369
0.01957726
0.01945782
0.01954103
0.02004242
0.01733398
0.01726866
0.01742005
0.01738763
0.02010083
0.01929021
0.01626635
0.01883674
0.01964998
0.01953483
0.01734257
0.01617074
0.01849961
0.02002215
0.01959538
0.01845241
0.01956820
0.01951623
0.01971292
0.01970863
0.01967907
0.01963139
0.01634049
0.01667356
0.01885414
0.01764107
0.01711535
0.01720643
0.01691914
0.01700664
0.01853395
0.02272797
0.02165866
0.02149129
0.02024698
0.02007961
0.01688862
0.01663566
0.01629138
0.01635408
0.01675344
0.01635909
0.01735997
0.01971173
0.01957846
0.01960158
0.01841450
0.01948977
0.01610518
0.01614642
0.01616192
0.01612234
0.01613307
0.01611114
0.01615238
0.01766276
