0.00160146
0.01643229
0.01663184
0.01641536
0.01687360
0.01673675
0.01676989
0.01642513
0.01633620
0.01629829
0.01634097
0.01645947
0.01692343
0.01720238
0.01714516
0.01700425
0.01696777
0.01708150
0.01694751
0.01703143
0.01688719
0.01667261
0.01687455
0.01670337
0.01660776
0.01651192
0.01659894
0.01656556
0.01635480
0.01627517
0.01629663
0.01620221
0.01638913
0.01621938
0.01622677
0.01619649
0.01615524
0.01627946
0.01621723
0.01627946
0.01638484
0.01645160
0.01623845
0.01660943
0.01622939
0.01636314
0.01636100
0.01644349
0.01644135
0.01647043
0.01646256
0.01657152
0.01694393
0.01649666
0.01673365
0.01633453
0.01640105
0.01659369
0.01650882
0.01645088
0.01663494
0.01637053
0.01626158
0.01630473
0.01657867
0.01644254
0.01645184
0.01632380
0.01624751
0.01619744
0.01625037
0.01622963
0.01675034
0.01632285
0.01632929
0.01613545
0.01618147
0.01638174
0.01661277
0.01669049
0.01669908
0.01662064
0.01669598
0.01679015
0.01665854
0.01690602
0.01643467
0.01637721
0.01648331
0.01651335
0.01646686
0.01650405
0.01648664
0.01644850
0.01658821
0.01648235
0.01649070
0.01643920
0.01637316
0.01637149
0.01666880
0.01665711
0.01645446
0.01659632
0.01661253
0.01660013
0.01661944
0.01651430
0.01644325
0.01645446
0.01650167
0.01657653
0.01669979
0.01661110
0.01654959
0.01666141
0.01649690
0.01646328
0.01638150
0.01635504
0.01642585
0.01650596
0.01699901
0.01652741
0.01671457
0.01646829
0.01646829
0.01635623
0.01631856
0.01625061
0.01626706
0.01624513
0.01631951
0.01628065
0.01635599
0.01619720
0.01620317
0.01630378
0.01635909
0.01632285
0.01625085
0.01629877
0.01627612
0.01614404
0.01615047
0.01620913
0.01624203
0.01618528
0.01621628
0.01614285
0.01618004
0.01629519
0.01632977
0.01656008
0.01652932
0.01694965
0.01703691
0.01668143
0.01651359
0.01635718
0.01622629
0.01620984
0.01626515
0.01650047
0.01643491
0.01642942
0.01641011
0.01624918
0.01616383
0.01622510
0.01635909
0.01624823
0.01654506
0.01680899
0.01640630
0.01635790
0.01646328
0.01653290
0.01638293
0.01630473
0.01637697
0.01652145
0.01644301
0.01640344
0.01662731
0.01638556
0.01635909
0.01635957
0.01634550
0.01631212
0.01634264
0.01646399
0.01641870
0.01656079
0.01643705
0.01646996
0.01642537
0.01640201
0.01638508
0.01639771
0.01642394
0.01655531
0.01645684
0.01632190
0.01622844
0.01624870
0.01626587
0.01631236
0.01622248
0.01669359
0.01633835
0.01637387
0.01647353
0.01646352
0.01647878
0.01645303
0.01641273
0.01638603
0.01644564
0.01643205
0.01644897
0.01645923
0.01643348
0.01639724
0.01646185
0.01649904
0.01660538
0.01665568
0.01657629
0.01640391
0.01637220
0.01629972
0.01670790
0.01693511
0.01658916
0.01619911
0.01656318
0.01631784
0.01685500
0.01726627
0.01697135
0.01683211
0.01662064
0.01649284
0.01690865
0.01671863
0.01640081
0.01651168
0.01646733
0.01615405
0.01652932
0.01640511
0.01635098
0.01637244
0.01664209
0.01647305
0.01710391
0.01694345
0.01653123
0.01652575
0.01642513
0.01627088
0.01624250
0.01650643
0.01623130
0.01619792
0.01640344
0.01649308
0.01627803
0.01644206
0.01632309
0.01618958
0.01627803
0.01648855
0.01633191
0.01636291
0.01638246
0.01646066
0.01647496
0.01642227
0.01640248
0.01637530
0.01645374
0.01643825
0.01626635
0.01657581
0.01634717
0.01640487
0.01631951
0.01665616
0.01671433
0.01680708
0.01625490
0.01631260
0.01664162
0.01667523
0.01669097
0.01711893
0.01669669
0.01660061
0.01649904
0.01666832
0.01655602
0.01660323
0.01682329
0.01660085
0.01651025
0.01654673
0.01666689
0.01646566
0.01647496
0.01645064
0.01647782
0.01658344
0.01649404
0.01664305
0.01654768
0.01649976
0.01655602
0.01659012
0.01659131
0.01651359
0.01646805
0.01652670
0.01657391
0.01658678
0.01645780
0.01639247
0.01663756
0.01672411
0.01633811
0.01658845
0.01637077
0.02545357
0.03098607
0.03005600
0.01654506
0.01640940
0.01631045
0.01636505
0.01633859
0.01629734
0.01661205
0.01637316
0.01644206
0.01647782
0.01645899
0.01648688
0.01656675
0.01695657
0.01688910
0.01662135
0.01679850
0.01662755
0.01650882
0.01668382
0.01648688
0.01740932
0.01657557
0.01651216
0.01647997
0.01661539
0.01671863
0.01675320
0.01646972
0.01647377
0.01671863
0.01659799
0.01658821
0.01669621
0.01656270
0.03009915
0.03017187
0.03022552
0.03023577
0.03015041
0.03016663
0.03128648
0.03026986
0.03037906
0.03058767
0.03305697
0.03161550
0.02998924
0.03037333
0.02994990
0.03167582
0.03158784
0.02997637
0.03029656
0.03021121
0.03011823
0.02094197
0.01627588
0.01654625
0.01680279
0.01654315
0.01654100
0.01643014
0.01647568
0.01680160
0.01663160
0.01629686
0.01639438
0.01648283
0.01686311
0.01650858
0.01659226
0.01647854
0.01651549
0.01629210
0.01640272
0.01649427
0.01655579
0.01653600
0.01653624
0.01652765
0.01650691
0.01657367
0.01667237
0.01651478
0.01664972
0.01672935
0.01678014
0.01763749
0.02122831
0.01733398
0.01928210
0.01740932
0.01792312
0.01786017
0.01806903
0.01808286
0.01859689
0.01759648
0.01805353
0.01779246
0.01741314
0.01709986
0.01689625
0.01720238
0.01702690
0.01720405
0.01655221
0.01730084
0.01750588
0.01723671
0.01734257
0.01673055
0.01680279
0.02967739
0.02977538
0.03168106
0.03178668
0.02974701
0.03004408
0.03020525
0.03147769
0.03136659
0.03033614
0.03152323
0.03058863
0.03041220
0.03023911
0.03048420
0.03027153
0.03087258
0.03056884
0.03031731
0.03058171
0.03082538
0.03054357
0.03093171
0.03100681
0.03236175
0.03290081
0.03122807
0.03153729
0.03081894
0.03093600
0.03101659
0.03087783
0.03548074
0.03166580
0.03034139
0.03019190
0.03035021
0.03021622
0.03067446
0.03055000
0.03081632
0.03045487
0.03110838
0.03261113
0.03040099
0.03000259
0.03032923
0.03127885
0.03165126
0.02991676
0.03081560
0.02991700
0.02994728
0.03000998
0.02979088
0.03046656
0.03046679
0.03078198
0.02991104
0.02995968
0.03031230
0.03074765
0.03192568
0.03018546
0.03043389
0.03001285
0.02980375
0.02959204
0.02993846
0.03068900
0.03192163
0.03113031
0.03084803
0.03129125
0.03126955
0.03187227
0.03193927
0.03052759
0.03056169
0.04241133
0.03844237
0.03018546
0.03689122
0.03926563
0.02961826
0.02983212
0.02986193
0.02968121
0.02960467
0.02970457
0.02986836
0.03026390
0.03008032
0.02989388
0.02972531
0.02972102
0.02965593
0.03048754
0.03003049
0.03012729
0.02994442
0.02990365
0.02966785
0.02981496
0.03017759
0.02982306
0.02978325
0.02965164
0.02956676
0.02999425
0.02990270
0.03103781
0.03095555
0.03084135
0.02970433
0.03845620
0.02989602
0.02960110
0.02971363
0.02972460
0.02965760
0.03052521
0.03217769
0.03011775
0.02975154
0.02976751
0.03331399
0.02978635
0.03187132
0.03178406
0.02958107
0.02965832
0.02975035
0.02963138
0.02971840
0.02992845
0.02976084
0.02995181
0.03014898
0.02978253
0.03055930
0.02970433
0.03140259
0.03330779
0.02991462
0.02957845
0.03088069
0.02964640
0.02958059
0.02971077
0.02989650
0.02994132
0.02987480
0.02977347
0.03012681
0.02988124
0.02976775
0.03004098
0.02980518
0.02998018
0.03055143
0.02991390
0.03073430
0.03027463
0.03034496
0.02999759
0.03015852
0.03016448
0.03018069
0.03063560
0.03207660
0.03004122
0.03028107
0.02954125
0.02991605
0.03099704
0.02979231
0.02963781
0.03055382
0.03037667
0.03042054
0.02983165
0.02994609
0.03010988
0.03007817
0.03014398
0.02988982
0.02991223
0.02982354
0.03046107
0.03501201
0.03471613
0.03480983
0.03437591
0.03094435
0.02963400
0.02968788
0.02966523
0.02988672
0.02987409
0.03013992
0.02998567
0.03152347
0.03115487
0.03030443
0.02997565
0.03130007
0.03167367
0.03078055
0.03052521
0.03122258
0.03255415
0.03038764
0.03047228
0.03027678
0.03059363
0.03061628
0.03036070
0.03029346
0.03031778
0.03057814
0.03090501
0.03169560
0.03049517
0.03032422
0.03051829
0.03044868
0.03000331
0.02984142
0.02989292
0.02989650
0.02998805
0.03028822
0.03672838
0.03721189
0.03663111
0.03633618
0.03313875
0.03296566
0.03216362
0.03165221
0.02997589
0.03082252
0.03037620
0.03105807
0.03015542
0.02985787
0.02988935
0.02973938
0.02971864
0.02975535
0.02996993
0.02980781
0.03357387
0.02988744
0.02977443
0.02971029
0.02968192
0.02973008
0.03007364
0.02973342
0.02973199
0.03029919
0.03479385
0.03474593
0.03506875
0.03461862
0.03468180
0.03474331
0.03489327
0.03484750
0.03380942
0.02965569
0.02963495
0.03122711
0.03127289
0.02966642
0.03139162
0.02969885
0.02991390
0.03075480
0.02976608
0.03012109
0.03000641
0.03005958
0.03364205
0.03000879
0.03017044
0.03021026
0.03018522
0.03032899
0.03193569
0.03039479
0.03019786
0.03025222
0.03025818
0.03098202
0.03026700
0.03126884
0.02959061
0.02960920
0.03083920
0.03488183
0.03481674
0.03489614
0.03480530
0.03459334
0.03469443
0.03472042
0.03464222
0.03468990
0.03485012
0.03452301
0.03460908
0.03452396
0.03471994
0.03460097
0.03449750
0.03489780
0.03484225
0.03485537
0.03469586
0.03466773
0.03479075
0.03469181
0.03461218
0.03476501
0.03472018
0.03448343
0.03457665
0.03524399
0.03483868
0.03485417
0.03528452
0.03497410
0.03475618
0.03462839
0.03480482
0.03477907
0.03465247
0.03468466
0.02987099
