0.00299811
0.02090716
0.02056217
0.02048850
0.02040529
0.02042937
0.02044415
0.02189875
0.02170491
0.02092957
0.02054024
0.02182126
0.02139640
0.02064991
0.02159619
0.02091718
0.02042842
0.02062845
0.02158809
0.02058339
0.02286196
0.02110100
0.02055550
0.02048922
0.02060008
0.02057147
0.02044129
0.02047253
0.02061868
0.02070737
0.02037454
0.02062726
0.02069259
0.02042055
0.02042246
0.02102971
0.02064562
0.02056360
0.02062821
0.02058983
0.02041411
0.02057600
0.02052784
0.02057958
0.02039552
0.02047157
0.02046061
0.02047944
0.02058983
0.02078462
0.02052712
0.02055287
0.02090573
0.02091932
0.02266359
0.02191472
0.02071261
0.02210498
0.02116513
0.02073550
0.02072310
0.02068186
0.02048993
0.02202010
0.02049756
0.02043962
0.02040219
0.02074003
0.02043200
0.02024651
0.02043533
0.02030349
0.02038741
0.02032661
0.02047420
0.02054763
0.02057767
0.02205777
0.02044892
0.02068448
0.02048612
0.02040744
0.02054501
0.02047682
0.02068186
0.02078414
0.02034616
0.02033949
0.02040124
0.02051926
0.02076697
0.02054596
0.02032709
0.02036047
0.02032876
0.02084756
0.02043104
0.02028418
0.02144885
0.02036190
0.02035475
0.02034307
0.02044249
0.02054667
0.02062964
0.02071285
0.02065659
0.02043915
0.02084994
0.02166176
0.02039361
0.02086043
0.02208257
0.02054143
0.02039933
0.02049756
0.02039766
0.02171230
0.02049971
0.02059031
0.02028060
0.02044272
