0.00167012
0.03002453
0.02983546
0.03420067
0.02967834
0.02997017
0.02958012
0.02975488
0.02922940
0.02934361
0.02943778
0.02923489
0.02916050
0.02960110
0.03008413
0.02968454
0.02960110
0.02939296
0.02929521
0.03011727
0.02958727
0.02916598
0.02937698
0.02931452
0.02951264
0.03084898
0.02998018
0.02968740
0.02968073
0.02926207
0.02925587
0.02932143
0.02922511
0.02922201
0.02940512
0.02938390
0.02933311
0.03149581
0.02935672
0.02911377
0.02976108
0.02960157
0.02962613
0.03001571
0.02999425
0.03012514
0.02903128
0.02912307
0.02968383
0.03255200
0.03074455
0.03148031
0.03482389
0.02918077
0.03002000
0.03005314
0.03000808
0.02993965
0.03034163
0.02941561
0.02921462
0.02911758
0.02907228
0.02929544
0.03040123
0.02951384
0.02920651
0.02954197
0.02966332
0.02968860
0.02951527
0.02929497
0.03443384
0.02978277
0.02969885
0.02995324
0.02958345
0.02958226
0.02947998
0.02957058
0.02970767
0.02983952
0.02977681
0.02980876
0.02974892
0.02970433
0.02998471
0.02929378
0.02915049
0.02977538
0.02961993
0.02964115
0.02980208
0.02977085
0.03049040
0.03138113
0.03559971
0.03417373
0.04854989
0.05201936
0.05232978
0.05181479
0.05147123
0.05203652
0.05196428
0.05223513
0.05165005
0.05170393
0.05273485
0.05167246
0.05201626
0.05193806
0.05191565
0.05208540
0.05208564
0.05193377
0.05156994
0.04918528
0.05152512
0.05190659
0.05174708
0.04810596
0.04839253
0.04837132
0.04954267
0.04726505
0.04789710
0.04799771
0.04729700
0.04776096
0.04818821
0.04799151
0.04788733
0.04819083
0.04851866
0.04810596
0.05021381
0.04784274
0.04796052
0.05040407
0.04714084
0.04746914
0.04769135
0.04734492
0.04819632
0.04816723
0.04831481
0.04820418
0.04790807
0.04327726
0.03028584
0.02974439
0.02953815
0.02977490
0.02972460
0.02965045
0.02986431
0.02964377
0.02968383
0.03034735
0.03062320
0.03044796
0.03036904
0.03033614
0.02988291
0.03033257
0.02972031
0.02923250
0.02924943
0.02937412
0.03029513
0.02923083
0.02900195
0.02929926
0.02981496
0.03597355
0.03645444
0.03839564
0.03687716
0.03137422
0.03138232
0.02920961
0.03054619
0.03068924
0.02962446
0.03045177
0.02923036
0.02963042
0.02951360
0.02943301
0.02949095
0.02943182
0.02982235
0.03026581
0.02951074
0.02912116
0.02962446
0.02938676
0.02948737
0.02966690
0.02966762
0.02966571
0.02974153
0.02980733
0.03149223
0.02954745
0.03065419
0.03422356
0.03424573
0.03484941
0.03423953
0.03389072
0.03170896
0.02957749
0.02901578
0.02919149
0.02912831
0.02941942
0.02921224
0.02923250
0.02966309
0.02965331
0.02960706
0.02977848
0.02950072
0.02974916
0.02906656
0.03145814
0.02989173
0.02906132
0.02906823
0.03003836
0.02989841
0.03175306
0.02955627
0.02922463
0.02938700
0.02906752
0.02907038
0.02922344
0.02891064
0.02937388
0.02924871
0.03105736
0.02959514
0.02967930
0.02921009
0.03025079
0.02978683
0.03061080
0.03047132
0.03068638
0.03076816
0.03053331
0.03077364
0.03088427
0.03071761
0.03276587
0.02921700
0.02934957
0.02927804
0.02917933
0.02915955
0.02912807
0.02927780
0.02937317
0.02936459
0.03055072
0.03074336
0.03061581
0.03082681
0.03082609
0.02961802
0.02945256
0.02932549
0.02920103
0.02975082
0.02931452
0.02948999
0.02949882
0.03127217
0.03021622
0.03136754
0.04392409
0.05707741
0.05772543
0.05743599
0.05755019
0.05778027
0.05776882
0.05741692
0.04762816
0.02958131
0.02935648
0.02952242
0.02944088
0.02952766
0.02994704
0.02939653
0.02928162
0.02935004
0.03003263
0.02939248
0.02970266
0.02945757
0.03002191
0.03027439
0.02966952
0.02955508
0.02969098
0.03031731
0.03422236
0.02973342
0.03052402
0.03420258
0.02931070
0.02907658
0.02919841
0.02928734
0.02964687
0.02924681
0.02923322
0.02914882
0.02963018
0.02949905
0.02917647
0.02919316
0.03188229
0.03160477
0.03063869
0.03133893
0.02969432
0.03001595
0.03009295
0.03267646
0.02938032
0.02941036
0.02934837
0.02966523
0.02950764
0.02985215
0.02964926
0.03019428
0.03012609
0.03035045
0.03005743
0.02956128
0.02955031
0.03040218
0.02932024
0.02964640
0.02928710
0.02946091
0.02926111
0.02949858
0.02932167
0.02938819
0.02940607
0.02962279
0.03092480
0.03077817
0.03089976
0.02943778
0.02948737
0.02962279
0.03252435
0.02939963
0.02915645
0.02920175
0.02943110
0.02952266
0.02968311
0.02971053
0.02963877
0.03002310
0.02958608
0.02961206
0.03069949
0.03106928
0.02922368
0.03088808
0.02949858
0.02942133
0.02960777
0.03058982
0.02948761
0.02937913
0.02964950
0.02951336
0.03054905
0.02946997
0.02952266
0.03166151
0.02968359
0.02946854
0.03047299
0.02993298
0.02944946
0.02920508
0.03075910
0.03060722
0.03314734
0.02944183
0.02926922
0.02909803
0.02962995
0.02914453
0.02966261
0.02953982
0.03018165
0.03128862
0.03019762
0.02951860
0.03006792
0.03000951
0.03010011
0.03017306
0.03001523
0.03003836
0.03017187
0.03113365
0.03160644
0.03105640
0.03469753
0.03589392
0.03465557
0.03598738
0.03416467
0.03662133
0.03616643
0.03094840
0.02959776
0.02925682
0.02939820
0.02942610
0.02928782
0.02927732
0.03060865
0.03036284
0.02932906
0.02923489
0.02913404
0.02956939
0.02945399
0.02928448
0.02939224
0.02947235
0.02998924
0.03149819
0.03026676
0.03075027
0.02992630
0.03084087
0.03082633
0.03116322
0.03111935
0.03128767
0.03120065
0.03395796
0.03092217
0.03117561
0.03114057
0.02943754
0.02954483
0.03023958
0.02978683
0.02974725
0.03081179
0.04060435
0.04139805
0.02971935
0.03029680
0.03035927
0.03005552
0.03042603
0.02949500
0.02967477
0.02988386
0.02968884
0.03007698
0.03008723
0.03997064
0.03707933
0.02973247
0.02979541
0.03016877
0.03016329
0.03001690
0.03079152
0.03016067
0.03020620
0.03034115
0.03001308
0.02992249
0.02991891
0.02986431
0.02963877
0.03023815
0.02985287
0.02973914
0.03135729
0.03139067
0.03016233
0.02973342
0.02966499
0.02958226
0.03112149
0.02959466
0.03059483
0.02951503
0.02956748
0.03569412
0.02932477
0.02973700
0.02920651
0.02912903
0.02939939
0.02902985
0.02965379
0.03010368
0.02960634
0.02974081
0.03097939
0.03082919
0.02957034
0.02943325
0.02954507
0.02959895
0.02958465
0.03354383
0.02908230
0.02950549
0.02953219
0.02992940
0.02971387
0.03003383
0.02979994
0.03041601
0.03114820
0.02990699
0.02982450
0.02926588
0.02968526
0.02913284
0.02905679
0.02933335
0.03034854
0.03027630
0.02987528
0.02920318
0.02903795
0.03059173
0.02952743
0.02998304
0.03150964
0.02918696
0.02930403
0.02947736
0.02954817
0.03185010
0.02986717
0.03007674
0.02965665
0.02967572
0.02980304
0.02931643
0.03028154
0.03985453
0.02924943
0.02982354
0.02981663
0.02976584
0.03013372
0.03012729
0.03008866
0.02961707
0.02950501
0.02956247
0.03107715
0.02966690
0.03150845
0.02971697
0.03075862
0.03276539
0.02905512
0.02915597
0.02900934
0.02908301
0.02957273
0.02899003
0.02900982
0.02947927
0.02925825
0.03074670
0.03089523
0.03074479
0.03042555
0.02884960
0.02947950
0.02966666
0.02963591
0.02980971
0.03012156
0.02950144
0.02972865
0.02948427
0.03119755
0.02979970
0.02952385
0.03075767
0.02971578
0.02977228
0.02914214
0.03068781
0.02921033
0.02934575
0.02938986
0.03089881
0.02927303
0.02923799
0.02896357
0.03296256
0.03406906
0.03411508
0.03451610
0.03441763
0.03412652
0.03477693
0.03404069
0.03389359
0.03379917
0.03363633
0.03019404
0.03063798
0.02981234
0.02969337
0.02966237
0.02985215
0.02976203
0.02969408
0.02963829
0.02969265
0.03035855
0.03025341
0.02955961
0.02899456
0.02946115
0.03185630
0.02975178
0.03021097
0.02957010
0.02972460
0.02985835
0.02971053
0.02970052
0.03018785
0.02958083
0.02964067
0.02980280
0.03356433
0.02905035
0.02928448
0.02891755
0.02984858
0.03029370
0.02963233
0.02984905
0.02950644
0.02959299
0.02994823
0.02970552
0.03065848
0.02987123
0.02898550
0.02966714
0.02966404
0.02960324
0.02949047
0.03547120
0.03591347
0.03418112
0.03574514
0.03777075
0.03707027
0.03605580
0.02969384
0.02967286
0.02974296
0.02918267
0.02940559
0.02903867
0.03036094
0.02925253
0.03044033
0.02930188
0.02924895
0.02969694
0.03007531
0.02949572
0.02904224
0.02906919
0.02928925
0.02910924
0.02965236
0.03066659
0.03109717
0.02893281
0.02920103
0.02937818
0.02955365
0.02913499
0.03113484
0.03008914
0.02946353
0.03045702
0.02953434
0.02940893
0.02966523
0.02955794
0.02981114
0.03641105
0.02978134
0.03117943
0.02975702
0.03137398
0.02952981
0.02940035
0.02937746
0.02918291
0.02944064
0.03013420
0.02939391
0.02947140
0.02954221
0.02952170
0.02954698
0.03055453
0.03195643
0.02914357
0.02939796
0.02910328
0.02954960
0.02929068
0.02987266
0.02984405
0.02913213
0.03157330
0.02957630
0.02950621
0.03294826
0.02964592
0.02949333
0.02961802
0.02929950
0.02909946
0.03049135
0.03056860
0.03046608
0.03034520
0.02955294
0.02896690
0.02953219
0.02912593
0.02907705
0.02948046
0.02903795
0.02953720
0.02961397
0.03446698
0.02932429
0.02952433
0.02945924
0.02973628
0.02953887
0.02979660
0.02969003
0.02937317
0.03065014
0.03112507
0.03893614
0.03895354
0.03894424
0.03881240
0.03847075
0.02977157
0.03001237
0.02949429
0.03024077
0.03924584
0.03836298
0.03623700
0.03618240
0.03096890
0.03996205
0.03730655
0.02935314
0.02952027
0.02938128
0.02943397
0.02940512
0.02941871
0.02955055
0.02903867
0.02891159
0.02918720
0.02908587
0.03526616
0.03020620
0.02931643
0.02894330
0.03033233
0.02994394
0.02912879
0.02923894
0.02912807
0.02928114
0.02900696
0.02896500
0.02951002
0.03175473
0.03155828
0.03024578
0.02993488
0.03971910
0.03006792
0.02987146
0.03000307
0.03038764
0.03018665
0.03018498
0.03024173
0.03018570
0.03093481
0.03273201
0.03105211
0.02956223
0.02953029
0.02969360
0.02984571
0.02885461
0.02907944
0.02886677
0.02918196
0.03026795
0.02980351
0.03038359
0.03071690
0.03135419
0.02919841
0.02906299
0.02981663
0.03001213
0.03093290
0.02974749
0.02951717
0.02994108
0.02903104
0.02905512
0.02938414
0.03049517
0.02953410
0.02959561
0.02919292
0.02928138
0.02898669
0.02997828
0.02986836
0.02954364
0.02967191
0.02994561
0.03051496
0.03094172
0.02928543
0.02921557
0.02940059
0.02950859
0.02934027
0.02929258
0.03406668
0.03375936
0.03409004
0.03432965
0.03410149
0.03387356
0.03371358
0.03394437
0.03398037
0.03402805
0.03389382
0.03465748
0.03380251
0.03386378
0.03404069
0.03366899
0.03403282
0.03390574
0.02900577
0.03428507
0.03411031
0.03402781
0.02924347
0.02913380
0.02922130
0.02978349
0.03070307
0.04044914
0.03177786
0.02975941
0.02985287
0.02962685
0.02962613
0.02962804
0.02943087
0.03031158
0.02951121
0.02945590
0.02933216
0.02971148
0.02947593
0.02926826
0.02950621
0.03261256
0.02942300
0.02952290
0.02965331
0.03116894
0.03233242
0.02977967
0.03117442
0.03575850
0.04215837
0.04710793
0.03446507
0.03637600
0.03563094
0.02981019
0.03010750
0.02985454
0.02984095
0.02985668
0.02973413
0.02968216
0.02959633
0.02972317
0.03062463
0.03062367
0.03238082
0.02980828
0.02950454
0.03000474
0.03410602
0.02930760
0.02937126
0.02984786
0.03015161
0.02943945
0.03005910
0.03039360
0.02950430
0.03031635
0.03063154
0.02981186
0.03022194
0.03000546
0.02941561
0.03094387
0.02931523
0.02947259
0.02935576
0.02948403
0.02943492
0.03218746
0.02978992
0.02943254
0.02951097
0.02933192
0.02958775
0.02940440
0.02933598
0.02923989
0.02938342
0.03009033
0.02998400
0.02937126
0.02946258
0.02969527
0.02961516
0.02965069
0.03287411
0.03014874
0.03084874
0.02955365
0.02959919
0.02951813
0.03008580
0.03068709
0.02946782
0.02951097
0.02951241
0.02980185
0.02971983
0.02952313
0.03184462
0.02983761
0.03037405
0.03085017
0.03076458
0.03082132
0.02997398
0.02955937
0.02991891
0.02971792
0.02961111
0.02961946
0.02950811
0.02953124
0.03019667
0.02966237
0.03168011
0.03010559
0.02980518
0.02982283
0.03012872
0.03016257
0.02986431
0.02984309
0.02972245
0.02970147
0.02972031
0.03082609
0.02957773
0.03004169
0.03060246
0.03014779
0.02940130
0.02995086
0.03001451
0.03076434
0.03124022
0.03005290
0.03002286
0.03005075
0.03003669
0.02991819
0.03017044
0.02939725
0.02959871
0.02958012
0.03585267
0.03116560
0.03001642
0.03331923
0.03020859
0.02986932
0.02986526
0.02989006
0.02952600
0.02958131
0.02991152
0.02959824
0.02945924
0.02951145
0.02964282
0.02996278
0.03136754
0.02988553
0.02987337
0.02989316
0.03020263
0.03059506
0.03110051
0.03087878
0.03098369
0.03452182
0.03465939
0.03450155
0.03001046
0.02982163
0.02965689
0.03038049
0.02984238
0.02969575
0.03006268
0.03070521
0.02998662
0.03098822
0.02985334
0.03000593
0.03000927
0.03000903
0.03002930
0.03850865
0.03859425
0.03657866
0.02954555
0.02946544
0.02991724
0.03015661
0.04000330
0.02949619
0.02987289
0.02972126
0.02983832
0.03000426
0.02989197
0.02968836
0.02967787
0.03144932
0.03015089
0.02998304
0.03116012
0.03119016
0.03188920
0.03436327
0.03414178
0.03460717
0.03426147
0.03413153
0.03457189
0.03442240
0.03481627
0.03432941
0.03424215
0.03425288
0.03423071
0.03385568
0.02957177
0.02972722
0.02976775
0.02981162
0.02977276
0.02986312
0.02995563
0.02935767
0.02962756
0.02983212
0.03141332
0.03012133
0.03000689
0.02970362
0.02978802
0.02977014
0.03523111
0.03477764
0.03430581
0.03399110
0.03423333
0.03417683
0.03434348
0.03438187
0.03432536
0.03431940
0.03437281
0.03418660
0.03406787
0.03428459
0.03421307
0.03430653
0.03415847
0.03412318
0.03441834
0.03417778
0.03433275
0.03421664
0.03434968
0.03424811
0.03424811
0.03423357
0.03404164
0.03458238
0.03412533
0.03084755
0.02923369
0.02950215
0.02984262
0.03626347
0.04087400
0.03634071
0.03749037
0.03049302
0.03115368
0.03594136
0.03009868
0.03044987
0.03083658
0.03375030
0.02928066
0.02991986
0.02939367
0.02959704
0.03018737
0.02938485
0.02979469
0.02942896
0.02936411
0.02966881
0.02937961
0.03052759
0.03006744
0.03167963
0.02992344
0.02958918
0.02968121
0.03036237
0.03156853
0.02944970
0.02932334
0.02937794
0.02945399
0.02955079
0.03183889
0.03109431
0.03018141
0.02984047
0.02918267
0.02931905
0.02946830
0.02940440
0.02911878
0.02906728
0.02954745
0.03008223
0.02911878
0.03543949
0.02942181
0.02925825
0.02933931
0.03080440
0.03252506
0.03024268
0.03027916
0.03028941
0.02965093
0.03020024
0.02975035
0.02956486
0.02974439
0.02963924
0.02987719
0.02967310
0.02955532
0.02987432
0.02942944
0.02971053
0.02955961
0.02934027
0.02968597
0.02931952
0.02961588
0.02966499
0.02970028
0.02964211
0.02927613
0.03113961
0.03023171
0.03389525
0.03378916
0.03389955
0.03375411
0.03395724
0.03406286
0.03389120
0.03377771
0.03403497
0.03439665
0.03396177
0.03433967
0.03393936
0.03399205
0.03389597
0.03371549
0.03387761
0.03391910
0.03385401
0.03409243
0.03384686
0.03416991
0.03370643
0.03394175
0.03402853
0.03411984
0.03379631
0.03380394
0.03385735
0.03395963
0.03404808
0.03384304
0.03429604
0.03391838
0.03428817
0.03386950
0.01678157
0.01681542
0.01688123
0.01698399
0.01691222
0.01671910
0.01691222
0.01677227
0.01677942
0.01671982
0.01671290
0.01675034
0.01683497
0.01682663
0.01685405
0.01678371
0.01672459
0.01679969
0.01677299
0.01676726
0.01677132
0.01670933
0.01674056
0.02261639
0.01671648
0.02251124
0.02247977
0.01672745
0.03376245
0.02963710
0.02509475
0.02105880
0.02511334
0.02093625
0.02494168
0.02083802
0.02489591
0.02556658
0.02550316
0.02551699
0.02094078
0.02610803
0.02135468
0.02556920
0.02542639
0.02533984
0.02157474
0.02539134
0.02131724
0.02562451
0.02163744
0.02550483
0.02137899
0.02541375
0.02197838
0.02554512
0.02127361
0.02544498
0.02148604
0.03243399
0.02430701
0.02057219
0.02106214
0.02066517
0.02492619
0.02925706
0.02489376
0.02502775
0.02499223
0.02498960
0.02500892
0.02506542
0.02483964
0.02499509
0.02474427
0.02508545
0.02536464
0.02485204
0.02112460
0.02121425
0.02134275
0.02104759
0.02090716
0.01655579
0.01647830
0.01659727
0.01649117
0.01639009
0.01647186
0.01690340
0.01647162
0.01669884
0.01704669
0.01689887
0.01668334
0.01666379
0.01688027
0.01652503
0.01677823
0.01657772
0.02060819
0.02507973
0.02634573
0.02508616
0.02088475
0.02104950
0.01652384
0.01652837
0.01678729
0.01696563
0.01682138
0.01694179
0.01680183
0.01649308
0.02096963
0.01654673
0.01664782
0.01665068
0.01651382
0.01647592
0.01647019
0.01660395
0.01661396
0.01655793
0.01669025
0.01717496
0.01688790
0.01668906
0.01673818
0.01688910
0.01660085
0.01685286
0.01706815
0.01662326
0.01672554
0.01683903
0.01663470
0.01679587
0.01672864
0.01668954
0.01666570
0.01669574
0.01682162
0.01667047
0.01660728
0.01651049
0.01658845
0.01645589
0.01700759
0.01708627
0.01650667
0.01657915
0.01672578
0.01676989
0.01648736
0.01644802
0.01650214
0.01645255
0.01663756
0.01675344
0.01703453
0.01685166
0.01673150
0.01676440
0.01659822
0.01693511
0.01710033
0.01693416
0.01670504
0.01682568
0.01674986
0.01674485
0.01681495
0.01669168
0.01673174
0.01678157
0.01677084
0.01680756
0.01676583
0.01669312
0.01668859
0.01689529
0.01684427
0.01702523
0.01672006
0.01674294
0.01676416
0.01684308
0.01675963
0.01673174
0.01676035
0.01668167
0.01667547
0.01692057
0.01688075
0.01711941
0.01682806
0.01672149
0.01670313
0.01689172
0.01655269
0.01635647
0.01669645
0.01702785
0.01727128
0.01744771
0.01731229
0.01716948
0.01724601
0.01771069
0.01727986
0.01690507
0.01734090
0.01747179
0.01737642
0.01731062
0.02508211
0.01655006
0.01654601
0.01645017
0.01648331
0.01687884
0.01798701
0.01682878
0.01685882
0.01670527
0.01673770
0.01674008
0.01690173
0.01677799
0.01672697
0.01673961
0.01661706
0.01669860
0.01642776
0.01670480
0.01687193
0.01676321
0.01668191
0.01677728
0.01708436
0.01740646
0.01720357
0.01684761
0.01643848
0.01633096
0.01651645
0.01661706
0.01699018
0.01681280
0.01653361
0.01639271
0.01633501
0.01638842
0.01645947
0.01669598
0.01660752
0.01672006
0.01662970
0.01655078
0.01649737
0.01656628
0.01651931
0.01672101
0.01676130
0.01657748
0.01669836
0.01673293
0.01693416
0.01668763
0.01722026
0.01676679
0.01685953
0.01664996
0.01663160
0.01670027
0.01644039
0.01664925
0.01682281
0.01670957
0.01670909
0.01669741
0.01670313
0.01669741
0.01661754
0.01660109
0.01666689
0.01706672
0.01661730
0.01668310
0.01655364
0.01661253
0.01666474
0.01672554
0.01673007
0.01691794
0.01643515
0.01652622
0.01655602
0.01666808
0.01640296
0.01635766
0.01651311
0.01654553
0.01646447
0.01652479
0.01649904
0.01645875
0.01638818
0.01687407
0.01681328
0.01647258
0.01672196
0.01649833
0.01653886
0.01668119
0.01669478
0.01671267
0.01647711
0.01650620
0.01720905
0.01665688
0.01641607
0.01666999
0.01668143
0.01711583
0.01644707
0.02050567
0.01639724
0.01649952
0.01644182
0.01643372
0.01666880
0.01654291
0.01687360
0.01648021
0.01690459
0.01651287
0.01667833
0.01640511
0.01645374
0.01659751
0.01692200
0.01677990
0.01672912
0.01647782
0.01667142
0.01632142
0.01652646
0.01661849
0.01664615
0.01639652
0.01653242
0.01643920
0.01637936
0.01645923
0.01681638
0.01666713
0.01657939
0.01721621
0.01681995
0.01660872
0.01667619
0.01679540
0.01680660
0.01683998
0.01701736
0.01669717
0.01672268
0.01686859
0.01678133
0.01710892
0.02102494
0.01670980
0.02115464
0.01664901
0.02114797
0.01680136
0.02106214
0.01706386
0.02445054
0.01728797
0.02197337
0.01648617
0.02217197
0.01680923
0.01679349
0.01655269
0.01649046
0.01648116
0.01652360
0.01657367
0.01695132
0.01701021
0.01666355
0.01664138
0.01657391
0.01653695
0.02112460
0.01671386
0.01672626
0.02109075
0.02544665
0.02145982
0.02548862
0.02524447
0.02602625
0.02083445
0.02726793
0.02573586
0.02553988
0.02686977
0.02674079
0.02512240
0.02621245
0.02681875
0.02539659
0.02549863
0.03138924
0.02659798
0.02668834
0.02487946
0.02632332
0.02676678
0.02528143
0.02560425
0.02548480
0.02520418
0.02569246
0.02127481
0.02565408
0.02592778
0.02480102
0.02483392
0.02482963
0.02481246
0.02495193
0.02520156
0.02471232
0.02535939
0.02612138
0.02571011
0.02491498
0.02643943
0.02624869
0.02474594
0.02503419
0.02485323
0.02536416
0.03145981
