0.00139737
0.02814889
0.02861309
0.02861547
0.02881384
0.02889943
0.02908897
0.02916741
0.02938843
0.02861285
0.02809215
0.02822328
0.02820230
0.02806616
0.02827001
0.02830029
0.02858186
0.02835298
0.02796888
0.02843881
0.02986503
0.03022647
0.03007269
0.02889228
0.02822566
0.02843070
0.02928686
0.02992821
0.02976203
0.03129745
0.03590059
0.03665471
0.03460026
0.03425407
0.03314400
0.03377700
0.03290153
0.03333235
0.03325343
0.03298926
0.03308034
0.03322053
0.03263402
0.03267813
0.03256798
0.03249478
0.03236389
0.03247237
0.03284216
0.03266191
0.03265405
0.03242350
0.03250599
0.03256893
0.03241539
0.03243279
0.03444672
0.03250909
0.03258491
0.03246355
0.03242421
0.03245378
0.03245020
0.03237677
0.03270721
0.03285146
0.03268003
0.02825260
0.02836800
0.02882314
0.02884555
0.03012276
0.02881241
0.02846742
0.02957964
0.02964258
0.02985668
0.01676702
0.01649404
0.01690578
0.01637888
0.01636100
0.01730299
0.01657891
0.01648569
0.02818012
0.02827668
0.02818489
0.02815247
0.02818394
0.03051591
0.03256917
0.03260517
0.03248906
0.03281546
0.03302240
0.03249741
0.03253317
0.03244305
0.03234959
