0.00170517
0.02097058
0.02098250
0.02110624
0.02109838
0.02106667
0.02131939
0.02106786
0.02093339
0.02106118
0.02317405
0.01957798
0.01958060
0.01958776
0.01956964
0.01942468
0.01937580
0.01941490
0.01946568
0.01953673
0.01944923
0.01971006
0.01955509
0.01952934
0.01958299
0.01941347
0.01944447
0.01946068
0.01950073
0.01964426
0.01944351
0.01935410
0.01932645
0.01942539
0.01946735
0.01944065
0.01939607
0.01933455
0.01945806
0.01972604
0.01989913
0.01946449
0.01946163
0.01970887
0.01950431
0.01951051
0.01950264
0.01952791
0.02011180
0.01977396
0.01952839
0.01955342
0.01978374
0.01978111
0.01977372
0.01943374
0.02137709
0.01955247
0.01974773
0.01954412
0.01945806
0.01939511
0.01956105
0.01958394
0.01952004
0.01939702
0.01942849
0.01982284
0.01956296
0.01944017
0.01937604
0.01942062
0.01957202
0.01959229
0.01954842
0.01950479
0.01957989
0.01969099
0.01948309
0.01954532
0.01973200
0.01979041
0.01982212
0.01945519
0.01963305
0.01928544
0.01941562
0.01973510
0.01950264
0.01952052
0.01941895
0.01949263
0.01978922
0.01970530
0.02259564
0.01946759
0.01980591
0.01956224
0.01956797
0.01956916
0.01951289
0.02013826
0.01972651
0.01949382
0.01935077
0.01942134
0.01951790
0.01967382
0.01954937
0.01949573
0.01942229
0.01955724
0.01959038
0.01940751
0.01937604
0.01934791
0.01947570
0.01943326
0.01947045
0.01934552
0.01939487
0.01952720
0.01945162
0.01948404
0.01945472
0.01939893
0.01953053
0.01950908
0.01977158
0.01972151
0.01941109
0.01963305
0.01951981
0.01970291
0.01954842
0.01935029
0.01956582
0.01944590
0.01951218
0.01944017
0.02012420
0.01991820
0.01958108
0.01950526
0.01968670
0.01944447
0.01958179
0.01948190
0.01950002
0.01957369
0.01965714
0.01969028
0.02106500
0.01951599
0.01957417
0.01958871
0.01955795
0.01984739
0.01949930
0.01952767
0.01955843
0.01952362
0.01957512
0.01944542
0.01937008
0.01941776
0.01954937
0.01955914
0.01944041
0.01941752
0.01952100
0.01989818
0.01977539
0.01953673
0.01955795
0.01966572
0.01966166
0.01961064
0.01944184
0.02024412
0.02128077
0.02116036
0.02093363
0.02088785
0.02088976
0.02082491
0.02104497
0.02096748
0.02099442
0.02095580
0.02092767
0.02071619
0.01931715
0.01937342
0.02043533
0.01964259
0.01963782
0.01934600
0.01940227
0.01952791
0.01956058
0.01960993
0.01938105
0.01936173
0.01929498
0.01958632
0.01954675
0.01943398
0.01952624
0.01943731
0.01970840
0.01942253
0.01946092
0.01930285
0.01933956
0.01956868
0.01952529
0.01942515
0.01946855
0.01939821
0.01950192
0.01951051
0.01967144
0.01957202
0.01975727
0.02051568
0.01957965
0.01946664
0.01944065
0.02053809
0.02106023
0.02248883
0.02059603
0.01955152
0.01961517
0.01948714
0.02037358
0.01950145
0.02039075
0.01993227
0.01944470
0.01970792
0.02007365
0.01958561
0.01952004
0.01939988
0.01943135
0.01967001
0.02109647
0.02088237
0.02088904
0.02090645
0.02080202
0.02084851
0.02099895
0.02100825
0.02085376
0.02096128
0.02101445
0.02081323
0.01945901
0.01954150
0.01954889
0.01960182
0.01945853
0.01944041
0.01947546
0.01998234
0.02003837
0.01955652
0.01945162
0.01990438
0.01963711
0.01948404
0.01945758
0.01939178
0.01963449
0.01944828
0.01941442
0.01935220
0.01936936
0.01956892
0.01948667
0.01953840
0.01935983
0.01942110
0.01956892
0.01959515
0.01948905
0.01942039
0.01968074
0.01965618
0.01966524
0.01964855
0.01954317
0.02014995
0.02028918
0.02202916
0.02190185
0.02204037
0.02155352
0.02082133
0.02191663
0.02265263
0.02169609
0.02027655
0.02008271
0.01984000
0.01996803
0.02005744
0.01955557
0.01959252
0.01944733
0.01942563
0.01962948
0.01945996
0.01946688
0.01954222
0.01948929
0.01968479
0.01966643
0.01949644
0.01937842
0.01981926
0.02056098
0.01956272
0.01942778
0.01968145
0.01967931
0.01985455
0.01961565
0.01937819
0.01943445
0.01958799
0.02000761
0.02146721
0.01954746
0.02094913
0.01951337
0.01954031
0.01941299
0.01975656
0.02070880
0.01954961
0.01942611
0.01957440
0.02102566
0.02115107
0.01966357
0.01955128
0.01947117
0.01955509
0.01968813
0.01945972
0.01946259
0.01953626
0.01946092
0.01959109
0.01968479
0.01958227
0.01947093
0.01951098
0.01949096
0.01948690
0.01941085
0.01942849
0.01952672
0.01957917
0.01953340
0.01949263
0.01949787
0.01963282
0.01961040
0.01958060
0.01950192
0.01944590
0.01954508
0.01956105
0.01946545
0.01951027
0.01948571
0.01966500
0.01987767
0.01948619
0.01946950
0.01931834
0.02003312
0.01989102
0.01952314
0.01944828
0.02124429
0.02083230
0.02082634
0.01941895
0.01964736
0.01966262
0.01963282
0.01940680
0.01953077
0.02003026
0.02161551
0.01966929
0.01942182
0.01947832
0.01955795
0.01952553
0.01937222
0.01938534
0.01951361
0.01973176
0.01949859
0.01946402
0.01949883
0.01954222
0.01956987
0.01945591
0.01947451
0.01977110
0.01995230
0.01965189
0.01954556
0.01932216
0.01948094
0.02037382
0.02151632
0.02223229
0.02029681
0.01964879
0.01956511
0.01943278
0.01941204
0.01966214
0.01941681
0.01997495
0.02159882
0.02079415
0.01967978
0.01952147
0.01933599
0.01939082
0.01949525
0.01948619
0.01944971
0.01937389
0.01943684
0.01972246
0.01974487
0.01965523
0.01953745
0.01941061
0.01948786
0.01951241
0.01943326
0.01937509
0.01938105
0.01949692
0.01954269
0.01945519
0.01941013
0.01960778
0.02045465
0.01970339
0.01951551
0.01969051
0.02045751
0.01950717
0.01958251
0.01943517
0.01943922
0.02109122
0.01956677
0.01948309
0.01952529
0.02044296
0.02019858
0.01947689
0.01953769
0.01950979
0.02102566
0.01957488
0.01955914
0.01942301
0.01948833
0.01975012
0.01962638
0.02042103
0.01969361
0.02139258
0.01971197
0.01972866
0.01961541
0.02165079
0.01965642
0.01949048
0.01952553
0.01985741
0.01970768
0.01947570
0.01934886
0.01941371
0.02030826
0.02018714
0.01949573
0.01941037
0.01940155
0.02103138
0.01954317
0.01945853
0.01945257
0.02005887
0.02046013
0.01967525
0.01959872
0.01947069
0.02086091
0.01953030
0.01970530
0.01945210
0.02011251
0.02104545
0.02099442
0.01960731
0.02025557
0.02041054
0.02246118
0.01959395
0.01937747
0.01948357
0.01949811
0.01939678
0.01943851
0.01960754
0.02016211
0.01966405
0.01957154
0.01979136
0.01974821
0.01971674
0.01946330
0.01947808
0.02003241
0.02115393
0.01956391
0.01950669
0.01944733
0.02093291
0.01952410
0.01942825
0.01931691
0.01949835
0.02100396
0.01946425
0.01971555
0.01944208
0.02047658
0.02006626
0.01934552
0.01939988
0.01938772
0.02106881
0.01956677
0.01952887
0.01934409
0.01935220
0.01981258
0.01992726
0.01967001
0.01959991
0.01939607
0.01957583
0.01957345
0.01958561
0.01936984
0.02051544
0.02016878
0.01948571
0.01946330
0.01946306
0.02107930
0.01944852
0.01971078
0.01937580
0.01943159
0.01972485
0.01954174
0.01948738
0.01933527
0.01920819
0.01956820
0.01950383
0.01953125
0.01954484
0.02011347
0.01987219
0.01966810
0.01946378
0.01946831
0.02103710
0.02012372
0.01963210
0.01983237
0.02063894
0.01960492
0.01954293
0.01938391
0.01935673
0.01926184
0.01959348
0.01944399
0.01951432
0.01952577
0.02063704
0.02005816
0.01952291
0.01941204
0.01942801
0.01944494
0.01965833
0.01954269
0.01939631
0.01955080
0.01947379
0.01964593
0.01975799
0.02004528
0.02179885
0.01990652
0.01951838
0.01946282
0.01953030
0.01957130
0.01960468
0.01948166
0.01939130
0.02002954
0.01978111
0.01978540
0.01959181
0.01943493
0.01958799
0.01969194
0.01947808
0.01939726
0.01942182
0.01946282
0.01943803
0.01946163
0.01936841
0.01943779
0.01943922
0.01936674
0.01950121
0.01958871
0.01930046
0.01961827
0.01942992
0.01956654
0.01944256
0.01940346
0.01959085
0.01938653
0.02003574
0.01950073
0.01947927
0.01954174
0.02010345
0.01991963
0.01958132
0.01950264
0.01964045
0.01961613
0.01955175
0.01943898
0.01932120
0.01944804
0.01964021
0.01955009
0.01941419
0.01954174
0.01927328
0.01965356
0.01947999
0.01990438
0.02034926
0.01985145
0.02031994
0.01940131
0.01944137
0.01929140
0.01946044
0.01973796
0.01959753
0.01943636
0.01970053
0.01944780
0.01959872
0.01977825
0.01952910
0.01964521
0.01964331
0.01952481
0.01938057
0.01935220
0.01935506
0.01944518
0.01987553
0.01946068
0.01936412
0.01937270
0.01939964
0.01955318
0.02023911
0.02187753
0.02219176
0.02205586
0.02169037
0.02149725
0.02174711
0.02162600
0.02107906
0.01995754
0.01979589
0.01977062
0.01982141
0.01963186
0.01958966
0.01939011
0.01939154
0.01954198
0.01952076
0.01945400
0.01939821
0.02010870
0.01973414
0.01965022
0.01943064
0.01947951
0.01946592
0.01989746
0.01955962
0.01952720
0.01937461
0.01962042
0.02004766
0.02107453
0.01944923
0.01947975
0.01949573
0.01962090
0.01944447
0.01935554
0.01939559
0.01953363
0.01974320
0.01952004
0.01945591
0.01932454
0.01953959
0.01956105
0.01967072
0.01942110
0.01962876
0.01961279
0.01967669
0.01994181
0.01953411
0.01950288
0.02010298
0.02029705
0.01957321
0.01943970
0.01939058
0.01965714
0.01960349
0.01952624
0.01952410
0.01940298
0.02107048
0.02093840
0.02090740
0.02106285
0.02085185
0.01948881
0.01946020
0.01984072
0.02313733
0.02284598
0.02265644
0.01969600
0.01939964
0.01927614
0.01945376
0.01972795
0.01942515
0.01942039
0.01957417
0.01966238
0.01972103
0.01962662
0.01944685
0.01942325
0.01954150
0.01970315
0.01952839
0.01935768
0.01935697
0.01941013
0.01958966
0.01991534
0.01936603
0.01934242
0.01947951
0.01983166
0.01969552
0.01940680
0.01933837
0.01950359
0.01948857
0.02122784
0.01934719
0.01929235
0.01947308
0.01938581
0.01938939
0.01938844
0.01940799
0.01943636
0.01958728
0.02104902
0.01993489
0.02127099
0.02002430
0.01983309
0.01949000
0.02000523
0.02008390
0.01948285
0.01959920
0.01937652
0.01951814
0.01945162
0.01950073
0.01944757
0.01946640
0.01937389
0.01961637
0.02017212
0.01932693
0.01931405
0.01937199
0.01936817
0.01938725
0.01942968
0.01927090
0.01927567
0.01941562
0.01935792
0.01945853
0.01934457
0.01934767
0.01935554
0.01986313
0.02113366
0.01976728
0.01946259
0.01967669
0.01945090
0.01950312
0.01945925
0.02049637
0.01986909
0.01940084
0.01942611
0.01940131
0.01933551
0.01953745
0.01965427
0.01941442
0.01937127
0.01936221
0.01947522
0.02040887
0.01946187
0.01948214
0.01956320
0.01956463
0.01949382
0.01947784
0.02109337
0.01978254
0.01935244
0.02069259
0.01945710
0.01929283
0.01956105
0.01949334
0.01938891
0.01958156
0.02055049
0.01989341
0.01951003
0.01948619
0.01949310
0.01949668
0.01952338
0.01955462
0.01951623
0.01932621
0.01947665
0.01969528
0.01952577
0.02084374
0.01967835
0.01990390
0.01966691
0.01955938
0.01948118
0.01937366
0.01971316
0.01965213
0.01944590
0.01941490
0.01931524
0.01971722
0.01955509
0.01951671
0.01963806
0.01941013
0.01947403
0.01941562
0.01941705
0.02144432
0.01943731
0.02046132
0.01972508
0.01993227
0.02291369
0.01965070
0.01945281
0.01965833
0.01956058
0.01965761
0.01965213
0.01986861
0.01989245
0.02111506
0.01963282
0.01962113
0.01959991
0.01954675
0.02039623
0.01964211
0.02005029
0.01965761
0.02119613
0.01967096
0.01962805
0.01944637
0.02024126
0.01966453
0.01956868
0.01999283
0.02270079
0.01979518
0.01976347
0.01958442
0.01968551
0.01953554
0.01957059
0.01966476
0.01949644
0.01946664
0.02117801
0.02148104
0.02286601
0.02247715
0.01974893
0.01955724
0.01951146
0.01990080
0.02295160
0.02314258
0.02295184
0.02288079
0.02173162
0.01950860
0.01944828
0.01956916
0.01962543
0.01975369
0.02003193
0.01953530
0.01939654
0.01943803
0.01946235
0.01950312
0.01949239
0.01944423
0.01954103
0.01960421
0.01958561
0.01944923
0.01932859
0.01936936
0.01955009
0.01950741
0.01949644
0.02001619
0.02304435
0.01951313
0.01980400
0.01945281
0.02000356
0.02135444
0.01964831
0.02279830
0.02298117
0.02250361
0.01941419
0.01954937
0.01961255
0.01946807
0.01941013
0.01944876
0.01976967
0.01964450
0.01959753
0.01956892
0.01962018
0.01961184
0.01957321
0.01952982
0.01938891
0.01993299
0.02075386
0.01941466
0.01945424
0.01945853
0.02131772
0.01974392
0.02103591
0.02110839
0.01967382
0.01940322
0.01958513
0.01939559
0.02000976
0.01956296
0.01969266
0.01964617
0.01970840
0.01982355
0.01988149
0.01954222
0.01974583
0.01973772
0.02058125
0.01940012
0.01951027
0.01953602
0.02058697
0.02004886
0.01984763
0.01977563
0.01961279
0.01999426
0.01978874
0.01967001
0.01951504
0.01951098
0.01963973
0.01952076
0.01960158
0.01946402
0.01941228
0.01974487
0.01960230
0.01956725
0.01967168
0.02079558
0.01985168
0.01961303
0.01949978
0.01972914
0.01965642
0.01971102
0.01964307
0.01941180
0.01950669
0.01985693
0.02008796
0.01940823
0.01951146
0.01937246
0.01951957
0.01948714
0.01958489
0.01936245
0.01944137
0.01951313
0.01948166
0.01951480
0.01943898
0.01949310
0.01984262
0.01974583
0.01978707
0.01985049
0.01961136
0.02012801
0.02161884
0.01975012
0.01983213
0.01994419
0.01966214
0.01954961
0.01977968
0.02091312
0.02003551
0.02258682
0.01987004
0.01955080
0.02156472
0.02182817
0.02183223
0.02176738
0.02115917
0.02188063
0.02178359
0.02152228
0.02040935
0.02197313
0.01980615
0.01981115
0.01995754
0.01961064
0.01961780
0.01949430
0.01943922
0.01963186
0.01957059
0.01946974
0.02002382
0.01971889
0.01982999
0.01985836
0.01962852
0.01950645
0.01978374
0.01957989
0.01959276
0.01946640
0.01948786
0.01977229
0.01962399
0.01949978
0.01954103
0.01947951
0.01960325
0.01948380
0.01949406
0.01955724
0.01997304
0.02092290
0.02262878
0.02032852
0.02057838
0.02002764
0.01948690
0.01993418
0.01967001
0.01977015
0.01952934
0.01955819
0.01993799
0.01962590
0.01958609
0.01981425
0.02101517
0.02098322
0.02107811
0.02081037
0.02080202
0.02097988
0.02108121
0.02113223
0.02095175
0.02093959
0.02087402
0.02083945
0.02098298
0.02116632
0.02039504
0.01955867
0.02008486
0.02006459
0.02190948
0.01966333
0.01966691
0.01950860
0.01943684
0.02024603
0.01967931
0.01972103
0.01958752
0.01956201
0.01950121
0.01981497
0.01950264
0.01944041
0.01939845
0.01974869
0.02051401
0.01946950
0.01996374
0.02293420
0.02256274
0.01949477
0.01940417
0.01944375
0.01970768
0.01936126
0.01944709
0.01956987
0.01981568
0.01964116
0.01948261
0.01938605
0.01973391
0.01953816
0.01951361
0.01943564
0.01952696
0.01943827
0.01964235
0.02108955
0.02088833
0.02081275
0.02091169
0.02093744
0.02072072
0.02117491
0.01960230
0.02030110
0.01938963
0.01979804
0.01958275
0.01952362
0.01942873
0.01951003
0.01972318
0.01962829
0.01932859
0.01944137
0.01941609
0.01947594
0.01950645
0.01954460
0.01942015
0.01939702
0.01939964
0.01987028
0.01982474
0.01973152
0.01943040
0.01939321
0.01952004
0.01947975
0.01937699
0.01945686
0.01942587
0.01959229
0.01951408
0.01952076
0.01935220
0.01946759
0.01996160
0.01958513
0.01948833
0.01949358
0.01943064
0.02022552
0.02039862
0.01950431
0.01951742
0.01943493
0.01962352
0.01957107
0.01956105
0.01943946
0.01999640
0.02029371
0.01956820
0.01945305
0.01946425
0.01958537
0.01966429
0.01954198
0.01956463
0.01940942
0.01993895
0.02259350
0.01947665
0.01948833
0.01952744
0.01976681
0.02018762
0.02118874
0.01967835
0.01997828
0.01952600
0.01948500
0.01958418
0.01959825
0.01986623
0.01958895
0.01947880
0.01945949
0.01948166
0.01955891
0.01944280
0.01946473
0.02050710
0.01982832
0.01962399
0.01955152
0.01991487
0.01967430
0.01948619
0.01967597
0.01973963
0.01946282
0.02009010
0.01995134
0.01946592
0.01952577
0.01961923
0.01945257
0.01952505
0.01954126
0.01989198
0.02258086
0.02256179
0.02234340
0.02252173
0.02238274
0.02233958
0.02240038
0.02241731
0.02262378
0.02244473
0.02256870
0.02245617
0.02232289
0.02220750
0.02302623
0.02254915
0.02253795
0.02212429
0.01951432
0.01962256
0.01962185
0.01945233
0.01944685
0.01939607
0.01969028
0.01965761
0.01944208
0.01944709
0.01954126
0.01994848
0.02028179
0.01988959
0.02012587
0.02041554
0.02063179
0.01994371
0.01996684
0.02186632
0.02149892
0.02140784
0.02152896
0.02187347
0.02134991
0.02146387
0.02121854
0.02110076
0.02108121
0.02105236
0.02102184
0.02115178
0.02109671
0.02107024
0.02098393
0.02105379
0.02103376
0.02100873
0.02090287
0.02095389
0.02101016
0.02084064
0.02096009
0.02096367
0.02084517
0.02088928
0.02097940
0.02115464
0.02094030
0.02133012
0.02096891
0.02099729
0.02077436
0.01942396
0.01946521
0.01938820
0.01943326
0.01950932
0.01946044
0.01938510
0.01936460
0.01989031
0.02300858
0.02274537
0.02127886
0.01983690
0.01979089
0.02002931
0.01976895
0.01987290
0.01955748
0.02002406
0.01983213
0.01969981
0.01973438
0.02004623
0.01979160
0.01964927
0.01973438
0.02035928
0.01991367
0.01962471
0.01959753
0.02006435
0.01968622
0.01956391
0.01948667
0.01937723
0.01978469
0.01967764
0.01962972
0.01949596
0.01934910
0.01962805
0.01947713
0.01950073
0.02035761
0.01949573
0.01979232
0.01956749
0.01966929
0.01957917
0.01935792
0.01949501
0.01942182
0.01951408
0.01949310
0.01964259
0.01969671
0.01969242
0.01953769
0.01961541
0.01972246
0.01971626
0.01951551
0.01971865
0.01947737
0.01998758
0.01973939
0.02001524
0.01952410
0.01942658
0.01976204
0.01954341
0.01956916
0.01952744
0.01948524
0.01966238
0.01945353
0.01957226
0.01954007
