0.00146437
0.01647830
0.01669407
0.01666379
0.01638174
0.01637363
0.01653337
0.01648903
0.01636839
0.01641035
0.01633215
0.01643133
0.01627016
0.01612163
0.01615524
0.01623011
0.01619554
0.01626658
0.01610041
0.01613498
0.01615953
0.01610684
0.01610565
0.01621485
0.01615953
0.01611376
0.01609063
0.01626182
0.01621056
0.01616073
0.01609945
0.01611471
0.01612353
0.01617098
0.01619267
0.01610613
0.01610970
0.01635122
0.01649785
0.01660466
0.01646876
0.01653361
0.01622462
0.01615167
0.01615167
0.01618528
0.01626325
0.01616144
0.01628113
0.01632214
0.01637816
0.01634383
0.01626039
0.01630950
0.01630211
0.01634383
0.01632833
0.01617742
0.01629114
0.01620722
0.01620436
0.01625991
0.01640940
0.01620698
0.01639748
0.01617551
0.01677275
0.01641369
0.01617336
0.01613903
0.01618409
0.01622248
0.01614618
0.01610661
0.01614928
0.01612115
0.01613617
0.01622272
0.01626062
0.01616907
0.01617360
0.01620412
0.01631761
0.01614857
0.01618075
0.01611209
0.01643753
0.01618290
0.01616549
0.01608324
0.01614094
0.01616430
0.01609802
0.01612115
0.01613736
0.01610208
0.01646042
0.01646876
0.01634216
0.01649976
0.01642179
0.01620102
0.01615524
0.01614928
0.01625299
0.01646090
0.01628447
0.01620102
0.01669812
0.01661992
0.01646161
0.01632786
0.01633668
0.01626635
0.01628041
0.01620483
0.01616955
0.01616669
0.01616812
0.01617384
0.01618123
0.01617408
0.01611090
0.01615500
0.01616907
0.01621532
0.01612115
0.01610565
0.01618695
0.01625013
0.01616597
0.01617146
0.01643133
0.01616812
0.01613426
0.01614642
0.01610732
0.01613021
0.01613736
0.01614165
0.01612949
0.01611471
0.01609540
0.01626778
0.01630139
0.01664233
0.01657867
0.01666641
0.01648188
0.01650810
0.01653028
0.01649475
0.01650071
0.01642251
0.01645541
0.01640916
0.01642394
0.01629877
0.01613379
0.01613092
0.01620340
0.01620650
0.01617765
0.01614380
0.01614857
0.01624465
0.01632333
0.01628280
0.01612949
0.01611185
0.01617122
0.01658654
0.01678538
0.01666451
0.01653814
0.01633334
0.01620340
0.01616907
0.01626515
0.01636505
0.01634192
0.01642466
0.01630044
0.01618695
0.01615143
0.01621485
0.01620293
0.01631403
0.01623297
0.01628041
0.01623201
0.01617217
0.01621699
0.01618409
0.01618505
0.01614308
0.01610899
0.01618791
0.01616621
0.01621795
0.01624012
0.01623917
0.01628208
0.01628184
0.01630521
0.01669145
0.01648688
0.01619458
0.01611876
0.01744199
0.01692677
0.01677752
0.01692843
0.01696086
0.01680565
0.01687288
0.01637220
0.01616883
0.01617575
0.01619887
0.01622915
0.01629591
0.01615691
0.01618266
0.01614904
0.01636052
0.01633358
0.01625633
0.01622510
0.01635551
0.01624990
0.01636100
0.01656389
0.01634502
0.01623297
0.01626325
0.01627111
0.01617861
0.01636815
0.01742697
0.01654816
0.01617718
0.01617551
0.01616549
0.01614738
0.01620531
0.01617479
0.01615882
0.01614904
0.01612902
0.01613379
0.01621246
0.01618218
0.01615477
0.01611233
0.01668286
0.01683497
0.01640654
0.01628280
0.01617408
0.01616216
0.01627183
0.01632738
0.01625228
0.01650763
0.01650715
0.01628184
0.01621795
0.01615262
0.01645994
0.01644731
0.01639915
0.01627564
0.01614356
0.01640987
0.01628590
0.01627254
0.01627088
0.01618314
0.01616335
0.01613975
0.01614594
0.01617932
0.01621437
0.01617837
0.01630116
0.01625013
0.01619434
0.01646709
0.01640582
0.01658344
0.01650667
0.01629400
0.01663804
0.01678324
0.01631975
0.01641488
0.01641536
0.01621890
0.01618075
0.01617813
0.01631689
0.01637959
0.01637506
0.01744318
0.01726699
0.01718688
0.01822376
0.01719332
0.01859832
0.02052355
0.01931190
0.01818204
0.01954174
0.02051425
0.02115226
0.01925254
0.02028346
0.02026796
0.01955962
0.01938772
0.02004385
0.02031565
0.01959801
0.01956081
0.02083969
0.02065754
0.01950216
0.01917863
0.01921391
0.01924872
0.01930165
0.01934361
0.01921105
0.01919627
0.01934171
0.01946378
0.01949620
0.01931715
0.01925611
0.01957440
0.01938415
0.01942658
0.01935959
0.01944065
0.01958060
0.01949596
0.01940918
0.01963592
0.02097631
0.01937008
0.01923180
0.01981497
0.02232409
0.01941180
0.01979470
0.02287197
0.02264905
0.01948690
0.01922202
0.01943374
0.01953053
0.01927423
0.01924109
0.01925778
0.01925826
0.01932788
0.01925349
0.01928306
0.01928806
0.01960588
0.01929975
0.01935077
0.01938176
0.01950479
0.01932216
0.01933765
0.01969767
0.02173400
0.02146220
0.02126980
0.02023244
0.02171540
0.02168441
0.02187610
0.02125406
0.02105165
0.01999617
0.02089953
0.02119756
0.01961565
0.01943660
0.01936197
0.01941466
0.01943541
0.01956129
0.01946211
0.01925802
0.01924515
0.01921678
0.01946139
0.01950216
0.01932502
0.01925468
0.01922560
0.01926970
0.01934075
0.01927781
0.01921797
0.01920271
0.01929951
0.01925659
0.01927757
0.01936269
0.01939654
0.01953554
0.01942229
0.01968956
0.02163959
0.01933050
0.01939154
0.01920342
0.01932240
0.02003288
0.01942587
0.01933718
0.01924109
0.01927400
0.01942945
0.01949239
0.01942015
0.01959610
0.02068734
0.01933551
0.01924682
0.01922750
0.01923728
0.01949334
0.01935840
0.01970196
0.02089024
0.02088308
0.02073216
0.02077365
0.02096510
0.02094960
0.01923013
0.01637769
0.01640415
0.01625156
0.01718783
0.01615858
0.01613688
0.01615596
0.01612449
0.01609755
0.01620865
0.01648474
0.01673698
0.01668715
0.01634645
0.01628017
0.01626730
0.01619411
0.01617551
0.01623392
0.01621532
0.01624727
0.01626372
0.01687765
0.01657224
0.01622057
0.01615262
0.01618171
0.01618385
0.01617599
0.01614547
0.01619148
0.01614404
0.01617670
0.01620150
0.01620150
0.01642895
0.01653099
0.01616001
0.01614690
0.01611972
0.01615620
0.01621103
0.01646042
0.01640773
0.01628327
0.01615787
0.01616383
0.01616359
0.01619792
0.01621985
0.01662564
0.01645589
0.01643348
0.01663089
0.01735926
0.01671529
0.01661348
0.01652646
0.01643515
0.01637626
0.01637387
0.01648116
0.01652980
0.01647782
0.01643777
0.01644635
0.01638818
0.01656985
0.01676583
0.01677132
0.01653695
0.01656580
0.01646280
0.01659369
0.01662278
0.01648521
0.01644635
0.01643205
0.01650023
0.01651073
0.01647878
0.01647568
0.01643825
0.01646399
0.01649928
0.01622176
0.01607800
0.01611996
0.01611185
0.01613235
0.01610804
0.01616263
0.01619339
0.01613331
0.01613522
0.01610208
0.01605725
0.01607060
0.01610684
0.01612401
0.01626730
0.01649809
0.01638269
0.01655173
0.01639271
0.01637793
0.01620412
0.01661706
0.01630425
0.01629925
0.01614833
0.01620102
0.01620841
0.01636624
0.01635718
0.01639342
0.01629090
0.01624990
0.01628780
0.01614594
0.01669407
0.01655340
0.01621890
0.01628661
0.01615667
0.01613808
0.01671410
0.01624012
0.01615500
0.01621270
0.01618743
0.01616931
0.01666117
0.01662135
0.01645064
0.01616168
0.01613402
0.01614332
0.01620030
0.01605821
0.01620507
0.01659012
0.01651883
0.01637053
0.01614857
0.01639843
0.01662517
0.01631165
0.01616096
0.01611590
0.01616383
0.01616073
0.01613069
0.01694083
0.01635742
0.01630330
0.01622295
0.01626420
0.01625824
0.01616263
0.01625872
0.01627874
0.01638055
0.01619649
0.01616669
0.01614761
0.01617217
0.01625657
0.01620984
0.01619172
0.01615357
0.01617813
0.01626754
0.01633072
0.01624513
0.01622200
0.01615453
0.01625276
0.01635909
0.01626396
0.01624060
0.01621103
0.01617241
0.01661229
0.01649165
0.01612496
0.01609755
0.01610208
0.01610518
0.01620841
0.01663375
0.01649046
0.01622558
0.01654577
0.01654625
0.01632333
0.01623082
0.01628637
0.01671863
0.01658583
0.01621032
0.01626682
0.01623416
0.01645112
0.01646948
0.01665187
0.01645708
0.01617122
0.01711106
0.01677489
0.01626968
0.01627874
0.01632094
0.01617694
0.01613069
0.01614308
0.01618433
0.01624370
0.01644993
0.01639295
0.01629019
0.01631784
0.01619506
0.01616883
0.01625037
0.01623607
0.01626468
0.01627374
0.01610136
0.01627445
0.01633263
0.01626778
0.01636648
0.01643085
0.01694989
0.01670289
0.01619244
0.01617885
0.01660395
0.01652789
0.01611805
0.01611376
0.01611352
0.01609325
0.01620650
0.01615882
0.01617074
0.01662850
0.01686907
0.01627874
0.01627517
0.01644945
0.01637220
0.01629496
0.01629686
0.01726985
0.01720476
0.01615882
0.01721668
0.01720047
0.01723170
0.01714301
0.01844001
0.01835489
0.01768994
0.01785088
0.01832080
0.01747870
0.01983833
0.02052045
0.03598952
0.03707218
0.03947949
0.03882623
0.03705096
0.03705430
0.03661966
0.03699970
0.03731441
0.03896046
0.03703094
0.03701782
0.03899503
0.03707218
0.03676510
0.03907871
0.03287077
0.01971221
0.01949954
0.01987457
0.02034712
0.01934004
0.01926231
0.01934528
0.01934171
0.01931691
0.01928020
0.01923466
0.01951456
0.02057791
0.01930404
0.01971984
0.01932645
0.02078462
0.01932454
0.01928496
0.01920104
0.01923633
0.01970124
0.01936150
0.01953387
0.01948428
0.01924300
0.01928163
0.01945138
0.02007580
0.01938701
0.02066112
0.01943803
0.01960659
0.01925230
0.02071476
0.01947784
0.01952624
0.01946139
0.02009034
0.01939225
0.01934934
0.01975679
0.01959109
0.01941109
0.01951718
0.01935911
0.01949453
0.01921391
0.01946878
0.01935649
0.01951885
0.01929927
0.02054119
0.01964426
0.01933002
0.01928878
0.01990819
0.01999640
0.01934862
0.01925659
0.01930809
0.02078199
0.01936793
0.01936650
0.01923227
0.02010870
0.01981664
0.01922846
0.01928711
0.01924109
0.02075148
0.01938272
0.01934743
0.01922607
0.02019930
0.01980972
0.01960635
0.01935291
0.01928473
0.01925445
0.01994371
0.02192998
0.02197194
0.02170801
0.02213526
0.02202606
0.02128863
0.02129245
0.02169847
0.02011299
0.01963592
0.01980495
0.01972866
0.01940727
0.01935720
0.01929951
0.01922250
0.01932764
0.01945090
0.01957226
0.02102280
0.01977897
0.01946616
0.01930904
0.01923537
0.01933146
0.01942134
0.01942897
0.01924920
0.01935816
0.01964855
0.01948094
0.01937318
0.01930165
0.02072239
0.01938605
0.01934743
0.01918435
0.01929426
0.01946831
0.01938295
0.01940608
0.01929164
0.01921511
0.01930308
0.01938558
0.01929808
0.01816893
0.01726174
0.01826096
0.01723528
0.01834655
0.01836991
0.01844215
0.01844668
0.01847601
0.01884699
0.01618576
0.01729083
0.01614499
0.01613283
0.01615429
0.01651454
0.01635242
0.01671529
0.01634598
0.01617646
0.01618409
0.01617980
0.01623845
0.01617908
0.01621294
0.01619601
0.01615167
0.01626134
0.01637650
0.01631999
0.01614594
0.01614094
0.01622438
0.01629782
0.01613021
0.01608443
0.01613212
0.01609588
0.01613045
0.01612091
0.01615405
0.01613832
0.01616812
0.01623964
0.01614857
0.01616430
0.01626015
0.01680565
0.01643634
0.01664495
0.01667166
0.01648283
0.01653886
0.01686788
0.01694989
0.01717710
0.01727891
0.01723146
0.01711655
0.01688719
0.01646686
0.01651430
0.01668262
0.01652646
0.01646495
0.01642466
0.01711440
0.01671696
0.01655936
0.01619530
0.01627827
0.01615906
0.01623559
0.01634789
0.01621866
0.01617408
0.01616240
0.01624632
0.01625252
0.01622701
0.01630926
0.01624036
0.01624298
0.01637053
0.01623392
0.01620293
0.01622653
0.01621222
0.01628423
0.01731467
0.01930475
0.01946306
0.01969647
0.01949263
0.01931882
0.02006102
0.02006412
0.01950383
0.02090096
0.02078915
0.02078509
0.02070928
0.02067804
0.02078962
0.02069283
0.02080560
0.02106881
0.02100992
0.02104783
0.02122211
0.02127385
0.02105021
0.02134776
0.02110076
0.02101731
0.02111769
0.02122450
0.02098680
0.02121830
0.02127695
0.02108669
0.02141762
0.02093744
0.02290082
0.02020860
0.02015519
0.01931310
0.01969171
0.02302957
0.02256370
0.01938057
0.01940107
0.01940060
0.01940680
0.01935554
0.01982403
0.02252340
0.02276659
0.02280927
