0.00283122
0.02054429
0.02218843
0.02113008
0.02121544
0.02072430
0.02060628
0.02053666
0.02054262
0.02087188
0.02118611
0.02050471
0.02102399
0.02087593
0.02080894
0.02065325
0.02063107
0.02037215
0.02083468
0.02062130
0.02026892
0.02078915
0.02061224
0.02049994
0.02073765
0.02064443
0.02042985
0.02237558
0.02037263
0.01905322
0.01759863
0.01660991
0.01635408
0.01639056
0.01640248
0.01666808
0.01649618
0.01661181
0.01657414
0.01643753
0.01639819
0.01640940
0.01986027
0.02070522
0.02332664
0.02130222
0.02148795
0.01659894
0.01659417
0.01644826
0.01641440
0.01632762
0.01631856
0.01676559
0.01630998
0.01633906
0.01632357
0.01634669
0.01641941
0.01636815
0.01645613
0.01640368
0.01641703
0.01646090
0.01646900
0.01635790
0.01640940
0.01622987
0.01635265
0.01642299
0.01657915
0.01638794
0.01638603
0.01638150
0.01653218
0.01649809
0.01643252
0.01646852
0.01647973
0.01648474
0.01680470
0.01666188
0.01638389
0.01668119
0.01702452
0.01671052
0.01644564
0.01672459
0.01672196
0.01650405
0.01640987
0.01647043
0.01652312
0.01637840
0.01643133
0.01645112
0.01648116
0.01653004
0.01642179
0.01638365
0.01638007
0.01640916
0.01648808
0.01662159
0.01655316
0.01641941
0.01649928
0.01648259
0.01644921
0.01620984
0.01617432
0.01618433
0.01624227
0.01626062
0.01641154
0.01681972
0.01670790
0.01665735
0.01643085
0.01641583
0.01641870
0.01628566
0.01638913
0.01627469
0.01646090
0.01644111
0.01655221
0.01634955
0.01636124
0.01632524
0.01625824
0.01637006
0.01641631
0.01616383
0.01616430
0.01626039
0.01634693
0.01638007
0.01645947
0.01618886
0.01629376
0.01622844
0.01641536
0.01643729
0.01639247
0.01625037
0.01626134
0.01683140
0.01657605
0.01651669
0.01651120
0.01780581
0.01955152
0.02120161
0.02090645
0.02084923
0.02124667
0.02118969
0.02144456
0.02150869
0.02093005
0.02140164
0.02212405
0.02117157
0.02109218
0.02069497
0.02081132
0.02081728
0.02082205
0.02117729
0.02047634
0.02096796
0.02088451
0.02105236
0.02135515
