0.00154972
0.01638293
0.01650095
0.01659369
0.01688457
0.01655006
0.01639557
0.01639628
0.01650500
0.01646328
0.01638007
0.01639986
0.01635790
0.01646113
0.01632380
0.01634407
0.01633477
0.01650643
0.01647592
0.01651144
0.01640177
0.01656532
0.01658559
0.01650238
0.01650977
0.01639581
0.01643515
0.01644778
0.01643443
0.01637411
0.01643205
0.01647258
0.01641679
0.01643181
0.01645947
0.01663899
0.01648545
0.01642203
0.01644278
0.01644111
0.01648045
0.01646543
0.02633977
0.02641487
0.02613640
0.02605939
0.02628827
0.02610731
0.02400446
0.02326846
0.01635504
0.01639986
0.01633430
0.01635170
0.01654553
0.01643348
0.01679707
0.01646113
0.01653051
0.01624894
0.01624608
0.01636171
0.01639104
0.01630998
0.01614189
0.01613450
0.01613355
0.01621985
0.01642466
0.01630592
0.01627541
0.01629925
0.01638961
0.01624775
0.01638293
0.01647305
0.01664639
0.01639485
0.01630306
0.01628590
0.01624894
0.01626992
0.01629066
0.01623273
0.01632071
0.01657963
0.01622963
0.01664829
0.01640487
0.01635909
0.01647139
0.01643920
0.01627040
0.01630616
0.01633024
0.01641297
0.01637506
0.01638627
0.01625991
0.01624417
0.01625562
0.01630855
0.01623440
0.01619959
0.01617360
0.01607108
0.01616693
0.01624346
0.01632047
0.01652694
0.01621270
0.01614022
0.01617289
0.01626182
0.01632023
0.01628947
0.01630330
0.01629305
0.01635695
0.01634407
0.01630950
0.01630735
0.01623678
0.01616788
0.01622891
0.01617670
0.01659727
0.01644087
0.01633716
0.01629734
0.01630998
0.01628041
0.01627326
0.01633143
0.01641631
0.01634526
0.01686430
0.01690316
0.01675558
0.01669002
0.01681471
0.01684189
0.01620340
0.01867843
0.02460361
0.02346420
0.02522683
0.02348208
0.02334499
0.02102113
0.01624227
0.02329922
0.01618910
0.01616335
0.01618814
0.01622152
0.01624012
0.01618052
0.01621747
0.01619554
0.01622701
0.01617599
0.01623058
0.01869082
0.02102351
0.01892161
0.01650834
0.01677203
0.01673532
0.01647162
0.01631069
0.01633239
0.01670671
0.02628851
0.03027415
0.02387881
0.02378178
0.02481794
0.02432251
0.02379322
0.01639152
0.01635528
0.01641393
0.01642108
0.01620269
0.01627827
0.01618958
0.01632380
0.01613426
0.01622272
0.01615334
0.01630807
0.01634383
0.01634359
0.01649261
0.01647758
0.01634264
0.01635456
0.01625371
0.01626492
0.01650214
0.01633859
0.01638818
0.01631451
0.01636410
0.01631737
0.01640868
0.01634407
0.01676035
0.01632357
0.01631856
0.01627302
0.01629233
0.01633096
0.01629972
0.01632500
0.01629591
0.01635051
0.01639318
0.01642394
0.01638198
0.01681304
0.01675367
0.01656461
0.01643634
0.01647973
0.01658416
0.01662517
0.01668024
0.01663423
0.01695251
0.01658154
0.01654816
0.01672864
0.01644707
0.01642776
0.01641011
0.01652813
0.01660585
0.01660991
0.01689696
0.01658201
0.01646876
0.01648164
0.01669359
0.01675510
0.02714610
0.02679515
0.02700901
0.02796888
0.02717543
0.02732205
0.02692914
0.02635550
0.02645516
0.01666641
0.01664853
0.01655650
0.01647568
0.01654053
0.01665425
0.01643014
0.01644945
0.01697826
0.01658440
0.01649308
0.01656842
0.01645374
0.01649475
0.01654506
0.01701260
0.01654792
0.01659083
0.01676369
0.01661325
0.01655316
0.01654744
0.01666546
0.01648855
0.01664996
0.01680398
0.01663828
0.01665688
0.01681876
0.01646829
0.01652050
0.01656103
0.01653552
0.01651502
0.01649189
0.01651597
0.01651788
0.01663876
0.01670289
0.01652670
0.01657581
0.01646924
0.01645970
0.01647353
0.01650023
0.01660562
0.01656246
0.01661730
0.01666594
0.01675105
0.01652145
0.01643348
0.01643825
0.01655960
0.01664615
0.01653433
0.01657057
0.01641464
0.01641345
0.01655459
0.01652765
0.01657796
0.01654005
0.01740956
0.01651859
0.01642966
0.01642084
0.01650929
0.01642680
0.01639605
0.01661491
0.01667452
0.01644635
0.01651502
0.01662469
0.01648831
0.01648545
0.01641393
0.01654673
0.01636553
0.01643896
0.01656055
0.01655245
0.01660991
0.01667070
0.01679015
0.01653576
0.01648307
0.01665092
0.01649737
0.01671457
0.01661634
0.01641345
0.01643753
0.01656675
0.01697254
0.01672602
0.01657152
0.01647186
0.01653719
0.01678872
0.01675725
0.01656651
0.01656771
0.01653743
0.01648259
0.01642108
0.01645780
0.01645637
0.01641512
0.01640534
0.01643276
0.01657701
0.01654792
0.01676559
0.01652360
0.01645470
0.01641965
0.01645780
0.01648068
0.01661563
