0.00165629
0.02125883
0.02157092
0.02101541
0.02084303
0.02096224
0.02094960
0.02105522
0.02097344
0.02104211
0.02106738
0.02090311
0.02100301
0.02097821
0.02092481
0.02087569
0.02094436
0.02087855
0.02105904
0.02128863
0.02111936
0.02094603
0.02108002
0.02106714
0.02092457
0.02094603
0.02108455
0.02103972
0.02095628
0.02128220
0.02098989
0.02086711
0.02087641
0.02000737
0.01959515
0.01957130
0.01963615
0.01966476
0.01976991
0.01991773
0.01965666
0.02077770
0.02041078
0.01995277
0.01970315
0.02043772
0.02150989
0.01970196
0.01962328
0.02001476
0.02103877
0.01976371
0.01962614
0.01961756
0.01967764
0.01984811
0.02100420
0.01966572
0.01973677
0.01986480
0.01984811
0.01976752
0.01987720
0.01980972
0.01976585
0.01965380
0.01966476
0.01963305
0.02006388
0.01961184
0.01964331
0.01947498
0.01952624
0.01971555
0.01959825
0.01966429
0.01961803
0.01963735
0.02029729
0.02423882
0.02291274
0.01968694
0.01961994
0.01949906
0.01945210
0.01989675
0.01952052
0.01953363
0.01954770
0.01949286
0.01968670
0.01967525
0.01959586
0.01953053
0.01956367
0.01967049
0.01959872
0.01963711
0.01962209
0.01960707
0.01961875
0.01968718
0.01990795
0.02007961
0.01955891
0.01969910
0.01975250
0.01991940
0.02033734
0.02056766
0.01986885
0.02016139
0.01965666
0.01974487
0.01971412
0.01992345
0.01968789
0.02011728
0.01977921
0.01969719
0.01963210
0.01977348
0.01958108
0.01989317
0.01963592
0.02005172
0.01973891
0.01996136
0.01990032
0.01972508
0.01968884
0.02005076
0.02320194
0.01983786
0.01966095
0.02005219
0.01983857
0.01962256
0.01956654
0.01966000
0.01967692
0.01969433
0.01953888
0.01967216
0.01977444
0.02004528
0.01981497
0.01969814
0.01961422
0.01977730
0.01965809
0.01970077
0.01962948
0.01960707
0.01983380
0.01975203
0.01988292
0.01984787
0.01984072
0.01981974
0.01982570
0.01963997
0.02008605
0.02045417
0.01981235
0.01976347
0.01983309
0.01967239
0.01974821
0.01966310
0.01967263
0.01956797
0.01956463
0.01968813
0.01973295
0.01960063
0.01988554
0.01974058
0.01970768
0.01971102
0.01960588
0.01961470
0.01994896
0.01957107
0.01972198
0.01959705
0.01964545
0.01987267
0.01972866
0.01974654
0.02008271
0.02206945
0.02165270
0.02147770
0.02128386
0.02134705
0.02124143
0.02151370
0.02120876
0.02125049
0.02122021
0.02131867
0.02112699
0.02121139
0.02139235
0.02159977
0.02131152
0.02160883
0.02139425
0.02118731
0.02136874
0.02130365
0.02136302
0.02149415
0.02151108
0.02115703
0.02135229
0.02132392
0.02115655
0.02126455
0.02152658
0.02145028
0.02134204
0.02130103
0.02134848
0.02130723
0.02132702
0.01971531
0.01966047
0.01962972
0.01991487
0.02012753
0.02067852
0.01958346
0.01962900
0.01975369
0.01974893
0.01966596
0.01965046
0.01975870
0.02022219
0.02013731
0.02267146
0.02027369
0.01980352
0.01968360
0.01981282
0.01987028
0.01977682
0.01977158
0.01972723
0.01960492
0.01972699
0.01995969
0.02009702
0.01975489
0.01978469
0.02014256
0.01978850
0.01962018
0.01969767
0.01970458
0.01972556
0.01977706
0.01979828
0.02027321
0.02176261
0.02014828
0.01983595
0.01974511
0.01977944
0.02207017
0.01996756
0.01957703
0.01984096
0.01964092
0.01951957
0.01960373
0.01960611
0.01980853
0.01967812
0.01968384
0.02006197
0.02243829
0.02200532
0.02190065
0.02221918
0.02189636
0.02203226
0.02244592
0.02958274
0.02058101
0.02032018
0.02154613
0.02031541
0.01980400
0.01956964
0.01997733
0.02041721
0.01971483
0.01997876
0.02305555
0.01983213
0.01981068
0.01991057
0.01984596
0.01978588
0.01995873
0.01967359
0.01965880
0.01975632
0.01979113
0.01981521
0.01963615
0.01955247
0.01971102
0.01994658
0.02041960
0.01970673
0.01990366
0.01991510
0.01999617
0.01969862
0.01963782
0.01966143
0.01969337
0.01958585
0.01953149
0.01955032
0.01997828
0.01984525
0.01969361
0.02095175
0.01970816
0.01969123
0.01983762
0.01962519
0.01955438
0.01979256
0.01969409
0.02014017
0.02045178
0.01960588
0.02031922
0.02086544
0.01973820
0.01959562
0.01981139
0.02298594
0.01954985
0.01957512
0.01969695
0.01991272
0.01975822
0.01961827
0.02120733
0.02030468
0.02108121
0.01955223
0.01959729
0.01974893
0.01963258
0.01956844
0.01956892
0.01960611
0.01965165
0.01979613
0.01950741
0.02028823
0.01999617
0.01986241
0.01966906
0.01965237
0.01954961
0.02019286
0.02070022
0.01960492
0.01963449
0.01972747
0.01971292
0.01976347
0.01958370
0.01992893
0.02056479
0.01970482
0.01963329
0.01970315
0.01968503
0.01978135
0.01999426
0.02307701
0.02085948
0.01981139
0.01963902
0.01961660
0.01989222
0.02005363
0.01967311
0.01977563
0.01979995
0.02072644
0.02019310
0.02195978
0.01969934
0.01976180
0.01983786
0.01991129
0.01981831
0.01986027
0.01967788
0.01980424
0.02017570
0.01996827
0.01973081
0.01980686
0.01978135
0.01963854
0.01996732
0.01976800
0.01966572
0.01978993
0.01957703
0.01968622
0.01967478
0.01965022
0.01971650
0.02067137
0.02031112
0.01982045
0.01962996
0.01960206
0.01981688
0.01997232
0.01975870
0.01965785
0.01963592
0.01996398
0.02113414
0.01959801
0.01966572
0.01975560
0.02034831
0.02094698
0.02046418
0.02023363
0.02163529
0.02099419
0.02043605
0.02153587
0.02091765
0.02037382
0.02083111
0.02129841
0.02019215
0.01987863
0.01984215
0.02004957
0.01970816
0.01960540
0.01955843
0.02019405
0.02212501
0.01989746
0.02023482
0.02200150
0.02127409
0.02125835
0.02116442
0.02111197
0.02106404
0.02114725
0.02106047
0.02102852
0.02113032
0.02113438
0.02108121
0.02109408
0.02114892
0.02117634
0.02111316
0.02118182
0.02110982
0.02112889
0.02117252
0.02120924
0.02113795
0.02109051
0.02121353
0.02111125
0.02108121
0.02114654
0.02126908
0.02130342
0.02170992
0.02155852
0.02130675
0.02090335
0.01996970
0.01994848
0.02092791
0.02222466
0.02014494
0.01996493
0.01991010
0.02003837
0.02002907
0.02192640
0.02120519
0.02017188
0.02044773
0.02111673
0.02133441
0.01993561
0.01987171
0.01961470
0.02112985
0.01968098
0.01981068
0.01961994
0.02025819
0.01966691
0.01963162
0.01955104
0.01960182
0.02081013
0.01962948
0.01958323
0.01959133
0.01959968
0.01976085
0.01964235
0.01972890
0.01957321
0.01953077
0.01981497
0.02001810
0.01997709
0.02121568
0.02135110
0.02147245
0.02121425
0.02136517
0.02126694
0.02118349
0.02116108
0.02129436
0.02129769
0.02121806
0.02097225
0.02008486
0.01966310
0.01965809
0.01987433
0.01971722
0.01973295
0.01960874
0.01963282
0.01982284
0.01980829
0.01972055
0.01968908
0.02003098
0.01986122
0.02029085
0.02211833
0.02012038
0.02005577
0.01975179
0.01976681
0.02074599
0.01972461
0.01980925
0.01977634
0.01961064
0.01962852
0.01994514
0.01972151
0.01962638
0.01953292
0.01971626
0.01973081
0.01969171
0.01957488
0.01960897
0.01979017
0.01968670
0.01962233
0.01958919
0.01960063
0.01980948
0.01962852
0.01960540
0.01967025
0.01967525
0.01987076
0.01979613
0.01957703
0.01968718
0.01988339
0.02003980
0.02031636
0.01970816
0.01963496
0.01973224
0.01968193
0.02096820
0.01961899
0.01973319
0.01978564
0.01980424
0.01969981
0.01958823
0.01992464
0.01985788
0.01981449
0.01964140
0.01959944
0.01980042
0.01975417
0.01960802
0.01968503
0.01955175
0.01983547
0.01950240
0.02145028
0.01959658
0.01971936
0.02136302
0.01972747
0.01975799
0.02119946
0.01991391
0.01959538
0.01959515
0.02097917
0.02130389
0.02120376
0.02114320
0.02152824
0.02135944
0.02125359
0.02126956
0.02120709
0.01957083
0.01965857
0.01976609
0.01974273
0.01996660
0.02138877
0.01974201
0.01964784
0.01960611
0.01951671
0.01954079
0.02031779
0.01962543
0.01965284
0.01960921
0.01989198
0.02002788
0.01993060
0.01964974
0.01955509
0.01956415
0.01957083
0.01963592
0.01954126
0.01955080
0.01964593
0.01958346
0.01963329
0.01956487
0.01957583
0.01966834
0.02078867
0.01982880
0.01961827
0.01959491
0.01974797
0.01969862
0.02321815
0.02104211
0.01963282
0.01968598
0.02141738
0.02090836
0.02133822
0.01970744
0.02057672
0.02756286
0.02796769
0.02232981
0.02174044
0.02198410
0.02198839
0.02240443
0.02188158
0.02757835
0.02153468
0.02134347
0.02127934
0.01988459
0.02014303
0.02264309
0.01994729
0.01978564
0.02010989
0.01960301
0.01969838
0.01976109
0.01970601
0.01953936
0.02109027
0.01960135
0.01961398
0.01955962
0.01966262
0.01966429
0.01991796
0.01971817
0.02056122
0.02139187
0.02001452
0.02267981
0.01996732
0.02305555
0.02313375
0.02268314
0.01970840
0.01956296
0.01955056
0.01965213
0.01973248
0.01954532
0.01960754
0.01961756
0.02111173
0.01966214
0.02086687
0.01967907
0.02228880
0.01981425
0.02254224
0.01977968
0.01977873
0.02012610
0.01968336
0.01965666
0.01966763
0.01968288
0.01970840
0.01958704
0.01953816
0.02058935
0.01963925
0.01962137
0.01959538
0.02064109
0.01968765
0.02031064
0.01964259
0.01955247
0.02007985
0.02084494
0.01978660
0.01959133
0.01956463
0.01961327
0.01980114
0.01967096
0.01963925
0.01971912
0.01963425
0.02027583
0.01981759
0.01962852
0.01972580
0.01967549
0.01969409
0.01953650
0.01956797
0.01968098
0.01960397
0.01963043
0.01970506
0.02027559
0.02210927
0.01992178
0.01986742
0.01978183
0.01969838
0.01985312
0.01971793
0.01958108
0.01970291
0.01981497
0.01972342
0.01965094
0.01963115
0.01963592
0.01974702
0.01976490
0.01962328
0.01971602
0.01976252
0.01971245
0.01970315
0.01960254
0.01955938
0.01981902
0.02011657
0.02142072
0.02132773
0.02130938
0.02124524
0.02105069
0.01971078
0.01971221
0.01966667
0.01972342
0.01993370
0.02010083
0.01986527
0.01974893
0.02013350
0.02000165
0.01991987
0.01967382
0.01965570
0.02012563
0.01981688
0.01982975
0.02029490
0.02007508
0.01972961
0.01970100
0.01968074
0.02096224
0.01994824
0.01973224
0.02008986
0.02052712
0.02050781
0.02073383
0.01980805
0.02077675
0.02033305
0.02022147
0.01980734
0.01960492
0.01975989
0.02002430
0.01962471
0.01976776
0.01971173
0.01961613
0.01954103
0.01957369
0.01956987
0.01956940
0.01979184
0.01963067
0.01962471
0.01962161
0.01977801
0.01983786
0.01993299
0.01956177
0.01969385
0.02030325
0.01970124
0.01960754
0.01966929
0.01969624
0.01965261
0.01968455
0.01954126
0.01953697
0.01951098
0.01966763
0.01966214
0.01984572
0.01962113
0.01972365
0.01972461
0.01980829
0.01978016
0.01961207
0.02013159
0.02298331
0.02339435
0.02388835
0.02345419
0.02037191
0.01993775
0.01963568
0.01967835
0.01959085
0.01969576
0.01976895
0.01979613
0.01984549
0.01988602
0.01974988
0.01967072
0.01956916
0.01957035
0.01964331
0.01971531
0.01970339
0.01953316
0.01959205
0.01967549
0.01963639
0.01973104
0.01977301
0.01976562
0.01989579
0.01975751
0.01972032
0.01961803
0.01955891
0.01977515
0.01996875
0.01968932
0.01955771
0.01972938
0.02037811
0.02143478
0.01979685
0.01978922
0.01997113
0.01986647
0.01963687
0.01972508
0.02000332
0.01966882
0.01966429
0.01972222
0.01960278
0.01971817
0.01969123
0.01957178
0.01955247
0.01966119
