0.00152135
0.02998590
0.03181410
0.03492403
0.03612089
0.03599167
0.03490996
0.03016639
0.03024745
0.03072238
0.02745819
0.02230883
0.02539802
0.02962899
0.02911472
0.02906990
0.02901196
0.02930355
0.02915120
0.02943397
0.03084397
0.03291607
0.03108239
0.02967072
0.02987719
0.03051305
0.02996874
0.03003287
0.02977681
0.02980924
0.02984905
0.02963400
0.02976489
0.02966046
0.02936888
0.02931070
0.02524233
0.02531910
0.02092099
0.02527666
0.02958393
0.02960443
0.02924156
0.02956414
0.03086996
0.03093719
0.03130555
0.03080177
0.03099704
0.03077984
0.03066254
0.03079057
0.03409910
0.03201389
0.03390121
0.03424549
0.03035355
0.04582214
0.04713917
0.05324364
0.05130577
0.05321622
0.05129695
0.04751682
0.04784822
0.04696274
0.04764676
0.03493285
0.03068638
0.03070474
0.02916527
0.02894044
0.02924871
0.02965045
0.02928329
0.02972126
0.03601193
0.02911711
0.02945065
0.02909613
0.02916980
0.02913022
0.02921176
0.02916527
0.02905035
0.02971077
0.02997351
0.02983308
0.02957296
0.02929235
0.02925348
0.02920222
0.02947760
0.02975655
0.03110981
0.03126359
0.03066897
0.02914977
0.02927327
0.03054380
0.02920079
0.02923250
0.03013253
0.03188992
0.02906942
0.02946734
0.02899408
0.03057432
0.02940273
0.02950048
0.02975774
0.02993155
0.02920032
0.02985835
0.03387809
0.03387976
0.03368235
0.03379893
0.03387809
0.03005910
0.02890539
0.02926946
0.02938867
0.02972531
0.02965879
0.02974200
0.02971029
0.03296041
0.03777194
0.03244162
0.02944422
0.03113747
0.03104424
0.04019880
0.02993703
0.03398681
0.03380084
0.03412580
0.03384757
0.03390026
0.03404379
0.03425288
0.03421640
0.03425241
0.03376555
0.03380537
0.03399134
0.03411770
0.03366899
0.03350115
0.02944660
0.02952218
0.02965951
0.02949286
0.03409123
0.03390646
0.03417945
0.03381348
0.03384781
0.03333807
0.02954245
0.04334855
0.03416514
0.03400040
0.03391171
0.03423285
0.03399634
0.03401089
0.03365064
0.03368235
0.03369522
0.03375745
0.03392100
0.03365135
0.03368258
0.03386068
0.03409767
0.03389168
0.03381610
0.03393197
0.03395748
0.03461647
0.03393102
0.03389955
0.03387380
0.03178954
0.03500223
0.02895403
0.02924132
0.02932119
0.02917123
0.02902174
0.02894950
0.02921104
0.02992988
0.02959371
0.02946138
0.02954531
0.02961826
0.02959776
0.02950573
0.03007460
0.02973342
0.02981496
0.03002810
0.02948999
0.02948713
0.02947116
0.03615379
0.03863239
0.02971244
0.02976894
0.02991080
0.03045440
0.02903771
0.02885151
0.02887845
0.03085136
0.02899766
0.02944708
0.03008103
0.02982068
0.02975178
0.03009462
0.03055668
0.03039193
0.02906632
0.02899075
0.02917504
0.02882886
0.02985406
0.03031397
0.03283834
0.03025317
0.03000402
0.03000998
0.03017545
0.02953792
0.03270698
0.03661132
0.03705287
0.03597641
0.03575277
0.03293324
0.03319454
0.02999735
0.03124237
0.03128839
0.03094769
0.03089166
0.03233266
0.02919722
0.02994967
0.03071427
0.02978039
0.02902007
0.02962732
0.02924728
0.02981329
0.02971029
0.02977514
0.03009772
0.02973914
0.02953553
0.02954769
0.02963066
0.03175259
0.02978802
0.02980256
0.02956724
0.02963614
0.02994800
0.02951622
0.02959943
0.02958059
0.03077674
0.03379512
0.03390193
0.03436756
0.03143072
0.02945709
0.02956676
0.02952909
0.02970505
0.02997446
0.03165436
0.02888346
0.02893972
0.03045273
0.03023410
0.03039002
0.03027844
0.03037691
0.03034067
0.03043985
0.02933574
0.03099728
0.03182554
0.02986765
0.03995919
0.02916622
0.02944946
0.02906132
0.02961493
0.02959800
0.02900338
0.02968645
0.02933311
0.02930689
0.02931356
0.02952933
0.02923989
0.02917314
0.02946448
0.02949643
0.03190637
0.02913570
0.03273201
0.02947164
0.01673555
0.01661539
0.01654840
0.02965212
0.02885175
0.02972984
0.02918410
0.02928090
0.02917123
0.02904868
0.03585792
0.02893400
0.03386903
0.02961040
0.02900314
0.02923560
0.03036022
0.03021669
0.02945924
0.02895379
0.02901721
0.03188443
0.03022790
0.03042984
0.03178644
0.02942109
0.03162980
0.02964830
0.02919173
0.02913618
0.02918935
0.02926064
0.03015590
0.02988577
0.02928853
