0.00144744
0.01979232
0.02037263
0.01972198
0.02121925
0.02121353
0.02102065
0.02099514
0.01982355
0.01965117
0.01972890
0.01966071
0.01985598
0.01969433
0.02002645
0.01959157
0.01964426
0.01960468
0.01960611
0.01970100
0.01953578
0.01980257
0.01967287
0.02004027
0.02016044
0.01947212
0.01977754
0.01959777
0.01950645
0.01953983
0.01948476
0.01970935
0.01967645
0.01744771
0.01652145
0.01640797
0.01630521
0.01646399
0.01755738
0.01852059
0.01958275
0.01970243
0.02066445
0.01976156
0.01999497
0.02182817
0.02007031
0.01954150
0.01953650
0.01950455
0.01962662
0.01965165
0.01987576
0.02154541
0.02135658
0.02106214
0.02116299
0.02144051
0.02139735
0.02135777
0.02154255
0.02135968
0.02129173
0.02124906
0.02119780
0.02106667
0.02137041
0.02125454
0.02114940
0.02125263
0.02150083
0.02125239
0.02128530
0.01980305
0.02206850
0.02342606
0.02318382
0.01979661
0.02092147
0.02067661
0.01987386
0.01970959
0.01975155
0.02033901
0.02026415
0.02006650
0.01972198
0.01980448
0.02033257
0.02084994
0.02008557
0.02311707
0.01971531
0.01974297
0.02092361
0.02033615
0.01972270
0.01969504
0.02066398
0.02064323
0.02002239
0.01974916
0.02060604
0.02061582
0.01997519
0.01970506
0.02042890
0.02092767
0.01976490
0.01967955
0.02121496
0.02072644
0.01972818
0.01972961
0.01962376
0.02001619
0.01991153
0.01965094
0.01976728
0.01969194
0.01975060
0.01974463
0.01979876
0.01989245
0.02085471
0.02023196
0.01975894
0.01970959
0.01972461
0.01985979
0.01994491
0.01974058
0.01980853
0.01995707
0.01988769
0.01996636
0.01970363
0.01969099
0.01969147
0.01976109
0.01970792
0.01970053
0.01985073
0.01991844
0.01975131
0.02003837
0.02069068
0.02134609
0.02112341
0.02102995
0.02117705
0.02117682
0.02162719
0.02225041
0.02370143
0.02282262
0.02005434
0.01990199
0.01980257
0.01996255
0.01996541
0.01983333
0.01986456
0.01996565
0.02028131
0.02010083
0.01976991
0.01978135
0.01978183
0.01983976
0.01996732
0.02100754
0.02136230
0.02070642
0.01985478
0.01978970
0.02001166
0.01988602
0.01989388
0.01969481
0.01968122
0.02042842
0.02007151
0.01999855
0.01975322
0.02014351
0.01982999
0.01972008
0.01989245
0.01987004
0.02007604
0.01990485
0.01989746
0.01975489
0.01994658
0.01990223
0.02006912
0.02047682
0.02003407
0.02013421
0.02196240
0.02130556
0.02130222
0.01990080
0.01976681
0.01974201
0.01990700
0.02054358
0.02056479
0.02149153
0.01990247
0.01980495
0.01968789
0.01997948
0.01989579
0.01989627
0.01965928
0.01980877
0.01982236
0.01983023
0.01985097
0.01969624
0.01974964
0.01987743
0.01980376
0.01971912
0.01970363
0.01972294
0.01975083
0.01984763
0.01986527
0.01985359
0.02005005
0.01977587
0.01972175
0.01971602
0.01966906
0.01980162
0.01984549
0.01969504
0.01977324
0.02160525
0.01988363
0.01980972
0.01976156
0.01978874
0.01986217
0.01986074
0.01971221
0.01960278
0.02002645
0.02048635
0.01975513
0.02019811
0.01987529
0.02013803
0.02304292
0.01966476
0.01988769
0.01993346
0.01972723
0.01970577
0.01987243
0.01980591
0.01990151
0.01976109
0.02089429
0.02092171
0.02026772
0.01983476
0.02140808
