0.00162029
0.02159190
0.02155757
0.02140379
0.02168345
0.02244806
0.02270055
0.02379823
0.02139592
0.02146649
0.02154994
0.02190375
0.02116299
0.02151346
0.02186489
0.02150607
0.02162123
0.02118039
0.02118731
0.02154088
0.02098370
0.02143955
0.02183938
0.02101159
0.02184701
0.02136827
0.02090740
0.02095795
0.02104163
0.02134776
0.02280426
0.02119946
0.02151871
0.02188182
0.02132535
0.02134180
0.02153611
0.02401710
0.02250862
0.02145600
0.02111578
0.02104044
0.02112007
0.02096581
0.02138186
0.02122164
0.02091479
0.02250648
0.02097726
0.02151847
0.02115822
0.02090335
0.02165365
0.02177548
0.02328372
0.02147770
0.02212143
0.02143979
0.02245569
0.02152181
0.02132583
0.02177525
0.02233362
0.02185750
0.02158070
0.02156377
0.02175856
0.02151775
0.02257442
0.02154279
0.02137876
0.02160215
0.02148414
0.02091002
0.02176142
0.02167416
0.02135897
0.02161694
0.02173209
0.02187705
0.02124190
0.02094388
0.02188516
0.02125216
0.02101159
0.02179384
0.02149653
0.02141595
0.02158809
0.02386713
0.02156639
0.02119374
0.02112722
0.02247405
0.02123809
0.02100277
0.02292013
0.02123833
0.02105069
0.02233577
0.02169561
0.02031231
0.02247977
0.02031493
0.02156925
0.02024746
0.02190733
0.01987052
0.02179337
0.02005172
0.01992893
0.01982236
0.02041769
0.01987815
0.02011204
0.02061534
0.01994562
0.01939583
0.01947856
0.02022123
0.01964474
0.01951551
0.02219081
0.02012467
0.02166438
0.02162075
0.02168083
0.01934457
0.02082133
0.02102160
0.02117658
0.01971531
0.02301002
0.02070379
0.02302456
0.02074838
0.02270031
0.02089524
0.02295566
0.02079129
0.02294707
0.02068543
0.02283740
0.02253723
0.02118659
0.02135444
0.02158785
0.02136755
0.02266955
0.02108526
0.02149725
0.02145410
0.02144337
0.02106810
0.02222085
0.02174091
0.02137589
0.02074552
0.02151561
0.02124715
0.02147222
0.02235603
0.02154732
0.02263021
0.02105379
0.02132702
0.02145123
0.02139902
0.02138662
0.02118564
0.02080631
0.02091217
0.02099299
0.02144003
0.02134967
0.02161169
0.02092266
0.02096295
0.02109027
0.02090120
0.02094460
0.02134085
0.02109265
0.02103567
0.02121854
0.02098036
0.02088022
0.02117562
0.02104068
0.02213478
0.02357697
0.02140474
0.02158809
0.02142191
0.02136302
0.02117300
0.02099943
0.02082324
0.02100229
0.02099133
0.02090263
0.02139068
0.02164769
0.02419281
0.02376342
0.02247977
0.02369070
0.02399302
0.02374792
0.02418542
0.02229643
0.02162385
0.02227020
0.02131438
0.02191472
0.02137780
0.02141643
0.02153158
0.02139449
0.02085161
0.02147603
0.02142286
0.02158546
0.02158880
0.02099681
0.02088499
0.02153516
0.02142143
0.02094460
0.01949215
0.02094674
0.02103615
0.02035165
0.02034640
0.01960206
0.02113008
0.02167416
0.02103090
0.02293825
0.01985741
0.02095985
0.02136827
0.02158713
0.02136993
0.02124715
0.02092671
0.02087593
0.02170229
0.02135539
0.02080727
0.02129984
0.02144670
0.02134156
0.02526641
0.02093935
0.02155066
0.02183819
0.02128625
0.02196813
0.02294064
0.02390838
0.02312064
0.02324820
0.02309537
0.02296877
0.02286649
0.02262402
0.02282619
0.02269864
0.02276397
0.02273273
0.02292848
0.02292752
0.02300358
0.02292442
0.02276206
0.02183890
0.02150106
0.02302122
0.02162504
0.02134609
0.02181530
0.02192020
0.02226996
0.02155185
0.02141285
0.02142787
0.02139688
0.02130413
0.02218485
0.02145743
0.02313018
0.02288389
0.02180982
0.02153063
0.02142429
0.02100062
0.02167058
0.02133751
0.02136874
0.02139831
0.02200007
0.02206874
0.02233458
0.02134895
0.02155828
0.02470946
0.02109671
0.02105927
0.02099133
0.02115488
0.02123976
0.02165413
0.02479148
0.02116609
0.02289200
0.02285552
0.02285790
0.02250695
0.02102447
0.02178311
0.02148700
0.02172995
0.02193236
0.02202415
0.02133083
0.02171516
0.02126670
0.02152610
0.02146387
0.02135491
0.02200031
0.02330041
0.02079916
0.02111650
0.02085447
0.02121830
0.02172017
0.02149773
0.02155256
0.02171373
0.02105284
0.02158880
0.02236938
0.02138901
0.02156782
0.02111244
0.02100301
0.02120924
0.02102137
0.02092314
0.02103877
0.02551818
0.02118373
0.02100706
0.02094746
0.02107453
0.02095985
0.02091289
0.02098155
0.02122903
0.02325082
0.02316952
0.02312875
0.02305055
0.02283239
0.02328682
0.02286839
0.02285600
0.02114820
0.02101970
0.02151990
0.02151942
0.02184105
0.02140260
0.02126741
0.02161527
0.02349710
0.02506590
0.02091098
0.02132225
0.02144384
0.02097774
0.02082229
0.02120352
0.02105689
0.02122736
0.02121401
0.02136970
0.02207303
0.02156734
0.02100849
0.02274585
0.02116203
0.02097869
0.02229714
0.02107239
0.02133465
0.02148461
0.02151084
0.02134776
0.02475691
0.02156997
0.02149940
0.02149129
0.02140617
0.02148700
0.02415681
0.02351046
0.02168345
0.02153468
0.02227449
0.02353024
0.02135062
0.02124524
0.02115321
0.02107811
0.02133775
0.02099514
0.02113867
0.02303815
0.02091312
0.02106166
0.02089858
0.02090335
0.02098989
0.02099156
0.02078366
0.02145338
0.02121973
0.02117801
0.02099395
0.02070832
0.02166843
0.02177238
0.02145171
0.02346730
0.02157617
0.02136850
0.02238846
0.02100134
0.02170110
0.02166057
0.02161741
0.02165341
0.02509212
0.02563596
0.02577972
0.02546167
0.02523732
0.02159786
0.02178431
0.02169013
0.02169418
0.02367520
0.02137470
0.02144694
0.02252150
0.02120113
0.02279186
0.02163291
0.02103448
0.02272701
0.02096891
0.02148962
0.02191234
0.02539253
0.02162290
0.02085400
0.02207756
0.02208614
0.02205849
0.02194786
0.02186155
0.02081656
0.02113628
0.02097797
0.02096581
0.02084160
0.02093244
0.02112556
0.02156472
0.02152061
0.02172232
0.02222610
0.02158904
0.02133870
0.02174711
0.02166486
0.02155685
0.02231359
0.02183104
0.02122831
0.02085352
0.02104759
0.02105021
0.02108335
0.02102947
0.02107477
0.02107358
