0.00158310
0.01633906
0.01631665
0.01634741
0.01610470
0.01588964
0.01598072
0.01603127
0.01607013
0.01591516
0.01585269
0.01598477
0.01603818
0.01604915
0.01606035
0.01604056
0.01609373
0.01614165
0.01612020
0.01615191
0.01605654
0.01605248
0.01598644
0.01609397
0.01611519
0.01604009
0.01604772
0.01598930
0.01602459
0.01596904
0.01624942
0.01602125
0.01606750
0.01603770
0.01603341
0.01607847
0.01603556
0.01596165
0.01600385
0.01615763
0.01649570
0.01646686
0.01647806
0.01628423
0.01623964
0.01614833
0.01617742
0.01616764
0.01630521
0.01636577
0.01618862
0.01615000
0.01646590
0.01651120
0.01642990
0.01641774
0.01622534
0.01617384
0.01619077
0.01621985
0.01631975
0.01617169
0.01612163
0.01605034
0.01594186
0.01599574
0.01603961
0.01598406
0.01613784
0.01601887
0.01606631
0.01604557
0.01592040
0.01585793
0.01590300
0.01587081
0.01584435
0.01596951
0.01600838
0.01604819
0.01604795
0.01603746
0.01599550
0.01604462
0.01605892
0.01609063
0.01597166
0.01603675
0.01600575
0.01602674
0.01603389
0.01621938
0.01625204
0.01615143
0.01632261
0.01617241
0.01603627
0.01600981
0.01593184
0.01585817
0.01588011
0.01582789
0.01595306
0.01597333
0.01603055
0.01634645
0.01636624
0.01597905
0.01665378
0.01726127
0.01679683
0.01696706
0.01672840
0.01665449
0.01693273
0.01700640
0.01680064
0.01670694
0.01678729
0.01689053
0.01689434
0.01652265
0.01687646
0.01653814
0.01689863
0.01664877
0.01664972
0.01633167
0.01613927
0.01628852
0.01606512
0.01590753
0.01592517
0.01594353
0.01601768
0.01608992
0.01626754
0.01685929
0.01659584
0.01629066
0.01610565
0.01601076
0.01600647
0.01608038
0.01644135
0.01631117
0.01638913
0.01609921
0.01615787
0.01618409
0.01595044
0.01585412
0.01594257
0.01587987
0.01611233
0.01661158
0.01642203
0.01624966
0.01622486
0.01662827
0.01618624
0.01616287
0.01601791
0.01607823
0.01594591
0.01619053
0.01665163
0.01674628
0.01632738
0.01614094
0.01612258
0.01622868
0.01638246
0.01635861
0.01637149
0.01647162
0.01626134
0.01612830
0.01625228
0.01631212
0.01643538
0.01627111
0.01611137
0.01621985
0.01612449
0.01607084
0.01596570
0.01616383
0.01609707
0.01599574
0.01611614
0.01615262
0.01618361
0.01634073
0.01634359
0.01609135
0.01590753
0.01599503
0.01601028
0.01611662
0.01658320
0.01663470
0.01684284
0.01640892
0.01605940
0.01607919
0.01608682
0.01648545
0.01626039
0.01624990
0.01627398
0.01667380
0.01655388
0.01604748
0.01589584
0.01628661
0.01685119
0.01740241
0.01716065
0.01714563
0.01762033
0.01764297
0.01761270
0.01746702
0.01722240
0.01697373
0.01689601
0.01690030
0.01664853
0.01674509
0.01659536
0.01671648
0.01666617
0.01661134
0.01669621
0.01664758
0.01677299
0.01677752
0.01658392
0.01667690
0.01666903
0.01658463
0.01658344
0.01666474
0.01671243
0.01661563
0.01668954
0.01679087
0.01674557
0.01682901
0.01659346
0.01668048
0.01673627
0.01667285
0.01666451
0.01662707
0.01653910
0.01655245
0.01658440
0.01659298
0.01659131
0.01664615
0.01652622
0.01651764
0.01654267
0.01656389
0.01660609
0.01662850
0.01657701
0.01669216
0.01678729
0.01663709
0.01672888
0.01681900
0.01665926
0.01671481
0.01671505
0.01660132
0.01664901
0.01664972
0.01655078
0.01653719
0.01652431
0.01651239
0.01651764
0.01651716
0.01652813
0.01656675
0.01661754
0.01668787
0.01659703
0.01674891
0.01669765
0.01669669
0.01661205
0.01651573
0.01655889
0.01658392
0.01654840
0.01651382
0.01655078
0.01670122
0.01676202
0.01663661
0.01665568
0.01657915
0.01659966
0.01655912
0.01658082
0.01669097
0.01673961
0.01663852
0.01653647
0.01654267
0.01646638
0.01650691
0.01658702
0.01667428
0.01683736
0.01693082
0.01648068
0.01654387
0.01647091
0.01644707
0.01650214
0.01650667
0.01637864
0.01625943
0.01627684
0.01624107
0.01639509
0.01645732
0.01682997
0.01661038
0.01648927
0.01685095
0.01709366
0.01702261
0.01698065
0.01690722
0.01689625
0.01732349
0.01693749
0.01687312
0.01658916
0.01662993
0.01654768
0.01673317
0.01667285
0.01659203
0.01658845
0.01655054
0.01662683
0.01659894
0.01649833
0.01653218
0.01667976
0.01667953
0.01644373
0.01617050
0.01600909
0.01587319
0.01614451
0.01613665
0.01607895
0.01584888
0.01588631
0.01605034
0.01612759
0.01611280
0.01591158
0.01610065
0.01601386
0.01651621
0.01717854
0.01681232
0.01678848
0.01707435
0.01701331
0.01682091
0.01659417
0.01670098
0.01673293
0.01669383
0.01687217
0.01704907
0.01722598
0.01661444
0.01704621
0.01710367
0.01692820
0.01654053
0.01662183
0.01673722
0.01654935
0.01610851
0.01585889
0.01611423
0.01629305
0.01644039
0.01634145
0.01613379
0.01599383
0.01599598
0.01602793
0.01597357
0.01588416
0.01583982
0.01585627
0.01587057
0.01587296
0.01604986
0.01614571
0.01609087
0.01610231
0.01619029
0.01612282
0.01627088
0.01612282
0.01613045
0.01636386
0.01615930
0.01596451
0.01589799
0.01587844
0.01605439
0.01608706
0.01624012
0.01605701
0.01604891
0.01603842
0.01610208
0.01614499
0.01615500
0.01607656
0.01610589
0.01620913
0.01624775
0.01610303
0.01605296
0.01602316
0.01600504
0.01594353
0.01600695
0.01602292
0.01598167
0.01597476
0.01591921
0.01597548
0.01593161
0.01603746
0.01609063
0.01593184
0.01616144
0.01616263
0.01633477
0.01626182
0.01667023
0.01602936
0.01620483
0.01620197
0.01598907
0.01605892
0.01649642
0.01627254
0.01612496
0.01615548
0.01613283
0.01620102
0.01623440
0.01620698
0.01625586
0.01629543
0.01619792
0.01622105
0.01620460
0.01626730
0.01634264
0.01637506
0.01627874
0.01626825
0.01628613
0.01620579
0.01616621
0.01611519
0.01622176
0.01628852
0.01625466
0.01620817
0.01623130
0.01627088
0.01620436
0.01626849
0.01623845
0.01622653
0.01618791
0.01645064
0.01645470
0.01636982
0.01628685
0.01619768
0.01603866
0.01610279
0.01622248
0.01638746
0.01632810
0.01630211
0.01645136
0.01648855
0.01635480
0.01608372
0.01608348
0.01614666
0.01627898
0.01628327
0.01609921
0.01612377
0.01619864
0.01629663
0.01637316
0.01639295
0.01623487
0.01636219
0.01619697
0.01609206
0.01611853
0.01607323
0.01583791
0.01586080
0.01593995
0.01597118
0.01601768
0.01611853
0.01605058
0.01610947
0.01600361
0.01589751
0.01620483
0.01615715
0.01615167
0.01619983
0.01625633
0.01631045
0.01625896
0.01620078
0.01609159
0.01615238
0.01616716
0.01618767
0.01627231
0.01609635
0.01605463
0.01605630
0.01609087
0.01619601
0.01621056
0.01657987
0.01632285
0.01619577
0.01616359
0.01632762
0.01619935
0.01624465
0.01621890
0.01617265
0.01631808
0.01651573
0.01624513
0.01623130
0.01622319
0.01624799
0.01617241
0.01619625
0.01619482
0.01613021
0.01621366
0.01650143
0.01645756
0.01608205
0.01608038
0.01599050
0.01618838
0.01621747
0.01614761
0.01604581
0.01605415
0.01622462
0.01619649
0.01602316
0.01603460
0.01600909
0.01607108
0.01609921
0.01620984
0.01617217
0.01603436
0.01604176
0.01606536
0.01599884
0.01604414
0.01615548
0.01605201
