0.00138044
0.01594758
0.01590967
0.01588559
0.01583791
0.01580405
0.01576209
0.01578236
0.01579618
0.01575279
0.01579285
0.01579857
0.01575518
0.01580977
0.01582789
0.01576471
0.01578569
0.01583123
0.01589274
0.01583052
0.01577878
0.01593375
0.01584625
0.01583791
0.01583362
0.01587868
0.01606202
0.01591706
0.01580453
0.01579428
0.01578617
0.01577210
0.01577449
0.01576829
0.01581812
0.01583529
0.01579762
0.01581907
0.01592183
0.01582980
0.01587248
0.01590586
0.01599097
0.01584482
0.01597619
0.01608610
0.01597381
0.01588869
0.01584339
0.01587629
0.01591110
0.01582432
0.01609540
0.01626897
0.01634550
0.01612282
0.01619840
0.01640630
0.01666093
0.01655602
0.01699948
0.01705074
0.01665616
0.01694679
0.01652312
0.01667690
0.01646018
0.01703048
0.01648688
0.01675653
0.01645017
0.01685619
0.01679873
0.01679444
0.01650405
0.01649785
0.01661134
0.01653433
0.01668000
0.01644158
0.01637053
0.01586223
0.01579666
0.01579475
0.01586890
0.01587152
0.01578283
0.01580071
0.01578522
0.01582003
0.01582956
0.01581216
0.01585484
0.01582646
0.01580882
0.01585007
0.01587009
0.01589203
0.01580405
0.01579523
0.01585293
0.01593614
0.01588631
0.01586652
0.01600409
0.01604271
0.01611471
0.01622343
0.01607537
0.01592541
0.01586318
0.01587319
0.01586509
0.01582694
0.01583862
0.01581597
0.01593447
0.01604176
0.01591182
0.01603770
0.01633334
0.01603174
0.01588893
0.01584458
0.01579237
0.01579094
0.01584077
0.01580191
0.01589751
0.01600909
0.01585078
0.01580620
0.01579666
0.01595163
0.01582289
0.01578379
0.01580071
0.01579571
0.01577926
0.01581430
0.01582122
0.01581693
0.01583147
0.01578927
0.01581693
0.01598096
0.01591015
0.01583123
0.01581240
0.01582456
0.01580238
0.01576138
0.01581740
0.01583052
0.01585722
0.01579666
0.01589656
0.01593924
0.01632190
0.01625037
0.01637006
0.01620626
0.01600623
0.01624560
0.01610947
0.01604581
0.01622748
0.01644135
0.01617980
0.01599336
0.01612353
0.01597500
0.01597738
0.01593065
0.01586056
0.01587486
0.01623750
0.01686168
0.01603532
0.01598787
0.01598001
0.01587939
0.01588464
0.01587629
0.01584101
0.01585793
0.01608372
0.01580954
0.01581407
0.01582718
0.01577902
0.01577258
0.01582050
0.01587176
0.01584697
0.01574230
0.01575828
0.01582026
0.01580954
0.01577306
0.01580572
0.01584244
0.01578927
0.01583767
0.01587677
0.01598907
0.01592016
0.01583815
0.01577997
0.01584315
0.01579952
0.01589870
0.01579618
0.01584172
0.01582313
0.01587176
0.01609588
0.01590466
0.01583767
0.01583791
0.01581907
0.01627254
0.01659560
0.01767850
0.01688552
0.01716065
0.01678514
0.01646948
0.01719308
0.01649666
0.01712942
0.01668859
0.01709580
0.01652050
0.01621985
0.01617670
0.01632619
0.01628089
0.01616192
0.01610065
0.01607299
0.01595306
0.01581192
0.01577759
0.01582837
0.01583147
0.01580215
0.01579762
0.01576281
0.01579738
0.01644993
0.01645517
0.01600099
0.01611066
0.01613092
0.01595354
0.01589608
0.01586437
0.01583624
0.01595020
0.01595950
0.01594782
0.01590443
0.01588130
0.01581359
0.01583505
0.01578212
0.01575828
0.01581287
0.01582575
0.01577115
0.01582837
0.01578808
0.01578879
0.01580095
0.01579094
0.01590729
0.01599956
0.01597190
0.01604486
0.01593781
0.01607251
0.01655197
0.01634789
0.01630759
0.01610494
0.01603746
0.01605654
0.01598382
0.01586246
0.01581907
0.01576471
0.01630783
0.01628089
0.01594949
0.01578712
0.01585269
0.01604247
0.01636839
0.01617718
0.01583409
0.01577568
0.01576400
0.01576710
0.01574278
0.01581025
0.01577115
0.01579070
0.01582193
0.01578188
0.01582718
0.01590705
0.01583004
0.01587796
0.01578093
0.01577902
0.01577163
0.01578951
0.01576781
0.01575613
0.01581120
0.01574969
0.01576352
0.01580119
0.01586843
0.01599622
0.01597190
0.01580215
0.01576591
0.01582503
0.01577401
0.01577783
0.01581287
0.01577306
0.01575899
0.01582074
0.01583624
0.01644421
0.01651645
0.01612544
0.01595783
0.01594925
0.01582527
0.01582885
0.01589012
0.01598930
0.01615930
0.01616383
0.01606393
0.01618838
0.01605988
0.01586080
0.01591468
0.01586151
0.01584864
0.01582789
0.01602507
0.01629925
0.01611638
0.01608419
0.01591611
0.01602840
0.01586413
0.01577258
0.01584768
0.01581740
0.01578116
0.01581097
0.01577353
0.01579046
0.01586270
0.01593280
0.01593161
0.01595592
0.01580954
0.01583171
0.01580977
0.01584911
0.01581717
0.01633692
0.01679230
0.01674604
0.01673031
0.01666856
0.01667023
0.01673007
0.01668596
0.01677918
0.01645398
0.01634860
0.01632333
0.01630354
0.01626849
