0.00184226
0.02063513
0.02008152
0.02024722
0.02031255
0.02015209
0.02002382
0.02015471
0.01997495
0.01933551
0.01904726
0.01901126
0.01915836
0.01907182
0.01899600
0.01901102
0.01896501
0.01962471
0.02075577
0.01904774
0.01995492
0.02195239
0.01931429
0.01945710
0.01959062
0.01928186
0.01951027
0.01930547
0.01909208
0.01915145
0.01934671
0.01926732
0.01913524
0.01924133
0.01916361
0.01937866
0.01951337
0.01917338
0.01952982
0.01921344
0.01928949
0.01952839
0.02020478
0.01971197
0.01942658
0.01924682
0.01929688
0.01918149
0.01939869
0.01911044
0.01920605
0.01916742
0.01921868
0.01936316
0.01907921
0.01916146
0.01919079
0.01923060
0.01919818
0.01916146
0.01910090
0.01906776
0.01913571
0.01930475
0.01940989
0.01932883
0.01925445
0.01939225
0.01948619
0.01937318
0.01935673
0.01925182
0.01937914
0.01925874
0.01931310
0.01922297
0.01906085
0.01916790
0.01903534
0.01910377
0.01923037
0.01924372
0.01936126
0.01916528
0.01927233
0.02044487
0.01921725
0.01935863
0.01933098
0.01998258
0.01942110
0.01931620
0.02000833
0.01942801
0.01995230
0.01956844
0.02028871
0.01943493
0.01917934
0.01969814
0.02201891
0.01923752
0.02011180
0.02016306
0.01907611
0.01906466
0.01892138
0.01908445
0.01895308
0.01900673
0.01901031
0.01903081
0.01908660
0.01917553
0.01905084
0.01897717
0.01899648
0.01901674
0.01913190
0.01935744
0.01938891
0.01937509
0.01940131
0.01910758
0.01914310
0.01924014
0.01925063
0.02092695
0.02074480
0.02082705
0.02087235
0.01952672
0.01927161
0.01910043
0.01907992
0.01902318
0.01911426
0.01915503
0.01910305
0.01907873
