0.00829005
0.03468204
0.03519487
0.03473616
0.03422070
0.03366113
0.01699710
0.01684976
0.01672578
0.02176166
0.03207970
0.03208327
0.03199887
0.02819753
0.02827621
0.02813053
0.02924395
0.02777386
0.02781558
0.02780151
0.02771473
0.02760720
0.01647830
0.01629329
0.02776098
0.02797413
0.02866077
0.02846265
0.02831268
0.02883649
0.02857542
0.02846813
0.02825356
0.02829766
0.02828264
0.02871561
0.02933073
0.02811933
0.01629949
0.01632452
0.01630020
0.01632643
0.01631737
0.02079678
0.02841878
0.02853751
0.02846551
0.02846241
0.02838373
0.02836442
0.02865338
0.02849293
0.03069758
0.02901864
0.01646113
0.01646638
0.01642776
0.01647019
0.02898550
0.03083754
0.03014231
0.03102946
0.03214431
0.03221369
0.03044772
0.02829790
0.02869606
0.03127503
0.03092170
0.03039885
0.02916026
