0.00185084
0.03446770
0.03423953
0.03495526
0.03576064
0.03522730
0.03552771
0.03572655
0.03526688
0.03488135
0.03514242
0.03514552
0.03483343
0.03518534
0.03140330
0.03087878
0.03502083
0.03520179
0.03391194
0.03400588
0.03370929
0.03262973
0.03356552
0.03329301
0.02974987
0.02937961
0.02936840
0.02947807
0.02986765
0.02994442
0.02951884
0.02911496
0.02943206
0.02941084
0.02917409
0.02956772
0.02930093
0.02926683
0.02909327
0.02905893
0.02890563
0.02911019
0.02957082
0.03235126
0.03074789
0.03017163
0.03090739
0.03139639
0.03234863
0.03505039
0.03484225
0.03501296
0.03377938
0.03395438
0.03421855
0.03398347
0.03376913
0.03416681
0.03394365
0.03375101
0.03376579
0.03372669
0.03345299
0.02842402
0.02949762
0.02896333
0.03167439
0.03083444
0.03180552
0.03487968
0.03468871
0.03480101
0.03471041
0.03468370
0.03463316
0.03174210
0.03166461
0.03093743
0.03176856
0.03130698
0.03158259
0.03006172
0.02948642
0.02927256
0.03142047
0.03027940
0.02925396
0.02936435
0.02967477
0.02919459
0.02871323
0.02904606
0.02909732
0.02972269
0.02960467
0.02925611
0.02929926
0.02946162
0.02943206
0.02961183
0.03674746
0.02929020
0.02954555
0.02956223
0.02923036
0.02904630
0.03011036
0.03222156
0.03031921
0.02937961
0.02929330
0.02923179
0.02895546
0.02901745
0.02926946
0.02939296
0.02929235
0.02929568
0.02913356
0.02935314
0.02895761
0.02894878
0.02897549
0.02904248
0.02948546
0.02946472
0.02921247
0.02935076
0.02931857
0.02934194
0.02927184
0.02921534
0.02927375
0.02973723
0.02910423
0.03013039
0.02947259
0.02925372
0.02876496
0.03325057
0.02905536
0.02861476
0.02840853
0.02839637
0.02854443
0.02847576
0.02862906
0.02915382
0.02878261
0.02867222
0.02901030
0.02907968
0.02925014
0.02901530
0.02904010
0.02899718
0.02960873
0.02941799
0.02927375
0.02938247
0.02935910
0.02930903
0.02916980
0.02890825
0.02942014
0.02911282
0.02946210
0.02868271
0.02901268
0.02960420
0.02952576
0.02971983
0.02921081
0.02867150
0.02878785
0.02895546
0.02926588
0.02943087
0.02927256
0.02932191
0.02925849
0.03552961
0.02856159
0.02901673
0.02894759
0.02896667
0.02892947
0.02895141
0.02903032
0.02919984
0.02914882
0.02886438
0.03120375
0.02920961
0.02886605
0.03529453
0.03517866
0.03546143
0.03453064
0.03491116
0.03459692
0.03386116
0.03421855
0.03408241
0.03366160
0.02952838
0.02851319
0.02853727
0.02911115
0.02864146
0.02860737
0.02900457
0.02852035
0.02860403
0.02858305
0.02857494
0.02855873
0.02854490
0.02939415
0.02872014
0.02865434
0.02872682
0.02884603
0.02861047
0.02852869
0.02862883
0.02970290
0.03056240
0.03103685
0.03092456
0.03064990
0.02940106
0.03025603
0.03059959
0.03074169
0.03265762
0.03197360
0.03143907
0.03122211
0.02888179
0.02926421
0.02918792
0.02937722
0.03223991
0.03149676
0.03066421
0.02967715
0.03237677
0.03187323
0.03244424
0.03096294
0.03239942
0.03063941
0.03296161
0.03953266
0.03695989
0.03567481
0.03523898
0.02953148
0.02946115
0.02905178
0.02863097
0.02888250
0.02901053
0.02912974
0.02883792
0.02864623
0.02867818
0.02871895
0.02911353
0.02918053
0.02924943
0.02968979
0.02936220
0.03147388
0.03121638
0.03094602
0.03219199
0.02950048
0.03035402
0.02944756
0.02972531
0.02948380
0.02951527
0.02961087
0.02936006
0.03184080
0.03086662
0.03004193
0.03201461
0.02898312
0.02895212
0.02890420
0.02903605
0.02861762
0.02855182
0.02880192
0.02906775
0.02887535
0.03111005
0.03049493
0.03001571
0.03049612
0.02998137
0.02923989
0.02900720
0.02913356
0.02859688
0.02915430
0.02918386
0.02950144
0.02927232
0.02925086
0.02997875
0.02938342
0.02957940
0.02919626
0.02908540
0.02921343
0.02960610
0.03080773
0.03069377
0.02942801
0.02965665
0.02970243
0.02859974
0.02874875
0.02856994
0.02876091
0.02859139
0.02890158
0.02902675
0.02896929
0.02954912
0.02904701
0.02905679
0.02895093
0.02908444
0.02897000
0.02902269
0.02895999
0.02915812
0.02957153
0.02890611
0.02923059
0.02913570
0.02972174
0.02938056
0.02892089
0.02904391
0.02919626
0.02876425
0.02892470
0.02965331
0.02891040
0.02915835
0.02924871
0.02927637
0.02945042
0.02877569
0.02880192
0.02920032
0.02905369
0.02880931
0.02863622
0.02867723
0.02871561
0.02867556
0.02931571
0.03439093
0.03382039
0.03391242
0.03409481
0.02956295
0.03081274
0.03504086
0.03485370
0.03076935
0.02865267
0.02844572
0.02905631
0.03178859
0.03057766
0.03229356
0.03037214
0.03060007
0.02953815
0.03086948
0.02956319
0.02973485
0.02977538
0.02965474
0.02946830
0.03018641
0.02869081
0.02919602
0.02922201
0.02922678
0.02906060
0.02901196
0.02894592
0.02904391
0.02863431
0.02864695
0.03078508
0.02885890
0.03183198
0.03093958
0.02890134
0.02956176
0.02921867
0.02875543
0.03107309
0.02881193
0.02875710
0.02858973
0.02887774
0.02937603
0.02909875
0.02889109
0.02900624
0.03109670
0.03146315
0.03118968
0.02941990
0.02927899
0.02888560
0.02905488
0.02976584
0.02935505
0.02903342
0.02901959
0.02911639
0.02851677
0.02897859
0.02931857
0.02873898
0.02919698
0.02915812
0.02948713
0.02946138
0.02926779
0.02895713
0.02868342
0.02895904
0.02895689
0.02884650
0.02888966
0.02889466
0.02886248
0.02903748
0.02906966
0.02974105
0.03149915
0.03049326
0.03111148
0.02995229
0.02938604
0.02889061
0.02874255
0.02933407
0.02894282
0.02897620
0.02910042
0.02916050
0.02945065
0.02936172
0.02937078
0.02866244
0.02877951
0.02871537
0.02874398
0.02931571
0.02896643
0.02875900
0.02874398
0.03231788
0.02867889
0.03123927
0.02993894
0.03117609
0.02943182
0.02928424
0.02919102
0.02966142
0.03055048
0.03150249
0.03039885
0.03139687
0.02931023
0.02902389
0.02910662
0.02907300
0.02900147
0.02903128
0.02908492
0.02898288
0.02928138
0.02937365
0.02958083
0.02890182
0.02891731
0.02943778
0.02996349
0.02931833
0.02867007
0.02905059
0.02982903
0.02933407
0.02911687
0.02932739
0.02889371
0.02869487
0.02930212
0.03606510
0.03509617
0.03460121
0.03447437
0.03445172
0.02951694
0.02941036
0.02900290
0.02927494
0.02891207
0.02834916
0.02885914
0.02880883
0.02893543
0.02891278
0.03135490
0.02923656
0.02935934
0.02840114
0.02836776
0.02835512
0.02842402
0.02835703
0.02845335
0.02854919
0.02824879
0.02879834
0.02857637
0.02885437
0.02911520
0.02904320
0.02834845
0.02835894
0.02968073
0.03071856
0.03226376
0.03085899
0.03069830
0.03067636
0.03092122
0.03078508
0.03014112
0.03098488
0.03132749
0.03096032
0.03074765
0.02866387
0.02826428
0.02917337
0.02915573
0.02893949
0.02941346
0.02917767
0.02916431
0.02928734
0.02948880
0.03057480
0.02901745
0.03004599
0.03110313
0.02845931
0.03047013
0.02848411
0.02903557
0.02887082
0.02914929
0.02892876
0.02891827
0.02893567
0.02891707
0.02898407
0.02846026
0.02822256
0.02824736
0.02875757
0.02820683
0.02828336
0.02868509
0.02854705
0.02886987
0.02889109
0.02886391
0.02903962
0.02922463
0.02904654
0.02878070
0.02911210
0.02989221
0.02845049
0.02842498
0.02841902
0.02846193
0.02846336
0.02855206
0.02897668
0.02890801
0.02893686
0.02882671
0.02879691
0.02889585
0.02880192
0.02924824
0.02863193
0.02901840
0.02922678
0.02924037
0.02924943
0.02905774
0.02910638
0.02920723
0.02917790
0.02916408
0.02899671
0.02894521
0.02920556
0.03076339
0.02915335
0.02911782
0.02985573
0.02977824
0.02884555
0.02815819
0.02878594
0.02900887
0.02895093
0.02851582
0.02885318
0.02880287
0.02873254
0.02457237
0.02469778
0.02873111
0.02468061
0.02471471
0.02494407
0.02966857
0.02838969
0.02821374
0.02825022
0.02441406
0.02827406
0.02432132
0.02845049
0.02490568
0.02425003
0.02441311
0.02420092
0.02458429
0.02476382
0.02484632
0.02491665
0.02433109
0.02436161
0.02447343
0.02427292
0.02484131
0.02424645
0.02021575
0.02076054
0.01662469
0.02070665
0.02089930
0.02072906
0.02059364
0.02061033
0.02087379
0.02174473
0.02125573
0.02090192
0.01607227
0.02087498
0.01636577
0.01636672
0.01610470
0.01635242
0.01627803
0.01653433
0.01636744
0.01640296
0.01634765
0.01659608
0.01668549
0.01661086
0.01643372
0.01643252
0.01638961
0.01653528
0.01638031
0.01634741
0.01641917
0.01636076
0.01639676
0.01639009
0.01636577
0.01634789
0.01655674
0.01650000
0.01626229
0.01624918
0.01615214
0.01613688
0.01635742
0.01641560
0.01619864
0.01610208
0.01607513
0.02018571
0.01619220
0.01640844
0.01613712
0.02017260
0.02016973
0.02841878
0.02845907
0.02867794
0.02859902
0.02836037
0.02843523
0.02835011
0.02882266
0.02895021
0.02882409
0.02945471
0.03059483
0.02877784
0.02893710
0.02910209
0.02884436
0.02865577
0.02867270
0.02856970
0.02908897
0.03337955
0.02846432
0.02938867
0.02865195
0.02855802
0.02870297
0.03074479
0.02847433
0.02843523
0.02837420
0.02860904
0.02850747
0.02866721
0.02837539
0.02831984
0.02907395
0.02838826
0.02833939
0.02838278
0.02844191
0.02830172
0.02842736
0.02840972
0.02859688
0.02860427
0.02837181
0.02901196
0.02894306
0.02902126
0.02923727
0.02913308
0.02065682
0.01634049
0.02071643
0.01639318
0.02088499
0.02082586
0.02067947
0.02063751
0.02073336
0.02078748
0.02089906
0.02050757
0.02013826
0.02073574
0.02115607
0.02083230
0.02084327
0.02069044
0.01656270
0.01647305
0.01639652
0.01640773
0.01656938
0.01667404
0.01651907
0.01659369
0.01645565
0.01635861
0.01631594
0.01634121
0.01637816
0.01642370
0.01638103
0.01641250
0.01638985
0.01638174
0.01642394
0.01675487
0.01709032
0.01710439
0.01705027
0.01697874
0.01688385
0.01715541
0.01692724
0.01704478
0.01683545
0.01684833
0.01679683
0.01654744
0.01655006
0.01644182
0.01620460
0.01619482
0.01650167
0.01653790
0.01690769
0.01675558
0.01633024
0.01620293
0.01643300
0.01658869
0.01663470
0.01647639
0.01638746
0.01638770
0.01637936
0.01641464
0.01639557
0.01636124
0.01641607
0.01649451
0.01634979
0.01632762
0.01635814
0.01640487
0.01638699
0.01641273
0.01620770
0.01618028
0.01615453
0.01608706
0.01620817
0.01611710
0.01606393
0.01605964
0.01604724
0.01610208
0.01628160
0.01609159
0.01611137
0.01661348
0.01657486
0.01636147
0.01628518
0.01624870
0.01620579
0.02019095
0.02015162
0.02025294
0.01599956
0.01600838
0.02025986
0.02022600
0.02020264
0.02429366
0.02434134
0.02435112
0.02833462
0.02836967
0.02878261
0.02868819
0.02852464
0.02914619
0.02916241
0.02899790
0.02930117
0.02920794
0.02915454
0.02855015
0.02912927
0.02910233
0.02877283
0.02888703
0.02884126
0.02883959
0.02896380
0.02889895
0.02873468
0.02901649
0.02888155
0.02890873
0.02940488
0.02910161
0.02875447
0.02901745
0.02889013
0.02891779
0.02886105
0.02906227
0.02868891
0.02910018
0.02884579
0.02866840
0.02906060
0.02911854
0.03068113
0.02863550
0.03089046
0.02859688
0.02852345
0.02867246
0.02868581
0.02868366
0.02952003
0.02916598
0.02917552
0.02930689
0.02915478
0.02905822
0.02918673
0.02918196
0.02925968
0.02923083
0.02877903
0.02860761
0.02913952
0.02926230
0.02906418
0.02897382
0.02904820
0.02902603
0.02909255
0.02905703
0.02949119
0.02929401
0.02917337
0.02896976
0.02892256
0.02845716
0.02920985
0.02871919
0.02866197
0.02855206
0.02859282
0.02880263
0.02906108
0.02913237
0.02872062
0.02856660
0.02918243
0.02851534
0.02857590
0.02909970
0.02929235
0.02879882
0.02874899
0.02958179
0.02910256
0.02900553
0.02912617
0.02907991
0.02908015
0.02956247
0.02910590
0.02918363
0.02932262
0.02922344
0.02917552
0.02918530
0.02931666
0.02906585
0.02922130
0.02857852
0.02900696
0.02853179
0.02870798
0.02854657
0.02845597
0.02847481
0.02851391
0.02839136
0.02842355
0.02851582
0.02904487
0.02916288
0.02934051
0.02897215
0.02870083
0.02855897
0.02842832
0.02864575
0.02867341
0.02848673
0.02865577
0.02857757
0.02901506
0.03179932
0.02902198
0.02907681
0.02913427
0.02892303
0.02893519
0.02993703
0.02972484
0.02974606
0.02875781
0.02854085
0.02872944
0.02948332
0.02864790
0.02856636
0.02868295
0.02854085
0.02851319
0.02856016
0.02871966
0.02854156
0.02843595
0.02854919
0.03023601
0.02864027
0.02879858
0.02864337
0.02858138
0.02850533
0.02853322
0.02859449
0.02876091
0.02867746
0.02881861
0.02922130
0.02910161
0.02862430
0.02867913
0.02858281
0.02921629
0.02881193
0.02883649
0.02874303
0.02884316
0.02869129
0.02860236
0.02892709
0.02872920
0.02860045
0.02879381
0.02866411
0.02890658
0.02939320
0.03258061
0.02963853
0.02917361
0.02889609
0.02902579
0.02878189
0.02879381
0.02905679
0.02876544
0.02924824
0.02942967
0.02894950
0.02890921
0.02950668
0.02907538
0.02862549
0.02904916
0.02901816
0.02956390
0.02920675
0.02911234
0.02904630
0.02901101
0.02898216
0.02890253
0.02903128
0.02895069
0.02899790
0.02895546
0.02845168
0.02859974
0.02853966
0.02853465
0.02844334
0.02901816
0.02912569
0.02882338
0.02862310
0.02848721
0.02864337
0.02844334
0.02890730
0.02893066
0.03566051
0.03598356
0.03563046
0.03505492
0.02949214
0.02940440
0.03005099
0.02874327
0.02899361
0.02843380
0.02841115
0.02838850
0.02842593
0.02851439
0.02842879
0.02850199
0.02849865
0.02846313
0.02857637
0.02842498
0.02839661
0.02838302
0.02862906
0.01604986
0.01632285
0.01619601
0.01621485
0.01616168
0.01643968
0.01645064
0.01638985
0.01629853
0.01629448
0.02059531
0.02052331
0.02055573
0.02050781
0.02061176
0.01637483
0.02070403
0.02091432
0.02063298
0.02055979
0.02061415
0.02065706
0.02074146
0.02081132
0.01615500
0.01628542
0.01623750
0.01641417
0.01668525
0.01625299
0.01614189
0.01612353
0.01611757
0.01611018
0.01619053
0.01612401
0.01616883
0.01611614
0.01611304
0.01613617
0.01612425
0.01617026
0.01616764
0.01611495
0.01609802
0.01613736
0.01608038
0.01625299
0.01661515
0.01648021
0.01651883
0.02093029
0.03006744
0.02536559
0.02092957
0.02106547
0.02096057
0.02084756
0.02101755
0.02094913
0.02065301
0.02485204
0.02461147
0.02449107
0.02469039
0.02462506
0.02452350
0.02445459
0.02438545
0.02437639
0.02077746
0.02464676
0.02069354
0.02069306
0.02066231
0.02077818
0.02074575
0.02067471
0.01630616
0.01635456
0.01635051
0.01633406
0.01637602
0.01633310
0.01633239
0.01607442
0.01613116
0.01635432
0.01634216
0.01637506
0.01635575
0.01633692
0.01640844
0.01638889
0.01637959
0.01619220
0.01609778
0.01614928
0.01612854
0.01624370
0.01621914
0.01611829
0.01615191
0.02020550
0.02831578
0.02844644
0.02891612
0.02896714
0.02847624
0.02837062
0.02847147
0.02827549
0.02835965
0.02831578
0.02882457
0.03373647
0.02919912
0.02884150
0.02838469
0.02862120
0.02836800
0.02833271
0.02829313
0.02840972
0.02841520
0.02837658
0.02818608
0.02839661
0.02831101
0.02834749
0.02837920
0.02855086
0.02841759
0.02840209
0.02876306
0.02864933
0.02861857
0.02846837
0.02846169
0.02834439
0.02831984
0.02851939
0.02859139
0.02849913
0.02840066
0.02845097
0.02847791
0.02843165
0.02838349
0.02832294
0.02857590
0.02829552
0.02820444
0.02831936
0.02835965
0.02847743
0.02839422
0.02885747
0.02854538
0.02866387
0.02942514
0.02913499
0.02876711
0.03001356
0.02945971
0.02918601
0.02916455
0.02883792
0.02937388
0.02915502
0.02915788
0.02882075
0.02848339
0.02883363
0.02863097
0.02862906
0.02902699
0.02911973
0.02898383
0.02926517
0.02862144
0.02857661
0.02854943
0.02910423
0.02905321
0.02895236
0.02898812
0.02894235
0.02916503
0.02927947
0.02906060
0.02898741
0.02895308
0.02892089
0.02906513
0.02914524
0.03093696
0.02919006
0.02918601
0.02929711
0.02856827
0.02920318
0.02925110
0.02923751
0.02862525
0.02867579
0.02872467
0.02864265
0.02864814
0.02866030
0.02882099
0.02886176
0.03265500
0.02944064
0.03025198
0.02883863
0.02854156
0.02906370
0.02907968
0.02894735
0.02900505
0.02911854
0.02854872
0.02845430
0.02848768
0.02834034
0.02857399
0.02889538
0.02891922
0.02889085
0.02858806
0.02865982
0.02886391
0.02886844
0.02869606
0.02926230
0.02885938
0.02944040
0.02872515
0.02870083
0.02866864
0.02861333
0.02860594
0.02942133
0.02922082
0.02922702
0.02924919
0.02847695
0.02858901
0.02875400
0.02880144
0.02865434
0.02860999
0.02876592
0.02918673
0.02920985
0.02911568
0.02901602
0.02908778
0.03148913
0.02934408
0.02923107
0.02929544
0.02930641
0.02928448
0.02934742
0.02922606
0.02917480
0.02914262
0.02948928
0.02911258
0.02910328
0.02924156
0.02925682
0.02924919
0.02941513
0.02927780
0.02929425
0.02940178
0.03090024
0.03723049
0.03697252
0.03587079
0.03543782
0.03002381
0.03022003
0.02992320
0.02969146
0.02968287
0.02967477
0.02952361
0.02966785
0.02951026
0.02962422
0.02913237
0.02878857
0.02902818
0.02910757
0.02902246
0.02887630
0.02896738
0.02965212
0.02971315
0.02941871
0.02913880
0.02916121
0.02944779
0.03051782
0.03011370
0.03320146
0.02935600
0.02908087
0.02913260
0.02906656
0.02849770
0.02870035
0.02908206
0.02907872
0.02912235
0.02914834
0.02922630
0.02924538
0.02895236
0.02874517
0.02859139
0.02891445
0.02885079
0.02889514
0.02911210
0.02914000
0.02885032
0.02914643
0.02913308
0.02918315
0.02869296
0.02966619
0.02909493
0.02932549
0.02915835
0.02939725
0.02916002
0.02896118
0.02898502
0.02890992
0.02904391
0.02894402
0.02888680
0.02929616
0.02906561
0.02866507
0.02870798
0.02866006
0.02869058
0.02938676
0.02949619
0.02883410
0.02873588
0.02912045
0.02928829
0.02906704
0.02946401
0.02937579
0.02937078
0.02937579
0.02944279
0.02957320
0.02982140
0.02917337
0.02874684
0.02897978
0.02900863
0.02898431
0.02876353
0.02871871
0.02874613
0.02879906
0.02872229
0.02873564
0.02862263
0.02869534
0.02907825
0.02883911
0.02870059
0.02868938
0.02865124
0.02881837
0.02878213
0.02888989
0.02940679
0.02912998
0.02848601
0.02861238
0.02867270
0.02940202
0.02946401
0.02878022
0.02868962
0.02857637
0.02888894
0.02872133
0.02878523
0.02910185
0.02912903
0.02927327
0.02986312
0.02976346
0.02942944
0.02913928
0.02872944
0.02921152
0.02909923
0.02921009
0.02919698
0.02904987
0.02910161
0.02918005
0.02920413
0.02908921
0.02926850
0.02921295
0.02932572
0.02851510
0.02921820
0.02907610
0.02903867
0.03020644
0.02939868
0.02922726
0.02925086
0.02924609
0.02926493
0.02904320
0.02916718
0.02938366
0.02938771
0.02950859
0.02930903
0.02859235
0.02844357
0.02881169
0.02874923
0.02872849
0.02852821
0.02873015
0.02862382
0.02867556
0.02868342
0.02873278
0.02870297
0.02927446
0.02922106
0.03326273
0.02920103
0.02844357
0.02850842
0.02848625
0.02852774
0.02912807
0.02892756
0.02902675
0.02866316
0.02948427
0.03120112
0.02918267
0.02913356
0.02914333
0.02892303
0.02914906
0.02893949
0.02899528
0.02899671
0.02900124
0.02906466
0.02907419
0.02899981
0.02903986
0.02889776
0.02900624
0.02890396
0.02888393
0.02903652
0.02902079
0.02890706
0.02896023
0.02902579
0.02906346
0.02904916
0.02899837
0.02884412
0.02939582
0.02923751
0.02884364
0.02908134
0.02898693
0.03101873
0.02893019
0.02888632
0.02861834
0.02843547
0.02838540
0.03115153
0.02951074
0.02897239
0.02873731
0.02846527
0.02845788
0.02883768
0.02862644
0.02874565
0.02849650
0.02849174
0.02843189
0.03038239
0.02860379
0.02827716
0.02883744
0.02894878
0.02887678
0.02907515
0.02896714
0.02897310
0.03370428
0.03352451
0.03387856
0.03394985
0.03351355
0.03362870
0.03380895
0.03355145
0.03336358
0.03361702
0.03354812
0.02951622
0.02868414
0.03017116
0.02901483
0.02861953
0.02876425
0.02862620
0.02860928
0.02874279
0.02911472
0.03629112
0.03497434
0.03550172
0.03543091
0.02925444
0.03063560
0.03023601
0.02981067
0.03034234
0.02973628
0.02956271
0.02987289
0.02971172
0.03222299
0.02943254
0.02956820
0.02939653
0.02944493
0.02945614
0.02939224
0.02933168
0.02886391
0.02901840
0.02902031
0.02889156
0.02905583
0.02895522
0.02904820
0.02892661
0.02894688
0.02889276
0.02900505
0.02908492
0.02889395
0.02891850
0.02904058
0.02902055
0.02908993
0.02897477
0.02897477
0.02896976
0.02899551
0.02903390
0.02926373
0.02920628
0.02918267
0.02867532
0.02930641
0.02849722
0.02857566
0.02853155
0.02894831
0.02927160
0.03324413
0.02882195
0.02873015
0.02904630
0.02890253
0.02888703
0.02888203
0.02934361
0.03312826
0.02912116
0.02909541
0.02925563
0.02914381
