0.00645471
0.02941179
0.02985048
0.02915621
0.02902269
0.02920604
0.02891517
0.02897763
0.02899313
0.02880907
0.02882004
0.02872777
0.03580403
0.02891445
0.02856135
0.02857614
0.02873540
0.02870536
0.02869964
0.02940989
0.02905607
0.02904010
0.02896094
0.02876258
0.02890992
0.02886558
0.02882600
0.02897239
0.02879786
0.02864957
0.02880192
0.02878857
0.03532338
0.02890873
0.02926970
0.02921677
0.02919579
0.02901077
0.02905083
0.02910829
0.02903819
0.02071762
0.02071190
0.02070379
0.01624084
0.02892280
0.02913952
0.02902007
0.02910542
0.02899837
0.02907228
0.02902746
0.02887201
0.02885914
0.02859640
0.03051353
0.02908492
0.02856135
0.02837849
0.02917862
0.02906299
0.02896380
0.03108335
0.02877879
0.02858067
0.02877450
0.03013968
0.03114939
0.02980304
0.02951789
0.02936625
0.02913976
0.02942228
0.02943444
0.02964354
0.02968621
0.02960539
0.02935863
0.02948523
0.02855873
0.02862263
0.02850842
0.02865672
0.02860832
0.02907205
0.02922606
0.02896380
0.02874947
0.02898288
0.02887821
0.02880144
0.02872467
0.02902198
0.02908683
0.02925801
0.02916002
0.02893567
0.02896523
0.02899837
0.02885842
0.02900887
0.02907825
0.02917600
0.02897143
0.02888370
0.02897072
0.02891755
0.02875209
0.03044295
0.02961946
0.02864146
0.02853298
0.02873707
0.02862024
0.02865529
0.02874732
0.02888751
0.02870321
0.02858663
0.03343248
0.03322840
0.03334332
0.03341317
0.03299475
0.03319979
0.03325367
0.03331256
0.03320813
0.03149033
0.03332639
0.03303194
0.02864933
0.03365898
0.03343701
0.03335786
0.03370190
0.03330517
0.03327513
0.03336072
0.03342128
0.03321767
0.02862263
0.02923369
0.02939463
0.02953720
0.03371286
0.03064346
0.02961922
0.02930903
0.02918148
0.02992630
0.02913165
0.02914500
0.02912593
0.02931070
0.02903199
0.02926826
0.02928925
0.02907085
0.02915239
0.02919650
0.02907228
0.02897811
0.02904892
0.02910519
0.02901721
0.02919912
0.02908373
0.02917910
0.02911544
0.02905416
0.02918410
0.02911782
0.02909660
0.02899027
0.02899241
0.02927160
0.03181624
0.03638363
0.03556991
0.03562474
0.03749824
0.03113651
0.03102279
0.02945471
0.03028560
0.02950478
0.02950454
0.02914977
0.02913308
0.02906632
0.02901936
0.02910590
0.02911830
0.02962470
0.02886653
0.02875638
0.02860904
0.02910495
0.02984023
0.02900767
0.02886009
0.02885890
0.02888727
0.02872992
0.02889681
0.02885413
0.02931857
0.02899885
0.02884459
0.02879882
0.02895832
0.02881002
0.02925086
0.02918792
0.02918935
0.02977872
0.03008080
0.02870822
0.02895117
0.02933407
0.02917409
0.02913141
0.02919984
0.02917099
0.02928638
0.02919483
0.02935529
0.02942228
0.02937651
0.02928090
0.02917647
0.02920485
0.02929235
0.02920699
0.02921152
0.02905965
0.02913809
0.02920032
0.03162622
0.03077173
0.02901030
0.02894759
0.02893591
0.02884841
0.02900767
0.02889967
0.02893019
0.02907562
0.02888346
0.02929640
0.02911735
0.02871990
0.02868915
0.02865887
0.02866960
0.02864909
0.02863383
0.02918386
0.02887034
0.02887464
0.02885556
0.02903795
0.02934670
0.02928853
0.02927160
0.02921486
0.02924895
0.02927351
0.02925825
0.02912068
0.03083372
0.02960086
0.02968860
0.02992034
0.02970266
0.02971530
0.02935863
0.02935338
0.02932191
0.02935863
0.02953148
0.02968907
0.02982259
0.02953076
0.02944899
0.02922511
0.02921057
0.02916741
0.02919269
0.02937937
0.02920008
0.02933240
0.02947855
0.03073311
0.02952909
0.02928567
0.02940989
0.02940583
0.02920437
0.02963805
0.02924347
0.02927947
0.03071761
0.02917743
0.02925420
0.02883172
0.02889633
0.02870345
0.02880478
0.02893257
0.02942443
0.02906227
0.02915740
0.02894807
0.02877641
0.02883792
0.02888393
0.02879357
0.02884054
0.02908993
0.02912140
0.02948070
0.02947021
0.02950454
0.02934504
0.02925825
0.02936745
0.02940249
0.02882099
0.02875710
0.02920580
0.02920365
0.02865028
0.02889729
0.02991223
0.02912402
0.02899075
0.02926159
0.02870202
0.02867794
0.02879453
0.02896261
0.02918124
0.02903509
0.02881694
0.02884316
0.02868319
0.02875662
0.02865410
0.02861881
0.02877355
0.02873468
0.02873039
0.02877045
0.02880716
0.02882648
0.02883363
0.02882814
0.02886319
0.02887416
0.02888012
0.02873135
0.02884746
0.02883101
