0.00130749
0.03457189
0.03417277
0.03401685
0.03424144
0.03411412
0.03397775
0.03419495
0.03407240
0.03420281
0.03428984
0.03406119
0.03394580
0.02867031
0.02252674
0.02267623
0.01618028
0.01601171
0.01618004
0.01618195
0.01615930
0.01614642
0.01609993
0.01645875
0.01643491
0.01650310
0.01628542
0.01616478
0.01617146
0.01639414
0.01639509
0.01629376
0.01630664
0.01672363
0.01674557
0.01666856
0.01645756
0.01629519
0.01628470
0.01630759
0.01669168
0.01647925
0.01632500
0.01632023
0.01626229
0.01627016
0.01649022
0.01633739
0.01627922
0.01627350
0.01624537
0.01625085
0.01631832
0.01626468
0.01629877
0.01628661
0.01611972
0.01600266
0.01605225
0.01618981
0.01621509
0.01678681
0.01710939
0.01676059
0.01643777
0.01636529
0.01622295
0.01628828
0.01627612
0.01631379
0.01629019
0.01625848
0.01626873
0.01598144
0.01619744
0.01616096
0.01615453
0.01618052
0.01636004
0.01631379
0.01615381
0.01615977
0.01615047
0.01615477
0.01695514
0.01742554
0.01633835
0.01656151
0.01644230
0.01624036
0.01615357
0.01617551
0.01633239
0.01602244
0.01597810
0.01614809
0.01618099
0.01617146
0.01618075
0.01620150
0.01620913
0.01619339
0.01618052
0.01619673
0.01628256
0.01615000
0.01619482
0.01619029
0.01619887
0.01622677
0.01623011
0.01626110
0.01624584
0.01619315
0.01615930
0.01622128
0.01621509
0.01615953
0.01612377
0.01613355
0.01615858
0.01586771
0.01616049
0.01605225
0.01605225
0.01596785
0.01622558
0.01600480
0.01596451
0.01634598
0.01645803
0.01623988
0.01605201
0.01608586
0.01609659
0.01613975
0.01607585
0.01623869
0.01659966
0.01647472
0.01637101
0.01623154
0.01619530
0.01610065
0.01602602
0.01598382
0.01599622
0.01597238
0.01603270
0.01604462
0.01607466
0.01626396
0.01601100
0.01601338
0.01595020
0.01610804
0.01602960
0.01601076
0.01607323
0.01599026
0.01607108
0.01600051
0.01601243
0.01603460
0.01603436
0.01601171
0.01599073
0.01598525
0.01598907
0.01608920
0.01597381
0.01602459
0.01597714
0.01600480
0.01594472
0.01603794
0.01603889
0.01604939
0.01612139
0.01613784
0.01603937
0.01602650
0.01596737
0.01611114
0.01606822
0.01609421
0.01611638
0.01608253
0.01621389
0.01635098
0.01598525
0.01590300
0.01638651
0.01624131
0.01606321
0.01589966
0.01595211
0.01594496
0.01591730
0.01592422
0.01590228
0.01591420
0.01596475
0.01590586
0.01618242
0.01609421
0.01587677
0.01610470
0.01613760
0.01619673
0.01614356
0.01607347
0.01606560
0.01611257
0.01617169
0.01617503
0.01610494
0.01606369
0.01608658
0.01652622
0.01664352
0.01658440
0.01618648
0.01611423
0.01613951
0.01613092
0.01617479
0.01612663
0.01607800
0.01608896
0.01614046
0.01616144
0.01610088
0.01609468
0.01607752
0.01611257
0.01612067
0.01608706
0.01592731
0.01606369
0.01615286
0.01621199
0.01639795
0.01628709
0.01629877
0.01645279
0.01621699
0.01621342
0.01594400
0.01606989
0.01594901
0.01609278
0.01606345
0.01610065
0.01622772
0.01613331
0.01600981
0.01611710
0.01606250
0.01600623
0.01606655
0.01607561
0.01603365
0.01599193
0.01597095
0.01596999
0.01599717
0.01596546
0.01600051
0.01600671
0.01600480
0.01594543
0.01602697
0.01595831
0.01601338
0.01598215
0.01597571
0.01599383
0.01604223
0.01595521
0.01597571
0.01590824
0.01595688
0.01601291
0.01607060
0.01600599
0.01596165
0.01597500
0.01625991
0.01633072
0.01606250
0.01609230
0.01613498
0.01617193
0.01614809
0.01612329
0.01611042
0.01611853
0.01642299
0.01637173
0.01648760
0.01653004
0.01626205
0.01609755
0.01607180
0.01601720
0.01608825
0.01612973
0.01613975
0.01612592
0.01614618
0.01610732
0.01610351
0.01607752
0.01610589
0.01615453
0.01625586
0.01632500
0.01613259
0.01613832
0.01606369
0.01608515
0.01615024
0.01606059
0.01606512
0.01605701
0.01607966
0.01613069
0.01603818
0.01606774
0.01614094
0.01609516
0.01607084
0.01607156
0.01603746
0.01607752
0.01651359
0.01628304
0.01613283
0.01607633
0.01608920
0.01605034
0.01604223
0.01605964
0.01609707
0.01612473
0.01619315
0.01635957
0.01622581
0.01606059
0.01609635
0.01626372
0.01637506
0.01634574
0.01623535
0.01620913
0.01609468
0.01606131
0.01618290
0.01620340
0.01608825
0.01610994
0.01603627
0.01602840
0.01608300
0.01605344
0.01606035
0.01605940
0.01603103
0.01609111
0.01597977
0.01597786
0.01594448
0.01614428
0.01609063
0.01608467
0.01599622
0.01597428
0.01596165
0.01645374
0.01632166
0.01615024
0.01642942
0.01701164
0.01687741
0.01688433
0.02551365
0.02723598
0.03401256
0.02896214
0.02872205
0.02846742
0.03404713
0.03430963
0.03495169
0.03429818
0.03487802
0.03446102
0.03415179
0.03413296
0.03400874
0.03447485
0.03426504
0.03426981
0.03452444
0.03442407
0.03449655
0.03435802
0.03441501
0.03448009
0.03442430
0.03437328
