0.00173879
0.01696301
0.01724815
0.01717615
0.01740313
0.01704073
0.01683712
0.01698041
0.01687813
0.01665163
0.01664925
0.01673293
0.01704144
0.01670265
0.01647997
0.01613641
0.01607966
0.01609588
0.01612163
0.01608276
0.01617193
0.01614022
0.01612353
0.01618409
0.01594305
0.01601601
0.01611352
0.01617622
0.01612830
0.01619935
0.01619697
0.01625824
0.01617360
0.01627588
0.01621127
0.01622558
0.01624990
0.01602006
0.01629543
0.01629806
0.02006960
0.02287197
0.02684712
0.02693748
0.02664757
0.02634525
0.02662277
0.02631879
0.02677155
0.02629018
0.02550697
0.02535963
0.02550864
0.02589393
0.02571034
0.02580166
0.02622342
0.02638268
0.02647090
0.02651978
0.02647662
0.02580261
0.02623200
0.02615380
0.01627898
0.01622248
0.01623535
0.01631117
0.01623392
0.01630950
0.01616502
0.02263927
0.02625442
0.02685809
0.02601862
0.02641082
0.02625155
0.02577138
0.02564836
0.02597785
0.02690482
0.02575111
0.02618837
0.02627039
0.02583385
0.02556109
0.02620792
0.02600312
0.02553988
0.02584314
0.02650547
0.02648854
0.02636623
0.02619267
0.02734280
0.02584624
0.02628827
0.02614570
0.02580786
0.02594423
0.02610970
0.02640271
0.02645350
0.02662802
0.02652478
0.02618241
0.02634287
0.02573872
0.02612114
0.02584863
0.02556968
0.02571869
0.02691817
0.02638221
0.02577901
0.02558970
0.02907705
0.02885222
0.02889872
0.02891493
0.02882099
0.02886462
0.02866769
0.02879095
0.02902079
0.02865076
0.02874422
0.02872872
0.02872849
0.02861261
0.02838659
0.02875853
0.02845383
0.02831769
0.02845407
0.02841353
0.02851248
0.02840447
0.02655506
0.03069615
0.03063679
0.03050208
