0.00178409
0.01790595
0.01660204
0.01684237
0.01679087
0.01691246
0.01659656
0.01634789
0.01636672
0.01621509
0.01618528
0.01603484
0.01604891
0.01597857
0.01600075
0.01601911
0.01602721
0.01598215
0.01601171
0.01601744
0.01602674
0.01598096
0.01621008
0.01639819
0.01629543
0.01614022
0.01593065
0.01607752
0.01618028
0.01599646
0.01602173
0.01595497
0.01599360
0.01594543
0.01599264
0.01594090
0.01601624
0.01596117
0.01601839
0.01597714
0.01599431
0.01603627
0.01606512
0.01594758
0.01624608
0.01645303
0.01631069
0.01613712
0.01621079
0.01607752
0.01606131
0.01614857
0.01632953
0.01610494
0.01603103
0.01654005
0.01693535
0.01613021
0.01621795
0.01601863
0.01603699
0.01596761
0.01601315
0.01595998
0.01602244
0.01602125
0.01602507
0.01599813
0.01602864
0.01603031
0.01607609
0.01596928
0.01601982
0.01599550
0.01603150
0.01599503
0.01600266
0.01580787
0.01580191
0.01618338
0.01633644
0.01610541
0.01607990
0.01600957
0.01603413
0.01600838
0.01605296
0.01599336
0.01587367
0.01585937
0.01584792
0.01587248
0.01587582
0.01584005
0.01604080
0.01586509
0.01598072
0.01589179
0.01588893
0.01587772
0.01590085
0.01597071
0.01598573
0.01597095
0.01593733
0.01587129
0.01600170
0.01596284
0.01627135
0.01609087
0.01601863
0.01586962
0.01596236
0.01598287
0.01615667
0.01619411
0.01630425
0.01616073
0.01619720
0.01615453
0.01621675
0.01634336
0.01629448
0.01620531
0.01622438
0.01626635
0.01621962
0.01616383
0.01634574
0.01609373
0.01627207
0.01619244
0.01633310
0.01618075
0.01622677
0.01616001
0.01617670
0.01616454
0.01634121
0.01598811
0.01602745
0.01601052
0.01606393
0.01587033
0.01609564
0.01609945
0.01626706
0.01615286
0.01625848
0.01607704
0.01608014
0.01600742
0.01604557
0.01602483
0.01608038
0.01601624
0.01607704
0.01600909
0.01615429
0.01620531
0.01615429
0.01612735
0.01621199
0.01607728
0.01647210
0.01626277
0.01633692
0.01631498
0.01624870
0.01639175
0.01651955
0.01649475
0.01647782
0.01623583
0.01627564
0.01618910
0.01618147
0.01620841
0.01621532
0.01617980
0.01617169
0.01602054
0.01603317
0.01596951
0.01600051
0.01607203
0.01611233
0.01607823
0.01612473
0.01612878
0.01622367
0.01647329
0.01649880
0.01643777
0.01638842
0.01625514
0.01615119
0.01625204
0.01626372
0.01614475
0.01626611
0.01609683
0.01611924
0.01588607
0.01591396
0.01593852
0.01604629
0.01616168
0.01616859
0.01622128
0.01634383
0.01616883
0.01630402
0.01632905
0.01698709
0.01660442
0.01636243
0.01640725
0.01634526
0.01643062
0.01633406
0.01623392
0.01653457
0.01636958
0.01650810
0.01659846
0.01700640
0.01655626
0.01649141
0.01643896
0.01639080
0.01641417
0.01654267
0.01643991
0.01646352
0.01637554
0.01640320
0.01639390
0.01636124
0.01637936
0.01648116
0.01659298
0.01646447
0.01640916
0.01642632
0.01640463
0.01662540
0.01642823
0.01639557
0.01634240
0.01637626
0.01628208
0.01632047
0.01619267
0.01642704
0.01646066
0.01636767
0.01647115
0.01644230
0.01630878
0.01636004
0.01632738
0.01644802
0.01643491
0.01643944
0.01638341
0.01648235
0.01638412
0.01641941
0.01651073
0.01629424
0.01638079
0.01638126
0.01636195
0.01644731
0.01635337
0.01635790
0.01639485
0.01649284
0.01628923
0.01618290
0.01611495
0.01628923
0.01621556
0.02074051
0.02033424
0.02077007
0.02185321
0.02637672
0.02975345
0.02886891
0.02897072
0.02841640
0.02839279
0.02832413
0.02805996
0.02802920
0.02810740
0.02860093
0.02811122
0.02831268
0.02777219
0.02786899
0.02815604
0.02825642
0.02761412
0.02779889
0.02849865
0.02845550
0.02831483
0.02843118
0.02869868
0.02856541
0.03004670
0.02971125
0.03033638
0.03003216
0.02940488
0.03262162
0.03017521
0.03807187
0.03512216
0.03428507
0.03761578
0.03225422
0.02821898
0.02895045
0.02898145
0.03151822
0.03012371
0.02938700
0.02893662
0.03603482
0.03587723
0.02918363
0.02935672
0.02880144
0.02926373
0.02963614
0.03106952
0.02916861
0.02906919
0.02866507
0.02811217
0.02883458
0.02888727
0.02865458
0.02890110
0.02936101
0.02898097
0.02865100
0.02842212
0.02899623
0.03661919
0.03495789
0.02835011
0.02464986
0.02067590
0.02073550
0.02471256
0.01635385
0.01647663
0.01637554
0.01647973
0.01622367
0.01628733
0.01607299
0.01601148
0.01606727
0.01603889
0.01607895
0.01605010
0.01603866
0.01601601
0.01602483
0.01600456
0.01601267
0.01602411
0.01605773
0.01611495
0.01641130
0.01631665
0.01623797
0.01637340
0.01646590
0.01650071
0.01648116
0.01621389
0.01629829
0.01624060
0.01632190
0.01629686
0.02903700
0.02834320
0.02856326
0.02877307
0.02871561
0.03425527
0.03368878
0.03369188
0.03327298
0.03089881
0.02867556
0.02860069
0.02828169
0.02790523
0.02771306
0.02762532
