0.00169396
0.01689363
0.01634502
0.01612616
0.01604486
0.01606274
0.01612520
0.01602101
0.01600838
0.01620960
0.01659417
0.01638079
0.01655626
0.01653528
0.01627731
0.01623368
0.01644754
0.01645994
0.01672173
0.01676702
0.01684690
0.01657557
0.01649880
0.01645589
0.01627946
0.01625466
0.01619935
0.01621604
0.01639986
0.01636100
0.01624465
0.01627636
0.01623559
0.01625204
0.01620770
0.01620460
0.01623654
0.01617599
0.01621175
0.01618552
0.01628900
0.01631641
0.01633906
0.01646113
0.01652575
0.01646781
0.01633239
0.01605725
0.02023602
0.01598763
0.01598930
0.01599717
0.01594901
0.01603174
0.01611710
0.01598191
0.01596618
0.01603961
0.01598430
0.01601267
0.01597452
0.01610970
0.01621556
0.01611781
0.01608562
0.01626563
0.01625133
0.01626396
0.01626277
0.01620078
0.01633239
0.01650572
0.01636505
0.01632833
0.01627707
0.01626539
0.01628256
0.01623297
0.01621723
0.01623940
0.01637411
0.01656842
0.01719022
0.01675773
0.01709270
0.01698756
0.01701832
0.01725388
0.01715589
0.01697159
0.01649666
0.01643419
0.01644468
0.01655293
0.01705098
0.01768541
0.01769853
0.01844382
0.01812959
0.01755142
0.01683640
0.01682401
0.01666713
0.01686931
0.01668310
0.01685691
0.01687694
0.01700091
0.01681995
0.01677060
0.01674294
0.01697302
0.01761627
0.01691318
0.01707578
0.01698542
0.01718211
0.01733541
0.01725149
0.01723671
0.01778007
0.01738739
0.01796269
0.01873350
0.01761746
0.01824903
0.01884294
0.01709032
0.01809144
0.01831579
0.01797557
0.01750064
0.01690197
0.01712513
0.01711822
0.01704741
0.01698470
0.01669478
0.03174639
0.03190589
0.03113151
0.02253509
0.01682377
0.01705694
0.01675034
0.01720428
0.01699257
0.01701927
0.03455114
0.03043318
0.02207518
0.01714849
0.01714277
0.01737571
0.01680732
0.01726651
0.01680613
0.01632690
0.01646185
0.01630330
0.01626205
0.01635289
0.01671958
0.01694369
0.01686144
0.01683497
0.01746035
0.01707268
0.01704836
0.02291203
0.03507400
0.03435588
0.02176166
0.01681638
0.01694465
0.01693702
0.01708984
0.01690173
0.01727629
0.01711321
0.01724482
0.01728988
0.03153968
0.03046060
0.02967787
0.02959681
0.02960205
0.01675725
0.01698256
0.01726484
0.01688313
0.01726174
0.01711726
0.01693344
0.01696253
0.01715875
0.01720953
0.01712966
0.01728368
0.01708269
0.01657057
0.01655769
0.01681232
0.02873230
0.02867961
0.01702118
0.01688957
0.01700258
0.02283049
0.02298784
0.01712346
0.01705074
0.01710200
0.01741767
0.01742363
0.01702905
0.01693249
0.01684952
0.01679683
0.01682878
0.01681066
0.01679206
0.01687241
0.01690316
0.02887440
0.01632690
0.01691461
0.01640105
0.01668501
0.01660180
0.01666355
0.01656771
0.01668334
0.01684737
0.01648736
0.01661420
0.01664352
0.01660967
0.01656604
0.01644063
0.01657295
0.01681352
0.01717925
0.01691818
0.01687193
0.01750040
0.01710939
0.01713467
0.01707077
0.01695514
0.01680756
0.01688218
0.01690936
0.01679158
0.01702380
0.01674676
0.01700163
0.01723409
0.01728296
0.01707387
0.01686811
0.01722550
0.01692533
0.01665926
0.01698089
0.01703835
0.01731181
0.01770639
0.01742125
0.01747060
0.01744747
0.01705861
0.01707339
0.01714849
0.01703477
0.01687956
0.01689005
0.01681232
0.01714444
0.01711822
0.01689053
0.01647139
0.01637053
0.01656771
0.01628923
0.01624846
0.01598549
0.01597643
0.01608253
0.01606274
0.01625061
0.01623726
0.01624155
0.01601267
0.01612592
0.01606035
0.01611900
0.01687002
0.01689959
0.01705146
0.01720142
0.01719999
0.01645184
0.01610017
0.01599693
0.01593995
0.01595736
0.01605058
0.01634836
0.01608849
0.01599717
0.01603961
0.01600242
0.01602316
0.01629257
0.01626945
0.01628804
0.01624298
0.01625228
0.01625633
0.01631403
0.01644540
0.01658297
0.01654649
0.01635790
0.01627302
0.01630163
0.01632428
0.01628065
0.01646709
0.01639795
0.01632452
0.01625252
0.01639557
0.01663303
0.01676559
0.01616979
0.01624775
0.01601648
0.01594687
0.01597548
0.01601076
0.01600909
0.01610518
0.01600742
0.01605535
0.01598215
0.01644468
0.01703858
0.01673460
0.01643586
0.01638079
0.01606154
0.01643634
0.01598215
0.01620984
0.01596808
