0.00169659
0.01695108
0.01707149
0.01731324
0.01701856
0.01686430
0.01717210
0.01696038
0.01724005
0.01674080
0.01633716
0.01643157
0.01664591
0.01657724
0.01646042
0.01619101
0.01627469
0.01636243
0.01634455
0.01632881
0.01641250
0.01737237
0.01727390
0.01664495
0.01646733
0.01645327
0.01647735
0.01638889
0.01636648
0.01631212
0.01669574
0.01668644
0.01661587
0.01629138
0.01625395
0.01625395
0.01636243
0.01649451
0.01615810
0.01605415
0.01607680
0.01603270
0.01640821
0.02522922
0.02131224
0.01623940
0.01597619
0.01607919
0.02445221
0.02860641
0.01621652
0.01620722
0.01639915
0.01616597
0.01621151
0.01632237
0.01642847
0.01613927
0.01623726
0.01637387
0.01635242
0.01630998
0.01641512
0.01632977
0.01596642
0.01591492
0.01642561
0.01617026
0.01630068
0.01626658
0.01601672
0.01621246
0.01624751
0.01626539
0.01623774
0.01626968
0.01600528
0.01601696
0.01607108
0.01607704
0.01624560
0.01650906
0.01707840
0.01733780
0.01716304
0.01679254
0.01678061
0.01693106
0.01693273
0.01689196
0.01698446
0.01680827
0.01685286
0.03002954
0.01694798
0.01683760
0.01706862
0.01765943
0.01723623
0.01763558
0.01782060
0.01790094
0.01718664
0.01746368
0.01686215
0.01654458
0.01658440
0.01680350
0.01696587
0.01658297
0.01648188
0.01621580
0.01626348
0.01621032
0.01622033
0.01632762
0.01649904
0.01646543
0.01600432
0.01607180
0.01607347
0.01605868
0.01601577
0.01625800
0.01625276
0.01621914
0.01630521
0.01646829
0.01655650
0.01650572
0.01647687
0.01647162
0.01603317
0.01610708
0.01600313
0.01628065
0.01631093
0.01639128
0.01631761
0.01630020
0.01627755
0.01638746
0.01658821
0.01657128
0.01667142
0.01649594
0.01638007
0.01628184
0.01633525
0.01625919
0.01622033
0.01629663
0.01673508
0.01656580
0.01636195
0.01632261
0.01636648
0.01637721
0.01705885
0.01738763
0.01731396
0.01707792
0.01747084
0.01683903
0.01735425
0.01656175
0.01660943
0.01660800
0.01677203
0.01669550
0.01656389
0.02829170
0.01687312
0.01683593
0.01700449
0.01690292
0.03369832
0.03346562
0.03326344
0.03438854
0.03469443
0.03436208
0.03458476
0.03442383
0.03428793
0.03421211
0.03392577
0.03427672
0.03421903
0.03477669
0.01750803
0.01727223
0.01723933
0.01726985
0.01705933
0.01697421
0.01706958
0.01706123
0.01706958
0.01695347
0.01697183
0.01699257
0.01696563
0.01690316
0.01700521
0.01698947
0.01670456
0.01696849
0.01749015
0.01768208
0.01753664
0.01824474
0.01784706
0.01666951
0.01694870
0.01684165
0.01654816
0.01694179
0.01674294
0.01666856
0.01665592
0.01677918
0.01722407
0.01684308
0.01683593
0.01690459
0.01754642
0.01653838
0.02513552
0.01655269
0.01656651
0.01653624
0.02994442
0.02950716
0.01660037
0.01663637
0.01649332
0.01673293
0.01645350
0.01650190
0.02946067
0.02915788
0.02922416
0.02904510
0.01631236
0.01630354
0.01638508
0.01649165
0.01641798
0.02904820
0.02946401
0.02952790
0.02948236
0.01675797
0.01669979
0.01641726
0.01656222
0.01638937
0.02499390
0.02914882
0.03423357
0.03340125
0.01658607
0.01648521
0.01633763
0.01627541
0.01628089
0.02545929
0.02992058
0.03091717
0.02538371
0.01644087
0.01640129
0.01645064
0.01649332
0.03044438
0.02924418
0.02929044
0.01723981
0.01699996
0.01707101
0.01757002
0.01722693
0.03287697
0.03082299
0.03107667
0.03265381
0.01696730
0.01745129
0.01722240
0.01727438
0.01762247
0.01738119
0.03125334
0.02917361
0.03031015
0.01655126
0.01644754
0.01681876
0.01636910
0.01631784
0.01609159
0.03074956
0.02873015
0.02907228
0.01621199
0.01631331
0.01629424
0.01637387
0.01629305
0.01648235
0.01643920
0.02941942
0.02909446
0.01702309
0.01703930
0.01663089
0.01697087
0.01657557
0.01639462
0.01666427
0.02114964
0.03008842
0.02982283
0.02069426
0.01605988
0.01633763
0.01630092
0.01633310
0.01637602
0.01630616
0.01627159
0.02935147
0.02929735
0.02097917
0.01626348
0.01609731
0.01627207
0.01614285
0.01631951
0.01636624
0.01627398
0.02480245
0.02892995
0.02919793
0.01636314
0.01636767
0.01627040
0.01628208
0.01651287
0.02513862
0.01629853
0.01610994
0.01631832
0.01635933
0.02031660
0.01607180
0.01609302
0.01678252
0.01696229
0.01698518
0.01691604
0.01714897
0.01742935
0.01735926
0.01714468
0.01708341
0.01690149
0.01688838
0.01680303
0.01688576
0.01685476
0.01684809
0.01694393
0.01710773
0.01676583
0.01659060
0.01628423
0.01662970
0.01682472
0.01683354
0.01666427
0.01671672
0.01686454
0.01670241
0.01700974
0.01722908
0.01695633
0.01676583
0.01694489
0.02275229
0.03374290
0.03386140
0.03395438
0.03350925
0.03356218
0.03388309
0.02879906
0.02939868
0.02969480
0.02916169
0.02946019
0.03080130
0.02926612
0.02492952
0.02255416
0.01682186
0.02048445
0.02848887
0.02901006
0.02449751
0.02068853
0.02114081
0.01634479
0.01690626
0.01641655
0.01642513
0.02910995
0.02927804
0.02987480
0.03016853
0.02983189
0.02980733
0.02809095
0.02252841
0.01677132
0.01681614
0.01676917
0.02256799
0.03322864
0.02928925
0.02855611
0.01624250
0.01670432
0.01644301
0.01649284
0.01646852
0.01620054
0.01604223
0.01602578
0.02948737
0.02954865
0.02979207
0.01738858
0.01950336
0.01734400
0.01730466
0.01722383
0.01715565
0.01689053
0.02977419
0.03064966
0.03031468
0.02993488
0.03062749
0.01722741
0.01701736
0.01670647
0.01696134
0.01721072
0.01734567
0.03511119
0.03713989
0.03986764
0.03962898
0.02889395
0.01783276
0.01760602
0.01729703
0.01737714
0.01775217
0.04118800
0.04131413
0.04087400
0.03910112
0.04090810
0.03253531
0.01792407
0.01714468
0.01781559
0.01833630
0.01801276
0.04871464
0.03887177
0.04012418
0.01885891
0.01730442
0.01740217
0.01742053
0.01718903
0.01787639
0.02286506
0.03405023
0.03379822
0.01641607
0.01654029
0.01642847
0.01641917
0.01642275
0.02211022
0.03362346
0.03464842
0.01742053
0.01728868
0.01665258
0.01660872
0.01640892
0.01648927
0.02165318
0.02128625
0.01640058
0.01637197
0.01638722
0.01638651
0.01661444
0.01678038
0.01657319
0.01652384
0.03014541
0.01739621
0.01736188
0.01737261
0.01667047
0.01695156
0.01679969
0.03002691
0.03048158
0.01728082
0.01745296
0.01726508
0.01749754
0.01695633
0.02967358
0.03030539
0.01739502
0.01748705
0.01694345
0.01680279
0.01681542
0.03084540
0.03181767
0.01727033
0.01771688
0.02027178
0.01729298
0.02999115
0.03149319
0.03125978
0.03038573
0.01693130
0.01687479
0.01701188
0.03102517
0.03177762
0.03130960
0.02519441
0.01737905
0.01693344
0.01712251
0.02844810
0.03430653
0.01700544
0.01689148
0.01692629
0.01686835
0.01683664
0.03405356
0.03419113
0.01692867
0.01692820
0.01693201
0.01720500
0.01716590
0.01731205
0.02309132
0.01752234
0.01689625
0.01700521
0.01708269
0.01721954
0.01673794
0.01696920
0.01687455
0.01690674
0.01769495
0.01719999
0.01722288
0.01737547
0.01677442
0.01688623
0.01679468
0.01700044
0.01675630
0.01704931
0.01701808
0.01645207
0.01671243
0.01648879
0.01655602
0.01667500
0.01668572
0.01675653
0.01689601
0.01766849
0.01826048
0.01796818
0.01761651
0.01771474
0.01797891
0.02727890
0.03643656
0.03706694
0.01794815
0.01837158
0.01828933
0.01854515
0.01813507
0.01841974
0.01825619
0.01836634
0.01846457
0.01729012
0.01641893
0.01635480
0.01660991
0.01644135
0.01632643
0.01634383
0.01675129
0.01730633
0.01695800
