0.00204420
0.01726151
0.01666021
0.01712584
0.01701093
0.01711965
0.01692319
0.01732969
0.01706958
0.01675367
0.01674318
0.01692200
0.01661897
0.01685953
0.01646590
0.01761270
0.01700735
0.01723337
0.01693368
0.01649547
0.01681733
0.01756239
0.01650000
0.01674747
0.01691604
0.01738191
0.01696134
0.01794434
0.01725411
0.01659226
0.01707816
0.01651788
0.01678538
0.01741481
0.01752043
0.01653242
0.01682591
0.01744056
0.01674104
0.01729703
0.01726770
0.01699209
0.01742411
0.01680875
0.01719642
0.01733112
0.01693368
0.01696754
0.01727200
0.01716924
0.01776981
0.01707578
0.01849461
0.01721239
0.01734018
0.01821589
0.01720214
0.01705956
0.01782966
0.01714396
0.01696754
0.01680946
0.01695633
0.01684761
0.01675797
0.01694107
0.01712084
0.01683140
0.01751924
0.01712251
0.01711488
0.01762128
0.01731682
0.01720357
0.01757360
0.01727486
0.01700044
0.01707721
0.01749301
0.01783991
0.01696777
0.01794910
0.01774359
0.01677847
0.01696444
0.01675344
0.01698661
0.01642513
0.01776981
0.01810837
0.01694727
0.01660657
0.01743817
0.02244830
0.01682138
0.01665378
0.01689243
0.01681042
0.01808834
0.01652622
0.01679206
0.01737165
0.01921725
0.01746273
0.01895547
0.01942182
0.01824856
0.01761341
0.01715565
0.01783204
0.01758194
0.01731873
0.01730990
0.01656461
0.01675153
0.01681519
0.01715946
0.01678133
0.01670361
0.01701021
0.01738524
0.01674175
0.01656413
0.01673079
0.01837134
0.01783085
0.01768208
0.01682281
0.01708436
0.01669407
0.01692891
0.01730776
0.01674438
0.01640534
0.01739144
0.01703930
0.01684380
0.01731992
0.01731992
0.01746202
0.01695347
0.01789737
0.01680112
0.01730323
0.01659703
0.01681685
0.01739836
0.01646161
0.01675534
0.01749969
0.01693034
0.01669383
0.01684332
0.01716661
0.01682305
0.01658702
0.01723361
0.01714921
0.01660180
0.01688552
0.01671457
0.01795626
0.01690578
0.01855898
0.01690936
0.01709509
0.01699042
0.01672816
0.01686549
0.01684594
0.01669598
0.01688576
0.01676178
0.01728797
0.01671195
0.01765823
0.01812553
0.01673341
0.01683283
0.01724768
0.01723218
0.01670551
0.01773334
0.01783514
0.01725626
0.01674986
0.01672816
0.01710606
0.01744294
0.01708055
0.01795721
0.01721716
0.01792169
0.01706958
0.01750207
0.01695561
0.01716852
0.01700687
0.01740456
0.01685429
0.01751208
0.01764441
0.01761651
0.01721430
0.01684904
0.01679015
0.01681328
0.01787710
0.01677918
0.01706839
0.01697636
0.01687098
0.01822877
0.01681781
0.01753020
0.01715636
0.01693392
0.01773119
0.01713037
0.01719356
0.01767325
0.01717496
0.01713228
0.01670218
0.01764059
0.01718950
0.01722002
0.01756859
0.01758337
0.01673436
0.01676655
0.01721358
0.01764441
0.01674986
0.01741624
0.01746559
0.01678824
0.01684189
0.01694727
0.01701164
0.01767063
0.01681781
0.01702571
0.01712179
0.01698852
0.01719499
0.01701784
0.01724267
0.01740551
0.01715803
0.01721478
0.01679468
0.01727748
0.01687360
0.01728725
0.01704240
0.01861572
0.01685715
0.01728010
0.01681733
0.01685023
0.01779938
0.01715398
0.01691437
0.01748848
0.01787019
0.01694465
0.01711845
0.01770353
0.01677680
0.01669097
0.01741695
0.01686931
0.01694894
0.01700282
0.01707053
0.01663542
0.01821852
0.01791859
0.01723886
0.01766753
0.01786613
0.01708555
0.01745582
0.01804566
0.01715779
0.01830697
0.01786757
0.01711345
0.01774788
0.01829839
0.01722383
0.01731157
0.01716566
0.01725745
0.01696754
0.01714134
0.01753330
0.01735091
0.01694989
0.01700807
0.01707363
0.01692986
0.01750803
0.01718068
0.01731896
0.01701641
0.01719761
0.01681089
0.01692867
0.01729441
0.01745725
0.01755571
0.01686072
0.01712370
0.01725769
0.01703715
0.01731539
0.01676631
0.01710892
0.01699090
0.01755595
0.01675296
0.01758099
0.01720691
0.01701260
0.01875806
0.01708388
0.01774454
0.01728129
0.01761603
0.01725245
0.01727629
0.01699400
0.01739240
0.01689768
0.01676345
0.01741290
0.01731038
0.01763225
0.01777291
0.01752758
0.01775241
0.01704192
0.01710534
0.01738214
0.01710224
0.01685095
0.01745844
0.01682305
0.01768017
0.01683998
0.01706433
0.01683807
0.01681876
0.01703310
0.01720476
0.01691699
0.01699948
0.01687360
0.01709628
0.01730156
0.01688719
0.01785326
0.01728392
0.01678371
0.01725769
0.01687717
0.01696634
0.01747179
0.01757693
0.01734567
0.01796556
0.01883626
0.01795602
0.01755786
0.01719928
0.01828647
0.01781940
0.01710868
0.01778269
0.01760721
0.01715112
0.01804399
0.01760173
0.01713467
0.01822567
0.01742649
0.01715541
0.01774645
0.01749635
0.01706076
0.01737356
0.01676178
0.01652288
0.01654172
0.01696706
0.01723742
0.01718259
0.01806092
0.01744533
0.01710987
0.01689458
0.01766038
0.01727343
0.01710749
0.01768088
0.01693511
0.01744509
0.01738024
0.01686144
0.01738524
0.01704001
0.01698399
0.01734781
0.01741266
0.01884460
0.01776910
0.01721406
0.01695967
0.01681733
0.01738429
0.01688600
0.01741338
0.01741099
0.01721454
0.01750278
0.01724219
0.01773930
0.01657391
0.01701951
0.01739693
0.01697111
0.01654387
0.01702666
0.01669216
0.01759720
0.01758766
0.01697826
0.01818442
0.01716900
0.01744866
0.01773787
0.01795769
0.01750159
0.01720953
0.01711965
0.01676607
0.01678967
0.01746774
0.01754642
0.01685238
0.01708364
0.01706219
0.01678205
0.01736331
0.01754832
0.01752973
0.01708055
0.01739359
0.01695609
0.01714039
0.01728129
0.01756620
0.01686978
0.01698947
0.01724172
0.01673293
0.01744175
0.01680446
0.01739311
0.01774740
0.01692319
0.01689672
0.01725936
0.01746154
0.01710701
0.01694226
0.01705337
0.01684499
0.01759338
0.01731300
0.01750302
0.01685596
0.01676822
0.01708436
0.01700330
0.01790547
0.01837540
0.01834249
0.01755595
0.01771665
0.01775575
0.01757121
0.01751637
0.01755762
0.01685715
0.01730371
0.01684809
0.01754928
0.01791716
0.01691651
0.01690364
0.01683545
0.01722312
0.01736879
0.01825285
0.01665592
0.01731181
0.01680589
0.01738620
0.01737428
0.01752448
0.01798868
0.01771259
0.01717925
0.01668572
0.01686358
0.01711321
0.01727057
0.01661992
0.01710415
0.01699209
0.01772809
0.01721954
0.01838136
0.01671243
0.01729941
0.01670265
0.01743388
0.01711464
0.01703835
0.01692271
0.01696897
0.01746273
0.01798868
0.01760292
0.01735950
0.01696897
0.01753664
0.01760173
0.01734328
0.01695418
0.01743436
0.01738238
0.01649332
0.01795077
0.01852417
0.01706243
0.01731730
0.01689816
0.01662159
0.01695991
0.01686502
0.01720452
0.01724792
0.01659131
0.01752853
0.01755953
0.01764035
0.01675749
0.01655936
0.01722264
0.01709580
0.01658607
0.01680732
0.01652217
0.01751876
0.01711583
0.01801610
0.01746655
0.01682425
0.01685572
0.01711655
0.01692033
0.01766849
0.01667118
0.01666880
0.01711249
0.01728106
0.01646733
0.01654530
0.01697612
0.01710796
0.01708436
0.01784730
0.01670933
0.01705384
0.01658845
0.01705289
0.01683760
0.01732635
0.01661539
0.01676202
0.01762915
0.01734829
0.01681256
0.01661992
0.01690888
0.01761770
0.01705241
0.01737523
