0.00449347
0.02511168
0.02521491
0.02570605
0.02631545
0.02459455
0.02552795
0.02640891
0.02482772
0.02505207
0.02479100
0.02639580
0.02739477
0.02732635
0.02754831
0.02681923
0.02699590
0.02746797
0.02664375
0.02712846
0.02681780
0.02713895
0.02712393
0.02804422
0.02674794
0.02709460
0.02736235
0.02740431
0.02341390
0.02051616
0.02135587
0.01693559
0.01773977
0.01777506
0.01689720
0.01762867
0.01690555
0.01694322
0.01729941
0.01702070
0.01726198
0.01710105
0.01681590
0.01748967
0.01745582
0.01695323
0.01716471
0.01692867
0.01694870
0.01718831
0.01741242
0.01720619
0.01810455
0.01756310
0.01702332
0.01744699
0.01691079
0.01686978
0.01716661
0.01723886
0.01674485
0.01670051
0.01754403
0.01690888
0.01769876
0.01707196
0.01679540
0.01723814
0.01777601
0.01719856
0.01722169
0.01669097
0.01735306
0.01689243
0.01703405
0.01736927
0.01742244
0.01778054
0.01694345
0.01698756
0.01758790
0.01706076
0.01709557
0.01906681
0.01713824
0.01800442
0.01701427
0.01675367
0.01671195
0.01683116
0.01721501
0.01768351
0.01794577
0.01790023
0.01734781
0.01761603
0.01759100
0.01804972
0.01703453
0.01696301
0.01742458
0.01673126
0.01981354
0.02068496
0.02053547
0.02011204
0.02011681
0.02189398
0.02224112
0.02407360
0.02170634
0.02315903
0.02288175
0.02317166
0.02687120
0.02440882
0.02383447
0.02451062
0.02737665
0.02453017
0.02740216
0.02798486
0.02722287
0.02760577
0.02731204
0.02701926
0.02819490
0.02690077
0.02729201
0.02770472
0.02705073
0.02943611
0.02767015
0.02762341
0.02810240
0.02794528
0.02684569
0.02669668
0.02684021
0.02733874
0.02720428
0.02747822
0.02701545
0.02704430
0.02706647
0.02674341
0.02722526
0.02688718
0.02688408
0.02592254
0.02501011
0.02667141
0.02554393
0.02641416
0.02654338
0.02476668
0.02620625
0.02619743
0.02583551
0.02608013
0.02626109
0.02752066
0.02672982
0.02717352
0.02661109
0.02686930
0.02726793
0.02689648
0.02812195
0.02689838
0.02686644
0.02737641
0.02762580
0.02686357
0.02706289
0.02729869
0.02728271
0.02723813
0.02711844
0.02715850
0.02766967
0.02708030
0.02695704
0.02744913
0.02760148
0.02825499
0.02719522
0.02689934
0.02681589
0.02679491
0.02719784
0.02726722
0.02755618
0.02780414
0.02686334
0.02686071
0.02865601
0.02731013
0.02755785
0.02729273
0.02777696
0.02866292
0.02759361
0.02785349
0.02766609
0.02677441
0.02691364
0.02690864
0.02706623
0.02730870
0.02798033
0.02727175
0.02741766
0.02668595
0.02759981
0.02701116
0.02787375
0.02774501
0.02399731
0.02662206
0.02751279
0.02698803
0.02771688
0.02037930
0.01725793
0.01676655
0.01716518
0.01735902
0.01756549
0.01765537
0.01700997
0.01717496
0.01698065
0.01723409
0.01689720
0.01747108
0.01746392
0.01727080
0.01795816
0.01779199
0.01696181
0.01762056
0.01747036
0.01702237
0.01770377
0.01700926
0.01724553
0.01742196
0.01696038
0.02734113
0.02701211
0.02685761
