0.00176096
0.02210689
0.01895952
0.01723909
0.01822996
0.01649499
0.01682734
0.01721740
0.01661372
0.01654196
0.01687527
0.01650453
0.01683497
0.01677752
0.01694965
0.01663637
0.01672816
0.01669431
0.01699233
0.01678157
0.01733923
0.01643682
0.01716924
0.01643658
0.01651406
0.01677084
0.01658416
0.01643682
0.01690650
0.01710391
0.01703095
0.01757097
0.01745534
0.01709366
0.01734018
0.01719522
0.01717877
0.01820111
0.01666331
0.01711988
0.01746559
0.01707983
0.01744723
0.01719236
0.01734471
0.01740265
0.01676869
0.01702595
0.01695991
0.01706171
0.01687813
0.01750016
0.01715398
0.01761127
0.01697516
0.01670599
0.01695895
0.01735497
0.01675725
0.01727772
0.01671457
0.01684976
0.01684952
0.01676846
0.01703191
0.01670146
0.01668882
0.01717877
0.01759100
0.01681089
0.01752353
0.01694107
0.01683927
0.01688552
0.01664901
0.01716280
0.01702476
0.01666379
0.01694703
0.01713228
0.01692939
0.01678443
0.01710558
0.01704884
0.01661277
0.01775527
0.01711679
0.01674223
0.01698232
0.01693654
0.01690173
0.01664782
0.01693916
0.01678514
0.01677656
0.01748562
0.01661611
0.01659489
0.01667309
0.01754975
0.01751423
0.01710701
0.01686835
0.01671314
0.01696491
0.01678085
0.01744437
0.01680613
0.01712108
0.01735544
0.01676321
0.01729369
0.01671648
0.01705003
0.01677513
0.01711273
0.01698160
0.01674891
0.01662827
0.01708150
