0.00206351
0.03461289
0.03425694
0.03452158
0.03439617
0.03553152
0.03468537
0.03433251
0.03663301
0.03542733
0.03479147
0.03643322
0.03577805
0.03635931
0.03479004
0.03512311
0.03486395
0.03443146
0.03611469
0.03525329
0.02956820
0.02271962
0.02332544
0.02310705
0.01727533
0.01744509
0.01702452
0.01733232
0.01722741
0.01753473
0.01695228
0.01696777
0.01764655
0.01683354
0.01756310
0.01697731
0.01754785
0.01744843
0.01719356
0.01705766
0.01798129
0.01886320
0.01765466
0.01718640
0.01769185
0.01721859
0.01735926
0.01732230
0.01700258
0.01714540
0.01773405
0.01800895
0.01737452
0.01748133
0.01765656
0.01696301
0.01739502
0.01757669
0.01685262
0.01711488
0.01711369
0.01808906
0.01721025
0.01766014
0.01719928
0.01758671
0.01756144
0.01704478
0.01738238
0.01740909
0.01707387
0.01721168
0.01717138
0.01687241
0.01680970
0.01732826
0.01769304
0.01693273
0.01774764
0.01696062
0.01789832
0.01704359
0.01713324
0.01721883
0.01759434
0.01811385
0.01695013
0.01796126
0.01752567
0.01713252
0.01725888
0.01701117
0.01686120
0.01689148
0.01784277
0.01781869
0.01661420
0.01742816
0.01703072
0.01749611
0.01678395
0.01771712
0.01729298
0.01697826
0.01798749
0.01685858
0.01710629
0.01757598
0.01744866
0.01771998
0.01726174
0.01742172
0.01706839
0.01716733
0.01825166
0.01798463
0.01766229
0.01694512
0.01778102
0.01688504
0.01752996
0.01704550
0.01732159
0.01779675
0.01722026
0.01709819
0.01753879
0.01772904
0.01683307
0.01750731
0.01921940
0.01711822
0.01760626
0.02341342
0.03187013
0.03237176
0.03295064
0.03400445
0.03247499
0.03139758
0.03408885
0.03789306
0.03816485
0.03666306
0.03980088
0.03637719
0.03634930
0.03287888
0.03867888
0.03873277
0.03317714
0.03139067
0.03260732
0.03248549
0.03168035
0.03251338
0.03058910
0.03204036
0.03039980
0.03410292
0.03205633
0.03159094
0.03233910
0.03211951
0.03140831
0.02976394
0.02285004
0.03138781
0.03237128
0.03184628
0.03240943
0.03215146
0.03065181
0.02409911
0.02597094
0.02467680
0.02428222
0.02973914
0.02705979
0.02488303
0.02364802
0.01775265
0.01667953
0.01707101
0.01734138
0.01790333
0.01688242
0.01704240
0.01741338
0.01767683
0.01747584
0.01718664
0.01704741
0.01739717
0.01709986
0.01750541
0.01814079
0.01722264
0.01879144
0.01796031
0.01762962
0.01816821
0.01747417
0.01737237
0.01762199
0.01720953
0.01696682
0.01806521
0.01767159
0.01730847
0.01709509
0.01724362
0.01681232
0.01726604
0.01795483
0.01702261
0.01763821
0.01695681
0.01734138
0.01737475
0.01790929
0.01718330
0.01721215
0.01746941
0.01766562
0.01712060
0.01697278
0.01731563
0.01748729
0.01805592
0.01809883
0.01814890
0.01752591
0.01792431
0.01759267
0.01725197
0.01765299
0.01781321
0.01702237
0.01748443
0.01704955
0.01698494
0.01772070
0.01698160
0.01797414
0.01704431
0.01706314
0.01719856
0.01692677
0.01811719
0.01798940
0.01805067
