0.00262499
0.01741982
0.01715374
0.01747036
0.01766992
0.01760459
0.01772308
0.01998401
0.01808333
0.01786923
0.01730871
0.01729894
0.01695800
0.01730585
0.01691318
0.01744866
0.01708341
0.01702952
0.01698256
0.01684761
0.01721907
0.01705432
0.01730776
0.01712704
0.01702571
0.01720905
0.01697755
0.01763225
0.01696515
0.01724410
0.01710606
0.01728582
0.01698804
0.01693249
0.01772594
0.01706123
0.01797724
0.01700234
0.01721668
0.01686192
0.01704454
0.01757741
0.01709247
0.01723933
0.01764369
0.01788187
0.01758122
0.01745701
0.01779103
0.01690078
0.01719856
0.01742148
0.01723194
0.01728058
0.01752758
0.01788044
0.01695657
0.01832151
0.01706314
0.01673985
0.01660824
0.01704359
0.01755524
0.01687598
0.01702499
0.01760483
0.01749110
0.01734495
0.01742363
0.01810193
0.01693821
0.01677275
0.01741743
0.01694632
0.01703382
0.01683116
0.01687908
0.01799726
0.01764083
0.01720667
0.01744318
0.01694894
0.01661539
0.01719141
0.01839995
0.01662517
0.01692247
0.01728916
0.01755881
0.01697254
0.01695132
0.01717710
0.01723957
0.01816583
0.01684642
0.01731300
0.01728177
0.01707911
0.01702023
0.01752281
0.01693654
0.01692057
0.01764750
0.01730251
0.01727843
0.01732707
0.01756835
0.01687074
0.01767731
0.01699877
0.01798511
0.01718926
0.01755786
0.01742601
0.01699734
0.01700807
0.01746678
0.01737428
0.01737571
0.01719594
0.01717687
0.01730609
0.01770067
0.01705670
0.01741886
0.01702738
0.01715493
0.01745319
0.01673269
0.01752067
0.01789165
0.01751208
0.01752448
0.01730514
0.01687884
0.01677227
0.01691890
0.01763463
0.01735258
0.01714373
0.01700759
0.01716685
0.01713037
0.01734710
0.01817703
0.01685691
0.01767111
0.01685500
0.01755214
0.01694512
0.01702452
0.01759243
0.01721096
0.01726103
0.01703215
0.01692891
0.01711082
0.01783371
0.01763725
0.01690650
0.01742148
0.01701760
0.01751137
0.01766300
0.01703048
0.01720572
0.01777029
0.01691961
0.01768374
0.01695037
0.01749992
0.01705337
0.01743960
0.01754951
0.01719213
0.01799107
0.01682281
0.01725054
0.01715851
0.01704669
0.01732659
0.01690602
0.01774621
0.01734138
0.01714301
0.01713133
0.01738143
0.01767182
0.01694441
0.01698995
0.01745701
0.01691818
0.01753950
0.01693225
0.01716471
0.01698422
0.01734114
0.01693082
0.01697874
0.01696968
0.01816773
0.01687145
0.01730084
0.01762962
0.01727962
0.01840091
0.01694417
0.01736355
0.01693392
0.01733804
0.01690531
0.01716161
0.01720452
0.01699972
0.01750970
0.01701117
0.01781344
0.01790190
0.01731944
0.01691175
0.01684546
0.01717591
0.01761985
0.01685977
0.01824379
0.01710582
0.01748586
0.01963401
0.01966000
0.02220941
0.02396321
0.02138281
0.02406335
0.02310038
0.02495694
0.02445126
0.02283931
0.02406025
0.02236819
0.02355433
0.02364969
0.02347136
0.02278376
0.02407598
0.02118802
0.02369714
0.02071357
0.02331495
0.02374053
0.02325654
0.02337360
0.02575922
0.02286267
0.02445459
0.02207112
0.02359366
0.02349329
0.02359486
0.02242780
0.02488017
0.02442384
0.02403951
0.02424455
0.02441168
0.02503300
0.02401137
0.02381015
0.02419066
0.02740145
0.02586460
0.02690220
0.02572966
0.02610898
0.02586365
0.02494812
0.02070403
0.01725221
0.01733184
0.01814723
0.01714349
0.01725674
0.01687121
0.01758718
0.01691818
0.01737571
0.01732039
0.01752448
0.01995325
0.01912403
0.01942182
0.02229977
0.02207232
0.02220130
0.02178168
0.02434587
0.02356529
0.02449322
0.02504921
0.02437305
0.02390623
0.02398849
0.02421260
0.02411008
0.02386141
0.02295661
0.02469397
0.02364993
0.02415752
0.02391505
0.02388096
0.02327633
0.02463841
0.02466583
0.02456188
0.02464557
0.02428031
0.02432442
0.02418303
0.02384901
0.02399755
0.02389216
0.02402782
0.02385855
0.02369332
0.02517605
0.02443647
0.02424502
0.02424240
0.02438426
0.02415419
0.02386642
0.02390122
0.02478337
0.02533531
0.02460337
0.02458024
0.02493501
0.02470899
0.02419543
0.02350903
0.02263427
0.02290440
0.02326441
0.02409458
0.02314115
0.02505350
0.02359986
0.02476454
0.01877546
0.01736069
0.01746631
0.01734447
0.01732326
0.01753259
0.01841116
0.01792812
0.01852727
0.01787186
0.01756811
0.01783299
0.01719999
0.01680708
0.01664209
0.01684737
0.01743317
0.01754665
0.01750684
0.01738906
0.01727986
0.01710439
0.01766610
0.01752710
0.01721168
0.01749301
0.02010083
0.02030563
0.02179193
0.02314925
0.02348185
0.02271175
0.02249718
0.02303123
0.02473283
0.02408862
0.02404118
0.02396894
0.02564931
0.02306724
0.02370739
0.02254939
0.02416611
0.02456570
0.02297330
0.02305293
0.02387762
0.02356458
0.02352715
0.02436686
0.02435446
0.02256775
0.02341366
0.02351308
0.02486491
0.02345133
0.02373409
0.02176714
0.02448869
0.02336764
0.02418852
0.02371478
0.02257681
0.01748204
0.01727176
0.01759100
0.01679158
0.01826763
0.01722097
0.01705170
0.01759362
0.01776218
0.01734161
0.01713371
0.01780057
0.02353358
0.02037621
0.02446222
0.02422261
0.02261281
0.02455926
0.02387524
0.02317762
0.02411246
0.02243686
0.02336645
0.02282143
0.02232838
0.02464652
0.02439880
0.02355552
0.02451873
0.02347493
0.02384567
0.02415323
0.02335596
0.02453208
0.02432132
0.02437472
0.02402234
0.02197480
0.01934123
0.02263355
0.02434134
0.02446866
0.02412224
0.02433968
0.02400827
0.02384305
0.02442884
0.02149343
0.02230024
0.02209306
0.02169919
0.02224755
0.02009439
0.01936388
0.01729512
0.01795912
0.01749587
0.01927567
0.01977515
0.02247214
0.02478528
0.02469110
0.02398944
0.02343607
0.02259207
0.02264619
0.02324462
0.02371764
0.02271175
0.02229285
0.02305150
0.02473426
0.02492142
0.02433920
0.02434468
0.02415204
0.02457118
0.02416754
0.02404928
0.02428293
0.02509689
0.02477145
0.02418256
0.02400041
0.02429676
0.02458501
0.02544951
0.02198863
0.02214861
0.02036667
0.01937222
0.01981187
0.01949596
0.01946402
0.02199912
0.02168298
0.02199078
0.02390504
0.02450657
0.02440262
0.02428365
0.02401471
0.02388453
0.02184629
0.02010965
0.01711512
0.01797342
0.01785684
0.01701951
0.01774740
0.01767135
0.01687169
0.01754546
0.01731396
0.01753736
0.01708674
0.01787043
0.01735520
0.01787305
0.01752877
0.01716280
0.01987672
0.01937270
0.02187419
0.02400231
0.02217913
0.02447438
0.02457929
0.02463245
0.02481318
0.02393174
0.02400136
0.02412677
0.02409244
0.02412224
0.02474904
0.02435589
0.02418542
0.02450776
0.02421689
0.02432632
0.02460694
0.02451015
0.02430820
0.02403259
0.02490711
0.02401662
0.02378988
0.02396250
0.02389169
0.02532530
0.02414513
0.02419591
0.02429485
0.02438545
0.02472472
0.02423096
0.02479792
0.02498269
0.02412176
0.02470088
0.02424622
0.02423739
0.02493548
0.02446651
0.02487683
0.02422071
0.02402210
0.02457023
0.02419806
0.02440834
0.02397513
0.02495790
0.02415848
0.02418399
0.02397013
0.02447820
0.02344632
0.02457738
0.02226710
0.02403569
0.02232122
0.02307081
0.02423453
0.02305388
0.02260423
0.02457666
0.02198839
0.02329111
0.02313948
0.02291751
0.02292609
0.02308846
0.02249885
0.02240682
0.02422953
0.02266788
0.02370071
0.02378654
0.02516079
0.02282429
0.02504253
0.02476120
0.02465034
0.02448130
0.02599192
0.02540517
0.02490425
0.02529740
0.02570295
0.02543879
0.02524114
0.02460527
0.02432537
0.02419877
0.02418637
0.02429080
0.02431417
0.02391839
0.02392912
0.02421689
0.02471948
0.02412462
0.02445173
0.02437520
0.02415895
0.02387786
0.02555466
0.02468276
0.02476549
0.02432561
0.02529120
0.02427101
0.02461243
0.02497292
0.02417803
0.02422428
0.02455711
0.02409959
0.02384853
0.02455115
0.02389336
0.02424431
0.02412415
0.02447701
0.02410054
0.02393031
0.02377844
0.02384233
0.02387762
0.02255821
0.02325130
0.02275276
0.02255034
0.02435684
0.02428985
0.02506495
0.02468777
0.02323794
0.02458549
0.02457118
0.02446675
0.02160645
0.02150106
0.02308607
0.02146363
0.01948500
0.01968431
0.01931930
0.01689982
0.01749778
0.01749253
0.01737571
0.01729298
0.01766801
0.01687694
0.01732802
0.01708913
0.01736426
0.01724839
0.01748109
0.01696849
0.01726055
0.01756001
0.01714396
0.01768470
0.01727819
0.01756287
0.01756692
0.01703501
0.01748490
0.01695013
0.01741052
0.01724386
0.01752281
0.01745701
0.01684475
0.01764321
0.01920605
0.02182555
0.02211189
0.02450609
0.02455235
0.02449274
0.02434111
0.02414799
0.02449632
0.02396727
0.02438784
0.02413869
0.02442312
0.02414155
0.02375650
0.02397203
0.02432680
0.02384162
0.02370119
0.02462959
0.02415204
0.02493024
0.02399015
0.02400994
0.02047515
0.01682258
0.01720095
0.01742029
0.01755619
0.01701784
0.01722741
0.01734233
0.01678395
0.01793098
0.01709199
0.02185297
0.02402663
0.02407360
0.02420163
0.02401352
0.02406335
0.02404380
0.02427340
0.02410626
0.02415490
0.02392817
0.02413607
0.02391505
0.02385449
0.02369690
0.02526617
0.02420831
0.02434373
0.02414036
0.02453637
0.02409887
0.02407694
0.02216363
0.02521253
0.02474713
0.02431703
0.02414107
0.02412367
0.02458096
0.02406049
0.02143812
0.01992893
0.01978064
0.01952457
0.02213764
0.02467632
0.02465773
0.02466154
0.02396584
0.02429342
0.02434540
0.02418685
0.02388740
0.02416945
0.02382731
0.02426457
0.02407932
0.02402878
0.02377272
0.02507401
0.02386069
0.02513814
0.02408743
0.02443457
0.02394843
0.02442336
0.02443099
0.02458906
0.02491570
0.02439666
0.02483559
0.02373743
0.02423644
0.02418804
0.02425957
0.02421212
0.02437735
0.02449250
0.02420497
0.02164268
0.02013230
0.01716161
0.01755047
0.01714468
0.01694226
0.01743364
0.01766849
0.01725817
0.01713490
0.01723766
0.01708651
0.01681614
0.01744413
0.01697278
0.01740336
0.01754928
0.01684833
0.01733112
0.01962781
0.02131510
0.01988769
0.01708961
0.01789117
0.01791978
0.01682258
0.01695514
0.01711440
0.01762915
0.01721311
0.01724339
0.01817203
0.01700282
0.01765966
0.01699162
0.01756072
0.01741815
0.01713014
0.01789713
0.01701069
0.01778030
0.01715112
0.01772189
0.01740980
0.01746082
0.01756024
0.01687551
0.01772952
0.01701427
0.01747751
0.01682186
0.01727939
0.01773119
0.01703191
0.01706743
0.01686096
0.01699948
0.01722288
0.01761341
0.01850629
0.01700616
0.01693344
0.01764297
0.02307534
0.02370667
0.02384138
0.02411866
0.02413130
0.02393723
0.02422976
0.02391267
0.02476072
0.02133060
0.01806760
0.01711679
0.01737428
0.01720667
0.01764703
0.01895785
0.02389908
0.02525759
0.02501273
0.02449203
0.02460003
0.02442741
0.02435732
0.02375245
0.02475834
0.02470398
0.02502251
0.02050996
0.02157402
0.02302766
0.02377343
0.02395344
0.02140331
0.02464223
0.02258444
0.02314329
0.02283072
0.02320933
0.02207279
0.02440023
0.02297711
0.02323723
0.02308083
0.02360940
0.02260995
0.02332973
0.02244973
0.02310467
0.02637792
0.02319741
0.02297473
0.02365446
0.02147508
0.02168202
0.02374125
0.02274776
0.02337956
0.02393341
0.02411962
0.02334023
0.02367163
0.02391243
0.02329731
0.02207160
0.02238679
0.02263689
0.02284694
0.02187228
0.02353406
0.02320910
0.02531362
0.02306986
0.02122664
0.02363777
0.02387929
0.02366638
0.02334523
0.02249074
0.02330923
0.02355790
0.02391982
0.02420235
0.02434015
0.02316046
0.02461147
0.02348590
0.02522826
0.02233267
0.02478790
0.02344942
0.02326632
0.02467895
0.02502418
0.02646589
0.02721238
0.02676964
0.02600551
0.02667856
0.02526951
0.02265263
0.02257681
0.02395320
0.02279520
0.02291679
0.02419972
0.02376533
0.02431369
0.02372909
0.02315044
0.02421403
0.02266884
0.02482748
0.02543712
0.02393556
0.02336216
0.02350497
0.02260661
0.02436495
0.02418852
0.02528214
0.02394199
0.02489996
0.02403736
0.02441359
0.02419972
0.02527118
0.02498770
0.02460885
0.02523661
0.02426004
0.02426362
0.02396131
0.02495217
0.02413988
0.02394271
0.02424645
0.02409029
0.02395654
0.02366734
0.02375197
0.02419233
0.02408910
0.02499652
0.02418470
0.02506280
0.02443743
0.02533078
0.02533412
0.02396989
0.02464652
0.02447128
0.02418947
0.02394295
0.02398252
0.02395606
0.02426600
0.02364397
0.02472711
0.02393150
0.02380466
0.02432442
0.02427840
0.02388859
0.02424288
0.02365971
0.02362442
0.02380204
0.02392101
0.02389836
0.02396917
0.02393651
0.02403474
0.02371287
0.02408171
0.02389669
0.02394962
0.02400208
0.02412057
0.02430224
0.02526903
0.02475238
0.02429080
0.02429867
0.02416372
0.02518964
0.02544022
0.02440906
0.02444887
0.02408123
0.02422690
0.02447200
0.02452683
0.02389121
0.02467561
0.02423215
0.02403092
0.02407789
0.02405834
0.02454662
0.02426720
0.02468324
0.02481270
0.02331519
0.02366042
0.02463531
0.02358150
0.02315092
0.02345753
0.02294326
0.02408648
0.02387261
0.02363729
0.02461743
0.02299023
0.02350259
0.02256155
0.02386689
0.02283072
0.02309370
0.02426744
0.02388382
0.02412415
0.02428842
0.02345324
0.02312040
0.02314329
0.02338338
0.02362871
0.02407765
0.02278686
0.02344370
0.02413535
0.02327204
0.02346158
0.02294326
0.02383804
0.02363539
0.02348709
0.02269697
0.02394533
0.02363181
0.02409244
0.02274156
0.02409792
0.02362251
0.02227044
0.02333879
0.02317142
0.02359200
0.02337503
0.02525949
0.02371478
0.02576661
0.02620673
0.02571774
0.02309608
0.02571273
0.02513552
0.02544117
0.02604651
0.02501392
0.02584720
0.02368760
0.02644682
0.02639580
0.02564049
0.02588534
0.02657604
0.02482629
0.02527118
0.02705169
0.02309322
0.02377391
0.02417421
0.02445340
0.02343273
0.02380586
0.02322054
0.02386093
0.02344871
0.02359080
0.02492547
0.02406478
0.02330995
0.02316356
0.02477646
0.02396536
0.02419400
0.02207899
0.02642107
0.02520108
0.02636290
0.02594090
0.02556849
0.02575922
0.02644992
0.02553248
0.02590895
0.02407908
0.02096176
0.01847100
0.01725793
0.01793098
0.01736760
0.01978230
0.02475667
0.02690077
0.02606106
0.02712369
0.02563143
0.02584386
0.02206135
0.02261734
0.02258062
0.02401638
0.02380490
0.02334690
0.02300262
0.02403569
0.02306461
0.02272630
0.02469516
0.02138638
0.01751900
0.01910257
0.02121520
0.02305007
0.02430701
0.02230191
0.02342486
0.02238679
0.02384901
0.02250123
0.02384877
0.02325273
0.02382517
0.02180839
0.02307963
0.02469611
0.02353907
0.02476716
0.02447987
0.02574158
0.02332640
0.02346611
0.02234483
0.02364516
0.02414632
0.02452636
0.02408195
0.02384424
0.02287698
0.02390432
0.02303481
0.02329421
0.02361608
0.02345872
0.02460027
0.02423859
0.02373457
0.02408361
0.02352881
0.02340841
0.02371550
0.02252340
0.02227998
0.02367878
0.02332044
0.02380514
0.02297878
0.02323890
0.02388978
0.02435780
0.02139807
0.01992202
0.01715279
0.01738381
0.01687193
0.01715469
0.01918769
0.01941538
0.02074552
0.01914239
0.02183175
0.01927233
0.02236891
0.02007723
0.02042532
0.01742220
0.01711822
0.01709676
0.01718736
0.01710987
0.01702547
0.01765990
0.01748681
0.01728177
0.01781559
0.01727819
0.02033615
0.01914930
0.02198648
0.02423954
0.02305984
0.02459288
0.02309632
0.02347183
0.02350402
0.02284718
0.02345514
0.02377605
0.02299953
0.02261233
0.02391720
0.02412558
0.02311039
0.02402115
0.02232122
0.02273965
0.02270579
0.02594638
0.02318215
0.02385902
0.02412271
0.02662230
0.02647901
0.02572370
0.02542019
0.02718520
0.02663040
0.02444005
0.02337599
0.02549744
0.02336359
0.02675653
0.02412224
0.02380323
0.02436304
0.02260947
0.02427173
0.02453589
0.02283978
0.02470517
0.02569818
0.02530837
0.02454782
0.02456594
0.02334046
0.02351284
0.02363920
0.02383375
0.02455544
0.02265048
0.02302289
0.02305174
0.02324605
0.02371383
0.02468514
0.02493548
0.02450919
0.02430248
0.02427220
0.02429748
0.02398682
0.02383733
0.02402329
0.02435565
0.02354121
0.02283096
0.02314830
0.02231717
0.02320552
0.02291369
0.02413988
0.02276111
0.02451634
0.02368450
0.02275038
0.02240729
0.02441692
0.02446699
0.02477694
0.02416468
0.02399111
0.02388096
0.02436066
0.02451801
0.02452707
0.02439189
0.02466321
0.02476358
0.02482462
0.02438474
0.02459788
0.02417731
0.02430463
0.02407336
0.02369308
0.02452779
0.02411461
0.02518654
0.02449918
0.02433753
0.02421570
0.02395868
0.02474785
0.02422881
0.02506804
0.02437425
0.02393556
0.02436423
0.02376676
0.02394223
0.02397728
0.02384663
0.02255392
0.02380753
0.02222633
0.02264595
0.02402616
0.02332616
0.02344847
0.02674627
0.02420783
0.02647400
0.02628398
0.02294159
0.02494097
0.02317834
0.02306867
0.02282047
0.02327800
0.02505064
0.02274108
0.02378249
0.02451086
0.02424669
0.02409601
0.02539754
0.02442980
0.02442670
0.02405262
0.02524567
0.02478886
0.02436161
0.02393746
0.02404404
0.02472210
0.02224159
0.01742005
0.01724100
0.01675034
0.01762223
0.01926970
0.01966524
0.02226472
0.02031612
0.01767612
0.02043200
0.02007675
0.02058172
0.01955366
0.02044034
0.01961136
0.01971555
0.02305889
0.02227211
0.02289891
0.02199101
0.02362847
0.02476048
0.02423167
0.02563548
0.02445722
0.02341104
0.02335525
0.02317786
0.02254152
0.02423024
0.02215791
0.02303505
0.02356863
0.02450323
0.02262044
0.02316189
0.02241182
0.02467322
0.02373862
0.02415085
0.02480578
0.02637315
0.02453709
0.02645946
0.02611446
0.02576995
0.02534842
0.02514672
0.02526331
0.02561045
0.02551842
0.02520871
0.02626872
0.02588153
0.02543640
0.02590418
0.02693057
0.02473640
0.02498627
0.02477551
0.02454042
0.02455783
0.02433562
0.02554703
0.02501416
0.02480459
0.02464795
0.02401900
0.02469826
0.02417541
0.02467895
0.02401257
0.02393794
0.02424479
0.02387714
0.02446723
0.02458453
0.02484894
0.02431488
0.02458978
0.02396536
0.02376413
0.02415848
0.02413297
0.02377105
0.02428508
0.02416444
0.02380657
0.02407813
0.02419162
0.02207899
0.01947093
0.01713848
0.01726770
0.01753712
0.01687312
0.01681256
0.01750922
0.01750994
0.02019095
0.02026749
0.02095079
0.02245641
0.02334404
0.02477598
0.02329302
0.02398252
0.02393961
0.02393913
0.02426600
0.02357340
0.02438450
0.02398658
0.02394605
0.02342772
0.02419758
0.02349806
0.02425432
0.02312422
0.02294374
0.02382636
0.02269888
0.02470040
0.02290082
0.02456355
0.02414203
0.02305317
0.02414703
0.02425933
0.02297354
0.02317858
0.02525568
0.02017140
0.01747465
0.01786566
0.01678634
0.01772618
0.01700163
0.01778769
0.02098131
0.02401924
0.02289033
0.02462173
0.02429223
0.02328920
0.02413034
0.02560019
0.02389908
0.02494478
0.02235413
0.02277493
0.02419472
0.02436566
0.02395082
0.02512407
0.02379894
0.02475834
0.02250600
0.02436829
0.02278352
0.02333832
0.02324104
0.02437854
0.02271652
0.02349353
0.02239847
0.02209353
0.02344823
0.02374220
0.02490807
0.02438259
0.02482629
0.02461505
0.02433157
0.02386856
0.02442741
0.02415967
0.02425957
0.02398753
0.02363873
0.02373457
0.02413964
0.02424169
0.02648997
0.02530527
0.02418685
0.02390671
0.02486968
0.02457094
0.02458954
0.02414632
0.02424288
0.02426696
0.02507639
0.02413750
0.02452087
0.02457905
0.02415419
0.02432108
0.02417684
0.02448606
0.02431059
0.02517414
0.02424622
0.02477622
0.02462840
0.02498484
0.02524400
0.02545309
0.02625632
0.02644324
0.02595592
0.02554917
0.02568269
0.02503324
0.02519321
0.02412486
0.02439785
0.02450442
0.02430868
0.02428412
0.02574110
0.02436805
0.02392435
0.02435827
0.02586937
0.02539134
0.02452826
0.02413130
0.02384853
0.02465034
0.02409601
0.02444363
0.02433109
0.02437997
0.02466702
0.02442956
0.02479339
0.02440214
0.02407312
0.02456522
0.02415967
0.02427602
0.02414775
0.02414489
0.02443099
0.02422476
0.02436185
0.02175403
0.01906967
0.01684737
0.01736021
0.01699615
0.01708651
0.01718330
0.01712155
0.01706409
0.01670289
0.01727509
0.01833844
0.01737118
0.01752329
0.01711106
0.01782823
0.01699066
0.01757860
0.01784754
0.01737309
0.01752520
0.01741934
0.01723504
0.01981306
0.02151108
0.02426815
0.02407217
0.02451897
0.02437663
0.02396059
0.02411008
0.02440476
0.02390075
0.02444673
0.02484107
0.02422953
0.02467966
0.02463627
0.02393126
0.02421808
0.02366686
0.02385688
0.02387404
0.02345371
0.02357459
0.02330661
0.02529645
0.02239299
0.02401471
0.02232385
0.02317190
0.02299428
0.02252507
0.02565050
0.02387094
0.02317381
0.02327800
0.02331758
0.02535439
0.02537751
0.02282977
0.01963449
0.01796055
0.01719618
0.01740026
0.01778865
0.01787972
0.01770377
0.01826668
0.01739049
0.01752925
0.01763058
0.01826882
0.01755667
0.01800299
0.01727176
0.02109480
0.02229619
0.02613449
0.02637887
0.02644634
0.02490020
0.02415347
0.02476144
0.02418852
0.02539587
0.02438283
0.02433538
0.02416182
0.02467108
0.02496433
0.02403426
0.02419162
0.02417493
0.02416992
0.02397490
0.02520370
0.02548528
0.02461219
0.02503514
0.02490115
0.02485442
0.02535987
0.02469945
0.02515054
0.02424884
0.02514720
0.02488828
0.02482343
0.02471256
0.02618957
0.02679253
0.02491212
0.02456379
0.02462125
0.02427006
0.02412415
0.02412033
0.02457452
0.02480960
0.02543402
0.02413774
0.02427506
0.02443886
0.02497363
0.02594995
0.02423048
0.02427959
0.02446294
0.02409983
0.02426910
0.02498460
0.02244020
0.02173400
0.02183485
0.01968336
0.01934457
0.02006721
0.02009439
0.01797199
0.01728725
0.01755619
0.01720119
0.01721954
0.01695013
0.01728821
0.01744866
0.01736903
0.01773477
0.01771832
0.01778555
0.01932406
0.01937866
0.01955605
0.01948929
0.02224278
0.02178669
0.02171969
0.02453136
0.02442741
0.02427316
0.02405572
0.02439117
0.02432227
0.02422404
0.02407646
0.02480149
0.02442980
0.02409124
0.02427244
0.02496147
0.02430320
0.02463555
0.02457356
0.02468681
0.02473545
0.02406883
0.02488708
0.02441335
0.02456808
0.02417302
0.02465320
0.02445698
0.02481627
0.02423787
0.02428842
0.02431107
0.02402377
0.02432799
0.02413702
0.02409077
0.02209663
0.01942921
0.01777267
0.01742554
0.01718926
0.01730275
0.01709056
0.01728773
0.01778722
0.01704502
0.01822639
0.01780200
0.01770878
0.01705599
0.01729107
0.01753855
0.02196980
0.02272701
0.02422214
0.02458191
0.02429676
0.02491999
0.02433729
0.02437997
0.02425480
0.02426744
0.02441120
0.02436852
0.02419496
0.02494645
0.02405715
0.02411270
0.02399039
0.02245569
0.01784229
0.01713657
0.01691318
0.01714301
0.01776648
0.01720810
0.01718140
0.01715040
0.01686931
0.01930475
0.02262402
0.02515984
0.02438736
0.02441621
0.02262306
0.02330613
0.02281618
0.02471638
0.02527332
0.02450728
0.02414894
0.02447987
0.02411580
0.02529907
0.02434206
0.02489877
0.02394986
0.02266335
0.02046800
0.01721096
0.01983285
0.01942110
0.02209139
0.02438474
0.02458429
0.02401924
0.02428770
0.02457905
0.02499127
0.02474332
0.02480102
0.02503991
0.02499127
0.02345943
0.02249932
0.02330279
0.02342176
0.02386379
0.02182031
0.02327561
0.02298355
0.02276158
0.02287149
0.02273011
0.02274084
0.02241397
0.02227902
0.02327609
0.02303267
0.02259040
0.02460790
0.02245927
0.02329183
0.02386880
0.02477431
0.02422071
0.02463627
0.02209044
0.02208114
0.02371073
0.02312231
0.02264118
0.02264762
0.02297139
0.02389908
0.02501369
0.02501369
0.02541375
0.02543616
0.02493358
0.02482796
0.02549386
0.02511477
0.02509713
0.02490473
0.02499080
0.02497649
0.02486944
0.02476501
0.02454805
0.02375245
0.02439475
0.02408314
0.02352381
0.02301359
0.02472639
0.02272725
0.02493978
0.02192545
0.02485394
0.02331614
0.02636838
0.02382851
0.02362323
0.02450252
0.02353477
0.02395463
0.02341318
0.02450871
0.02341032
0.02466965
0.02396536
0.02376676
0.02417064
0.02488613
0.02433968
0.02393889
0.02429700
0.02511597
0.02485704
0.02483749
0.02448821
0.02399731
0.02442575
0.02476144
0.02520823
0.02481723
0.02502584
0.02435684
0.02517128
0.02579379
0.02427697
0.02431321
0.02402711
0.02476692
0.02427936
0.02429318
0.02470255
0.02424788
0.02458143
0.02398777
0.02498817
0.02487111
0.02460074
0.02415371
0.02436042
0.02436328
0.02421927
0.02457380
0.02418518
0.02406096
0.02456045
0.02479672
0.02436638
0.02413511
0.02416420
0.02422166
0.02430201
0.02440190
0.02417636
0.02415299
0.02403808
0.02429867
0.02374196
0.02434111
0.02435541
0.02481651
0.02423000
0.02412963
0.02475905
0.02428150
0.02452731
0.02383876
0.02375054
0.02421665
0.02430010
0.02403164
0.02436805
0.02391434
0.02560449
0.02484894
0.02466702
0.02405572
0.02396989
0.02413368
0.02382731
0.02363324
0.02406478
0.02399135
0.02296591
0.02416563
0.02409601
0.02472472
0.02483749
0.02462959
0.02411914
0.02442217
0.02224493
0.02051950
0.02019358
0.02309322
0.02208257
0.02189708
0.02403259
0.02313733
0.02463412
0.02543664
0.02429008
0.02491951
0.02456784
0.02412915
0.02429509
0.02440405
0.02531862
0.02463841
0.02413273
0.02452445
0.02453852
0.02495623
0.02437520
0.02473998
0.02393126
0.02403021
0.02452230
0.02431917
0.02499795
0.02436614
0.02419162
0.02554464
0.02461672
0.02488303
0.02491641
0.02404284
0.02401328
0.02437663
0.02429557
0.02406883
0.02011251
0.01709557
0.01976442
0.02248192
0.02478695
0.02667117
0.02661967
0.02661371
0.02550530
0.02667260
0.02647877
0.02654409
0.02534318
0.02391815
0.02380371
0.02396178
0.02543283
0.02303720
0.02395868
0.02388906
0.02359271
0.02322268
0.02390695
0.02472806
0.02447438
0.02277279
0.02298045
0.02264190
0.02267051
0.02252746
0.02515912
0.02445984
0.02571821
0.02636337
0.02627587
0.02576423
0.02498555
0.02643681
0.02542305
0.02578998
0.02547932
0.02491927
0.02533579
0.02418089
0.02423263
0.02419925
0.02528977
0.02423072
0.02429891
0.02417254
0.02457213
0.02412271
0.02423263
0.02424812
0.02513504
0.02447224
0.02468300
0.02402973
0.02470946
0.02462316
0.02477622
0.02486372
0.02465415
0.02510118
0.02448010
0.02437043
0.02430487
0.02425313
0.02412677
0.02409315
0.02399230
0.02468944
0.02402353
0.02403188
0.02408051
0.02391577
0.02463508
0.02291441
0.02281427
0.02317548
0.02268863
0.02296925
0.02249384
0.02245641
0.02275610
0.02391076
0.02276731
0.02344584
0.02350211
0.02381945
0.02306271
0.02331972
0.02337527
0.02288842
0.02365232
0.02218723
0.02558947
0.02699137
0.02243304
0.02341533
0.02262902
0.02280664
0.02276325
0.02548981
0.02544212
0.02469873
0.02418327
0.02316833
0.02208972
0.02364707
0.02282763
0.02406573
0.02280450
0.02402854
0.02331424
0.02344298
0.02231574
0.02345347
0.02287030
0.02304721
0.02373290
0.02359533
0.02372313
0.02351642
0.02324605
0.02329993
0.02446699
0.02519131
0.02379847
0.02349305
0.02273083
0.02517009
0.02259016
0.02422667
0.02254391
0.02253723
0.02306867
0.02307272
0.02299309
0.02264667
0.02323914
0.02325606
0.02256274
0.02321482
0.02400565
0.02511740
0.02397370
0.02467942
0.02420330
0.02482820
0.02473211
0.02467084
0.02475023
0.02436829
0.02376366
0.02478838
0.02476740
0.02406073
0.02477336
0.02440524
0.02474880
0.02749014
0.02350903
0.02078915
0.01897216
0.01900387
0.01897240
0.01860952
0.02521706
0.01814961
0.01826882
0.01837754
0.01850724
0.01840878
0.01762509
0.01723528
0.01719666
0.01698112
0.01972485
0.02266741
0.02214170
0.02497768
0.02487397
0.02410769
0.02507091
0.02464223
0.02445054
0.02457356
0.02449298
0.02460241
0.02463675
0.02414584
0.02496648
0.02464843
0.02536702
0.02471113
0.02475190
0.02385592
0.02370644
0.02426338
0.02582169
0.02572131
0.02522063
0.02503324
0.02556133
0.02615666
0.02679300
0.02747583
0.02663589
0.02571845
0.02433276
0.02524710
0.02549744
0.02572727
0.02595448
0.02496481
0.02603889
0.02547097
0.02611637
0.02604938
0.02541423
0.02455997
0.02476144
0.02488756
0.02471852
0.02499938
0.02466679
0.02371454
0.02312255
0.02470589
0.02474666
0.02360630
0.02273512
0.02329731
0.02416253
0.02377820
0.02556849
0.02359223
0.02531028
0.02476764
0.02427363
0.02442360
0.02410865
0.02405930
0.02434540
0.02464533
0.02426195
0.02383685
0.02492094
0.02484345
0.02382970
0.02354693
0.02456141
0.02388668
0.02313995
0.02365398
0.02337670
0.02423954
0.02335644
0.02485704
0.02300811
0.02438664
0.02352214
0.02372003
0.02442193
0.02463508
0.02399206
0.02359605
0.02483630
0.02429581
0.02569652
0.02330065
0.02475095
0.02389431
0.02394128
0.02262878
0.02353525
0.02403951
0.02370453
0.02387047
0.02371264
0.02255034
0.02358174
0.02313519
0.02364707
0.02441835
0.02504873
0.02540112
0.02432418
0.02320576
0.02394891
0.02558613
0.02325630
0.02480602
0.02257442
0.02243662
0.02318859
0.02358079
0.02260613
0.02434921
0.02329254
0.02292538
0.02243423
0.02330685
0.02340841
0.02261376
0.02271962
0.02238894
0.02307224
0.02267361
0.02384806
0.02292562
0.02422762
0.02338910
0.02387762
0.02257419
0.02283907
0.02305365
0.02533197
0.02462268
0.02425766
0.02430081
0.02401042
0.02513075
0.02299237
0.02356267
0.02482486
0.02431178
0.02517414
0.02447534
0.02409410
0.02401948
0.02384162
0.02394342
0.02378798
0.02591348
0.02480054
0.02447939
0.02482438
0.02442598
0.02394915
0.02412701
0.02408147
0.02407312
0.02420545
0.02446270
0.02453327
0.02460647
0.02433562
0.02464819
0.02234507
0.02314329
0.02221894
0.02474713
0.02223730
0.02387452
0.02356267
0.02245378
0.02466989
0.02450132
0.02464676
0.02408051
0.02416873
0.02572060
0.02304745
0.02344298
0.02268195
0.02329516
0.02469468
0.02389336
0.02363968
0.02351594
0.02384973
0.02398300
0.02350235
0.02352142
0.02252269
0.02401924
0.02342010
0.02259922
0.02349257
0.02328563
0.02379990
0.02258086
0.02450299
0.02381444
0.02456927
0.02380133
0.02378726
0.02447581
0.02461195
0.02391911
0.02285194
0.02273440
0.02326345
0.02277279
0.02282572
0.02435780
0.02408481
0.02261281
0.02356362
0.02281070
0.02321601
0.02245164
0.02347469
0.02493978
0.02567077
0.02424884
0.02641606
0.02596712
0.02568722
0.02540708
0.02430534
0.02655244
0.02448535
0.02268243
0.02523708
0.02316618
0.02360392
0.02292323
0.02343535
0.02400255
0.02326965
0.02316141
0.02386808
0.02424669
0.02417755
0.02193284
0.02351284
0.02555156
0.02365971
0.02445698
0.02548385
0.02530146
0.02349234
0.02360916
0.02499342
0.02413893
0.02413821
0.02417040
0.02278590
0.02372575
0.02432442
0.02349544
0.02518487
0.02030778
0.02119541
0.02455306
0.02184987
0.02153254
0.02260947
0.02396297
0.02212143
0.02463150
0.02170682
0.02117586
0.02152085
0.02126503
0.02242303
0.02044559
0.02227616
0.02067256
0.01841140
0.01906013
0.01693726
0.01862049
0.01828337
0.01762843
0.01811361
0.01747513
0.01741195
0.01761460
0.01793122
0.01772380
0.01723647
0.01714206
0.01713157
0.01722193
0.01778507
0.01698327
0.01712918
0.01855111
0.02050567
0.02010393
0.02176833
0.02460051
0.02398348
0.02404118
0.02356768
0.02398849
0.02414083
0.02418447
0.02418733
0.02439475
0.02424574
0.02451968
0.02517462
0.02492571
0.02433991
0.02442265
0.02556014
0.02610826
0.02559304
0.02474308
0.02495694
0.02480507
0.02469063
0.02470684
0.02450085
0.02398634
0.02401233
0.02403164
0.02425170
0.02423024
0.02388906
0.02427101
0.02439570
0.02406883
0.02388692
0.02384162
0.02384663
0.02312207
0.02398944
0.02420926
0.02418947
0.02335000
0.02300668
0.02381825
0.02326775
0.02301574
0.02263260
0.02411485
0.02270055
0.02303767
0.02275252
0.02328444
0.02276206
0.02254248
0.02131677
0.02087593
0.01873469
0.02110839
0.01936746
0.01716256
0.01747990
0.01753592
0.01854634
0.01755977
0.01799679
0.01741743
0.01703572
0.01743960
0.01719809
0.01726460
0.01780248
0.01712966
0.01761150
0.01732969
0.01805592
0.01711178
0.01748157
0.01946616
0.01936817
0.01941776
0.02149653
0.02443838
0.02399445
0.02391839
0.02424026
0.02402782
0.02382493
0.02398825
0.02390957
0.02456951
0.02414680
0.02423263
0.02407598
0.02437615
0.02410650
0.02429891
0.02426529
0.02422905
0.02436280
0.02455735
0.02447653
0.02532315
0.02421856
0.02477264
0.02400160
0.02461672
0.02349281
0.02404928
0.02445126
0.02407146
0.02437496
0.02481842
0.02426529
0.02382731
0.02415633
0.02475810
0.02439213
0.02465439
0.02425170
0.02443385
0.02449727
0.02388024
0.02395725
0.02442169
0.02551651
0.02410507
0.02436876
0.02451968
0.02425146
0.02426553
0.02399802
0.02440095
0.02360010
0.02451730
0.02376628
0.02551675
0.02417111
0.02334404
0.02354312
0.02483678
0.02395511
0.02344227
0.02357340
0.02353549
0.02402759
0.02435637
0.02420950
0.02429318
0.02464557
0.02399802
0.02244163
0.02142596
0.01982141
0.01964140
0.01857400
0.01712513
0.01727724
0.01715827
0.01713753
0.01734209
0.01730013
0.01987171
0.01959634
0.01978517
0.02079272
0.02148652
0.02176094
0.02412653
0.02279449
0.02336359
0.02504110
0.02409434
0.02436304
0.02442908
0.02381849
0.02376318
0.02380753
0.02414203
0.02405405
0.02438641
0.02421379
0.02485228
0.02410746
0.02433562
0.02419209
0.02398849
0.02388263
0.02382421
0.02478933
0.02453136
0.02299142
0.02213860
0.02243829
0.02039886
0.02019858
0.01733017
0.01715255
0.01787782
0.01728988
0.01776910
0.01727533
0.01724601
0.01717353
0.01753020
0.02190328
0.02367926
0.02416682
0.02429628
0.02329588
0.02456713
0.02559757
0.02591085
0.02227092
0.02369237
0.02245951
0.02526450
0.02358723
0.02400804
0.02437925
0.02452421
0.02391934
0.02496004
0.02419710
0.02429509
0.01976013
0.01711059
0.01726437
0.01718354
0.01756597
0.01731658
0.01713276
0.01945472
0.02516174
0.02415252
0.02472210
0.02424407
0.02420282
0.02406335
0.02404952
0.02420688
0.02400565
0.02416062
0.02394605
0.02441382
0.02394366
0.02406669
0.02425623
0.02410078
0.02494121
0.02415061
0.02436519
0.02459812
0.02428198
0.02408242
0.02425218
0.02415204
0.02434182
0.02421904
0.02387714
0.02448416
0.02430344
0.02396870
0.02403712
0.02431417
0.02399707
0.02390432
0.02412844
0.02443099
0.02470136
0.02381945
0.02422047
0.02390361
0.02384281
0.02377152
0.02408981
0.02402449
0.02372360
0.02414060
0.02426577
0.02410102
0.02425838
0.02397871
0.02420044
0.02473593
0.02389073
0.02431655
0.02426195
0.02393174
0.02392650
0.02386689
0.02419114
0.02372217
0.02446198
0.02408981
0.02495980
0.02385211
0.02451324
0.02411747
0.02416730
0.02396154
0.02404761
0.02399826
0.01957655
0.01701927
0.01721501
0.01942205
0.02429605
0.02393079
0.02366829
0.02461529
0.02435493
0.02395678
0.02408910
0.02426291
0.02421880
0.02431607
0.02450156
0.02455330
0.02534509
0.02419305
0.02420497
0.02441359
0.02397156
0.02419662
0.02454925
0.02505636
0.02417588
0.02461720
0.02393293
0.02400088
0.02409053
0.02469587
0.02390957
0.02399540
0.02434278
0.02505183
0.02407646
0.02418303
0.02466965
0.02408433
0.02432275
0.02495241
0.02470589
0.02540302
0.02569699
0.02431297
0.02426982
0.02440882
0.02498817
0.02535009
0.02548361
0.02550864
0.02554727
0.02625227
0.02532005
0.02546382
0.02483106
0.02375317
0.02449703
0.02494144
0.02442932
0.02505422
0.02644277
0.02399945
0.02398658
0.02409768
0.02425838
0.02390242
0.02498555
0.02599764
0.02425790
0.02451086
0.02410960
0.02490711
0.02464294
0.02438211
0.02447200
0.02393961
0.02537560
0.02566004
0.02402425
0.02444625
0.02426434
0.02428246
0.02420378
0.02456784
0.02404189
0.02421904
0.02393413
0.02466249
0.02408957
0.02443624
0.02366138
0.02356958
0.02457714
0.02603292
0.02399206
0.02411294
0.02409506
0.02390027
0.02418876
0.02504516
0.02634168
0.02411604
0.02479386
0.02423525
0.02450609
0.02378178
0.02417922
0.02369809
0.02389288
0.02441287
0.02419043
0.02479410
0.02414775
0.02378893
0.02347398
0.02341938
0.02322555
0.02336216
0.02292657
0.02446079
0.02286434
0.02320766
0.02357721
0.02318192
0.02294993
0.02547288
0.02720881
0.02685428
0.02679348
0.02450514
0.02468228
0.02461815
0.02490997
0.02435422
0.02471256
0.02442813
0.02428961
0.02427530
0.02445602
0.02523518
0.02467012
0.02446175
0.02402520
0.02460909
0.02403283
0.02428770
0.02432227
0.02424693
0.02480555
0.02424598
0.02447343
0.02416801
0.02438188
0.02422810
0.02430081
0.02584076
0.02450204
0.02458787
0.02370811
0.02458644
0.02510667
0.02449226
0.02557039
0.02470565
0.02411723
0.02454591
0.02403903
0.02559400
0.02334666
0.02403975
0.02382565
0.02386403
0.02351713
0.02435184
0.02354717
0.02307057
0.02437401
0.02292156
0.02298927
0.02282357
0.02310467
0.02195787
0.02364898
0.02271104
0.02367043
0.02222776
0.02448416
0.02506351
0.02429128
0.02324271
0.02352500
0.02423644
0.02424860
0.02398324
0.02411366
0.02434087
0.02446008
0.02403474
0.02458239
0.02457309
0.02548957
0.02440000
0.02456594
0.02447128
0.02389359
0.02408814
0.02431369
0.02431750
0.02456188
0.02386284
0.02406168
0.02411151
0.02335978
0.02330875
0.02345014
0.02490568
0.02319884
0.02357650
0.02312493
0.02300429
0.02379870
0.02329445
0.02442384
0.02641869
0.02598095
0.02612638
0.02286124
0.02455354
0.02278018
0.02397323
0.02356601
0.02368808
0.02370715
0.02411604
0.02342105
0.02392554
0.02252769
0.02243304
0.02393937
0.02437449
0.02348375
0.02352238
0.02242899
0.02378845
0.02342105
0.02505708
0.02282739
0.02439332
0.02356672
0.02346873
0.02278304
0.02430391
0.02238035
0.02329493
0.02293873
0.02469873
0.02329159
0.02320123
0.02235270
0.02502894
0.02232885
0.02297163
0.02347612
0.02371025
0.02402949
0.02362943
0.02230549
0.02394795
0.02364063
0.02347827
0.02411199
0.02464700
0.02363157
0.02349305
0.02476168
0.02493382
0.02539206
0.02397633
0.02310252
0.02333355
0.02324462
0.02436781
0.02332735
0.02267981
0.02362132
0.02253938
0.02336597
0.02343893
0.02457952
0.02229452
0.02281976
0.02323556
0.02285767
0.02297521
0.02340293
0.02444673
0.02419066
0.02316570
0.02245069
0.02347207
0.02319193
0.02274585
0.02323794
0.02408028
0.02276850
0.02392364
0.02313089
0.02382731
0.02361584
0.02302647
0.02218485
0.02369690
0.02288938
0.02402043
0.02073860
0.01991916
0.01729155
0.02022982
0.01835012
0.01739454
0.01825976
0.01740527
0.01785731
0.01700830
0.01737261
0.01893997
0.01772189
0.01772666
0.01698446
0.01982617
0.02141023
0.02473688
0.02187181
0.01923299
0.02016020
0.01752400
0.01863742
0.01899028
0.01985312
0.01994514
0.02068973
0.01673651
0.01835227
0.01746082
0.01951146
0.01924944
0.01711726
0.02003789
0.01721096
0.02029729
0.01693368
0.01696420
0.01761055
0.01688337
0.02035975
0.01993799
0.01917028
0.02221036
0.02185845
0.02164292
0.02466536
0.02166390
0.02447081
0.02633142
0.02382827
0.02397251
0.02409220
0.02229810
0.01711535
0.01770425
0.02184367
0.02436352
0.02525806
0.02420688
0.02417731
0.02362370
0.02459502
0.02389121
0.02465963
0.02396679
0.02509975
0.02420282
0.02557969
0.02452731
0.02518630
0.02493072
0.02467394
0.02505827
0.02226162
0.02716374
0.02584934
0.02305269
0.02423787
0.02199197
0.02449250
0.02377057
0.02399588
0.02305865
0.02304721
0.02269030
0.02375841
0.02154517
0.02501297
0.02439189
0.02468061
0.02297521
0.02449536
0.02373600
0.02315950
0.02342820
0.02385926
0.02386451
0.02242303
0.02307987
0.02328157
0.02346253
0.02288628
0.02350640
0.02179885
0.02306628
0.02246261
0.02601600
0.02326107
0.02612996
0.02578139
0.02560997
0.02594519
0.02626848
0.02339697
0.02474761
0.02326274
0.02317405
0.02305317
0.02345610
0.02271509
0.02307940
0.02243257
0.02262473
0.02216339
0.02464175
0.02367473
0.02423596
0.02401090
0.02405000
0.02363348
0.02444386
0.02383614
0.02396154
0.02378440
0.02326274
0.02376652
0.02303410
0.02249098
0.02597284
0.02223063
0.02400255
0.02236080
0.02398491
0.02330446
0.02304745
0.02241945
0.02314329
0.02233911
0.02359629
0.02283764
0.02285767
0.02362490
0.02235150
0.02299213
0.02305698
0.02299571
0.02400947
0.02358150
0.02456331
0.02296424
0.02217746
0.02388644
0.02604461
0.02641988
0.02628064
0.02615190
0.02394032
0.02445269
0.02303386
0.02353287
0.02296495
0.02533674
0.02403688
0.02632785
0.02573776
0.02556610
0.02688742
0.02617002
0.02448082
0.02602434
0.02746034
0.02233911
0.02386904
0.02275991
0.02312088
0.02252007
0.02298927
0.02316809
0.02385926
0.02307415
0.02323484
0.02356935
0.02326655
0.02367568
0.02400374
0.02298069
0.02412796
0.02279639
0.02551627
0.02363920
0.02377486
0.02306628
0.02316022
0.02390122
0.02494454
0.02307463
0.02373457
0.02552938
0.02391434
0.02462506
0.02347469
0.02492833
0.02326608
0.02527928
0.02412701
0.02396560
0.02449608
0.02336884
0.02282047
0.02615833
0.02461767
0.02358818
0.02474880
0.02230310
0.02380252
0.02373910
0.02338886
0.02411008
0.02471852
0.02361155
0.02382898
0.02319646
0.02582622
0.02403069
0.02292609
0.02327752
0.02326322
0.02335644
0.02369452
0.02279758
0.02335382
0.02245879
0.02214265
0.02345133
0.02468276
0.02420998
0.02446055
0.02490211
0.02595997
0.02460933
0.02417612
0.02566266
0.02526259
0.02487731
0.02428150
0.02443433
0.02432370
0.02453518
0.02385449
0.02443600
0.02417779
0.02424335
0.02345538
0.02413535
0.02415204
0.02367759
0.02399516
0.02395630
0.02424002
0.02396059
0.02394199
0.02425075
0.02390337
0.02388287
0.02413702
0.02473855
0.02425957
0.02265549
0.02319670
0.02341962
0.02424884
0.02365804
0.02320004
0.02269220
0.02384806
0.02242136
0.02313828
0.02307820
0.02353764
0.02211213
0.02319598
0.02316904
0.02326322
0.02281427
0.02334523
0.02269268
0.02262902
0.02292371
0.02224803
0.02299690
0.02372289
0.02321625
0.02320433
0.02410007
0.02326369
0.02325678
0.02352285
0.02410412
0.02293968
0.02255297
0.02208757
0.02396321
0.02352619
0.02372432
0.02444601
0.02335548
0.02296376
0.02357244
0.02253103
0.02498865
0.02385044
0.02261233
0.02309132
0.02414799
0.02211571
0.02321291
0.02404189
0.02385426
0.02324963
0.02631712
0.02421761
0.02446222
0.02272582
0.02319813
0.02325392
0.02350378
0.02297759
0.02338648
0.02313638
0.02528358
0.02436590
0.02401471
0.02386713
0.02422881
0.02404118
0.02386713
0.02391672
0.02405429
0.02418089
0.02428079
0.02286053
0.02300715
0.02294731
0.02378654
0.02501845
0.02514839
0.02346730
0.02424264
0.02382970
0.02452564
0.02368879
0.02316904
0.02333379
0.02553940
0.02461076
0.02483296
0.02423143
0.02442288
0.02424932
0.02431059
0.02404451
0.02375364
0.02468395
0.02398562
0.02484608
0.02432036
0.02395058
0.02471662
0.02419806
0.02407336
0.02449584
0.02465558
0.02446580
0.02451515
0.02518010
0.02463746
0.02315640
0.02550530
0.02588153
0.02608275
0.02644634
0.02640581
0.02589107
0.02717876
0.02676940
0.02723956
0.02830100
0.02871633
0.02714205
0.02668715
0.02486205
0.02652931
0.02597928
0.02730560
0.02609277
0.02710652
0.02604079
0.02395129
0.02694750
0.02615857
0.02656627
0.02542138
0.02544451
0.02594471
0.02314687
0.02587056
0.02277613
0.02450109
0.02263093
0.02398992
0.02407479
0.02492237
0.02438426
0.02384973
0.02381492
0.02295637
0.02395272
0.02387476
0.02569866
0.02317214
0.02388191
0.02412748
0.02498770
0.02374530
0.02347136
0.02285075
0.02417612
0.02411795
0.02363467
0.02311754
0.02380490
0.02383065
0.02323842
0.02336407
0.02416778
0.02473617
0.02405238
0.02404237
0.02403855
0.02502823
0.02394080
0.02342558
0.02540779
0.02619529
0.02476430
0.02422905
0.02510285
0.02413464
0.02553701
0.02529716
0.02499270
0.02544069
0.02521157
0.02484632
0.02517414
0.02452159
0.02565789
0.02465081
0.02506614
0.02484298
0.02464962
0.02515602
0.02442551
0.02559590
0.02553272
0.02496171
0.02505660
0.02490973
0.02486420
0.02460718
0.02546358
0.02684736
0.02420735
0.02339673
0.02324128
0.02353859
0.02357554
0.02562380
0.02524471
0.02439094
0.02551603
0.02322197
0.02445149
0.02380919
0.02313685
0.02377176
0.02282715
0.02407527
0.02326727
0.02301526
0.02361846
0.02325368
0.02508950
0.02341175
0.02355504
0.02406955
0.02336097
0.02318716
0.02374959
0.02397752
0.02345538
0.02335262
0.02432299
0.02424526
0.02609992
0.02425170
0.02417874
0.02388358
0.02446747
0.02374268
0.02448964
0.02433825
0.02441192
0.02467704
0.02379727
0.02402639
0.02618861
0.02555418
0.02301383
0.02396798
0.02389908
0.02428675
0.02219439
0.02347088
0.02331328
0.02401066
0.02596140
0.02342129
0.02322531
0.02306390
0.02352762
0.02358794
0.02292252
0.02415466
0.02504849
0.02242112
0.02292871
0.02383065
0.02313566
0.02394867
0.02347302
0.02307391
0.02276897
0.02416086
0.02319455
0.02385640
0.02413893
0.02276087
0.02343726
0.02392864
0.02622175
0.02368140
0.02300477
0.02304935
0.02470803
0.02327585
0.02395964
0.02484012
0.02460694
0.02481532
0.02417207
0.02429509
0.02563787
0.02398276
0.02292132
0.02376318
0.02405167
0.02385831
0.02388811
0.02450871
0.02458930
0.02359867
0.02423191
0.02426267
0.02376461
0.02411842
0.02388310
0.02334166
0.02434731
0.02622747
0.02752495
0.02612543
0.02560520
0.02611852
0.02644515
0.02641320
0.02662110
0.02568579
0.02423191
0.02486157
0.02531242
0.02383685
0.02326846
0.02360821
0.02337718
0.02412701
0.02445984
0.02464032
0.02416492
0.02456832
0.02509952
0.02414608
0.02440476
0.02396655
0.02627110
0.02403903
0.02412391
0.02385116
0.02438569
0.02424812
0.02418327
0.02451801
0.02412415
0.02457833
0.02398634
0.02389479
0.02363539
0.02420330
0.02367663
0.02431226
0.02407861
0.02470517
0.02408338
0.02399278
0.02520013
0.02419162
