0.00183630
0.01871634
0.01716375
0.01756477
0.01712990
0.01725841
0.01693749
0.01711011
0.01720738
0.01692128
0.01769853
0.01709533
0.01724339
0.01671362
0.01711369
0.01725721
0.01682043
0.01709676
0.01683378
0.01698327
0.01685810
0.01702213
0.01756430
0.01675653
0.01713562
0.01734233
0.01738954
0.01691985
0.01755428
0.01691675
0.01723981
0.01717114
0.01687598
0.01734781
0.01671314
0.01694489
0.01680136
0.01668572
0.01696348
0.01699495
0.01672864
0.01774216
0.01730466
0.01680923
0.01676035
0.01688528
0.01704717
0.01723170
0.01733780
0.01762152
0.01674700
0.01692820
0.01706243
0.01699519
0.01671386
0.01822281
0.01675200
0.01737952
0.01730037
0.02108645
0.02558613
0.02998662
0.02915454
0.02993703
0.02984667
0.03085876
0.03069544
0.03043890
0.03003049
0.02898908
0.02941895
0.03023767
0.02957702
0.02945995
0.02991009
0.02996278
0.02972579
0.03068924
0.03051829
0.03084826
0.02989078
0.02912593
0.02955437
0.02963114
0.02968526
0.03064084
0.03028536
0.03036809
0.02989149
0.02977109
0.02971935
0.02958679
0.03042817
0.02954507
0.02915263
0.02960777
0.02998924
0.02921629
0.02923036
0.03004169
0.02856517
0.02710462
0.03173780
0.03223491
0.03218293
0.03175378
0.03159666
0.03282714
0.03369093
0.03212833
0.03617644
0.02925706
0.02676821
0.02796054
0.02775955
0.02837801
0.02913833
0.02821040
0.02779174
0.02654171
0.02682257
0.02764082
0.02747869
0.02836752
0.02727628
0.02920723
0.02785373
0.02798533
0.02841449
0.02825260
0.02773476
0.02764988
0.02660656
0.02654552
0.02728319
0.02924228
0.02920127
0.02710867
0.02792454
0.02846289
0.02876687
0.03024387
0.02857113
0.02894211
0.02904868
0.02647161
0.02816606
0.02703929
0.02841139
0.02699399
0.02785969
0.02753091
0.02640033
0.02671027
0.02933240
0.03266454
0.03476906
0.02869797
0.02805305
0.02895427
0.02842975
0.02919102
0.02834511
0.02916884
0.02830935
0.02850652
0.02812052
0.02876997
0.02783418
0.02631617
0.03020668
0.02937508
0.03026080
0.02864313
0.03077674
0.03015089
0.02997303
0.02963042
0.02987432
0.03004146
0.02946329
0.03007841
0.03009319
0.03042197
0.03055596
0.02983046
0.03218770
0.02987099
0.03159046
0.02991247
0.02985311
0.02966118
0.02972627
0.02970815
0.03001785
0.02991343
0.02953768
0.03051329
0.03027105
0.02998519
0.02975583
0.03032446
0.02965665
0.03058290
0.03001690
0.03278375
0.03625512
0.03270698
0.03199768
0.03076172
0.03413200
0.03174090
0.03077841
0.03076720
0.03007674
0.03021502
0.03005528
0.03074050
0.03043485
0.03145862
0.03075242
0.03011012
0.03091550
0.02982306
0.02937651
0.02998781
0.02972770
0.02964306
0.03002095
0.02997994
0.02991295
0.03015137
0.02988386
0.02995658
0.02995372
0.02960658
0.03138757
0.03074527
0.03024077
0.03168225
0.03028727
0.03158259
0.03002262
0.03012300
0.02993631
0.02975798
0.02998853
0.03019428
0.02982545
0.03039145
0.02988982
0.03040338
0.02947879
0.02961326
0.03041625
0.03045392
0.03128743
0.03069115
0.03044367
0.03176379
0.03090549
0.03115892
0.02972817
0.02928162
0.02998757
0.03029895
0.03032231
0.03040552
0.03006816
0.03008509
0.02975750
0.02986574
0.03042245
0.02953911
0.03102040
0.02984667
0.03057384
0.03061414
0.03185892
0.02946591
0.03066540
0.03043962
0.03080964
0.03040767
0.03092718
0.03071666
0.03244376
0.02934861
0.02929592
0.02803254
0.02879167
0.02619720
0.02878833
0.02785254
0.02839303
0.02734971
0.02803898
0.02649426
0.02838635
0.02820110
0.03084636
0.02816248
0.02796960
0.02681422
0.02881908
0.02769923
0.02846694
0.02803683
0.02760887
0.02866459
0.02987242
0.02730465
0.02683210
0.02729797
0.02779126
0.02839565
0.02744579
0.02843666
0.02917361
0.02881861
0.02841592
0.02890658
0.02661681
0.02756429
0.02746773
0.02782702
0.02823615
0.02865648
0.02709579
0.03027034
0.03072000
0.02929235
0.02995515
0.03123784
0.03146648
0.03017473
0.03162599
0.03062773
0.03063297
0.02975941
0.02957058
0.03036857
0.03001428
0.03000164
0.02967501
0.02973104
0.02916574
0.02995014
0.02964306
0.03113270
0.02994633
0.02937722
0.02929139
0.02957916
0.02941036
0.02984238
0.02963614
0.02978659
0.02954984
0.03016210
0.02985263
0.02876616
