0.00190306
0.01677966
0.01691532
0.01660442
0.01659155
0.01729846
0.01687384
0.01729178
0.01752090
0.01668477
0.01662636
0.01700401
0.01819491
0.01715469
0.01780128
0.01723909
0.01763678
0.01722240
0.01671362
0.01771736
0.01739001
0.01954651
0.02060986
0.02242517
0.02179027
0.02205992
0.02235723
0.02141500
0.02395415
0.02530789
0.02410293
0.02415943
0.02390432
0.02186060
0.01708412
0.01723123
0.01729488
0.01740432
0.01812744
0.01793575
0.01785326
0.01757956
0.01784635
0.02065158
0.02197027
0.02487493
0.02463031
0.02444768
0.02458858
0.02276945
0.02153873
0.02153635
0.02221656
0.02231884
0.02180243
0.02219820
0.02280426
0.01742768
0.01710463
0.01690483
0.01703072
0.01875615
0.01691341
0.01694560
0.01745605
0.01729202
0.01718378
0.01698828
0.01902032
0.01765943
0.01752996
0.01743293
0.01737213
0.01675367
