0.00199199
0.01863027
0.01735163
0.01729727
0.01729894
0.01663637
0.01697397
0.01678705
0.01656938
0.01758361
0.01685309
0.01681042
0.01702595
0.01729250
0.01665926
0.01702332
0.01746631
0.01729608
0.01691675
0.01708221
0.01739168
0.01716781
0.01706076
0.01675773
0.01680803
0.01687789
0.01745152
0.01745701
0.01719689
0.01780653
0.01659393
0.01669097
0.01751328
0.01720095
0.01677203
0.01723123
0.01703238
0.01678252
0.01702762
0.01678300
0.01683474
0.01746869
0.01718545
0.01762915
0.01681995
0.01656079
0.01666641
0.01719642
0.01690841
0.01710033
0.01731944
0.01683688
0.01787400
0.01673388
0.01729441
0.01683331
0.01689792
0.01665783
0.01742220
0.01685643
0.01675797
0.01747251
0.01716876
0.01702833
0.01688004
0.01689768
0.01747918
0.01682925
0.01770306
0.01753807
0.01726842
0.01678181
0.01673079
0.01675248
0.01662564
0.01747227
0.01738429
0.01703501
0.01722717
0.01667166
0.01666951
0.01671338
0.01715970
0.01776409
0.01727271
0.01682448
0.01667833
0.01676989
0.01675963
0.01674318
0.01691270
0.01654840
0.01708794
0.01739812
0.01730466
0.01675892
0.01722360
0.01719999
0.01748872
0.01795673
0.01714158
0.01685262
0.01672602
0.02276063
0.01713967
0.01803541
0.01768565
0.01679611
0.01667714
0.01685214
0.01724839
0.01678109
0.01672006
0.01735377
0.01694107
0.01707244
0.01727080
0.01657867
0.01684284
0.01651764
0.01740789
0.01724696
0.01729155
0.01676202
0.01660466
0.01711226
0.01700449
0.01656699
0.01661491
0.01656628
0.01653790
0.01666021
0.01740980
0.01715589
0.01696563
0.01673079
0.01649833
0.01662636
0.01749563
0.01684690
0.01758075
0.01671839
0.01659679
0.01659536
0.01666069
0.01657248
0.01708841
0.01726341
0.01684046
0.01717401
0.01672721
0.01658201
0.01674271
0.01683307
0.01672840
0.01720095
0.01734471
0.01691175
0.01670480
0.01704550
0.01680183
0.01707745
0.01685691
0.01673913
0.01681709
0.01735473
0.01714373
0.01722503
0.01775026
0.01693606
0.01673508
0.01787233
0.01755166
0.01670694
0.01658893
0.01660895
0.01676822
0.01750970
0.01667070
0.01677823
0.01674271
0.01667166
0.01689363
0.01762247
0.01665258
0.01740146
0.01727390
0.01685762
0.01673675
0.01709890
0.01676869
0.01654506
0.01669908
0.01665378
0.01668859
0.01716709
0.01707959
0.01683021
0.01742625
0.01690745
0.01683331
0.01708221
0.01692772
0.01777744
0.01761556
0.01770473
0.01661086
0.01681614
0.01714897
0.01697683
0.01694942
0.01677752
0.01724529
0.01719022
0.01654506
0.01724219
0.01686621
0.01725340
0.01674366
0.01703453
0.01694965
0.01655054
0.01672649
0.01705885
0.01671076
0.01736164
0.01745605
0.01757383
0.01715493
0.01747251
0.01793289
0.01685166
0.01769662
0.01735091
0.01715255
0.01759458
0.01703000
0.01765394
0.01768160
0.01798463
0.01849794
0.01786184
0.01716208
0.01764464
0.01684093
0.01678395
0.01684332
0.01675653
0.01674032
0.01660872
0.01733875
0.01656938
0.01725578
0.01653123
0.01742244
0.01688004
0.01726389
0.01688337
0.01711082
0.01720142
0.01689720
0.01670933
0.01726007
0.01711226
0.01710343
0.01714206
0.01692343
0.01772547
0.01681209
0.01751518
0.01698112
0.01722598
0.01677465
0.01671124
0.01724339
0.01676369
0.01705217
0.01678610
0.01670194
0.01709867
0.01697397
0.01655149
0.01709366
0.01660061
0.01748586
0.01700544
0.01715946
0.01675558
0.01742673
0.01678038
0.01668262
0.01737332
0.01671124
0.01688409
0.01686287
0.01690722
0.01682019
0.01716304
0.01680875
0.01758623
0.01678705
0.01715446
0.01677203
0.01674151
0.01667356
0.01698351
0.01726627
0.01739621
0.01725769
0.01695490
0.01664114
0.01674604
0.01699066
0.01665020
0.01759195
0.01712155
0.01720166
0.01684213
0.01698351
0.01673675
0.01717567
0.01681185
0.01707578
0.01713419
0.01685548
0.01722193
0.01915622
0.02044368
0.02223086
0.02247524
0.02236009
0.02168775
0.02193713
0.02189422
0.02174330
0.02182865
0.02145720
0.02206659
0.02177620
0.02198863
0.02209997
0.02176714
0.02190542
0.02206349
0.02231288
0.02182889
0.02185631
0.02226830
0.02185798
0.02150989
0.02194691
0.02200317
0.02140570
0.02180648
0.02163291
0.02228403
0.02175307
0.02222323
0.02217889
0.02188492
0.02201247
0.02196527
0.02238297
0.02292252
0.02201223
0.02268934
0.02253318
0.02171755
0.02269173
0.02233386
0.02286649
0.02192903
0.02174878
0.02180386
0.02189541
0.02297997
0.02186060
0.02196741
0.02223754
0.02220678
0.02195311
0.02195501
0.02201343
0.02160835
0.02168179
0.02203822
0.02329230
0.02231359
0.02174759
0.02311420
0.02225447
0.02348304
0.02199793
0.02180600
0.02294016
0.02203822
0.02336073
0.02196193
0.02179861
0.02189755
0.02185106
0.02165151
0.02181387
0.02162409
0.02203798
0.02159357
0.02180433
0.02172065
0.02173638
0.02170253
0.02310586
0.02225566
0.02249813
0.02186990
0.02204919
0.02273464
0.02201462
0.02163815
0.02197194
0.02189684
0.02201152
0.02228332
0.02204084
0.02245641
0.02183437
0.02192616
0.02268124
0.02209449
0.02413368
0.02173138
0.02216411
0.02177453
0.02166653
0.02229428
0.02192760
0.02188277
0.02234364
0.02167273
0.02191973
0.02225733
0.02221489
0.02174091
0.02207518
0.02199125
0.02165532
0.02171946
0.02218771
0.02333117
0.02184653
0.02162862
0.02299857
0.02223969
0.02391863
0.02216148
0.02172804
0.02314806
0.02244377
0.02371049
0.02190280
0.02195430
