0.00234079
0.01854992
0.01736331
0.01807284
0.01813054
0.01706862
0.01705885
0.01729107
0.01786876
0.01740193
0.01762986
0.01717710
0.01719713
0.01729155
0.01761818
0.01724315
0.01807022
0.01765871
0.01739788
0.01713371
0.01810980
0.01731777
0.01793408
0.01723552
0.01778054
0.01774406
0.01727176
0.01702523
0.01750755
0.01737881
0.01702952
0.01716447
0.01746082
0.01783299
0.01743174
0.01699090
0.01796174
0.01728439
0.01722455
0.01853800
0.01703691
0.01771951
0.01704860
0.01811910
0.01707268
0.01738405
0.01822209
0.01750112
0.01722121
0.01760721
0.01712656
0.01815963
0.01705933
0.01756859
0.01717854
0.01833701
0.01695538
0.01736927
0.01699662
0.01727080
0.01763582
0.01797533
0.01722527
0.01704907
0.01798487
0.01764584
0.01794505
0.01749778
0.01806831
0.01759362
0.01811242
0.01873994
0.01781082
0.01743722
0.01739287
0.01809192
0.01747417
0.01768899
0.02284384
0.01761413
0.02434111
0.02356625
0.02344656
0.01787186
0.02336073
0.01776171
0.01782990
0.01791239
0.01706696
0.02336097
0.01767755
0.01709056
0.02305841
0.02288222
0.02500701
0.02337646
0.02280116
0.01707911
0.01780248
0.01839352
0.01723933
0.01751542
0.01705599
0.01820111
0.01710463
0.01744127
0.02858305
0.03493786
0.03451109
0.03441238
0.03516412
0.03476048
0.03536177
0.03570342
0.03493333
0.03539729
0.03481555
0.03494549
0.03577924
0.01750326
0.01783276
0.01698971
0.01699543
0.01744699
0.01698565
0.01729298
0.01709199
0.01844954
0.01715279
0.01718855
0.01713657
0.01827788
0.01736808
0.01785350
0.01731682
0.01778698
0.01723123
0.01782274
0.01712346
0.01740122
0.01797748
0.01724410
0.01738048
0.01715541
0.01733470
0.01713824
0.01841664
0.01761079
0.01725936
0.01706910
0.01837349
0.01709771
0.01722264
0.01708245
0.01694441
0.01712060
0.01753855
0.01760888
0.01729250
0.01754451
0.01718402
0.01777148
0.01729059
0.01737785
0.01713872
0.01728225
0.01803470
0.01753473
0.01775384
0.01672149
0.01675534
0.01734281
0.01682496
0.01779747
0.01720834
0.01775551
0.01745391
0.01767969
0.02295566
0.01702929
0.01696134
0.01769662
0.01771998
0.01714158
0.02324152
0.01851726
0.02335906
0.02321172
0.02886939
0.02912092
0.02893472
0.03519845
0.03511786
0.03531313
0.03531551
0.03469563
0.03477716
0.03272128
0.03385448
0.03317618
0.03386259
0.03360081
0.03406835
0.03398895
0.03275824
0.03443003
0.03096795
0.03113866
0.03560305
0.03401399
0.03333330
0.03267622
0.03303313
0.03533959
0.03294897
0.03294396
0.03568006
0.03553843
0.03481340
0.03509426
0.03629303
0.03525090
0.03544402
0.03546572
0.03541660
0.03558588
0.03583312
0.03556252
0.03543019
0.03619790
0.03489590
0.03572035
0.03543091
0.03596592
0.03633094
0.03596115
0.03689075
0.03826189
0.03623509
0.03644681
0.03766656
0.03740621
0.03599119
0.03532124
0.03613448
0.03523564
0.03522015
0.03703117
0.03571868
0.03644633
0.03517890
0.03619266
0.03593349
0.03532529
0.03532314
0.03530431
0.03603292
0.03613806
0.03527093
0.03569102
0.03681397
0.03541946
0.03541732
0.03635788
0.03559971
0.03517008
0.03607178
0.03551435
0.03609180
0.03577161
0.03634167
0.03500056
0.03592110
0.03354621
0.03211808
0.03505898
0.03134847
0.03114557
0.03127193
0.03178048
0.03570914
0.03343678
0.03415966
0.03444028
0.03492713
0.03360438
0.03251529
0.03419447
0.03257179
0.03131938
0.03281593
0.03230286
0.03225374
0.03335118
0.03202915
0.03228140
0.03091335
0.03457260
0.03601718
0.03614545
0.03620553
0.03532648
0.03683877
0.03560376
0.03555512
0.03575945
0.03580236
0.03541851
0.03514695
0.03504252
0.03542399
0.03598070
0.03228998
0.03395367
0.03707719
0.03521276
0.03579807
0.03580880
0.03501940
0.03544593
0.03524089
0.03578520
0.03483200
0.03410363
0.03535175
0.03420591
0.03522992
0.03604436
0.03598857
0.03519416
0.03582835
0.03579354
0.03537822
0.03621960
0.03577304
0.03591418
0.03569007
0.03583574
0.03624511
0.03688335
0.03504109
0.03682971
0.03536868
0.03670979
0.03536010
0.03566599
0.03561974
0.03664064
0.03631282
0.03658462
0.03665614
0.03616714
0.03655887
0.03575158
0.03656220
0.03568602
0.03182602
0.03335071
0.03570223
0.03555250
0.03910923
0.03838086
0.03862953
0.03856921
0.03905344
0.04069448
0.03925776
0.03872228
0.03878379
0.03385925
0.03205252
0.03918839
0.03860760
0.03883815
0.04062319
0.03958464
0.03891397
0.03857327
0.03950429
0.03913236
0.03963685
0.03991008
0.03950119
0.03900599
0.03603649
0.03535366
0.03346944
0.03299570
0.03632903
0.03650761
0.03717113
0.03610349
0.03592610
0.03591299
0.03515744
0.03515124
0.03517032
0.03608513
0.03568006
0.03521442
0.03522515
0.03520441
0.03514528
0.03700447
0.03565812
0.03532410
0.03506088
0.03522062
0.03324866
0.03349686
0.03195333
0.03335333
0.03161478
0.03426862
0.03391385
0.03494358
0.03246260
0.03429651
0.03322601
0.03309965
0.03267431
0.03309870
0.03645992
0.03331852
0.03262496
0.03401518
0.03360200
0.03502464
0.03375101
0.03171039
0.03315091
0.03291798
0.03370309
0.03411937
0.03293800
0.03254533
0.03371239
0.03337574
0.03349471
0.03270030
0.03079534
0.03299356
0.03579807
0.03393793
0.03503180
0.03431344
0.03469324
0.03331256
0.03336215
0.03629804
0.03545213
0.03584528
0.03741527
0.03693342
0.03874230
0.03697157
0.04172897
0.03477550
0.03522491
0.03439307
0.03426838
0.03257632
0.03225017
0.03967023
0.03451681
0.03167486
0.03193784
0.03482985
0.03207231
0.03468299
0.03448725
0.03364849
0.03536987
0.03323507
0.03245997
0.03388143
0.03177023
0.03230786
0.03622270
0.03256655
0.03309369
0.03080726
0.03111959
0.03314018
0.03117704
0.03177714
0.03164744
0.03455853
0.03363848
0.03394985
0.03265810
0.03149939
0.03144789
0.03514981
0.03623509
0.03533530
0.03576779
0.03523135
0.03470826
0.03642321
0.03489614
0.03623223
0.03543544
0.03600144
0.03560328
0.03744316
0.03593779
0.03624058
0.03678513
0.03564119
0.03587627
0.03586864
0.03492117
0.03601193
0.03520083
0.03609061
0.03615355
0.03554296
0.03521872
0.03503537
0.03751111
0.03593063
0.03660202
0.03526187
0.03473616
0.03139496
0.03277063
0.03217959
0.03456807
0.03220630
0.03347301
0.03240180
0.03234124
0.03167582
0.03435326
0.03333807
0.03487873
0.03612471
0.03486419
0.03493237
0.03535366
0.03531742
0.03530121
0.03498244
0.03519726
0.03505993
0.03540087
0.03535557
0.03521681
0.03599048
0.03638005
0.03588462
0.03805184
0.03653431
0.03513885
0.03584743
0.03524852
0.03529477
0.03534055
0.03481054
0.03605914
0.03531384
0.03590584
0.03568101
0.03629470
0.03515840
0.03463554
0.03609085
0.03538370
0.03523159
0.03527284
0.03542995
0.03584290
0.03472185
0.03539753
0.03527427
0.03454041
0.03545427
0.03481793
0.03479004
0.03548050
0.03543615
0.03494072
0.03503966
0.03499699
0.03708863
0.03572178
0.03552628
0.03595996
0.03615212
0.03525138
0.03624940
0.03582764
0.03638196
0.03585553
0.03593159
0.03556538
0.03601408
0.03656602
0.03615713
0.03561068
0.03526855
0.03543973
0.03611875
0.03543854
0.03513575
0.03616381
0.03560090
0.03531218
0.03560829
0.03605533
0.03663921
0.03629446
0.03658628
0.03505588
0.03553176
0.03552103
0.03497505
0.03570437
0.03532243
0.03686523
0.03618717
0.03693914
0.03677225
0.03527427
0.03688121
0.03608155
0.03546834
0.03621149
0.03631115
0.03574443
0.03630877
0.03526402
0.03344035
0.03236055
0.03239989
0.03442860
0.03362799
0.03478718
0.03682017
0.03926992
0.03895664
0.03891039
0.03885198
0.03817320
0.03440762
0.03278446
0.03173041
0.03087449
0.03974605
0.03060102
0.03055668
0.03078556
0.03067875
0.03228736
0.03600144
0.03497648
0.03087687
0.03136778
0.03137279
0.03908086
0.03906417
0.03863001
0.03819466
0.03762579
0.03931785
0.03850627
0.03850508
0.03884840
0.03941250
0.04036880
0.04003882
0.03970718
0.04141116
0.04128671
0.04169440
0.03830886
0.03254890
0.03663898
0.03562450
0.03599834
0.03556013
0.03549647
0.03637218
0.03585219
0.03589153
0.03529096
0.03501248
0.03522301
0.03564382
0.03603888
0.03571177
0.03544116
0.03560686
0.03716803
0.03505754
0.03543973
0.03670835
0.03533936
0.03597617
0.03540421
0.03543210
0.03570342
0.03544164
0.03628230
0.03558064
0.03539562
0.03595710
0.03544402
0.03538108
0.03535271
0.03514361
0.03674078
0.03481650
0.03556561
0.03640342
0.03688550
0.03555536
0.03522730
0.03548622
0.03531432
0.03558660
0.03539705
0.03613329
0.03540444
0.03548574
0.03508711
0.03481174
0.03451800
0.03250813
0.03203654
0.03657150
0.03854799
0.03379726
0.04176569
0.03372908
0.03955674
0.03880072
0.03797412
0.03252435
0.03218126
0.03297901
0.03339219
0.03337789
0.03290939
0.03416371
0.03376484
0.03474498
0.03568029
0.03657484
0.03594375
0.03398633
0.03409386
0.03363752
0.03278017
0.03306627
0.03410244
0.03382230
0.03312206
0.03408217
0.03203177
0.03203225
0.03236461
0.03220963
0.03107905
0.03122807
0.03604794
0.03127670
0.03255582
0.03239012
0.03672171
0.03290224
0.03275132
0.03266072
0.03401494
0.03107977
0.03376532
0.03291440
0.03527546
0.03584814
0.03641295
0.03670812
0.03639030
0.03663349
0.03645492
0.03631520
0.03675532
0.03592038
0.03668022
0.03624201
0.03524899
0.03676152
0.03562665
0.03673863
0.03608513
0.03661942
0.03646517
0.03542972
0.03514838
0.03498769
0.03555846
0.03609657
0.03521609
0.03539658
0.03647685
0.03542757
0.03561544
0.03586388
0.03610849
0.03554487
0.03616834
0.03651953
0.03586769
0.03583765
0.03560281
0.03589010
0.03730989
0.03599548
0.03659105
0.03582788
0.03578854
0.03554201
0.03588581
0.03566551
0.03501439
0.03594327
0.03535700
0.03593421
0.03621554
0.03690553
0.03588200
0.03625226
0.03669000
0.03608441
0.03790927
0.03607082
0.03610110
0.03580570
0.03559113
0.03617215
0.03665137
0.03575015
0.03643012
0.03507280
0.03615570
0.03561544
0.03590751
0.03538227
0.03523946
0.03590465
0.03666377
0.03549147
0.03595161
0.03547096
0.03652287
0.03548741
0.03583765
0.03603220
0.03722692
0.03580117
0.03712773
0.03566790
0.03638434
0.03689575
0.03603601
0.03529882
0.03555298
0.03585219
0.03549337
0.03597355
0.03554749
0.03531456
0.03630066
0.03623319
0.03570127
0.03511786
0.03573632
0.03601027
0.03512144
0.03521752
0.03605747
0.03529453
0.03741932
0.03709173
0.03669620
0.03705907
0.03728557
0.03717589
0.03751636
0.03678298
0.03622675
0.03555584
0.03662276
0.03628278
0.03623557
0.03522515
0.03318262
0.03335476
0.03200436
0.03435349
0.03280640
0.03345203
0.03588247
0.03452206
0.03433681
0.03477693
0.03274035
0.03291249
0.03545690
0.03337288
0.03431392
0.03360200
0.03370619
0.03406358
0.03422713
0.03530717
0.03509092
0.03554106
0.03295326
0.03332043
0.03672218
0.03355098
0.03166795
0.03367424
0.03258252
0.03301334
0.03569221
0.03884363
0.03628874
0.03639030
0.03616285
0.03590012
0.03573513
0.03514481
0.03600836
0.03538418
0.03523731
0.03507996
0.03646851
0.03677058
0.03567553
0.03720999
0.03648090
0.03605080
0.03525162
0.03499770
0.03532147
0.03553581
0.03547716
0.03567791
0.03622961
0.03607821
0.03708529
0.03625655
0.03689504
0.03625417
0.03683138
0.03726292
0.03574920
0.03617477
0.03702354
0.03576636
0.03578687
0.03634858
0.03603363
0.03578329
0.03498697
0.03565860
0.03523421
0.03558636
0.03554606
0.03532696
0.03660965
0.03623462
0.03660583
0.03660321
0.03531313
0.03691649
0.03683829
0.03686666
0.03586411
0.03558278
0.03696513
0.03648305
0.03680158
0.03588200
0.03644681
0.03644037
0.03609443
0.03775716
0.03672791
0.03644633
0.03630185
0.03676748
0.03611398
0.03636408
0.03792810
0.03620028
0.03588200
0.03723574
0.03648496
0.03700209
0.03667045
0.03668404
0.03648996
0.03651166
0.03740263
0.03887153
0.03687668
0.03641725
0.03643513
0.03831649
0.03602672
0.03581977
0.03547120
0.03384304
0.03457022
0.04214334
0.03584599
0.03726530
0.03674150
0.03650904
0.03668547
0.03534365
0.03526211
0.03456426
0.03573394
0.03480959
0.03449249
0.03555965
0.03880143
0.03544021
0.03640699
0.03562856
0.03370047
0.03649879
0.03364205
0.03752398
0.03736377
0.03670287
0.03477645
0.03258467
0.03354287
0.03342056
0.03179908
0.03210735
0.03125882
0.03198218
0.03355861
0.03622866
0.03706264
0.03523517
0.03532076
0.03559971
0.03536654
0.03594255
0.03729081
0.03586197
0.03704214
0.03536177
0.03546429
0.03656268
0.03505754
0.03542995
0.03506112
0.03603268
0.03598094
0.03568077
0.03636837
0.03551722
0.03523374
0.03438067
0.03219223
0.03690577
0.03641868
0.03561711
0.03599000
0.03595185
0.03336477
0.03266501
0.03347707
0.03186297
0.03150654
0.03413653
0.03226686
0.03257608
0.03135777
0.03702736
0.03402209
0.03395224
0.03359652
0.03110552
0.03091097
0.03464890
0.03414655
0.03520703
0.03895354
0.03830671
0.04411221
0.03994870
0.03943229
0.03874540
0.03697515
0.03738356
0.03622079
0.03717041
0.03638244
0.03596091
0.03620005
0.03565335
0.03762126
0.03569508
0.03655720
0.03729391
0.03605151
0.03685379
0.03613806
0.03701591
0.03616071
0.03578949
0.03658557
0.03580928
0.03596115
0.03645468
0.03550172
0.03760576
0.03674102
0.03594518
0.03702784
0.03621364
0.03801036
0.03589988
0.03639650
0.03280663
0.03185129
0.03440428
0.03203511
0.03246117
0.03091693
0.03246546
0.03264856
0.03159595
0.03220701
0.03186154
0.03582573
0.03657627
0.03311706
0.03143549
0.03683829
0.03723407
0.03562093
0.03827524
0.03635955
0.03784370
0.03471875
0.03623891
0.04748368
0.03883147
0.03701615
0.03379464
0.03440261
0.03644252
0.03294206
0.03606963
0.03395009
0.03743148
0.03400993
0.03544545
0.03509045
0.03604198
0.03618908
0.03336024
0.03565192
0.03665423
0.03873205
0.03604007
0.03571248
0.03632975
0.03547406
0.03553843
0.03587937
0.03674293
0.03544760
0.03726363
0.03640342
0.03556299
0.03712773
0.03646684
0.03644705
0.03654075
0.03710914
0.03702259
0.03625607
0.03595495
0.03589559
0.03304720
0.03533149
0.03211665
0.03233814
0.03265882
0.03662920
0.03690529
0.03582239
0.03687334
0.03745341
0.03603530
0.03714037
0.03617859
0.03609538
0.03798938
0.03828073
0.03745270
0.03775644
0.03739691
0.03837085
0.03875351
0.03764939
0.03790712
0.03698182
0.03665447
0.03662729
0.03688216
0.03713465
0.03656340
0.03647113
0.03584647
0.03716612
0.03660321
0.03729320
0.03748822
0.03607726
0.03817558
0.03651023
0.03748846
0.03641415
0.03576589
0.03691220
0.03637958
0.03790212
0.03634620
0.03758407
0.03814006
0.03661275
0.03648996
0.03656125
0.03810692
0.03722405
0.03655434
0.03643966
0.03666091
0.03798342
0.03746057
0.03854561
0.03725243
0.03779030
0.03750277
0.03673911
0.03659844
0.03692675
0.03679419
0.03700018
0.03667784
0.03689694
0.03721476
0.03813839
0.03811026
0.03764868
0.03767633
0.03662062
0.03619313
0.03761148
0.03614974
0.03734207
0.03807640
0.03706551
0.03681350
0.03664780
0.03715062
0.03690886
0.03697610
0.03843975
0.03694916
0.03707957
0.03734875
0.03870845
0.03879642
0.03869009
0.03763556
0.03813696
0.03768706
0.03780961
0.03690958
0.03749132
0.03732157
0.03719974
0.03697896
0.03723431
0.03751016
0.03786373
0.03767729
0.03700066
0.03742456
0.03733230
0.03812194
0.03809428
0.03809524
0.03964138
0.04158521
0.03748202
0.03761148
0.03638363
0.03673530
0.03723979
0.03467035
0.03785563
0.03591847
0.03672075
0.03655338
0.03572154
0.03686237
0.03625655
0.03637433
0.03512931
0.03430080
0.04184580
0.03487682
0.03762126
0.03469419
0.03230739
0.03276610
0.03566432
0.03339028
0.03415084
0.03274918
0.03404808
0.03275394
0.03452110
0.03699875
0.03662753
0.03609681
0.03691053
0.03377557
0.03428745
0.03615665
0.03519726
0.03642488
0.03600836
0.03728414
0.03718877
0.03575802
0.03726339
0.03618193
0.03645468
0.03672266
0.03577876
0.03716278
0.03780484
0.03588700
0.03594208
0.03572345
0.03758383
0.03754616
0.03707051
0.03450942
0.03768063
0.03742671
0.03606057
0.03588700
0.03615022
0.03146505
0.03266668
0.03606176
0.03655624
0.03785205
0.03569722
0.03582168
0.03578234
0.03520966
0.03567743
0.03553843
0.03558779
0.03555584
0.03662586
0.03539515
0.03513670
0.03573632
0.03559566
0.03546906
0.03599763
0.03515029
0.03575492
0.03547812
0.03540111
0.03611493
0.03550363
0.03537869
0.03622365
0.03550816
0.03554273
0.03522086
0.03522396
0.03779244
0.03670716
0.03506780
0.03710938
0.03499818
0.03631043
0.03538680
0.03550100
0.03501058
0.03498650
0.03683424
0.03740120
0.03514218
0.03359413
0.03468394
0.03524852
0.03519630
0.03255534
0.03104901
0.03312182
0.03155684
0.03407812
0.03693604
0.03595090
0.03563666
0.03598118
0.03605533
0.03658032
0.03499150
0.03678608
0.03582621
0.03503537
0.03626204
0.03504872
0.03600717
0.03556752
0.03592682
0.03567600
0.03540134
0.03568029
0.03443360
0.03813481
0.03574538
0.03622937
0.03606582
0.03470159
0.03604889
0.03460717
0.03565049
0.03505135
0.03520894
0.03584266
0.03768539
0.03759098
0.03769088
0.03679776
0.03601027
0.03542995
0.03534698
0.03723693
0.03577733
0.03579640
0.03499556
0.03551555
0.03557205
0.03530216
0.03544879
0.03521538
0.03586030
0.03607655
0.03613853
0.03636551
0.03549695
0.03710055
0.03627896
0.03531170
0.03591156
0.03598285
0.03467298
0.03389740
0.03144431
0.03526974
0.03458238
0.03639364
0.03318572
0.03654337
0.03634000
0.03656101
0.03561497
0.03619957
0.03573394
0.03776765
0.03639698
0.03277016
0.03197193
0.03329897
0.03206468
0.03301048
0.03116179
