0.00202155
0.03896332
0.03334904
0.03446460
0.03230000
0.03326607
0.03297973
0.03273225
0.03414822
0.03347611
0.03442335
0.03639221
0.03631306
0.03360200
0.03331971
0.03447771
0.03731680
0.03394032
0.03328109
0.03359294
0.03314900
0.03301811
0.03392172
0.03414440
0.03379202
0.03222203
0.03253055
0.03281784
0.03466272
0.03319740
0.03680372
0.03310823
0.03917122
0.03643012
0.03705502
0.03609824
0.03620958
0.03614354
0.03702736
0.03648138
0.03683925
0.03766012
0.03746986
0.03529358
0.03661346
0.03657174
0.03671789
0.03669572
0.03571081
0.03644061
0.03757787
0.03725719
0.03687429
0.03584719
0.03691936
0.03731751
0.03767610
0.03622270
0.03775406
0.03587699
0.03665257
0.03550482
0.03659439
0.03756762
0.03612328
0.03642893
0.03545094
0.03571129
0.03664303
0.03601360
0.03673577
0.03600359
0.03671956
0.03860474
0.03746748
0.03735590
0.03562903
0.03677440
0.03612900
0.03719473
0.03781223
0.03665686
0.03700900
0.03713059
0.03737831
0.03830290
0.03650546
0.03696108
0.03640652
0.03701353
0.03680062
0.03656697
0.03648472
0.03747034
0.03633881
0.03735948
0.03797913
0.03657556
0.03778934
0.03708196
0.03684115
0.03754950
0.03703260
0.03670526
0.03706241
0.03819323
0.03744078
0.03771400
0.03829575
0.03745365
0.03834867
0.03721023
0.03748322
0.03783441
0.03838348
0.03785777
0.03727365
0.03765225
0.03767657
0.03867435
0.03768778
0.03850579
0.03476429
0.03440833
0.03754878
0.03814125
0.03826976
0.03844905
0.03743815
0.03833127
0.03699422
0.03702474
0.03728938
0.03793216
0.03414798
0.03193712
0.03382945
0.03355074
0.03420568
0.03359914
0.03234506
0.03524637
0.03428078
0.03517580
0.03617573
0.03399754
0.03307629
0.03401589
0.03305435
0.03564572
0.03426337
0.03372741
0.03344703
0.03431678
0.03477073
0.03384018
0.03464770
0.03629994
0.04297113
0.04018378
0.03542733
0.03584051
0.03536916
0.04044652
0.04184985
0.04323173
0.04388189
0.04531980
0.04271340
0.03749251
0.03726363
0.03847313
0.03704810
0.03644586
0.03671288
0.03565025
0.03703308
0.03759766
0.03710699
0.03583932
0.03893495
0.03693914
0.03864384
0.03672075
0.03672624
0.03687048
0.03676105
0.03746438
0.03791666
0.03706169
0.03630543
0.03821421
0.03675437
0.03769231
0.03788662
0.03712082
0.03705549
0.03785872
0.03639627
0.03633046
0.03677678
0.03755760
0.03677773
0.03699422
0.03694963
0.03673530
0.03718400
0.03813720
0.03659320
0.03667450
0.03842235
0.03669119
0.03682470
0.03404927
0.03452754
0.03331757
0.03484249
0.03319383
0.03519225
0.03379846
0.03367829
0.03234863
0.03663063
0.03554654
0.03899455
0.04067969
0.04103804
0.04002166
0.04082990
0.04003239
0.04268646
0.04050493
0.03421354
0.03496242
0.03489566
0.03589249
0.03563166
0.03466964
0.03508377
0.03458166
0.03495169
0.03670526
0.03595519
0.03593779
0.03535223
0.03322673
0.03698134
0.03669596
0.03663945
0.03765345
0.03655863
0.03469229
0.03424931
0.03511500
0.03532147
0.03423500
0.03403687
0.03826094
0.03727984
0.03676271
0.03694916
0.03632212
0.03770018
0.03791976
0.03778124
0.03774405
0.03784204
0.03701878
0.03733110
0.03783488
0.03685951
0.03641152
0.03936052
0.03728676
0.03725672
0.03794289
0.03847075
0.03716254
0.03848529
0.03481674
0.03489351
0.03566456
0.03519559
0.03479862
0.03738403
0.03404832
0.03489375
0.03651285
0.03590012
0.03595066
0.03791404
0.03902340
0.03748369
0.03526568
0.03622103
0.03437829
0.03436422
0.04153347
0.03956819
0.03996158
0.03997874
0.04016757
0.03985786
0.03997898
0.03612351
0.03762889
0.03659081
0.03693962
0.03769493
0.03683305
0.03656292
0.03691316
0.03572178
0.03699279
0.03622913
0.03698492
0.03682852
0.03608680
0.03609896
0.03641129
0.03611755
0.03667307
0.03707314
0.03711128
0.03600407
0.03624129
0.03718615
0.03713250
0.03744745
0.03705239
0.03798056
0.03770089
0.03748345
0.03844094
0.03708982
0.03797626
0.03746128
0.03798103
0.03759813
0.03643394
0.03673172
0.03703237
0.03657222
0.03768945
0.03739882
0.03840780
0.03693652
0.03695512
0.03644466
0.03709149
0.03682923
0.03646183
0.03809404
0.03660631
0.03786874
0.03809452
0.03634739
0.03713822
0.03712177
0.03639102
0.03696442
0.03804183
0.03748298
0.03836155
0.03670239
0.03843546
0.03838372
0.03814435
0.03852797
0.03849125
0.03974223
0.03796220
0.03735232
0.03681397
0.03685760
0.03663492
0.03888035
0.03674912
0.03746557
0.03758097
0.03658557
0.03713775
0.03619862
0.03609014
0.03597116
0.03534818
0.03604364
0.03588033
0.03593445
0.03777504
0.03603339
0.03620386
0.03571677
0.03715158
0.03615832
0.03613830
0.03611159
0.03544736
0.03677940
0.03652120
0.03786659
0.04163098
0.03949952
0.03915739
0.03630757
0.03717899
0.03720284
0.03708029
0.03710580
0.03985739
0.04028416
0.04003763
0.03374815
0.03676701
0.03974366
0.03965735
0.04192114
0.03985906
0.04106236
0.04012966
0.03957272
0.04045534
0.03742027
0.03913283
0.03511095
0.03554463
0.03614306
0.03611422
0.03593421
0.03627300
0.03534627
0.03635144
0.03583312
0.03597355
0.03682351
0.03668737
0.03820825
0.03639531
0.03644586
0.03621483
0.03554654
0.03646803
0.03597426
0.04017258
0.03776908
0.03515339
0.03250098
0.03429937
0.03304267
0.03341389
0.03538585
0.03320503
0.03295183
0.03251100
0.03503418
0.03228712
0.03236032
0.03662038
0.03255558
0.03477764
0.03194404
0.03341031
0.03409123
0.03662300
0.03453398
0.03392506
0.03218889
0.03334975
0.03330374
0.03452635
0.03287292
0.03479671
0.03357053
0.03489304
0.03260255
0.03241897
0.03217125
0.03675199
0.03554058
0.03596616
0.03545952
0.03551579
0.03582096
0.03622627
0.03532648
0.03607821
0.03569889
0.03286147
0.03701401
0.03587055
0.03720427
0.03597760
0.03592110
0.03535628
0.03516054
0.03527665
0.03624845
0.03575492
0.03656650
0.03564930
0.03546834
0.03636217
0.03587794
0.03782940
0.03594947
0.03529739
0.03602529
0.03581858
0.03609776
0.03629017
0.03574324
0.03638744
0.03556657
0.03183508
0.03435946
0.03849769
0.03948236
0.03887010
0.03896666
0.03936434
0.03592324
0.03517556
0.03309536
0.03316641
0.03485012
0.03210068
0.03943276
0.03903818
0.03872252
0.03164673
0.03285980
0.03404427
0.03347802
0.03243303
0.03351760
0.03362632
0.03557062
0.03482604
0.03370786
0.03586411
0.03347754
0.03272510
0.03364825
0.03414822
0.03167892
0.03537035
0.03271484
0.03340077
0.03364849
0.03508544
0.03611779
0.03504205
0.03599834
0.03576207
0.03639388
0.03549170
0.03713512
0.03257537
0.03390265
0.03523564
0.03593898
0.03179431
0.03470588
0.03234720
0.03428864
0.03568316
0.03972173
0.03890920
0.03912640
0.03871131
0.03957438
0.03930712
0.03881717
0.03900695
0.03865552
0.04028130
0.04022169
0.04076338
0.03884268
0.04020905
0.03860760
0.03945684
0.04005480
0.03616309
0.03607488
0.03590131
0.03572345
0.03545761
0.03645349
0.03619885
0.03664756
0.03639817
0.03613639
0.03695941
0.03684258
0.03620458
0.03701210
0.03621554
0.03707933
0.03581834
0.03618336
0.03792024
0.03768349
0.03688169
0.03741527
0.03719091
0.03819275
0.03664470
0.03783321
0.03657532
0.03638268
0.03721404
0.04100966
0.03663325
0.03550935
0.03701138
0.03575850
0.03523135
0.03635907
0.03533769
0.03565574
0.03614783
0.03615880
0.03628850
0.03625178
0.03731513
0.03623819
0.03616333
0.03686714
0.03737950
0.03577018
0.03534126
0.03502369
0.03743982
0.03435826
0.03441000
0.03312564
0.03687692
0.03506398
0.03632784
0.03920913
0.03412604
0.03519940
0.03344560
0.03263330
0.03505778
0.03767300
0.04027295
0.03987956
0.03960204
0.04208040
0.03938627
0.03988552
0.04046059
0.03948259
0.03977251
0.03863692
0.03804874
0.03273964
0.03312635
0.03232646
0.04052138
0.03375983
0.03223038
0.03414106
0.03506589
0.03354406
0.03417230
0.03459525
0.03169394
0.03390384
0.03386211
0.03415012
0.03701425
0.03225160
0.03453779
0.03203559
0.03274274
0.03205585
0.03393173
0.03291845
0.03293657
0.03267741
0.03380513
0.03512979
0.03187966
0.03173614
0.03361058
0.03331232
0.03575730
0.03435731
0.03610086
0.03508806
0.03572989
0.03706360
0.03574443
0.03540945
0.03665733
0.03546929
0.03702354
0.03659964
0.03568649
0.03638840
0.03515220
0.03743219
0.03610039
0.03242373
0.04183650
0.03299904
0.03237939
0.03228974
0.03354526
0.03400731
0.03190517
0.03344846
0.03253388
0.03400373
0.03379154
0.03414083
0.03825927
0.03530312
0.03526092
0.03598714
0.03636050
0.03556585
0.03605437
0.03571057
0.03565955
0.03283429
0.03439927
0.03381181
0.03454709
0.03285265
0.03231049
0.03339744
0.03198385
0.03507590
0.03272533
0.03604198
0.03349280
0.03168750
0.03047991
0.03155422
0.03611636
0.03401375
0.03381586
0.03191876
0.03364944
0.03106046
0.03613186
0.03564119
0.03690314
0.03593612
0.03584838
0.03520560
0.03505635
0.03590298
0.03582907
0.03535295
0.03528357
0.03608179
0.03490520
0.03549814
0.03571415
0.03529906
0.03492332
0.03524590
0.03584886
0.03621888
0.03680038
0.03579164
0.03471303
0.03633904
0.03523707
0.03511000
0.03555989
0.03514981
0.03515768
0.03482008
0.03544474
0.03618598
0.03512859
0.03567243
0.03566456
0.03704906
0.04240704
0.03739429
0.03960180
0.03821087
0.03719878
0.03805757
0.03537345
0.03718281
0.03595591
0.03686833
0.03578782
0.03551841
0.03768873
0.03551459
0.03580308
0.03582382
0.03594804
0.03747487
0.03577662
0.03551435
0.03621125
0.03682280
0.03729796
0.03557301
0.03596520
0.03653383
0.03586030
0.03605890
0.03635073
0.03604436
0.03351450
0.03364062
0.03224683
0.03141475
0.03136826
0.03259706
0.03355265
0.03206706
0.03261471
0.03240728
0.03396368
0.03196335
0.03186321
0.03210545
0.03418541
0.03245234
0.03400326
0.03386879
0.03122282
0.03445888
0.03210711
0.03668904
0.03636122
0.03556871
0.03517032
0.03536105
0.03527498
0.03379965
0.03322387
0.03508019
0.03193736
0.03790879
0.03846478
0.04036283
0.04018426
0.03935313
0.03913021
0.03298998
0.03653741
0.04095840
0.03903532
0.04111362
0.04012752
0.03848171
0.03917217
0.03573442
0.03633571
0.03604269
0.03584218
0.03596687
0.03535342
0.03626704
0.03582692
0.03560352
0.03748775
0.03658104
0.03618073
0.03607011
0.03539419
0.03586268
0.03496552
0.03523922
0.03508043
0.03674507
0.03604913
0.03630447
0.03589797
0.03656983
0.03684163
0.03614974
0.03575039
0.03650475
0.03561521
0.03669715
0.03635120
0.03613281
0.03656530
0.03600454
0.03652811
0.03675961
0.03838348
0.03558135
0.03678131
0.03694057
0.03697348
0.03705311
0.03583884
0.03562832
0.03673434
0.03620744
0.03614497
0.03643465
0.03608179
0.03586602
0.03645945
0.03612280
0.03596878
0.03594518
0.03593445
0.03641081
0.03565121
0.03579140
0.03598332
0.03571868
0.03738332
0.03730249
0.03280306
0.03571773
0.03506112
0.03394127
0.03654218
0.03522038
0.03421259
0.03439522
0.03525662
0.03320765
0.03334117
0.03504014
0.03437114
0.03359103
0.03402543
0.03453302
0.03330588
0.03928018
0.03884506
0.03774357
0.03777099
0.03832459
0.03781843
0.03820419
0.03729439
0.03641748
0.03668094
0.03852248
0.03694463
0.03748870
0.03684735
0.03865433
0.03668261
0.03682971
0.03700447
0.03903127
0.03841281
0.03752637
0.03648210
0.03754950
0.03725410
0.03903055
0.03643918
0.03880143
0.03862405
0.03728366
0.03708386
0.03682375
0.03724146
0.04003382
0.03331351
0.03698874
0.03746676
0.03774881
0.03653979
0.03714252
0.03726029
0.03758121
0.03910351
0.03720403
0.03847170
0.03678465
0.03696990
0.03683114
0.03815317
0.03770971
0.03861141
0.03702927
0.03691459
0.03788877
0.03999305
0.04235697
0.03930211
0.03905582
0.03911424
0.03808498
0.03790259
0.03668213
0.03654861
0.03620005
0.03851295
0.03604984
0.03735471
0.03580260
0.03729367
0.03703761
0.03623462
0.03747940
0.03688574
0.03773737
0.03708458
0.03815341
0.03644037
0.03763366
0.03690958
0.03646874
0.03849673
0.03892088
0.03643274
0.03736186
0.03656292
0.03758788
0.03413773
0.03699684
0.03682375
0.03350091
0.03574204
0.03726959
0.03395891
0.03464556
0.03388357
0.03488803
0.03443885
0.03418255
0.03411460
0.03489089
0.03462887
0.03668785
0.03380227
0.03378558
0.03447318
0.03488874
0.03560305
0.03494859
0.03573537
0.03588724
0.03422213
0.03646517
0.03936934
0.03495312
0.03695011
0.03575397
0.03457689
0.03592443
0.03331971
0.03362465
0.03229380
0.03419518
0.03261137
0.03293538
0.03445554
0.03664398
0.03435206
0.03547597
0.03551722
0.03246975
0.03469419
0.03805494
0.03832817
0.03809524
0.03759456
0.03826833
0.03733063
0.03878927
0.03805780
0.03799915
0.03842187
0.03780031
0.03850865
0.03968692
0.03928304
0.03805423
0.03879070
0.03780031
0.03862548
0.03710461
0.03770924
0.03780794
0.03701425
0.03827333
0.03898430
0.03698564
0.03914213
0.03682733
0.03749418
0.03451800
0.03580236
0.03508401
0.03723359
0.04081106
0.04271436
0.04038930
0.04169369
0.04254150
0.04211521
0.04077315
0.04308677
0.03529143
0.03909302
0.03402853
0.03275299
0.03372788
0.03619003
0.03465295
0.03500104
0.03407812
0.03479123
0.03373194
0.03321743
0.03522563
0.03587866
0.03504896
0.03553820
0.03484559
0.03455305
0.03341508
0.03420496
