0.00198174
0.02159834
0.02124667
0.02201223
0.02130747
0.02188683
0.02141500
0.02114010
0.02166653
0.02148843
0.02154183
0.02126789
0.02124906
0.02145743
0.02108145
0.02180600
0.02109289
0.02123880
0.02276087
0.02123427
0.02115893
0.02272058
0.02128410
0.02163243
0.02271557
0.02199960
0.02188706
0.02155375
0.02135205
0.02181888
0.02169251
0.02159214
0.02175403
0.02180314
0.02147865
0.02163053
0.02189183
0.02148247
0.02192640
0.02227402
0.02206063
0.02208543
0.02126884
0.02120328
0.02212095
0.02120399
0.02120519
0.02116227
0.02120447
0.02129626
0.02143836
0.02129006
0.02135468
0.02199054
0.02146411
0.02150178
0.02155948
0.02148652
0.02113175
0.02159500
0.02126217
0.02119064
0.02178097
0.02195501
0.02120090
0.02231550
0.02164173
0.02134824
0.02124095
0.02127934
0.02131200
0.02204418
0.02212501
0.02123785
0.02181649
0.02131557
0.02113056
0.02158475
0.02112651
0.02126288
0.02160192
0.02116776
0.02116203
0.02203202
0.02139950
0.02124476
0.02182674
0.02113271
0.02278543
0.02183962
0.02163482
0.02200294
0.02221441
0.02139115
0.02191257
0.02131796
0.02383637
0.02891374
0.03256822
0.02299404
0.02198100
0.02159166
0.02255511
0.02219748
0.02210426
0.02227449
0.02154541
0.02189541
0.02138782
0.02184677
0.02212262
0.02179956
0.02175760
0.02123165
0.02155018
0.02151251
0.02111125
0.02143669
0.02177477
0.02134991
0.02123809
0.02151442
0.02117109
0.02138138
0.02225900
0.02109265
0.02210116
0.02178860
