0.00169921
0.03143549
0.03002930
0.03233123
0.03344822
0.03182626
0.03089905
0.03176641
0.03030252
0.03100801
0.03215003
0.03170156
0.03175402
0.03222179
0.03160477
0.03198314
0.03314662
0.03198385
0.03167725
0.03187513
0.03069663
0.03091025
0.03186488
0.03161335
0.03158951
0.03476882
0.03127384
0.03280163
0.03235483
0.03310561
0.03111029
0.03144026
0.03153181
0.03058267
0.03098392
0.03050947
0.03082371
0.03203416
0.03729081
0.03195047
0.03202653
0.03169513
0.03231430
0.03119421
0.03159451
0.03150272
0.03271985
0.03142929
0.03152370
0.03203678
0.03887987
0.03977036
0.04044604
0.03704238
0.04138541
0.03509259
0.03299356
0.03286076
0.03241181
0.03268790
0.03262424
0.03228545
0.03258419
0.03134251
0.03237414
0.03164220
0.03233552
0.03186178
0.03178406
0.03383708
0.03145838
0.03512836
0.03963351
0.03107309
0.03158426
0.03314066
0.02993131
0.03056026
0.03065228
0.03233266
0.03069234
0.03509355
0.03048086
0.03326178
0.03416705
0.03277135
0.03570056
0.03095269
0.03173423
0.03089833
0.03126049
0.03248382
0.03264999
0.03110981
0.03090310
0.03053260
0.03156447
0.03100157
0.03417134
0.03052688
0.03238797
0.03774118
0.03096628
0.03145719
0.03120303
0.03317928
0.03147650
0.03126884
0.03134489
0.03186131
0.03167892
0.03162551
0.03167748
0.03201413
0.03177691
0.03441286
0.03088164
0.03229809
0.03172350
0.03112531
0.03117681
0.03183103
0.03230619
0.03243732
0.03156900
0.03239417
0.03165722
0.03141809
0.03143549
0.03564978
0.03562307
0.03482795
0.03478003
0.03494167
0.03487039
0.03534126
0.03509450
0.03491330
0.03507519
0.03552818
0.03586388
0.03452492
0.03515840
0.03527927
0.03490543
0.03542566
0.03527522
0.03479624
0.03460526
0.03576064
0.03604412
0.03484416
0.03472114
0.03529429
0.03554702
0.03497434
0.03598237
0.03519821
0.03569293
0.03605342
0.03447366
0.03514361
0.03481936
0.03439116
0.03502989
0.03614831
0.03613782
0.03447604
0.03759599
0.03488469
0.03487921
0.03475404
0.03507638
0.03548503
0.03565240
0.03537703
0.03465533
0.03847718
0.04175854
0.03974867
0.03539872
0.04064775
0.03247428
0.03212380
0.03051496
0.03115845
0.03031206
0.03180075
0.03039312
0.03459263
0.03846622
0.03826475
0.03828311
0.03724146
0.03467560
0.03300619
0.03173137
0.03360462
0.03366184
0.03086972
0.03253627
0.03035903
0.03504348
0.03153920
0.03193665
0.03211546
0.03199458
0.03149128
0.03029227
0.03131056
0.03033471
0.03132606
0.03139877
0.03131700
0.03525519
0.03572035
0.03517890
0.03495288
0.03513885
0.03447556
0.03546906
0.03547525
0.03593612
0.03495955
0.03546119
0.03476191
0.03077245
0.03234434
0.03308010
0.03234053
0.03192711
0.03113556
0.03119397
0.03202438
0.03184056
0.03245521
0.03202009
0.03325462
0.03060508
0.03186870
0.03082395
0.03468132
0.03171778
0.03162932
0.03209472
0.03194976
0.03153396
0.03101873
0.03193521
0.03587532
0.03657246
0.03435636
0.03577971
0.03521919
0.03503513
0.03485513
0.03518271
0.03102541
0.03088355
0.03172469
0.03092146
0.03265691
0.03160214
0.03226900
0.03082919
0.03167224
0.03037691
0.03223681
0.03036880
0.03164625
0.03052163
0.03249598
0.03132200
0.03209662
0.03007674
0.03478599
0.03486729
0.03495121
0.03459907
0.03528929
0.03512692
0.03609037
0.03518105
0.03439140
0.03506875
0.03461385
0.03459668
0.03418827
0.03603220
0.03465891
0.03419375
0.03459191
0.03524208
0.03530931
0.03491855
0.03432512
0.03451800
0.03575850
0.03432894
0.03567076
0.03556108
0.03525162
0.03548574
0.03458476
0.03445983
0.03473854
0.03523922
0.03451610
0.03456855
0.03479385
0.03473878
0.03453326
0.03622389
0.03460169
0.03513265
0.03527355
0.03490782
0.03504777
0.03566241
0.03546238
0.03517985
0.03437471
0.03449297
0.03445458
0.03414273
0.03539300
0.03452253
0.03522682
0.03540921
0.03486300
0.03487206
0.03477192
0.03487468
0.03488898
0.03472304
0.03447890
0.03500986
0.03475904
0.03484035
0.03520250
0.03479910
0.03551078
0.03487945
0.03477263
0.03488922
0.03513169
0.03469253
0.03426766
0.03498769
0.03470898
0.03417158
0.03444147
0.03553247
0.03471708
0.03473926
0.03468513
0.03435540
0.03493023
0.03510237
0.03489137
0.03562188
0.03525424
0.03545833
0.03444004
0.03413296
0.03616977
0.03485084
0.03496265
0.03478789
0.03478050
0.03436589
0.03491306
0.03515816
0.03583574
0.03489351
0.03537369
0.03480840
0.03540897
0.03527141
0.03475714
0.03455591
0.03484559
0.03485394
0.03460002
0.03530598
0.03550243
0.03458834
0.03469348
0.03558969
0.03466606
0.03508639
0.03488255
0.03469110
0.03453064
0.03518152
0.03468513
0.03477478
0.03473973
0.03495908
0.03496432
0.03433323
0.03682137
0.03522754
0.03471994
0.03540468
0.03510785
0.03551149
0.03531742
0.03497005
0.03566599
0.03511739
0.03639579
0.03590202
0.03618622
0.03660464
0.03699827
0.03572845
0.03496361
0.03513122
0.03602290
0.03530717
0.03595400
0.03593087
0.03532362
0.03556132
0.03565693
0.03537703
0.03548861
0.03473258
0.03554153
0.03593516
0.03552985
0.03605437
0.03560066
0.03514981
0.03585505
0.03613400
0.03507066
0.03492594
0.03558826
0.03644490
0.03485036
0.03495526
0.03553319
0.03543997
0.03561854
0.03561139
0.03505254
0.03584123
0.03484750
0.03534031
0.03546619
0.03535366
0.03713751
0.03470850
0.03519917
0.03503489
0.03506780
0.03690720
0.03567314
0.03522110
0.03678775
0.03537059
0.03493714
0.03529143
0.03491640
0.03505683
0.03605580
0.03540468
0.03507519
0.03583908
0.03679609
0.03520179
0.03538299
0.03702497
0.03516531
0.03579831
0.03528619
0.03419304
0.03182888
0.03214240
0.03074718
0.03828025
0.03627944
0.04039502
0.03591728
0.03952122
0.04039097
0.03506494
0.04080629
0.03949547
0.03551221
0.03983736
0.03857565
0.03892732
0.03898764
0.03558421
0.04035163
0.03128433
0.03222227
0.03102541
0.03179169
0.03183603
0.03174114
0.03240395
0.03235197
0.03269577
0.03230977
0.03112841
0.03246164
0.03136492
0.03299356
0.03054142
0.03315091
0.03147864
0.03208184
0.03220868
0.03205132
0.03190303
0.03972268
0.03574562
0.03955269
0.03790259
0.03710198
0.03203893
0.03112435
0.03108025
0.03085089
0.03131533
0.03162479
0.03110838
0.03133082
0.03140736
0.03098178
0.03117514
0.03157711
0.03127670
0.03103018
0.03246498
0.03152585
0.03007174
0.03084731
0.03040767
0.03187490
0.03063941
0.03120947
0.03101540
0.03475523
0.03274846
0.03327680
0.03266978
0.03197646
0.03179312
0.03196001
0.03132105
0.03041029
0.03171468
0.03090763
0.03146768
0.03103518
0.03082299
0.03080893
0.03169656
0.03147531
0.03129244
0.03120017
0.03222561
0.03180385
0.03082395
0.03047037
0.03184962
0.03641081
0.03561497
0.03529048
0.03498888
0.03621769
0.03079152
0.03095222
0.03040695
0.03307605
0.03946137
0.03522825
0.03017282
0.03253460
0.03127646
0.03499436
0.03432989
0.03466773
0.03449750
0.03455400
0.03467417
0.03423309
0.03534818
0.03421783
0.03402877
0.03522229
0.03511262
0.03498340
0.03297234
0.03150034
0.02973819
0.03107738
0.03112769
0.03306603
0.03095412
0.03558803
0.03096437
0.03124857
0.03180265
0.03833055
0.03911209
0.03601289
0.03168893
0.03117919
0.03155327
0.03023601
0.03836393
0.03889394
0.03965330
0.03637290
0.04042792
0.03136301
0.03086567
0.03510165
0.03235698
0.03076839
0.03206658
0.03121233
0.03088570
0.03173876
0.03173327
0.03065395
0.03192329
0.03082156
0.03687859
0.03678846
0.03718829
0.03450418
0.03180957
0.03266025
0.03177977
0.03227854
0.03178430
0.03038692
0.03221440
0.03008866
0.03129148
0.03089571
0.03083301
0.03052568
0.03229928
0.03032541
0.03169942
0.03191447
0.03165460
0.03042531
0.03172731
0.02971458
0.03094888
0.03135180
0.03111243
0.03185821
0.03104377
0.03034282
0.03135562
0.03197837
0.03138542
0.03073192
0.03152680
0.03224325
0.03039765
0.03339195
0.03914046
0.03663778
0.03692317
0.03064013
0.03116488
0.03495359
0.03559661
0.03456831
0.03467989
0.03471231
0.03508282
0.03485560
0.03109050
0.03136468
0.03237128
0.03151560
0.03170633
0.03237414
0.03114724
0.03057075
0.03082466
0.03129888
0.03226185
0.03170300
0.03081298
0.03158665
0.03085780
0.03286600
0.03091359
0.03135633
0.03055406
0.03114486
0.03084707
0.03018975
0.02987957
0.03176332
0.03002858
0.03187943
0.03024912
0.03107476
0.03069305
0.03160691
0.03111553
0.03949857
0.03708315
0.03351045
0.03117800
0.03626442
0.03485394
0.03453612
0.03480625
0.03652310
0.03531504
0.03494477
0.03533340
0.03581905
0.03745723
0.03491592
0.03567290
0.03531933
0.03607178
0.03680277
0.03536797
0.03505659
0.03486109
0.03528357
0.03463078
0.03452730
0.03563452
0.03609729
0.03517938
0.03592086
0.03494072
0.03509474
0.03515339
0.03528237
0.03531790
0.03507328
0.03512597
0.03550959
0.03568697
0.03538704
0.03575897
0.03489757
0.03547120
0.03608871
0.03493357
0.03443503
0.03675723
0.03499222
0.03556561
0.03568053
0.03453326
0.03536391
0.03635621
0.03622961
0.03556585
0.03573513
0.03582811
0.03483844
0.03578830
0.03629971
0.03545403
0.03559065
0.03492355
0.03503299
0.02950191
0.02924657
0.02588415
0.03154564
0.02603412
0.02793002
0.02584839
0.02713156
0.02570438
0.02652955
0.02211428
0.02625418
0.02286577
0.02195501
0.02310514
0.02380729
0.01829100
0.02261400
0.01746464
0.02245140
0.02288628
0.02169251
0.01762342
0.02342939
0.01706600
0.01707888
0.01741695
0.01760387
0.01771188
0.01733518
0.01767421
0.01698470
0.01712322
0.01771903
0.01852798
0.01840138
0.01748419
0.01695657
0.01733136
0.01792550
0.01718092
0.01696372
0.01751018
0.01731133
0.01736856
0.01730585
0.01761222
0.01759505
0.01711321
0.01775074
0.01762676
0.01800609
0.01747632
0.01712584
0.01701856
0.01820397
0.01728511
0.01737857
0.01713562
0.01767731
0.01776695
0.01741052
0.01763678
0.01748896
0.01834679
0.01741362
0.01747918
0.01694584
0.01750159
0.01759052
0.01729012
0.01732922
0.01815724
0.01709747
0.01860666
0.01817107
0.01790714
0.01727176
0.01801181
0.01697779
0.01716256
0.01755667
0.01710391
0.01687074
0.01827383
0.01787853
0.01797318
0.01753783
0.01741219
0.01783299
0.01713991
0.01710558
0.01763105
0.01801872
0.01737452
0.01707506
0.02382374
0.01716232
0.01709628
0.01689577
0.01730919
0.01762605
0.01815271
0.01730251
0.02349806
0.01755857
0.01775026
0.02310658
0.02267861
0.02347040
0.02363896
0.02312970
0.01742864
0.01777506
0.01729083
0.02425981
0.01716328
0.01853180
0.02347088
0.01801538
0.01744580
0.01756644
0.02345228
0.02369046
0.02291465
0.02296591
0.02931333
0.02962017
0.02924323
0.02948236
0.03004313
0.02891421
0.02984309
0.03523993
0.03092933
0.03584647
0.03570390
0.03508997
0.03502560
0.03510594
0.03443074
0.03472829
0.03516126
0.03449869
0.03496838
0.03437304
0.03495455
0.03505659
0.03457522
0.03549075
0.03583694
0.03539205
0.03580022
0.03531313
0.03446531
0.03502274
0.03590727
0.03478050
0.03493524
0.03521514
0.03467798
0.03507113
0.03544927
0.03584099
0.03526211
0.03550529
0.03454018
0.04019618
0.03635025
0.03924751
0.03576612
0.03927016
0.04001212
0.03337455
0.04119635
0.03895688
0.03638029
0.04030824
0.03516293
0.03866148
0.03736567
0.03178930
0.03308535
0.03346109
0.03050399
0.03140426
0.03085756
0.03581929
0.03471541
0.03508425
0.03599405
0.03534865
0.03508782
0.03489113
0.03486514
0.03489757
0.03512883
0.03549862
0.03503394
0.03501582
0.03523350
0.03494692
0.03230071
0.03877187
0.03679442
0.04050541
0.03710890
0.03150678
0.03583598
0.03534865
0.03500104
0.03501225
0.03504586
0.03496480
0.03507042
0.03459573
0.03225541
0.03105497
0.03197360
0.03208089
0.03179383
0.03261304
0.03155684
0.03182864
0.03068447
0.03067875
0.03221035
0.02988791
0.03117061
0.03054976
0.03184247
0.03016329
0.03309011
0.03213358
0.03156209
0.03133059
0.03209066
0.03075790
0.03164887
0.03182769
0.03039098
0.03076506
0.03184915
0.03118730
0.03555250
0.03500009
0.03173876
0.03112698
0.03210568
0.03570652
0.03500295
0.03406620
0.03161645
0.03066826
0.03083253
0.03095222
0.03100252
0.03160286
0.03040171
0.03115225
0.03074384
0.03011513
0.03144145
0.03106976
0.03136206
0.03143358
0.03149033
0.03105259
0.03110361
0.03170300
0.03165507
0.03112459
0.03108358
0.03076029
0.03117752
0.03131437
0.03051639
0.03187513
0.03302312
0.03160572
0.04143858
0.03789973
0.03094625
0.03105593
0.03128672
0.03067899
0.03095484
0.03222871
0.03245282
0.03151608
0.03337836
0.03224373
0.03180814
0.03434086
0.03708220
0.03615427
0.03709626
0.03558707
0.03640270
0.03575659
0.03561115
0.03529215
0.03485322
0.03620672
0.03607082
0.03577209
0.03524280
0.03652000
0.03578520
0.03542662
0.03622079
0.03712630
0.03591180
0.03380346
0.03202581
0.03089738
0.03179169
0.03200150
0.03097439
0.03253603
0.03112078
0.03097463
0.03185701
0.03677988
0.03050613
0.03388453
0.03200316
0.03194523
0.03096390
0.03149486
0.03017735
0.03199959
0.03039622
0.03145123
0.03157592
0.03051019
0.03098679
0.03311753
0.03100848
0.03556037
0.03532934
0.03464174
0.03533626
0.03477502
0.03480363
0.03400874
0.03585577
0.03587151
0.03528309
0.03560591
0.03499317
0.03560591
0.03547978
0.03520322
0.03507113
0.03466940
0.03590941
0.03837824
0.03800058
0.03718209
0.04019046
0.03208494
0.03045702
0.03194118
0.03111744
0.03052258
0.03068185
0.03073168
0.03148389
0.03200245
0.03104424
0.03095174
0.03225470
0.03122568
0.03152609
0.03147697
0.03138280
0.03120971
0.03157020
0.03308153
0.03186893
0.03202844
0.03266549
0.03180003
0.03172255
0.03525186
0.03185964
0.03096294
0.03113675
0.03118277
0.03166032
0.03143454
0.03157139
0.03181434
0.03167105
0.03503704
0.03161478
0.03138256
0.03325224
0.03548551
0.03422213
0.03272462
0.02982950
0.03244710
0.02980065
0.03240442
0.03193474
0.03073549
0.03061318
0.03210235
0.03083515
0.03144956
0.03145099
0.03161597
0.03109527
0.03148460
0.03262591
0.03013563
0.03356814
0.03124976
0.03131652
0.03143454
0.03204989
0.03070807
0.03139210
0.03172827
0.03109646
0.03182912
0.03566337
0.03460407
0.03525043
0.03500128
0.03510356
0.03528905
0.03547072
0.03528762
0.03506804
0.03680539
0.03715301
0.03596687
0.03578353
0.03516340
0.03509021
0.03581762
0.03511047
0.03636742
0.03550434
0.03513026
0.03519249
0.03157210
0.03193521
0.03229761
0.03109264
0.03217101
0.03085136
0.03227139
0.03133559
0.03043532
0.03606653
0.03519917
0.03539729
0.03491616
0.03561258
0.03524899
0.03461337
0.03519416
0.03490448
0.03523064
0.03475928
0.03546214
0.03588653
0.03506970
0.03541875
0.03533673
0.03529215
0.03559828
0.03493547
0.03467011
0.03526926
0.03494024
0.03577018
0.03568482
0.03515363
0.03469491
0.03076768
0.03118300
0.03145766
0.03085971
0.03197789
0.03186846
0.03110218
0.03210807
0.03312302
0.03333068
0.03154254
0.03261685
0.03172517
0.03105593
0.03201294
0.03095126
0.03188324
0.03089809
0.03309560
0.03023219
0.03333378
0.03100586
0.03185844
0.03045917
0.03230453
0.03118825
0.03190374
0.03201842
0.03102589
0.03174567
0.03157973
0.03142810
0.03105783
0.03151131
0.03157067
0.03286099
0.03623104
0.03466892
0.03517056
0.03471017
0.03410721
0.03481603
0.03532243
0.03546667
0.03490567
0.03502655
0.03625679
0.03460693
0.03431249
0.03515935
0.03494787
0.03520370
0.03442097
0.03536057
0.03450513
0.03461432
0.03529572
0.03554296
0.03566718
0.03482461
0.03557277
0.03493738
0.03455329
0.03477979
0.03612447
0.03531742
0.03432894
0.03537226
0.03482533
0.03451228
0.03492713
0.03539443
0.03512502
0.03475308
0.03482080
0.03461695
0.03560114
0.03465390
0.03524947
0.03494811
0.03529310
0.03608108
0.03497458
0.03548026
0.03464913
0.03536868
0.03541613
0.03445196
0.03524017
0.03431463
0.03440404
0.03435969
0.03468847
0.03550529
0.03574347
0.03463459
0.03543639
0.03130364
0.03010392
0.03228140
0.03641629
0.03976655
0.03623533
0.03693986
0.03145099
0.03161120
0.03098440
0.03106570
0.03174782
0.03084636
0.03215909
0.03102016
0.03177023
0.03215170
0.03139567
0.03093362
0.03169918
0.03255773
0.03400564
0.03600407
0.03393841
0.03156495
0.03265929
0.03243613
0.03282261
0.03259349
0.03184080
0.02733326
0.02717304
0.02751017
0.02740264
0.02671218
0.02216840
0.02277017
0.02251267
0.02340341
0.02182579
0.02267551
0.01739454
0.01748323
0.01718736
0.01723909
0.01729250
0.01711464
0.01761198
0.01803565
0.01702857
0.01787114
0.01690316
0.01688981
0.01810718
0.01744032
0.01798558
0.01748610
0.01706409
0.01806092
0.01789069
0.01699591
0.01774383
0.01795363
0.01723075
0.01712847
0.01672339
0.01688433
0.01657200
0.01799822
0.01754951
0.01750278
0.01791072
0.01713777
0.01712394
0.01697373
0.01671982
0.01774693
0.01707387
0.01732302
0.01718163
0.01807737
0.01791739
0.01872230
0.01859784
0.01833963
0.01739359
0.01743484
0.01819134
0.01775670
0.01738477
0.01745272
0.01720715
0.01829147
0.01768327
0.01834130
0.01787686
0.01740599
0.01731205
0.01816654
0.01773643
0.01738048
0.01740742
0.01758552
0.01788187
0.01734710
0.01763248
0.01769567
0.01774931
0.01737857
0.01705980
0.01695156
0.01835966
0.01711035
0.01751328
0.01810932
0.01794529
0.01700473
0.01785207
0.01794767
0.01756716
0.01745415
0.01742601
0.01739216
0.01729703
0.01763940
0.01731563
0.01759434
0.01752305
0.01749253
0.01738977
0.01750398
0.01735544
0.01747513
0.01695895
0.01763320
0.01738930
0.01714015
0.01733637
0.01758432
0.01779437
0.01736856
0.01716638
0.01709366
0.01714134
0.01753449
0.01758122
0.01733923
0.01771593
0.02770758
0.01718712
0.01784134
0.01719379
0.01737714
0.01741147
0.01730752
0.01711130
0.01789761
0.01712227
0.01738238
0.01769710
0.01759648
0.01712322
0.01810408
0.01780009
0.01778507
0.01703429
0.01777792
0.01759481
0.01730633
0.01798582
0.01769400
0.01734710
0.01706362
0.01730371
0.01724505
0.01723933
0.01790547
0.01725268
0.01764393
0.01692033
0.01729083
0.01758933
0.01841879
0.01763701
0.01716781
0.01755834
0.01719356
0.01921535
0.01728201
0.01914263
0.01747847
0.01735640
0.01753998
0.01766109
0.01704764
0.01694083
0.01751065
0.01793385
0.01730657
0.01726818
0.01781130
0.01666975
0.01829600
0.01689696
0.01701975
0.01753402
0.01830077
0.01753902
0.01796913
0.01774383
0.01778674
0.01776361
0.01731515
0.01835442
0.01798248
0.01837325
0.01856160
0.01773453
0.01770210
0.01755381
0.01785731
0.01893544
0.01759028
0.01748919
0.01769066
0.01811409
0.01721263
0.01696897
0.01752877
0.01772547
0.01844072
0.01781082
0.01745272
0.01760697
0.01870203
0.01757145
0.01770806
0.01770592
0.01890230
0.01798630
0.01745772
0.01752949
0.01790166
0.01720762
0.01813579
0.01752758
0.01705647
0.01858068
0.01794600
0.01749778
0.01716971
0.01751351
0.01719785
0.01706791
0.01768780
0.01718116
0.03081512
0.03245425
0.03226638
0.03476524
0.03184509
0.03134561
0.03171682
0.03179073
0.03174424
0.03202581
0.03643370
0.03123569
0.03183198
0.03217411
0.03135204
0.03121662
0.03169155
0.03032875
0.03569221
0.03532672
0.03105235
0.02998519
0.03192949
0.03052282
0.03087449
0.03084326
0.03158069
0.03038454
0.03086329
0.03070474
0.03067231
0.03091335
0.03112364
0.03089476
0.03120065
0.03147793
0.03049707
0.03040791
0.02973199
0.03035188
0.03048611
0.03007436
0.03188086
0.03157234
0.03909302
0.03688240
0.03918028
0.03633904
0.03948927
0.03960872
0.03547120
0.04008341
0.03869820
0.03715754
0.03908920
0.03585696
0.04034925
0.04007268
0.03501010
0.03576231
0.03526664
0.03532720
0.03503799
0.03529644
0.03514290
0.03506517
0.03478932
0.03616309
0.03519821
0.03475928
0.03524876
0.03456926
0.03465533
0.03560185
0.03636479
0.03653479
0.03505492
0.03547621
0.03618050
0.03496695
0.03542638
0.03532863
0.03515768
0.03458095
0.03481388
0.03482628
0.03504467
0.03504920
0.03506064
0.03472877
0.03614473
0.03461385
0.03521299
0.03529024
0.03091407
0.03114605
0.03324747
0.03289533
0.03465962
0.03175545
0.03413105
0.03165865
0.03205919
0.03316331
0.03552508
0.03428745
0.03587866
0.03506923
0.03445005
0.03467178
0.03537464
0.03519797
0.03464246
0.03532100
0.03470182
0.03456378
0.03444171
0.03971744
0.03888631
0.03706551
0.04035330
0.04006052
0.03233600
0.03070116
0.03357244
0.03225088
