0.00198412
0.02736568
0.02962446
0.02699804
0.02786207
0.02932215
0.02922702
0.03022695
0.02803683
0.02952456
0.02845478
0.02909946
0.02851605
0.02815437
0.02808547
0.02872086
0.03150201
0.03128862
0.03100348
0.03087735
0.03152728
0.03242278
0.03064346
0.03064132
0.03020167
0.03038478
0.03033495
0.03076291
0.03174496
0.03009629
0.03057241
0.03021693
0.03089261
0.03087854
0.03203440
0.03020573
0.03059268
0.03046012
0.03049159
0.03085208
0.03193259
0.03025937
0.03166747
0.03094387
0.03024054
0.03144383
0.03068089
0.03135777
0.03170276
0.03293610
0.03060985
0.03188086
0.03148246
0.03151059
0.03198957
0.03120399
0.03168774
0.03132963
0.03129387
0.03155684
0.03148270
0.03211522
0.03086996
0.03068089
0.03088546
0.03105974
0.03131580
0.03117156
0.03054714
0.03029871
0.03162169
0.03196049
0.03143167
0.03112650
0.03078556
0.03150654
0.03050327
0.03070569
0.03122211
0.03105807
0.03163338
0.03054261
0.02822638
0.02923441
0.02793479
0.03047371
0.02823019
0.03166485
0.03202581
0.03183150
0.03152442
0.03158903
0.03202677
0.03303480
0.03196239
0.03145933
0.03229570
0.03104830
0.03100705
0.03130436
0.03158331
0.03092480
0.03102994
0.03138733
0.03082609
0.03134680
0.03098679
0.03095126
0.03080416
0.03127456
0.03123689
0.03125095
0.03114891
0.03096557
0.03087974
0.03199935
0.03047943
0.03190780
0.03035903
0.03138828
0.03061604
0.03285789
0.03098297
0.03137302
0.03049779
0.03241229
0.03110409
0.03154349
0.03143406
0.03210855
0.03117156
0.03124309
0.02751017
0.02783132
0.03069210
0.03120065
0.03123808
0.03089714
0.03057384
0.03066635
0.03019357
0.03083491
0.03044820
0.03026271
0.03031898
0.03065181
0.03019714
0.03142023
0.03026938
0.03055549
0.03037238
0.03037691
0.03097820
0.03092384
0.03097343
0.02905893
0.02740145
0.02836847
0.03011370
0.02908778
0.02826238
0.02752495
0.02836013
0.02754211
