0.00177312
0.01680470
0.01765084
0.01787734
0.01733971
0.01789069
0.01801848
0.01696920
0.01783013
0.01735425
0.01771951
0.01722288
0.01810932
0.01705503
0.01692128
0.01793838
0.01723599
0.01703691
0.01795816
0.01722121
0.01738477
0.01765633
0.01825309
0.01763940
0.01728272
0.01758504
0.01776171
0.01753664
0.01731205
0.01699996
0.01690078
0.01740217
0.01711702
0.01720548
0.01710248
0.01746917
0.01763606
0.01715112
0.01747847
0.01690650
0.01715088
0.01829815
0.01737809
0.01723480
0.01724124
0.01741767
0.01704979
0.01793242
0.01709390
0.01823044
0.01719618
0.01781273
0.01676202
0.01710606
0.01728010
0.01697779
0.01726985
0.01724529
0.01710224
0.01739669
0.01851225
0.01731706
0.01709819
0.01759672
0.01683831
0.01687717
0.01744223
0.01687431
0.01710296
0.01702285
0.01720858
0.01811147
0.01772428
0.01804113
0.01701093
0.01737571
0.01717401
0.01790428
0.01757431
0.01750517
0.01694202
0.01678109
0.01703095
0.01746750
0.01716971
0.01712584
0.01793647
0.01701498
0.01725197
0.01719284
0.01720095
0.01727891
0.01697731
0.01738310
0.01689172
0.01717544
0.01741815
0.01690555
0.01699495
0.01688051
0.01732874
0.01671553
0.01735020
0.01732850
0.01701307
0.01729298
0.01733041
0.01893663
0.01691771
0.01758194
0.01734567
0.01740980
0.01801634
0.01702547
0.01734805
0.01846313
0.01702976
0.01703310
0.01751208
0.01689458
0.01678419
0.01684761
0.01692080
0.01690507
0.01891375
0.01721621
0.01692009
0.01760125
0.01729798
0.01751685
0.01707792
0.01708817
0.01763034
0.01679349
0.01760268
0.01668978
0.01701283
0.01712489
0.01737809
0.01708341
0.01828742
0.01730537
0.01728845
0.01682758
0.01702714
0.01718950
0.01684189
0.01753259
0.01743388
0.01697350
0.01768041
0.01727557
0.01700401
0.01745105
0.01689696
0.01778913
0.01745820
0.01702452
0.01780534
0.01745033
0.01707959
0.01734304
0.01771617
0.01679802
0.01699662
0.01745796
0.01730871
0.01788425
0.01731277
0.01657033
0.01681519
0.01793838
0.01703906
0.01731849
0.01812434
0.01848364
0.01712704
0.01766849
0.01674604
0.01662469
0.01704049
0.01725411
0.01804447
0.01822519
0.01742721
0.01726866
0.01694202
0.01705050
0.01749349
0.01686168
0.01671863
0.01722455
0.01689959
0.01724720
0.01776075
0.01828909
0.01790714
0.01779032
0.01801562
0.01671958
0.01683426
0.01706100
0.01784134
0.01674867
0.01713204
0.01722836
0.01680732
0.01757884
0.01712322
0.01686287
0.01705170
0.01714182
0.01751232
0.01732278
0.01845574
0.01823592
0.01812601
0.01758718
0.01752067
0.01737261
0.01733780
0.01739597
0.01725435
0.01770544
0.01766825
0.01728296
0.01757503
0.01775455
0.01712060
0.01733851
0.01676250
0.01697493
0.01806498
0.01707363
0.01817083
0.01763391
0.01780796
0.01708937
0.01743984
0.01761079
0.01744390
0.01723576
0.01737571
0.01729870
0.01808906
0.01737261
0.01759243
0.01734734
0.01859450
0.01697206
0.01711011
0.01785970
0.01742148
0.01816320
0.01857376
0.01700187
0.01711798
0.01693964
0.01810765
0.01726317
0.01695013
0.01711440
0.01691914
0.01701117
0.01833797
0.01716828
0.01746774
0.01761246
0.01842690
0.01776361
0.01862574
0.01751471
0.01744533
0.01727796
0.01721406
0.01700282
0.01699638
0.01743889
0.01760745
0.01779866
0.01718235
0.01805711
0.01758885
0.01770163
0.01728296
0.01690316
0.01690841
0.01762486
0.01704049
0.01675916
0.01668692
0.01712871
0.01777673
0.01701641
0.01735806
0.01838899
0.01808715
0.01734066
0.01841545
0.01705503
0.01701164
0.01700020
0.01786900
0.01775980
0.01751876
0.01724553
0.01817179
0.01725030
0.01809359
0.01719713
0.01695585
0.01745367
0.01818466
0.01775050
0.01703286
0.01686025
0.01680374
0.01749015
0.01704431
0.01711488
0.01798654
0.01885366
0.01733828
0.01689529
0.01700711
0.01687121
0.01739097
0.01869178
0.01748204
0.01717019
0.01718736
0.01781225
0.01748586
0.01708674
0.01787663
0.01747704
0.01732922
0.01729679
0.01723742
0.01690435
0.01732278
0.01725459
0.01736593
0.01747131
0.01796985
0.01824117
0.01753664
0.01762843
0.01766467
0.01722598
0.01741099
0.01752067
0.01786137
0.01705050
0.01738167
0.01846600
0.01713586
0.01786780
0.01769495
0.01713300
0.03089428
0.02994275
0.03040385
0.03072572
0.03029227
0.03005242
0.03070569
0.03038287
0.03003240
0.03051186
0.03021812
0.03069305
0.03059506
0.03051519
0.03033066
0.02995872
0.03041625
0.03129411
0.03063679
0.02867556
0.02934098
0.02760601
0.02911258
0.02777362
0.02785158
0.02807069
0.02843761
0.02909827
0.02883577
0.02967000
0.02804232
0.02969646
0.02709818
0.02799702
0.02813196
0.02851319
0.02775645
0.02884412
0.02742362
0.02697849
