0.00214028
0.01706719
0.01757741
0.01734972
0.01751542
0.01696134
0.01764297
0.01730037
0.01693201
0.01686072
0.01757979
0.01767898
0.01795268
0.01712894
0.01832628
0.01811600
0.01720023
0.01742387
0.01712036
0.01839495
0.01718211
0.01684999
0.01693916
0.01727009
0.01746392
0.01738501
0.01754284
0.01705551
0.01795697
0.01721311
0.02731228
0.03061700
0.03073549
0.03159189
0.03132772
0.03050375
0.03070855
0.01705146
0.01810384
0.01703596
0.01742029
0.01770973
0.03079796
0.03145027
0.03033447
0.03084135
0.03044701
0.03069997
0.01832008
0.01705217
0.01765013
0.03146744
0.01719379
0.02686357
0.02165079
0.01725292
0.01768303
0.01731873
0.01767850
0.02677345
0.02147484
0.02617264
0.03055811
0.03084850
0.03006864
0.03029776
0.03045559
0.03034878
0.03010798
0.02167988
0.01790380
0.01742792
0.01750565
0.02206016
0.02051806
0.01799202
0.01740003
0.01733947
0.01717281
0.01772881
0.01696682
0.01743150
0.01715279
0.02608585
0.03067899
0.03055406
0.03062868
0.03031158
0.03042817
0.03031468
0.03064680
0.03051114
0.03048015
0.03122115
0.03199220
0.03082395
0.03081059
0.03148437
0.02637553
0.02670670
0.01744199
0.01718259
0.02160716
0.01733065
0.03143454
0.03141499
0.03192830
0.03069854
0.03077531
0.03155661
0.03231764
0.03159046
0.03091788
0.03086090
0.03107524
0.03184915
0.03100467
0.03177500
0.03196359
0.03107762
0.03171945
0.03209519
0.03145075
0.03160548
0.03203201
0.03237438
0.03186107
0.03140235
0.03100419
0.03229380
0.03181124
0.03139639
0.03109002
0.02747202
0.02808046
0.03020406
0.02779794
0.02825165
0.02829671
0.02744126
0.02760172
0.02788973
0.03470206
0.03315639
0.03388500
0.03419876
0.02862930
0.02849460
0.02907014
0.02882957
0.02792287
0.02961659
0.02769208
0.03028369
0.02954364
0.02827930
0.02803469
0.02910995
0.02795672
0.02930355
0.03297043
0.02872133
0.02723598
0.02860904
0.02100253
0.01777458
0.01763487
0.02472401
0.03182626
0.02294350
0.01803231
0.01848841
0.02823853
0.03206277
0.03450465
0.03367257
0.03388834
0.03467107
0.03107619
0.03388166
0.03109455
0.03169203
0.03181696
0.03319836
0.03467894
0.03163910
0.03158283
0.03156948
0.02599978
0.03426123
0.02932477
0.02271795
0.02332973
0.03296494
0.01750755
0.01749778
0.01761913
0.01788831
0.02347660
0.03436732
0.03343320
0.03080130
0.03312254
0.03222466
0.03377032
0.03186178
0.03344703
0.03509831
0.03065419
0.03085780
0.03075838
0.03023934
0.03057313
0.03127027
0.03075433
0.03056312
0.03029490
0.03040242
0.03034997
0.02969217
0.02135468
0.03018880
0.03005338
0.03032732
0.03062749
0.03072333
0.02850580
0.02940297
0.02783346
0.02852726
0.02802205
0.02943587
0.02902460
0.02812958
0.03128123
0.03117156
0.03062773
0.03056598
0.03090739
0.03114772
0.03282523
0.03299451
0.03432369
0.03579617
0.03566360
0.03198528
0.03262162
0.03128099
0.03102636
0.03075480
0.03055358
0.03131628
0.03084326
0.03077865
0.03046632
0.03128219
0.03114104
0.03119540
0.03125286
0.03143167
0.03098464
0.03155184
0.03273296
0.03097177
0.03073096
0.03069735
0.03148246
0.03168893
0.03168058
0.03126693
0.03066826
0.03144312
0.03077412
0.03093386
0.03189564
0.03100944
0.03073978
0.03074408
0.03169274
0.03152418
0.03157949
0.03062105
0.03116012
0.03056502
0.03033996
0.03110290
0.03020334
0.03086591
0.03020811
0.03084254
0.03016782
0.02912331
0.02909994
0.02965808
0.02855849
0.02899075
0.02839923
0.03197217
0.02756786
0.02893949
0.02800560
0.02878881
0.02914882
0.02998424
0.02800679
0.02838945
0.02923059
0.02785373
0.02781677
0.02769470
0.02753639
0.02746272
0.03002119
0.02822828
0.03112149
0.02869010
0.03072858
0.02860260
0.03201151
0.02886963
0.03123212
0.02857852
0.02959394
0.02774405
0.02919149
0.02831841
0.03081131
0.03072977
0.02915454
0.02803493
0.02908015
0.02972507
0.03237152
0.02879477
0.02835631
0.02828074
0.02875829
0.02943659
0.02855158
0.02958727
0.02799249
0.02921677
0.02891326
0.02864790
0.02893591
0.03079247
0.02938271
0.02966619
0.02815604
0.03202343
0.03128648
0.03187466
0.03021097
0.02906251
0.02829337
0.02848768
0.02763128
0.03274083
0.03288865
0.02797937
0.02816820
0.02935171
0.02807808
0.03005219
0.02729630
0.02772284
0.02818775
0.02894878
0.02866983
0.02834749
0.02769184
0.02806568
0.02803540
0.02914500
0.03115416
0.02751327
0.02804756
0.02704382
0.02908444
0.02720594
0.02850556
0.02860570
0.02853727
0.02844667
0.02916551
0.03027797
0.02837110
0.02847624
0.02879405
0.02841878
0.02788925
0.03133607
