198.000,214.000,34.000,81.000
196.062,214.722,34.000,81.000
193.625,216.716,34.000,81.000
192.074,216.938,34.000,81.000
191.409,216.273,34.000,81.000
188.971,218.710,34.000,81.000
188.306,219.818,34.000,81.000
186.312,222.256,34.000,81.000
186.090,224.694,34.000,81.000
187.198,224.915,34.000,81.000
189.636,224.250,34.000,81.000
192.517,224.915,34.000,81.000
195.398,223.807,34.000,81.000
198.278,222.256,34.000,81.000
201.602,219.818,34.000,81.000
205.370,216.051,34.000,81.000
215.342,208.738,34.000,81.000
217.336,206.744,34.000,81.000
214.012,208.738,34.000,81.000
212.018,209.846,34.000,81.000
212.682,206.522,34.000,81.000
216.450,210.290,34.000,81.000
220.217,213.614,34.000,81.000
223.098,216.051,34.000,81.000
225.979,218.489,34.000,81.000
229.746,220.926,34.000,81.000
233.070,222.478,34.000,81.000
232.405,233.779,34.000,81.000
237.502,237.990,34.000,81.000
243.485,237.768,34.000,81.000
247.695,237.103,34.000,81.000
254.565,240.427,34.000,81.000
258.332,236.660,34.000,81.000
261.213,233.779,34.000,81.000
264.537,232.228,34.000,81.000
268.304,233.336,34.000,81.000
272.072,232.671,34.000,81.000
276.282,235.109,34.000,81.000
280.936,233.558,34.000,81.000
286.919,233.336,34.000,81.000
290.686,236.217,34.000,81.000
293.567,236.882,34.000,81.000
296.448,237.103,34.000,81.000
297.999,237.768,34.000,81.000
298.220,234.887,34.000,81.000
296.226,232.893,34.000,81.000
296.004,230.898,34.000,81.000
295.783,231.120,34.000,81.000
296.004,231.785,34.000,81.000
294.453,228.904,34.000,81.000
294.232,230.012,34.000,81.000
291.794,227.131,34.000,81.000
290.243,225.137,34.000,81.000
289.135,226.688,34.000,81.000
287.140,223.364,34.000,81.000
287.805,225.802,34.000,81.000
288.913,227.796,34.000,81.000
286.476,230.234,34.000,81.000
282.708,233.114,34.000,81.000
280.271,235.995,34.000,81.000
278.276,238.433,34.000,81.000
274.952,237.325,34.000,81.000
272.515,239.319,34.000,81.000
268.748,238.655,34.000,81.000
264.094,240.206,34.000,81.000
259.883,241.314,34.000,81.000
254.787,242.422,34.000,81.000
248.803,242.643,34.000,81.000
245.479,243.751,34.000,81.000
241.712,242.200,34.000,81.000
237.945,243.751,34.000,81.000
232.405,242.643,34.000,81.000
224.206,240.206,34.000,81.000
213.347,236.438,34.000,81.000
204.262,234.887,34.000,81.000
198.722,235.995,34.000,81.000
192.738,237.547,34.000,81.000
183.653,234.666,34.000,81.000
179.886,238.433,34.000,81.000
176.118,243.087,34.000,81.000
171.465,241.979,34.000,81.000
166.368,239.984,34.000,81.000
155.509,228.682,34.000,81.000
151.299,223.142,34.000,81.000
147.089,221.148,34.000,81.000
142.878,220.040,34.000,81.000
139.554,220.705,34.000,81.000
135.344,223.142,34.000,81.000
131.576,225.580,34.000,81.000
129.139,226.245,34.000,81.000
125.815,228.682,34.000,81.000
123.377,229.790,34.000,81.000
120.940,226.910,34.000,81.000
118.502,224.915,34.000,81.000
115.621,219.375,34.000,81.000
111.411,211.619,34.000,81.000
109.416,208.295,34.000,81.000
110.968,209.846,34.000,81.000
113.848,210.954,34.000,81.000
115.843,211.176,34.000,81.000
117.837,210.068,34.000,81.000
119.388,206.301,34.000,81.000
116.951,199.874,34.000,81.000
118.502,193.891,34.000,81.000
120.496,190.567,34.000,81.000
122.934,187.686,34.000,81.000
125.372,186.578,34.000,81.000
128.252,187.686,34.000,81.000
131.133,188.794,34.000,81.000
134.014,189.902,34.000,81.000
137.338,191.453,34.000,81.000
140.219,187.686,34.000,81.000
143.100,185.249,34.000,81.000
145.981,184.141,34.000,81.000
149.748,183.476,34.000,81.000
153.958,181.481,34.000,81.000
158.612,183.033,34.000,81.000
162.379,180.595,34.000,81.000
165.703,179.487,34.000,81.000
169.470,181.038,34.000,81.000
173.237,180.817,34.000,81.000
176.562,179.709,34.000,81.000
180.329,175.941,34.000,81.000
184.096,173.504,34.000,81.000
187.420,170.623,34.000,81.000
190.744,169.072,34.000,81.000
194.132,167.904,33.710,80.309
197.428,168.124,33.710,80.309
200.284,167.465,33.710,80.309
202.701,168.563,33.710,80.309
205.117,170.980,33.710,80.309
207.095,170.321,33.710,80.309
209.072,170.980,33.710,80.309
210.610,169.882,33.710,80.309
212.588,170.101,33.710,80.309
214.565,167.684,33.710,80.309
216.982,165.268,33.710,80.309
219.399,163.730,33.710,80.309
219.618,164.828,33.710,80.309
221.156,164.609,33.710,80.309
221.376,165.707,33.710,80.309
221.596,166.806,33.710,80.309
224.012,163.510,33.710,80.309
225.990,161.972,33.710,80.309
227.967,156.040,33.710,80.309
229.505,152.744,33.710,80.309
231.150,152.015,33.422,79.623
232.239,150.926,33.422,79.623
234.199,149.837,33.422,79.623
236.595,149.183,33.422,79.623
240.351,148.036,33.137,78.943
243.159,149.979,33.137,78.943
245.966,149.331,33.137,78.943
248.774,146.092,33.137,78.943
245.308,163.678,33.427,79.634
248.141,165.638,33.427,79.634
251.844,164.113,33.427,79.634
255.112,163.460,33.427,79.634
256.637,161.063,33.427,79.634
258.598,159.974,33.427,79.634
259.687,161.063,33.427,79.634
258.162,161.717,33.427,79.634
259.687,160.628,33.427,79.634
260.777,158.667,33.427,79.634
263.609,156.270,33.427,79.634
266.005,154.745,33.427,79.634
269.709,150.170,33.427,79.634
273.040,145.196,33.141,78.954
277.144,143.252,33.141,78.954
280.816,141.308,33.141,78.954
283.624,143.252,33.141,78.954
287.348,141.693,32.858,78.280
288.847,143.192,32.858,78.280
288.633,145.119,32.858,78.280
290.654,146.080,32.578,77.612
288.743,148.416,32.578,77.612
290.229,149.053,32.578,77.612
288.743,148.416,32.578,77.612
288.955,146.505,32.578,77.612
287.469,145.443,32.578,77.612
286.407,143.957,32.578,77.612
286.620,144.169,32.578,77.612
285.983,142.683,32.578,77.612
286.620,141.621,32.578,77.612
286.832,138.012,32.578,77.612
287.044,134.402,32.578,77.612
286.832,132.066,32.578,77.612
287.469,133.128,32.578,77.612
286.832,129.943,32.578,77.612
287.894,132.279,32.578,77.612
285.983,140.560,32.578,77.612
285.346,152.238,32.578,77.612
285.133,158.820,32.578,77.612
285.346,162.005,32.578,77.612
286.407,164.341,32.578,77.612
287.894,165.402,32.578,77.612
288.955,164.341,32.578,77.612
287.044,162.854,32.578,77.612
286.407,164.341,32.578,77.612
287.894,167.101,32.578,77.612
288.106,163.067,32.578,77.612
287.894,162.005,32.578,77.612
289.804,154.573,32.578,77.612
289.167,151.813,32.578,77.612
290.654,152.875,32.578,77.612
291.291,155.210,32.578,77.612
292.352,157.546,32.578,77.612
292.989,159.882,32.578,77.612
293.626,162.217,32.578,77.612
291.715,164.978,32.578,77.612
291.928,167.313,32.578,77.612
290.866,168.375,32.578,77.612
289.380,169.437,32.578,77.612
291.715,170.923,32.578,77.612
288.531,168.163,32.578,77.612
286.195,171.348,32.578,77.612
285.983,175.382,32.578,77.612
285.770,175.170,32.578,77.612
285.288,164.107,32.300,76.949
283.393,162.634,32.300,76.949
282.762,162.423,32.300,76.949
282.130,164.318,32.300,76.949
282.341,167.055,32.300,76.949
280.867,170.213,32.300,76.949
279.814,170.844,32.300,76.949
278.762,171.055,32.300,76.949
276.867,170.844,32.300,76.949
275.814,171.476,32.300,76.949
273.078,172.107,32.300,76.949
271.183,171.055,32.300,76.949
268.668,170.934,32.582,77.623
268.031,168.173,32.582,77.623
266.120,166.262,32.582,77.623
264.633,167.748,32.582,77.623
261.661,170.674,32.867,78.302
258.663,171.868,33.155,78.987
255.421,173.813,33.155,78.987
253.476,176.190,33.155,78.987
251.099,180.296,33.155,78.987
249.155,183.537,33.155,78.987
248.074,183.321,33.155,78.987
246.561,194.774,33.155,78.987
244.184,196.719,33.155,78.987
241.807,196.071,33.155,78.987
238.998,194.558,33.155,78.987
236.621,196.503,33.155,78.987
234.244,195.422,33.155,78.987
231.435,193.910,33.155,78.987
229.058,191.533,33.155,78.987
227.113,190.020,33.155,78.987
225.168,187.643,33.155,78.987
223.223,186.995,33.155,78.987
221.528,185.985,33.445,79.678
220.002,182.715,33.445,79.678
222.836,178.137,33.445,79.678
220.438,188.383,33.445,79.678
219.348,191.216,33.445,79.678
217.822,187.075,33.445,79.678
215.860,184.241,33.445,79.678
214.334,185.767,33.445,79.678
211.936,183.369,33.445,79.678
208.667,184.459,33.445,79.678
204.961,186.421,33.445,79.678
201.691,189.690,33.445,79.678
199.729,189.037,33.445,79.678
198.019,188.465,33.738,80.375
196.919,186.046,33.738,80.375
197.579,183.187,33.738,80.375
195.160,183.847,33.738,80.375
197.139,180.988,33.738,80.375
194.720,182.967,33.738,80.375
196.260,184.946,33.738,80.375
197.359,181.648,33.738,80.375
197.139,183.627,33.738,80.375
196.040,185.606,33.738,80.375
195.820,188.465,33.738,80.375
197.359,183.847,33.738,80.375
195.820,185.386,33.738,80.375
194.720,182.088,33.738,80.375
194.501,178.789,33.738,80.375
192.324,179.565,34.033,81.079
194.764,193.095,34.033,81.079
196.317,193.761,34.033,81.079
195.652,193.983,34.033,81.079
194.986,193.761,34.033,81.079
194.764,194.870,34.033,81.079
194.543,195.535,34.033,81.079
193.877,193.095,34.033,81.079
194.099,188.437,34.033,81.079
196.095,182.448,34.033,81.079
195.874,178.677,34.033,81.079
198.314,176.681,34.033,81.079
196.317,178.234,34.033,81.079
192.546,190.434,34.033,81.079
191.437,194.648,34.033,81.079
190.606,193.157,34.331,81.788
190.830,186.668,34.331,81.788
189.711,181.521,34.331,81.788
188.592,177.717,34.331,81.788
186.579,178.389,34.331,81.788
184.117,179.060,34.331,81.788
181.656,180.179,34.331,81.788
180.090,182.192,34.331,81.788
178.076,183.311,34.331,81.788
169.440,209.329,34.631,82.504
166.743,214.289,34.934,83.226
164.239,217.249,34.934,83.226
161.734,219.754,34.934,83.226
158.774,219.981,34.934,83.226
156.725,221.575,34.934,83.226
155.131,221.347,34.934,83.226
153.537,224.307,34.934,83.226
151.488,223.169,34.934,83.226
149.894,222.486,34.934,83.226
148.300,221.803,34.934,83.226
147.162,224.307,34.934,83.226
147.845,223.169,34.934,83.226
145.796,227.040,34.934,83.226
145.113,227.267,34.934,83.226
145.660,226.670,35.240,83.954
143.593,228.737,35.240,83.954
144.145,208.359,35.548,84.689
142.060,205.810,35.548,84.689
142.291,204.652,35.548,84.689
138.816,202.566,35.548,84.689
137.658,199.091,35.548,84.689
136.315,199.433,35.859,85.430
135.146,197.797,35.859,85.430
134.445,198.498,35.859,85.430
134.211,195.927,35.859,85.430
135.252,198.189,36.173,86.177
135.488,196.067,36.173,86.177
136.195,198.660,36.173,86.177
137.845,197.953,36.173,86.177
138.553,200.546,36.173,86.177
140.203,201.725,36.173,86.177
141.382,201.018,36.173,86.177
142.561,200.782,36.173,86.177
144.211,202.432,36.173,86.177
144.918,201.725,36.173,86.177
146.097,202.432,36.173,86.177
146.804,202.197,36.173,86.177
147.983,201.961,36.173,86.177
148.691,203.611,36.173,86.177
148.455,202.904,36.173,86.177
149.162,202.197,36.173,86.177
149.398,200.075,36.173,86.177
148.219,204.554,36.173,86.177
147.983,202.904,36.173,86.177
147.276,205.969,36.173,86.177
146.097,206.676,36.173,86.177
145.861,206.912,36.173,86.177
147.040,203.847,36.173,86.177
145.390,205.969,36.173,86.177
146.569,202.432,36.173,86.177
144.918,205.497,36.173,86.177
144.211,203.375,36.173,86.177
143.032,205.497,36.173,86.177
142.325,205.261,36.173,86.177
141.146,205.497,36.173,86.177
142.796,203.375,36.173,86.177
142.561,202.668,36.173,86.177
143.740,200.546,36.173,86.177
143.975,198.896,36.173,86.177
143.268,201.018,36.173,86.177
144.918,199.839,36.173,86.177
144.211,201.489,36.173,86.177
145.390,199.839,36.173,86.177
146.097,201.489,36.173,86.177
146.804,198.424,36.173,86.177
147.512,201.018,36.173,86.177
148.691,202.668,36.173,86.177
149.398,203.847,36.173,86.177
150.105,206.440,36.173,86.177
150.812,209.505,36.173,86.177
151.048,211.627,36.173,86.177
151.284,208.562,36.173,86.177
150.884,212.293,36.490,86.931
152.549,209.677,36.490,86.931
151.835,213.245,36.490,86.931
153.976,209.202,36.490,86.931
155.165,205.634,36.490,86.931
156.354,207.299,36.490,86.931
157.543,209.439,36.490,86.931
156.830,214.909,36.490,86.931
157.068,216.574,36.490,86.931
157.305,216.336,36.490,86.931
157.543,218.001,36.490,86.931
157.305,219.666,36.490,86.931
158.019,219.904,36.490,86.931
158.257,219.666,36.490,86.931
157.543,220.379,36.490,86.931
157.781,222.044,36.490,86.931
157.543,223.233,36.490,86.931
157.781,223.947,36.490,86.931
157.543,224.660,36.490,86.931
157.140,225.011,36.809,87.692
157.225,224.382,37.131,88.459
156.318,223.747,37.456,89.233
155.404,219.102,37.784,90.014
152.695,215.901,37.784,90.014
151.772,217.779,38.114,90.801
153.014,215.543,38.114,90.801
154.753,214.301,38.114,90.801
155.002,212.562,38.114,90.801
156.740,211.320,38.114,90.801
157.486,211.072,38.114,90.801
159.225,209.830,38.114,90.801
160.964,210.078,38.114,90.801
161.709,207.842,38.114,90.801
161.957,209.581,38.114,90.801
163.199,210.327,38.114,90.801
163.448,211.569,38.114,90.801
164.690,212.314,38.114,90.801
164.938,212.562,38.114,90.801
165.683,215.295,38.114,90.801
166.429,217.034,38.114,90.801
167.174,219.270,38.114,90.801
167.422,220.512,38.114,90.801
167.174,218.773,38.114,90.801
168.416,221.505,38.114,90.801
168.168,219.270,38.114,90.801
169.906,219.518,38.114,90.801
169.161,222.747,38.114,90.801
171.397,221.008,38.114,90.801
171.645,216.785,38.114,90.801
173.384,214.550,38.114,90.801
174.626,213.804,38.114,90.801
176.365,212.065,38.114,90.801
177.111,215.295,38.114,90.801
177.708,216.680,38.448,91.596
179.462,215.928,38.448,91.596
181.717,216.680,38.448,91.596
182.970,216.429,38.448,91.596
185.225,216.680,38.448,91.596
186.979,216.429,38.448,91.596
188.232,218.184,38.448,91.596
189.619,219.797,38.119,90.814
191.855,221.536,38.119,90.814
193.594,220.294,38.119,90.814
195.333,221.039,38.119,90.814
197.072,220.791,38.119,90.814
199.308,221.039,38.119,90.814
201.048,220.294,38.119,90.814
202.290,220.542,38.119,90.814
203.532,219.797,38.119,90.814
205.768,219.052,38.119,90.814
208.004,215.822,38.119,90.814
211.234,209.114,38.119,90.814
213.967,206.877,38.119,90.814
216.203,208.120,38.119,90.814
218.439,207.374,38.119,90.814
220.178,206.132,38.119,90.814
222.414,208.368,38.119,90.814
225.147,205.635,38.119,90.814
228.377,207.871,38.119,90.814
230.613,210.107,38.119,90.814
233.346,213.834,38.119,90.814
238.018,225.406,38.453,91.609
242.780,224.654,38.453,91.609
248.043,222.900,38.453,91.609
252.304,225.656,38.453,91.609
257.065,227.912,38.453,91.609
262.329,225.155,38.453,91.609
273.105,227.912,38.453,91.609
276.865,231.170,38.453,91.609
280.624,229.917,38.453,91.609
283.882,228.163,38.453,91.609
286.138,230.920,38.453,91.609
283.381,235.180,38.453,91.609
287.066,233.495,38.789,92.410
302.994,214.534,38.789,92.410
309.820,209.730,38.789,92.410
317.657,213.522,38.789,92.410
324.989,217.315,38.789,92.410
331.309,219.084,38.789,92.410
338.641,220.348,38.789,92.410
346.984,220.601,38.789,92.410
353.304,219.337,38.789,92.410
363.164,220.601,38.789,92.410
373.530,225.405,38.789,92.410
382.884,234.253,38.789,92.410
381.114,214.787,38.789,92.410
384.401,205.938,38.789,92.410
386.676,195.572,38.789,92.410
383.390,192.791,38.789,92.410
378.815,194.201,39.129,93.219
375.245,193.009,39.471,94.035
371.386,194.295,39.471,94.035
369.071,195.067,39.471,94.035
364.943,197.556,39.817,94.857
361.050,200.930,39.817,94.857
356.119,204.304,39.817,94.857
345.479,202.487,39.817,94.857
336.527,203.934,40.165,95.687
325.887,202.174,40.516,96.525
315.694,200.398,40.871,97.369
304.773,199.599,40.871,97.369
294.916,198.267,40.871,97.369
289.322,202.263,40.871,97.369
279.466,200.398,40.871,97.369
271.208,199.066,40.871,97.369
262.950,197.734,40.871,97.369
255.225,196.402,40.871,97.369
247.500,194.005,40.871,97.369
238.709,187.345,40.871,97.369
228.320,184.415,40.871,97.369
222.194,178.821,40.871,97.369
214.468,172.161,40.871,97.369
205.145,167.100,40.871,97.369
198.686,168.585,41.229,98.221
124.965,174.491,41.589,99.081
112.225,177.472,41.589,99.081
108.159,178.828,41.589,99.081
104.093,179.641,41.589,99.081
99.485,181.538,41.589,99.081
95.419,182.894,41.589,99.081
92.437,180.996,41.589,99.081
89.456,182.894,41.589,99.081
88.100,180.996,41.589,99.081
85.119,181.809,41.589,99.081
81.053,182.623,41.589,99.081
76.444,185.062,41.589,99.081
72.378,180.454,41.589,99.081
66.144,182.894,41.589,99.081
59.909,184.249,41.589,99.081
54.217,186.689,41.589,99.081
49.067,183.165,41.589,99.081
45.543,185.604,41.589,99.081
40.935,186.960,41.589,99.081
37.411,187.773,41.589,99.081
33.345,189.128,41.589,99.081
28.737,189.941,41.589,99.081
24.129,186.960,41.589,99.081
20.063,184.520,41.589,99.081
15.455,185.875,41.589,99.081
11.661,186.831,41.953,99.948
6.465,184.917,41.953,99.948
3.458,183.003,41.953,99.948
-0.097,184.370,41.953,99.948
-3.105,185.191,41.953,99.948
-6.660,186.558,41.953,99.948
-9.121,184.644,41.953,99.948
-13.222,187.105,41.953,99.948
-11.855,210.894,41.953,99.948
-11.582,213.902,41.953,99.948
-10.214,215.816,41.953,99.948
-13.222,216.636,41.953,99.948
-10.883,218.161,42.320,100.822
-13.663,214.554,41.959,99.961
-10.655,216.469,41.959,99.961
-8.740,218.383,41.959,99.961
-11.201,215.922,41.959,99.961
-8.193,218.383,41.959,99.961
-10.108,220.844,41.959,99.961
-11.475,217.836,41.959,99.961
-11.029,222.798,41.601,99.108
-9.000,226.131,41.246,98.262
-12.233,223.666,40.894,97.423
-8.768,226.598,40.894,97.423
-10.634,220.467,40.894,97.423
-6.636,226.064,40.894,97.423
-4.770,221.000,40.894,97.423
-6.936,219.076,40.545,96.592
-4.558,221.983,40.545,96.592
-6.189,218.528,40.198,95.767
-5.251,224.816,39.855,94.949
-8.108,224.036,39.855,94.949
-13.044,208.191,39.855,94.949
-11.745,204.814,39.855,94.949
-9.407,204.035,39.855,94.949
-7.589,202.736,39.855,94.949
-6.290,193.124,39.855,94.949
-3.952,184.033,39.855,94.949
-2.653,187.410,39.855,94.949
2.282,190.267,39.855,94.949
7.218,192.605,39.855,94.949
13.712,191.826,39.855,94.949
21.245,190.007,39.855,94.949
29.298,186.630,39.855,94.949
36.311,182.214,39.855,94.949
43.325,178.318,39.855,94.949
50.339,176.500,39.855,94.949
56.833,174.681,39.855,94.949
63.846,173.902,39.855,94.949
70.860,173.123,39.855,94.949
76.834,174.941,39.855,94.949
81.770,177.279,39.855,94.949
87.745,178.058,39.855,94.949
93.200,176.759,39.855,94.949
98.655,179.617,39.855,94.949
109.305,176.759,39.855,94.949
114.240,178.578,39.855,94.949
119.176,177.798,39.855,94.949
124.631,178.578,39.855,94.949
134.762,175.201,39.855,94.949
144.373,173.382,39.855,94.949
150.348,172.603,39.855,94.949
156.322,170.785,39.855,94.949
161.258,168.447,39.855,94.949
167.232,164.550,39.855,94.949
173.726,164.291,39.855,94.949
179.701,164.550,39.855,94.949
185.156,166.369,39.855,94.949
190.611,168.187,39.855,94.949
195.547,168.447,39.855,94.949
199.963,171.304,39.855,94.949
201.261,174.681,39.855,94.949
199.963,177.539,39.855,94.949
197.625,172.603,39.855,94.949
197.885,167.668,39.855,94.949
194.508,162.213,39.855,94.949
196.845,162.472,39.855,94.949
193.988,160.654,39.855,94.949
198.404,165.070,39.855,94.949
210.613,183.513,39.855,94.949
213.990,192.605,39.855,94.949
218.925,196.501,39.855,94.949
223.341,196.761,39.855,94.949
227.238,197.540,39.855,94.949
232.693,193.644,39.855,94.949
238.148,189.748,39.855,94.949
242.564,187.929,39.855,94.949
246.460,185.072,39.855,94.949
250.876,183.253,39.855,94.949
255.292,186.630,39.855,94.949
260.747,184.812,39.855,94.949
265.163,187.669,39.855,94.949
270.619,188.968,39.855,94.949
275.554,191.826,39.855,94.949
280.490,197.281,39.855,94.949
283.866,201.177,39.855,94.949
288.282,202.476,39.855,94.949
293.218,204.814,39.855,94.949
298.673,209.749,39.855,94.949
303.609,213.126,39.855,94.949
307.505,214.945,39.855,94.949
310.970,214.083,39.515,94.139
314.318,214.340,39.515,94.139
317.151,215.628,39.515,94.139
320.499,212.280,39.515,94.139
321.787,208.932,39.515,94.139
323.074,206.614,39.515,94.139
323.332,207.902,39.515,94.139
325.135,210.735,39.515,94.139
325.392,213.053,39.515,94.139
328.225,215.886,39.515,94.139
328.998,217.173,39.515,94.139
331.831,218.976,39.515,94.139
336.209,224.385,39.515,94.139
336.467,224.642,39.515,94.139
338.785,229.536,39.515,94.139
339.557,233.914,39.515,94.139
341.875,237.777,39.515,94.139
344.078,238.685,39.861,94.963
347.456,240.504,39.861,94.963
350.313,251.675,39.861,94.963
353.171,256.092,39.861,94.963
356.549,259.469,39.861,94.963
360.965,262.847,39.861,94.963
364.862,266.744,39.861,94.963
368.240,269.082,39.861,94.963
372.656,270.900,39.861,94.963
374.995,274.278,39.861,94.963
378.892,274.538,39.861,94.963
382.269,277.915,39.861,94.963
386.686,279.214,39.861,94.963
390.063,281.552,39.861,94.963
394.480,283.371,39.861,94.963
398.377,284.150,39.861,94.963
402.793,283.371,39.861,94.963
407.210,284.670,39.861,94.963
412.666,285.449,39.861,94.963
417.082,288.827,39.861,94.963
420.460,290.126,39.861,94.963
424.357,288.827,39.861,94.963
427.734,290.645,39.861,94.963
427.474,296.101,39.861,94.963
431.891,293.763,39.861,94.963
435.788,295.581,39.861,94.963
438.646,293.243,39.861,94.963
440.984,289.866,39.861,94.963
443.322,288.567,39.861,94.963
444.101,286.229,39.861,94.963
442.595,287.677,40.210,95.794
443.382,285.843,40.210,95.794
442.937,286.229,40.561,96.632
443.202,284.379,40.561,96.632
442.408,285.701,40.561,96.632
443.730,283.850,40.561,96.632
441.351,286.758,40.561,96.632
437.385,299.712,40.561,96.632
437.121,304.206,40.561,96.632
440.029,301.298,40.561,96.632
438.707,305.264,40.561,96.632
441.511,303.486,40.916,97.477
441.244,308.020,40.916,97.477
443.644,307.220,40.916,97.477
441.777,306.953,40.916,97.477
445.698,305.707,41.274,98.330
447.044,308.666,41.274,98.330
449.465,306.783,41.274,98.330
451.348,310.280,41.274,98.330
454.307,308.935,41.274,98.330
457.804,307.052,41.274,98.330
461.760,303.588,41.636,99.191
465.287,296.804,41.636,99.191
467.052,298.317,42.000,100.059
469.516,301.328,42.000,100.059
472.527,304.887,42.000,100.059
474.443,308.993,42.000,100.059
479.097,307.077,42.000,100.059
483.750,310.636,42.000,100.059
488.404,308.172,42.000,100.059
491.963,311.183,42.000,100.059
496.616,309.814,42.000,100.059
501.270,307.351,42.000,100.059
505.924,300.507,42.000,100.059
512.245,293.189,41.641,99.204
516.395,291.759,41.286,98.357
521.034,291.391,40.933,97.518
523.969,288.990,40.933,97.518
526.903,292.459,40.933,97.518
529.304,293.259,40.933,97.518
531.301,297.059,40.584,96.685
