262.000,94.000,16.000,26.000
261.761,93.104,16.000,26.000
261.515,92.366,16.000,26.000
260.448,91.299,16.000,26.000
259.381,90.231,16.000,26.000
258.313,89.328,16.000,26.000
256.425,88.097,16.000,26.000
254.537,86.537,16.000,26.000
253.470,85.142,16.000,26.000
252.075,81.612,16.000,26.000
251.336,80.381,16.000,26.000
250.433,78.985,16.000,26.000
248.709,76.933,16.000,26.000
247.806,75.702,16.000,26.000
246.082,74.470,16.000,26.000
244.687,73.403,16.000,26.000
243.291,71.515,16.000,26.000
241.896,70.284,16.000,26.000
240.172,68.396,16.000,26.000
238.776,67.328,16.000,26.000
236.724,66.097,16.000,26.000
235.164,65.687,16.000,26.000
232.291,64.455,16.000,26.000
231.224,63.388,16.000,26.000
230.321,61.500,16.000,26.000
230.731,60.269,16.000,26.000
230.978,58.217,16.000,26.000
230.075,56.821,16.000,26.000
229.172,54.933,16.000,26.000
227.776,53.209,16.000,26.000
226.545,50.829,16.000,26.000
224.985,50.090,16.000,26.000
223.148,46.863,16.140,26.227
221.974,45.814,16.281,26.457
220.447,43.729,16.424,26.688
218.735,41.108,16.567,26.922
217.460,40.003,16.567,26.922
215.732,37.707,16.712,27.158
214.692,35.918,16.859,27.395
212.047,33.759,17.006,27.635
210.273,32.476,17.155,27.877
208.665,31.001,17.305,28.121
208.316,30.605,17.456,28.367
207.046,30.389,17.609,28.615
206.691,29.615,17.763,28.865
206.707,28.275,17.919,29.118
207.477,27.488,18.075,29.373
207.873,26.884,18.234,29.630
208.464,26.466,18.393,29.889
209.641,26.819,18.554,30.150
210.829,27.370,18.716,30.414
211.436,27.139,18.880,30.680
212.048,26.905,19.045,30.949
212.866,26.670,19.212,31.220
214.148,17.897,19.212,31.220
215.232,17.207,19.212,31.220
219.865,16.123,19.212,31.220
217.006,14.053,19.212,31.220
216.821,12.603,19.380,31.493
218.313,12.901,19.380,31.493
220.798,13.995,19.380,31.493
222.290,15.288,19.380,31.493
224.974,22.148,19.380,31.493
235.216,48.697,19.380,31.493
238.895,56.154,19.380,31.493
248.739,69.776,19.380,31.493
268.525,68.881,19.380,31.493
279.761,60.827,19.380,31.493
284.037,48.398,19.380,31.493
304.221,21.850,19.380,31.493
319.832,-0.124,19.380,31.493
327.091,-1.815,19.380,31.493
334.747,-3.505,19.380,31.493
352.000,-7.736,19.215,31.224
359.196,-9.214,19.215,31.224
365.604,-7.933,19.215,31.224
372.707,-6.742,19.051,30.957
379.256,-5.276,19.051,30.957
379.745,-4.005,19.051,30.957
381.602,6.062,19.051,30.957
383.263,17.303,19.051,30.957
382.188,43.204,19.051,30.957
380.917,50.144,19.051,30.957
383.361,63.925,19.051,30.957
384.827,65.587,19.051,30.957
388.818,63.335,18.888,30.693
392.210,59.362,18.888,30.693
397.733,53.063,18.888,30.693
400.156,50.059,18.888,30.693
402.191,46.086,18.888,30.693
404.032,44.051,18.888,30.693
407.618,42.597,18.888,30.693
409.653,42.306,18.888,30.693
411.494,42.791,18.888,30.693
412.754,43.469,18.888,30.693
413.432,44.147,18.888,30.693
412.560,44.632,18.888,30.693
411.882,44.923,18.888,30.693
411.397,45.407,18.888,30.693
410.138,43.954,18.888,30.693
408.490,44.438,18.888,30.693
408.006,43.372,18.888,30.693
409.265,44.438,18.888,30.693
408.199,45.698,18.888,30.693
407.240,47.058,18.727,30.431
402.724,48.691,18.727,30.431
400.707,50.133,18.727,30.431
400.505,50.919,18.567,30.171
400.029,51.776,18.567,30.171
400.886,52.633,18.567,30.171
401.934,55.586,18.567,30.171
402.029,56.825,18.567,30.171
402.315,58.254,18.567,30.171
401.744,61.635,18.408,29.914
401.362,62.408,18.251,29.658
399.957,63.251,18.251,29.658
399.114,63.906,18.251,29.658
398.272,64.562,18.251,29.658
397.242,64.281,18.251,29.658
395.275,65.311,18.251,29.658
394.058,65.966,18.251,29.658
391.342,66.434,18.251,29.658
389.684,67.383,18.096,29.405
387.549,68.219,18.096,29.405
387.456,67.940,18.096,29.405
387.178,68.776,18.096,29.405
386.802,69.716,17.941,29.154
387.262,70.177,17.941,29.154
386.066,71.189,17.941,29.154
385.237,71.834,17.941,29.154
383.857,72.478,17.941,29.154
383.396,73.122,17.941,29.154
382.016,73.951,17.941,29.154
380.083,74.779,17.941,29.154
379.070,75.239,17.941,29.154
377.620,75.992,17.788,28.905
376.799,76.996,17.788,28.905
375.612,77.818,17.788,28.905
375.065,77.496,17.636,28.659
374.522,78.589,17.486,28.414
373.356,78.141,17.486,28.414
372.993,79.400,17.336,28.171
