227.000,207.000,122.000,99.000
239.230,211.410,122.000,99.000
255.305,215.320,122.000,99.000
260.084,223.575,122.000,99.000
258.780,233.567,122.000,99.000
255.739,240.953,122.000,99.000
247.485,248.338,122.000,99.000
241.837,253.117,122.000,99.000
249.222,255.289,122.000,99.000
260.084,263.544,122.000,99.000
257.911,271.799,122.000,99.000
250.526,273.102,122.000,99.000
250.091,272.667,122.000,99.000
258.346,280.922,122.000,99.000
265.732,296.128,122.000,99.000
273.117,306.989,122.000,99.000
279.634,312.637,122.000,99.000
262.690,313.071,122.000,99.000
243.140,302.210,122.000,99.000
240.099,287.004,122.000,99.000
247.485,273.536,122.000,99.000
264.428,262.675,122.000,99.000
275.289,268.323,122.000,99.000
265.297,287.873,122.000,99.000
234.451,306.555,122.000,99.000
219.245,307.858,122.000,99.000
239.665,283.963,122.000,99.000
262.690,261.806,122.000,99.000
280.503,260.503,122.000,99.000
288.757,269.626,122.000,99.000
282.241,274.405,122.000,99.000
253.652,268.183,123.068,99.866
221.660,263.362,123.068,99.866
204.568,258.542,123.068,99.866
211.142,257.227,123.068,99.866
216.839,258.542,123.068,99.866
222.536,258.980,123.068,99.866
222.975,263.801,123.068,99.866
215.524,268.621,123.068,99.866
210.704,261.171,123.068,99.866
207.636,249.338,123.068,99.866
211.580,233.123,123.068,99.866
225.166,215.155,123.068,99.866
234.369,218.222,123.068,99.866
226.043,237.067,123.068,99.866
218.592,258.542,123.068,99.866
224.792,270.233,124.144,100.740
236.728,278.633,124.144,100.740
232.107,290.427,125.231,101.622
222.742,295.332,125.231,101.622
218.080,284.374,126.326,102.511
208.633,262.331,126.326,102.511
201.885,238.489,126.326,102.511
210.432,228.142,126.326,102.511
219.879,230.392,126.326,102.511
229.326,232.641,126.326,102.511
237.874,225.893,126.326,102.511
244.238,215.761,127.432,103.408
237.431,217.123,127.432,103.408
217.918,231.190,127.432,103.408
198.405,251.611,127.432,103.408
195.228,257.510,127.432,103.408
215.649,249.796,127.432,103.408
236.953,240.506,128.547,104.313
246.566,229.977,128.547,104.313
249.770,218.533,128.547,104.313
244.046,210.100,129.672,105.225
225.114,215.180,129.672,105.225
199.716,223.953,129.672,105.225
181.707,223.492,129.672,105.225
176.880,209.305,130.806,106.146
180.141,181.822,130.806,106.146
175.017,172.040,130.806,106.146
179.209,188.344,130.806,106.146
202.966,187.878,130.806,106.146
236.970,180.891,130.806,106.146
233.709,208.374,130.806,106.146
218.337,262.873,130.806,106.146
230.914,319.236,130.806,106.146
279.824,342.061,130.806,106.146
305.444,330.416,130.806,106.146
285.414,298.275,130.806,106.146
246.752,262.407,130.806,106.146
206.551,233.773,131.951,107.075
187.190,225.117,133.105,108.012
192.404,241.707,133.105,108.012
199.514,257.349,133.105,108.012
198.092,257.823,133.105,108.012
204.254,239.337,133.105,108.012
210.416,215.163,133.105,108.012
209.347,198.658,134.270,108.957
204.088,201.048,134.270,108.957
198.828,216.827,134.270,108.957
210.493,229.583,135.445,109.910
236.057,225.242,135.445,109.910
256.797,214.149,135.445,109.910
267.890,218.490,135.445,109.910
300.206,233.442,135.445,109.910
334.452,242.606,135.445,109.910
356.156,243.088,135.445,109.910
357.603,231.995,135.445,109.910
336.741,213.222,136.630,110.872
310.954,206.896,136.630,110.872
291.005,211.275,136.630,110.872
290.519,213.708,136.630,110.872
293.925,212.248,136.630,110.872
285.653,222.466,136.630,110.872
277.382,236.576,136.630,110.872
269.111,243.874,136.630,110.872
275.436,246.307,136.630,110.872
282.734,248.740,136.630,110.872
260.839,257.984,136.630,110.872
224.833,267.972,137.825,111.842
213.545,257.665,137.825,111.842
226.796,236.560,137.825,111.842
252.809,217.419,137.825,111.842
265.079,206.130,137.825,111.842
257.717,217.419,137.825,111.842
239.557,235.579,137.825,111.842
235.140,245.886,137.825,111.842
243.484,249.321,137.825,111.842
263.607,249.812,137.825,111.842
274.574,243.789,139.031,112.821
268.138,236.362,139.031,112.821
258.731,231.907,139.031,112.821
263.705,233.950,140.248,113.808
279.188,236.448,140.248,113.808
282.684,226.958,140.248,113.808
269.199,213.474,140.248,113.808
251.719,200.988,140.248,113.808
255.215,197.492,140.248,113.808
261.708,198.990,140.248,113.808
248.223,199.490,140.248,113.808
218.756,194.995,140.248,113.808
200.277,189.501,140.248,113.808
209.767,190.000,140.248,113.808
221.254,188.502,140.248,113.808
204.772,186.005,140.248,113.808
161.669,190.114,141.475,114.804
141.014,197.671,141.475,114.804
181.822,200.190,141.475,114.804
246.812,200.694,141.475,114.804
281.574,202.205,141.475,114.804
286.109,203.717,141.475,114.804
280.567,205.228,141.475,114.804
260.919,197.671,141.475,114.804
222.126,191.122,141.475,114.804
195.424,191.626,141.475,114.804
192.905,193.137,141.475,114.804
204.493,193.641,141.475,114.804
210.034,191.122,141.475,114.804
200.462,186.588,141.475,114.804
195.928,185.076,141.475,114.804
201.470,183.565,141.475,114.804
220.111,181.046,141.475,114.804
247.820,171.474,141.475,114.804
263.438,157.871,141.475,114.804
251.850,154.344,141.475,114.804
241.270,160.894,141.475,114.804
254.594,159.875,142.713,115.808
280.513,151.235,142.713,115.808
291.185,155.809,142.713,115.808
283.562,186.810,142.713,115.808
265.775,225.942,142.713,115.808
259.168,245.763,142.713,115.808
261.709,236.107,142.713,115.808
255.102,214.254,142.713,115.808
246.463,199.515,142.713,115.808
231.725,196.974,142.713,115.808
221.052,201.548,142.713,115.808
214.445,201.040,142.713,115.808
219.019,195.450,142.713,115.808
237.823,187.827,142.713,115.808
260.693,179.187,142.713,115.808
268.316,181.728,142.713,115.808
264.758,186.302,142.713,115.808
270.349,192.909,142.713,115.808
273.906,208.663,142.713,115.808
267.299,227.467,142.713,115.808
257.643,235.090,142.713,115.808
254.086,234.582,142.713,115.808
259.676,222.893,142.713,115.808
268.316,208.155,142.713,115.808
266.791,195.450,142.713,115.808
249.004,182.744,142.713,115.808
239.348,181.220,142.713,115.808
231.725,187.827,142.713,115.808
221.052,205.614,142.713,115.808
217.495,225.434,142.713,115.808
240.364,235.090,142.713,115.808
277.463,226.451,142.713,115.808
302.366,211.712,142.713,115.808
299.825,195.958,142.713,115.808
296.267,186.302,142.713,115.808
315.071,184.777,142.713,115.808
333.875,181.220,142.713,115.808
343.531,173.597,142.713,115.808
342.006,168.006,142.713,115.808
321.170,175.630,142.713,115.808
303.382,188.335,142.713,115.808
324.219,190.876,142.713,115.808
368.433,187.318,142.713,115.808
398.418,183.761,142.713,115.808
407.057,187.318,142.713,115.808
412.647,194.942,142.713,115.808
425.353,199.515,142.713,115.808
439.074,190.876,142.713,115.808
435.517,180.203,142.713,115.808
410.615,180.712,142.713,115.808
374.532,188.335,142.713,115.808
334.383,196.974,142.713,115.808
313.546,201.548,142.713,115.808
321.170,194.942,142.713,115.808
334.174,190.974,141.495,114.820
347.779,180.392,141.495,114.820
356.344,172.834,141.495,114.820
348.786,179.384,141.495,114.820
341.228,195.004,141.495,114.820
334.678,202.563,141.495,114.820
310.996,202.059,141.495,114.820
270.182,189.462,141.495,114.820
225.338,186.943,141.495,114.820
199.640,189.462,141.495,114.820
204.175,192.989,141.495,114.820
215.764,191.477,141.495,114.820
217.276,184.927,141.495,114.820
200.648,187.446,141.495,114.820
190.067,204.074,141.495,114.820
203.671,217.679,141.495,114.820
240.454,225.237,141.495,114.820
259.097,230.779,141.495,114.820
239.446,229.268,141.495,114.820
204.679,221.710,141.495,114.820
178.981,215.159,141.495,114.820
173.439,213.648,141.495,114.820
201.152,210.121,141.495,114.820
250.027,209.617,141.495,114.820
278.748,212.136,141.495,114.820
275.221,216.671,141.495,114.820
243.477,218.183,141.495,114.820
186.540,215.663,141.495,114.820
140.687,213.144,141.495,114.820
124.059,206.594,141.495,114.820
138.672,197.020,141.495,114.820
165.377,187.446,141.495,114.820
182.203,183.512,140.287,113.839
188.698,184.012,140.287,113.839
202.186,185.511,140.287,113.839
226.665,188.008,140.287,113.839
243.151,191.505,140.287,113.839
248.136,197.353,139.089,112.868
238.725,201.810,139.089,112.868
229.314,208.249,139.089,112.868
223.626,220.812,137.902,111.904
221.171,234.071,137.902,111.904
226.573,236.526,137.902,111.904
233.939,215.410,137.902,111.904
240.323,191.347,137.902,111.904
236.885,194.785,137.902,111.904
232.466,213.937,137.902,111.904
226.081,231.124,137.902,111.904
213.805,238.490,137.902,111.904
200.545,239.964,137.902,111.904
198.090,225.722,137.902,111.904
205.456,202.642,137.902,111.904
206.929,189.383,137.902,111.904
215.278,194.785,137.902,111.904
234.430,214.919,137.902,111.904
243.760,232.106,137.902,111.904
238.358,236.526,137.902,111.904
231.974,226.214,137.902,111.904
234.430,210.990,137.902,111.904
242.205,200.448,136.725,110.949
246.587,199.962,136.725,110.949
250.969,203.370,136.725,110.949
252.430,199.962,136.725,110.949
255.388,196.160,135.558,110.002
262.629,192.781,135.558,110.002
273.098,193.721,134.400,109.063
280.277,183.671,134.400,109.063
276.927,170.748,134.400,109.063
270.496,166.077,133.253,108.132
257.684,176.991,133.253,108.132
263.853,200.243,133.253,108.132
288.054,220.648,133.253,108.132
299.917,216.377,133.253,108.132
291.850,190.278,133.253,108.132
270.496,174.619,133.253,108.132
251.990,180.788,133.253,108.132
255.312,195.498,133.253,108.132
270.971,202.616,133.253,108.132
276.191,208.784,133.253,108.132
272.593,205.079,132.116,107.209
270.240,185.790,132.116,107.209
261.301,163.678,132.116,107.209
267.418,159.444,132.116,107.209
291.412,173.087,132.116,107.209
300.351,182.026,132.116,107.209
279.179,174.028,132.116,107.209
242.012,165.089,132.116,107.209
216.136,166.501,132.116,107.209
218.488,165.089,132.116,107.209
236.837,159.914,132.116,107.209
254.384,154.405,130.988,106.293
258.582,150.207,130.988,106.293
237.591,149.740,130.988,106.293
207.272,153.938,130.988,106.293
190.013,167.466,130.988,106.293
185.815,176.328,130.988,106.293
172.287,181.459,130.988,106.293
151.297,193.121,130.988,106.293
146.166,201.983,130.988,106.293
158.760,198.718,130.988,106.293
178.818,184.258,130.988,106.293
187.680,175.395,130.988,106.293
179.751,177.728,130.988,106.293
163.425,191.255,130.988,106.293
168.556,197.319,130.988,106.293
183.949,191.255,130.988,106.293
192.812,173.996,130.988,106.293
201.674,154.871,130.988,106.293
222.665,146.009,130.988,106.293
238.991,150.207,130.988,106.293
238.524,170.264,130.988,106.293
233.393,185.657,130.988,106.293
229.857,187.476,129.870,105.386
224.769,164.815,129.870,105.386
214.946,139.547,128.761,104.486
200.732,132.669,128.761,104.486
205.776,148.717,128.761,104.486
220.907,168.434,128.761,104.486
233.535,177.379,127.662,103.594
243.082,169.651,127.662,103.594
258.084,155.558,127.662,103.594
269.449,146.920,127.662,103.594
273.541,160.104,127.662,103.594
269.449,172.379,127.662,103.594
244.446,174.652,127.662,103.594
195.802,166.014,127.662,103.594
161.706,156.467,127.662,103.594
149.432,153.285,127.662,103.594
148.646,162.154,126.572,102.710
153.604,168.014,126.572,102.710
163.971,167.563,126.572,102.710
186.958,161.703,126.572,102.710
218.960,154.041,126.572,102.710
235.637,150.886,126.572,102.710
240.595,148.632,126.572,102.710
239.243,147.280,126.572,102.710
232.482,154.942,126.572,102.710
223.918,169.817,126.572,102.710
216.256,181.986,126.572,102.710
195.973,190.550,126.572,102.710
163.971,194.607,126.572,102.710
134.673,193.255,126.572,102.710
111.686,189.198,126.572,102.710
106.728,183.338,126.572,102.710
122.504,181.986,126.572,102.710
145.491,178.831,126.572,102.710
169.380,170.267,126.572,102.710
187.860,164.408,126.572,102.710
205.438,161.253,126.572,102.710
224.820,159.900,126.572,102.710
229.778,153.139,126.572,102.710
221.214,136.462,126.572,102.710
200.931,136.913,126.572,102.710
188.761,143.674,126.572,102.710
199.128,146.829,126.572,102.710
221.214,146.378,126.572,102.710
233.383,144.125,126.572,102.710
246.455,131.955,126.572,102.710
255.019,128.800,126.572,102.710
251.863,131.054,126.572,102.710
244.201,143.223,126.572,102.710
235.637,161.703,126.572,102.710
232.482,174.775,126.572,102.710
233.834,175.225,126.572,102.710
238.792,172.972,126.572,102.710
246.455,168.915,126.572,102.710
254.117,156.745,126.572,102.710
270.794,147.280,126.572,102.710
292.880,154.041,126.572,102.710
314.966,173.422,126.572,102.710
318.584,195.408,125.491,101.833
294.899,214.624,125.491,101.833
263.171,221.327,125.491,101.833
244.087,211.734,124.420,100.964
247.188,186.479,124.420,100.964
241.429,165.655,124.420,100.964
230.352,167.870,124.420,100.964
240.542,187.808,124.420,100.964
261.367,206.860,124.420,100.964
257.379,210.848,124.420,100.964
252.505,197.113,124.420,100.964
258.656,172.040,123.358,100.102
258.754,172.896,122.305,99.247
264.800,197.540,121.261,98.400
271.636,214.390,120.226,97.560
278.058,207.112,120.226,97.560
287.049,184.421,120.226,97.560
287.477,184.849,120.226,97.560
282.561,201.555,119.199,96.727
284.683,207.922,119.199,96.727
280.863,203.253,119.199,96.727
260.912,185.001,119.199,96.727
238.415,175.238,119.199,96.727
236.025,186.004,118.182,95.902
252.438,204.942,118.182,95.902
262.386,213.974,117.173,95.083
270.314,207.715,117.173,95.083
274.904,188.938,117.173,95.083
281.997,180.176,117.173,95.083
300.774,189.773,117.173,95.083
309.537,196.032,117.173,95.083
290.760,192.276,117.173,95.083
253.624,181.010,117.173,95.083
225.667,167.241,117.173,95.083
224.132,171.310,116.173,94.271
216.272,181.653,116.173,94.271
197.655,188.685,116.173,94.271
206.343,191.581,116.173,94.271
239.025,187.031,116.173,94.271
251.022,188.272,116.173,94.271
235.715,191.995,116.173,94.271
208.825,198.201,116.173,94.271
208.411,201.924,116.173,94.271
248.540,195.718,116.173,94.271
272.121,186.203,116.173,94.271
267.570,176.688,116.173,94.271
253.091,177.929,116.173,94.271
236.957,182.480,116.173,94.271
242.335,188.685,116.173,94.271
289.083,194.064,116.173,94.271
336.658,188.685,116.173,94.271
346.173,182.480,116.173,94.271
330.866,176.275,116.173,94.271
302.321,170.069,116.173,94.271
257.228,174.620,116.173,94.271
229.510,190.754,116.173,94.271
248.954,204.406,116.173,94.271
282.463,210.612,116.173,94.271
299.425,206.888,116.173,94.271
286.600,192.409,116.173,94.271
255.573,186.203,116.173,94.271
231.992,200.683,116.173,94.271
238.198,215.162,116.173,94.271
257.641,212.266,116.173,94.271
266.613,197.735,115.181,93.467
262.101,181.739,115.181,93.467
251.027,187.891,115.181,93.467
248.156,203.888,115.181,93.467
264.972,206.759,115.181,93.467
284.250,197.325,115.181,93.467
298.606,181.328,115.181,93.467
316.243,174.356,115.181,93.467
335.521,195.274,115.181,93.467
348.236,213.732,115.181,93.467
350.287,214.962,115.181,93.467
349.057,196.505,115.181,93.467
344.545,175.586,115.181,93.467
346.596,167.793,115.181,93.467
351.928,172.305,115.181,93.467
350.697,176.817,115.181,93.467
339.623,180.508,115.181,93.467
308.040,188.301,115.181,93.467
273.996,193.633,115.181,93.467
258.820,192.403,115.181,93.467
243.644,182.969,115.181,93.467
216.163,164.512,115.181,93.467
186.220,156.718,115.181,93.467
164.481,171.895,115.181,93.467
170.634,187.071,115.181,93.467
207.139,187.481,115.181,93.467
252.667,167.383,115.181,93.467
272.766,147.285,115.181,93.467
271.535,143.593,115.181,93.467
267.844,162.871,115.181,93.467
283.840,183.789,115.181,93.467
301.477,185.020,115.181,93.467
300.247,172.305,115.181,93.467
272.766,174.356,115.181,93.467
225.596,201.017,115.181,93.467
197.295,223.576,115.181,93.467
209.190,228.908,115.181,93.467
228.468,222.755,115.181,93.467
223.956,212.501,115.181,93.467
203.858,205.528,115.181,93.467
193.603,221.525,115.181,93.467
202.217,250.647,115.181,93.467
219.854,270.745,115.181,93.467
231.749,273.616,115.181,93.467
240.362,257.620,115.181,93.467
256.359,233.420,115.181,93.467
273.176,218.244,115.181,93.467
273.933,224.141,116.189,94.284
283.450,240.277,116.189,94.284
316.445,241.137,117.206,95.109
345.244,229.033,117.206,95.109
338.983,201.904,117.206,95.109
305.176,184.791,117.206,95.109
246.053,201.916,118.231,95.942
225.423,235.177,118.231,95.942
234.831,251.588,119.266,96.781
255.642,231.626,119.266,96.781
271.356,205.719,119.266,96.781
273.480,205.294,119.266,96.781
282.100,210.530,120.309,97.628
317.144,210.542,121.362,98.482
359.582,205.238,122.424,99.344
367.866,208.290,122.424,99.344
343.016,216.573,122.424,99.344
291.137,224.856,122.424,99.344
241.000,223.975,123.495,100.213
214.766,210.464,124.576,101.090
207.400,188.650,125.666,101.975
222.168,183.728,125.666,101.975
240.515,185.965,125.666,101.975
258.863,189.098,125.666,101.975
278.954,189.111,126.765,102.867
301.072,190.049,127.874,103.767
305.647,181.660,128.993,104.675
288.651,178.444,128.993,104.675
269.818,179.822,128.993,104.675
252.822,183.038,128.993,104.675
242.370,185.876,130.122,105.591
247.025,186.839,131.261,106.515
254.971,182.632,131.261,106.515
253.918,183.603,132.409,107.447
244.016,186.904,132.409,107.447
255.804,202.464,132.409,107.447
298.239,216.010,133.568,108.387
334.863,219.339,133.568,108.387
328.916,210.577,134.736,109.335
302.261,201.738,135.915,110.292
264.459,201.751,137.105,111.257
229.328,201.765,138.304,112.230
208.025,201.779,139.514,113.213
214.035,202.811,140.735,114.203
224.207,203.853,141.967,115.202
233.432,193.503,143.209,116.210
244.828,183.063,144.462,117.227
252.105,177.804,145.726,118.253
245.617,176.755,147.001,119.288
238.811,178.326,147.001,119.288
242.997,179.413,148.287,120.331
235.312,172.933,149.585,121.384
214.456,171.856,150.894,122.446
187.909,177.379,152.214,123.518
178.694,190.930,152.214,123.518
189.696,196.501,153.546,124.599
194.617,190.486,153.546,124.599
182.176,182.655,154.889,125.689
160.580,189.455,156.245,126.789
149.060,213.424,157.612,127.898
139.519,231.946,157.612,127.898
131.100,234.752,157.612,127.898
133.287,227.864,158.991,129.017
142.457,217.434,160.382,130.146
155.220,208.083,161.785,131.285
166.166,209.812,161.785,131.285
175.960,214.997,161.785,131.285
182.929,216.194,163.201,132.434
189.959,207.871,164.629,133.592
182.629,200.676,166.070,134.761
171.598,204.330,167.523,135.941
160.470,214.130,168.988,137.130
151.712,216.614,170.467,138.330
147.855,206.676,171.959,139.540
137.445,202.389,171.959,139.540
129.788,207.428,173.463,140.761
136.583,224.106,173.463,140.761
144.055,232.988,174.981,141.993
136.264,234.282,176.512,143.235
127.116,225.280,178.057,144.489
117.888,216.199,179.615,145.753
120.380,217.528,181.186,147.028
122.894,222.837,182.772,148.315
122.762,230.861,184.371,149.613
114.552,234.917,185.984,150.922
118.491,228.147,187.612,152.242
117.823,227.479,187.612,152.242
112.208,217.911,189.253,153.574
99.637,211.022,190.909,154.918
70.231,218.009,192.580,156.274
53.221,226.463,194.265,157.641
