352.000,197.000,56.000,100.000
353.412,194.764,56.000,100.000
354.932,193.244,56.000,100.000
356.452,192.332,56.000,100.000
357.364,192.636,56.000,100.000
357.060,194.156,56.000,100.000
356.148,193.244,56.000,100.000
356.452,192.332,56.000,100.000
356.756,192.028,56.000,100.000
355.844,190.508,56.000,100.000
355.540,188.988,56.000,100.000
355.236,187.467,56.000,100.000
354.324,185.947,56.000,100.000
354.628,184.427,56.000,100.000
355.540,181.691,56.000,100.000
356.452,179.563,56.000,100.000
357.364,175.611,56.000,100.000
359.492,171.659,56.000,100.000
362.229,168.314,56.000,100.000
364.357,169.834,56.000,100.000
366.485,178.651,56.000,100.000
368.613,195.980,56.000,100.000
370.133,221.821,56.000,100.000
370.437,245.839,56.000,100.000
370.133,261.952,56.000,100.000
368.613,264.688,56.000,100.000
366.485,250.399,56.000,100.000
365.573,225.166,56.000,100.000
365.877,202.364,56.000,100.000
364.357,185.035,56.000,100.000
360.404,170.138,56.000,100.000
358.276,161.322,56.000,100.000
355.540,164.058,56.000,100.000
351.588,176.523,56.000,100.000
341.555,193.852,56.000,100.000
324.226,208.141,56.000,100.000
305.681,214.525,56.000,100.000
298.689,211.181,56.000,100.000
304.465,204.188,56.000,100.000
324.226,191.724,56.000,100.000
343.988,166.490,56.000,100.000
346.116,135.784,56.000,100.000
331.827,111.767,56.000,100.000
326.050,114.503,56.000,100.000
330.611,140.345,56.000,100.000
345.508,185.035,56.000,100.000
364.661,246.143,56.000,100.000
377.125,279.281,56.000,100.000
385.334,289.921,56.000,100.000
383.814,268.336,56.000,100.000
376.213,215.741,56.000,100.000
378.341,175.307,56.000,100.000
388.982,158.586,56.000,100.000
391.110,169.226,56.000,100.000
375.605,202.972,56.000,100.000
351.588,245.839,56.000,100.000
336.691,263.168,56.000,100.000
339.427,251.311,56.000,100.000
349.460,217.565,56.000,100.000
355.236,173.483,56.000,100.000
351.284,145.817,56.000,100.000
335.779,142.473,56.000,100.000
322.706,174.395,56.000,100.000
312.066,226.382,56.000,100.000
309.330,263.776,56.000,100.000
312.674,270.160,56.000,100.000
312.978,231.550,56.000,100.000
309.025,170.442,56.000,100.000
306.897,135.480,56.000,100.000
309.025,137.609,56.000,100.000
302.033,171.354,56.000,100.000
295.041,222.125,56.000,100.000
303.857,246.143,56.000,100.000
339.427,244.623,56.000,100.000
350.068,227.294,56.000,100.000
328.483,195.372,56.000,100.000
282.576,161.018,56.000,100.000
284.704,168.618,56.000,100.000
304.465,207.837,56.000,100.000
309.634,245.231,56.000,100.000
318.450,269.856,56.000,100.000
331.523,265.904,56.000,100.000
333.651,229.118,56.000,100.000
316.930,174.091,56.000,100.000
295.953,145.817,56.000,100.000
288.352,158.890,56.000,100.000
277.104,199.324,56.000,100.000
269.503,240.366,56.000,100.000
274.672,253.439,56.000,100.000
288.352,235.502,56.000,100.000
291.088,182.907,56.000,100.000
275.584,127.880,56.000,100.000
267.983,109.335,56.000,100.000
267.679,130.312,56.000,100.000
263.727,184.123,56.000,100.000
263.423,243.407,56.000,100.000
267.375,261.344,56.000,100.000
270.719,247.663,56.000,100.000
267.983,206.012,56.000,100.000
261.599,162.538,56.000,100.000
258.255,148.249,56.000,100.000
246.398,163.754,56.000,100.000
236.973,198.108,56.000,100.000
249.438,229.422,56.000,100.000
283.792,242.495,56.000,100.000
335.779,234.894,56.000,100.000
348.244,215.133,56.000,100.000
344.292,199.020,56.000,100.000
341.555,197.500,56.000,100.000
345.508,203.276,56.000,100.000
357.972,211.485,56.000,100.000
367.397,225.774,56.000,100.000
371.349,234.590,56.000,100.000
364.357,228.814,56.000,100.000
347.028,206.012,56.000,100.000
305.985,179.563,56.000,100.000
252.782,165.274,56.000,100.000
232.413,177.131,56.000,100.000
235.149,192.636,56.000,100.000
251.262,208.749,56.000,100.000
275.888,216.349,56.000,100.000
302.945,215.437,56.000,100.000
327.571,211.485,56.000,100.000
342.467,199.020,56.000,100.000
342.771,188.988,56.000,100.000
333.347,191.724,56.000,100.000
324.530,195.676,56.000,100.000
316.322,194.764,56.000,100.000
317.842,195.676,56.000,100.000
327.875,200.844,56.000,100.000
325.138,205.404,56.000,100.000
302.337,201.452,56.000,100.000
283.792,197.500,56.000,100.000
281.664,188.683,56.000,100.000
288.656,178.043,56.000,100.000
285.312,172.267,56.000,100.000
285.008,162.842,56.000,100.000
292.609,152.809,56.000,100.000
295.953,147.033,56.000,100.000
296.865,146.729,56.000,100.000
305.073,154.330,56.000,100.000
304.769,160.714,56.000,100.000
300.209,156.762,56.000,100.000
307.809,144.297,56.000,100.000
335.475,138.521,56.000,100.000
338.211,141.257,56.000,100.000
336.691,153.113,56.000,100.000
335.779,160.714,56.000,100.000
311.762,157.978,56.000,100.000
247.614,153.417,56.000,100.000
218.124,157.370,56.000,100.000
208.700,168.010,56.000,100.000
218.732,173.179,56.000,100.000
262.815,174.699,56.000,100.000
343.988,168.314,56.000,100.000
392.934,157.674,56.000,100.000
407.223,159.802,56.000,100.000
416.040,171.050,56.000,100.000
409.047,175.003,56.000,100.000
377.125,177.739,56.000,100.000
313.586,175.003,56.000,100.000
277.408,181.387,56.000,100.000
271.023,188.988,56.000,100.000
258.559,195.980,56.000,100.000
256.430,191.420,56.000,100.000
280.448,175.915,56.000,100.000
314.194,168.922,56.000,100.000
346.724,163.754,56.000,100.000
389.590,163.450,56.000,100.000
431.241,169.834,56.000,100.000
447.962,179.867,56.000,100.000
435.497,177.739,56.000,100.000
416.344,175.003,56.000,100.000
417.256,174.699,56.000,100.000
438.233,177.435,56.000,100.000
458.602,176.523,56.000,100.000
480.187,173.179,56.000,100.000
509.677,171.659,56.000,100.000
526.398,176.827,56.000,100.000
526.094,181.387,56.000,100.000
524.574,189.596,56.000,100.000
513.325,191.116,56.000,100.000
483.228,187.771,56.000,100.000
460.426,187.467,56.000,100.000
449.178,188.988,56.000,100.000
448.874,191.116,56.000,100.000
466.203,187.771,56.000,100.000
495.084,188.075,56.000,100.000
482.620,185.339,56.000,100.000
430.024,189.900,56.000,100.000
395.062,191.420,56.000,100.000
380.774,192.940,56.000,100.000
374.997,192.028,56.000,100.000
365.573,194.764,56.000,100.000
355.540,201.756,56.000,100.000
358.276,206.925,56.000,100.000
375.605,203.580,56.000,100.000
401.447,198.412,56.000,100.000
399.319,187.163,56.000,100.000
372.261,177.739,56.000,100.000
349.460,179.259,56.000,100.000
333.347,180.171,56.000,100.000
320.882,181.083,56.000,100.000
310.242,186.251,56.000,100.000
308.113,192.028,56.000,100.000
316.322,196.588,56.000,100.000
328.179,195.068,56.000,100.000
333.955,187.467,56.000,100.000
326.354,182.299,56.000,100.000
313.282,184.427,56.000,100.000
292.913,182.299,56.000,100.000
273.759,180.171,56.000,100.000
259.471,175.611,56.000,100.000
256.734,178.955,56.000,100.000
262.511,183.515,56.000,100.000
276.192,185.643,56.000,100.000
302.033,182.907,56.000,100.000
329.699,179.563,56.000,100.000
337.299,179.259,56.000,100.000
323.618,181.387,56.000,100.000
302.033,187.163,56.000,100.000
283.488,188.075,56.000,100.000
258.255,182.907,56.000,100.000
242.750,180.779,56.000,100.000
240.622,178.043,56.000,100.000
234.845,162.538,56.000,100.000
221.164,136.696,56.000,100.000
231.197,123.624,56.000,100.000
255.214,147.641,56.000,100.000
267.071,191.116,56.000,100.000
285.008,242.495,56.000,100.000
297.473,274.416,56.000,100.000
296.561,271.680,56.000,100.000
292.609,239.150,56.000,100.000
305.681,195.068,56.000,100.000
316.322,168.010,56.000,100.000
329.395,163.450,56.000,100.000
342.467,190.508,56.000,100.000
342.771,239.454,56.000,100.000
346.116,291.441,56.000,100.000
361.012,325.795,56.000,100.000
365.573,330.356,56.000,100.000
357.364,299.650,56.000,100.000
349.764,249.487,56.000,100.000
345.204,208.445,56.000,100.000
323.010,184.427,56.000,100.000
313.586,198.108,56.000,100.000
323.010,233.678,56.000,100.000
341.555,280.801,56.000,100.000
354.020,312.115,56.000,100.000
354.324,314.851,56.000,100.000
340.035,287.793,56.000,100.000
317.842,236.414,56.000,100.000
301.121,194.156,56.000,100.000
302.033,162.234,56.000,100.000
313.890,168.010,56.000,100.000
318.450,210.269,56.000,100.000
316.930,264.688,56.000,100.000
326.354,307.554,56.000,100.000
323.618,320.019,56.000,100.000
308.113,296.610,56.000,100.000
295.041,243.407,56.000,100.000
297.169,190.204,56.000,100.000
316.930,162.538,56.000,100.000
327.571,177.435,56.000,100.000
323.618,221.517,56.000,100.000
319.058,274.720,56.000,100.000
310.850,310.291,56.000,100.000
302.033,306.338,56.000,100.000
300.513,267.120,56.000,100.000
308.721,221.821,56.000,100.000
324.834,194.764,56.000,100.000
342.163,215.133,56.000,100.000
344.900,261.648,56.000,100.000
339.731,317.283,56.000,100.000
333.955,338.868,56.000,100.000
326.963,314.243,56.000,100.000
313.282,253.743,56.000,100.000
297.777,192.028,56.000,100.000
299.297,167.402,56.000,100.000
309.938,183.515,56.000,100.000
320.578,236.110,56.000,100.000
328.787,290.529,56.000,100.000
332.739,321.843,56.000,100.000
326.354,316.067,56.000,100.000
313.282,273.808,56.000,100.000
309.330,210.269,56.000,100.000
310.850,158.890,56.000,100.000
305.681,139.129,56.000,100.000
301.121,152.201,56.000,100.000
298.385,193.244,56.000,100.000
308.417,256.175,56.000,100.000
328.787,294.786,56.000,100.000
334.563,305.426,56.000,100.000
323.314,281.409,56.000,100.000
309.634,231.854,56.000,100.000
295.345,176.827,56.000,100.000
296.257,143.689,56.000,100.000
306.289,145.209,56.000,100.000
303.553,178.347,56.000,100.000
294.737,239.454,56.000,100.000
299.905,290.833,56.000,100.000
309.938,311.811,56.000,100.000
318.754,298.738,56.000,100.000
325.138,257.695,56.000,100.000
325.442,211.789,56.000,100.000
314.194,168.314,56.000,100.000
308.417,154.025,56.000,100.000
308.113,168.922,56.000,100.000
304.161,208.749,56.000,100.000
308.113,258.304,56.000,100.000
315.106,287.793,56.000,100.000
319.666,288.705,56.000,100.000
330.307,254.959,56.000,100.000
336.083,209.053,56.000,100.000
326.659,169.226,56.000,100.000
317.842,148.857,56.000,100.000
318.146,154.634,56.000,100.000
317.842,181.083,56.000,100.000
315.106,223.341,56.000,100.000
317.842,265.600,56.000,100.000
327.267,290.833,56.000,100.000
330.003,288.705,56.000,100.000
331.523,259.824,56.000,100.000
332.435,216.349,56.000,100.000
327.267,171.659,56.000,100.000
319.666,143.993,56.000,100.000
318.146,143.081,56.000,100.000
316.018,157.370,56.000,100.000
316.322,191.116,56.000,100.000
327.571,243.103,56.000,100.000
326.050,277.457,56.000,100.000
314.194,285.665,56.000,100.000
313.282,261.648,56.000,100.000
319.666,218.781,56.000,100.000
319.970,183.819,56.000,100.000
314.802,157.978,56.000,100.000
312.066,153.417,56.000,100.000
309.330,171.963,56.000,100.000
297.473,204.492,56.000,100.000
287.440,237.630,56.000,100.000
281.664,264.688,56.000,100.000
279.536,277.761,56.000,100.000
288.960,273.808,56.000,100.000
323.314,258.304,56.000,100.000
348.548,243.407,56.000,100.000
381.686,240.670,56.000,100.000
408.135,247.055,56.000,100.000
434.585,254.655,56.000,100.000
445.225,261.040,56.000,100.000
429.112,258.304,56.000,100.000
387.462,255.567,56.000,100.000
344.596,252.831,56.000,100.000
310.242,252.527,56.000,100.000
297.169,254.655,56.000,100.000
298.689,250.095,56.000,100.000
314.194,238.846,56.000,100.000
349.764,226.382,56.000,100.000
378.037,215.133,56.000,100.000
381.382,207.533,56.000,100.000
382.902,202.364,56.000,100.000
385.030,195.980,56.000,100.000
372.565,195.676,56.000,100.000
338.211,208.749,56.000,100.000
295.345,223.646,56.000,100.000
265.247,235.502,56.000,100.000
260.687,242.495,56.000,100.000
280.448,239.758,56.000,100.000
314.802,230.942,56.000,100.000
367.397,206.925,56.000,100.000
409.047,184.123,56.000,100.000
422.120,171.050,56.000,100.000
422.424,162.234,56.000,100.000
401.447,149.769,56.000,100.000
366.485,145.817,56.000,100.000
325.442,154.025,56.000,100.000
281.360,172.571,56.000,100.000
236.669,191.724,56.000,100.000
193.195,203.580,56.000,100.000
159.449,208.141,56.000,100.000
153.673,206.012,56.000,100.000
184.986,202.668,56.000,100.000
266.159,195.676,56.000,100.000
309.634,166.794,56.000,100.000
355.540,149.465,56.000,100.000
366.181,146.729,56.000,100.000
384.118,159.194,56.000,100.000
393.542,165.578,56.000,100.000
381.078,154.330,56.000,100.000
347.332,138.825,56.000,100.000
295.345,126.360,56.000,100.000
240.926,119.976,56.000,100.000
206.572,119.063,56.000,100.000
172.218,119.976,56.000,100.000
159.753,119.063,56.000,100.000
174.650,107.815,56.000,100.000
207.788,97.782,56.000,100.000
236.061,93.222,56.000,100.000
257.647,95.958,56.000,100.000
269.503,104.167,56.000,100.000
262.511,109.943,56.000,100.000
240.926,115.719,56.000,100.000
226.637,121.496,56.000,100.000
229.981,129.096,56.000,100.000
248.121,137.072,56.490,100.875
268.055,142.899,56.490,100.875
293.510,137.072,56.490,100.875
321.417,125.725,56.490,100.875
332.764,122.965,56.490,100.875
337.978,125.112,56.490,100.875
334.604,129.712,56.490,100.875
321.417,134.925,56.490,100.875
297.190,135.232,56.490,100.875
266.829,136.766,56.490,100.875
255.482,143.819,56.490,100.875
254.562,140.446,56.490,100.875
262.842,123.578,56.490,100.875
285.229,93.217,56.490,100.875
328.471,80.644,56.490,100.875
358.832,89.537,56.490,100.875
375.699,102.724,56.490,100.875
385.820,122.045,56.490,100.875
377.539,132.779,56.490,100.875
355.152,137.992,56.490,100.875
326.018,144.432,56.490,100.875
310.990,148.419,56.490,100.875
314.977,143.819,56.490,100.875
325.711,128.792,56.490,100.875
328.471,105.178,56.490,100.875
333.071,98.738,56.490,100.875
351.778,113.765,56.490,100.875
377.233,143.512,56.490,100.875
386.740,170.193,56.490,100.875
363.739,179.700,56.490,100.875
311.910,185.527,56.490,100.875
248.428,174.794,56.490,100.875
230.947,163.447,56.490,100.875
231.867,150.259,56.490,100.875
224.814,135.232,56.490,100.875
214.694,120.818,56.490,100.875
213.160,113.151,56.490,100.875
236.161,120.205,56.490,100.875
288.603,153.633,56.490,100.875
323.257,187.674,56.490,100.875
343.191,216.808,56.490,100.875
337.978,228.156,56.490,100.875
310.070,219.875,56.490,100.875
290.136,195.648,56.490,100.875
294.736,159.766,56.490,100.875
321.417,123.272,56.490,100.875
349.938,92.297,56.490,100.875
378.459,81.564,56.490,100.875
391.647,98.431,56.490,100.875
401.767,133.085,56.490,100.875
406.367,169.580,56.490,100.875
401.154,196.261,56.490,100.875
376.313,203.315,56.490,100.875
322.031,200.555,56.490,100.875
295.350,184.914,56.490,100.875
287.069,159.460,56.490,100.875
291.670,124.192,56.490,100.875
301.177,95.671,56.490,100.875
324.177,89.844,56.490,100.875
350.245,108.551,56.490,100.875
375.086,142.592,56.490,100.875
396.247,181.541,56.490,100.875
391.647,203.928,56.490,100.875
358.832,210.368,56.490,100.875
318.044,193.501,56.490,100.875
283.389,154.553,56.490,100.875
240.148,112.538,56.490,100.875
233.708,76.657,56.490,100.875
255.482,53.656,56.490,100.875
289.523,68.070,56.490,100.875
307.617,100.271,56.490,100.875
330.004,134.925,56.490,100.875
352.392,168.967,56.490,100.875
341.045,185.221,56.490,100.875
314.977,184.301,56.490,100.875
304.857,169.273,56.490,100.875
305.163,142.592,56.490,100.875
308.537,119.592,56.490,100.875
318.044,113.765,56.490,100.875
336.138,127.565,56.490,100.875
343.191,149.339,56.490,100.875
331.231,167.433,56.490,100.875
318.044,181.234,56.490,100.875
314.670,187.674,56.490,100.875
317.431,182.461,56.490,100.875
325.097,159.460,56.490,100.875
332.764,132.165,56.490,100.875
311.604,109.778,56.490,100.875
282.469,118.058,56.490,100.875
277.869,152.099,56.490,100.875
294.123,186.141,56.490,100.875
306.697,202.395,56.490,100.875
311.297,190.434,56.490,100.875
328.778,163.140,56.490,100.875
346.258,132.165,56.490,100.875
341.658,116.525,56.490,100.875
328.471,121.738,56.490,100.875
317.124,152.099,56.490,100.875
324.177,187.981,56.490,100.875
314.057,206.688,56.490,100.875
281.243,208.221,56.490,100.875
277.256,183.994,56.490,100.875
295.963,149.953,56.490,100.875
305.470,132.472,56.490,100.875
297.803,133.392,56.490,100.875
302.403,163.140,56.490,100.875
327.858,203.928,56.490,100.875
331.231,222.022,56.490,100.875
319.271,212.515,56.490,100.875
320.804,185.221,56.490,100.875
326.018,177.554,56.490,100.875
323.257,199.328,56.490,100.875
297.190,241.343,56.490,100.875
287.683,265.570,56.490,100.875
291.670,245.023,56.490,100.875
292.590,195.648,56.490,100.875
299.643,160.380,56.490,100.875
320.804,157.620,56.490,100.875
329.698,189.821,56.490,100.875
321.417,252.076,56.490,100.875
310.684,298.998,56.490,100.875
297.496,295.625,56.490,100.875
291.056,248.090,56.490,100.875
296.883,192.581,56.490,100.875
311.297,168.967,56.490,100.875
325.711,191.968,56.490,100.875
326.018,237.049,56.490,100.875
311.604,282.744,56.490,100.875
295.963,281.824,56.490,100.875
284.003,239.809,56.490,100.875
290.443,190.434,56.490,100.875
315.897,174.180,56.490,100.875
333.991,197.181,56.490,100.875
334.298,245.943,56.490,100.875
326.018,287.344,56.490,100.875
300.563,282.744,56.490,100.875
276.336,240.116,56.490,100.875
275.416,185.221,56.490,100.875
299.643,173.874,56.490,100.875
310.990,206.688,56.490,100.875
300.257,275.691,56.490,100.875
303.017,331.199,56.490,100.875
313.750,329.666,56.490,100.875
321.417,293.785,56.490,100.875
322.951,248.703,56.490,100.875
322.644,226.929,56.490,100.875
314.364,243.183,56.490,100.875
306.697,287.038,56.490,100.875
313.137,321.692,56.490,100.875
317.737,308.505,56.490,100.875
315.590,259.130,56.490,100.875
306.083,215.275,56.490,100.875
297.190,199.634,56.490,100.875
293.203,222.022,56.490,100.875
281.856,264.650,56.490,100.875
268.669,277.224,56.490,100.875
261.002,249.930,56.490,100.875
270.509,198.714,56.490,100.875
294.123,173.874,56.490,100.875
312.830,191.354,56.490,100.875
308.844,235.822,56.490,100.875
284.616,286.424,56.490,100.875
275.722,283.664,56.490,100.875
279.096,229.996,56.490,100.875
285.536,166.513,56.490,100.875
286.456,133.699,56.490,100.875
277.562,129.712,56.490,100.875
270.509,166.207,56.490,100.875
272.042,226.009,56.490,100.875
266.829,255.757,56.490,100.875
256.708,240.116,56.490,100.875
263.762,189.514,56.490,100.875
289.216,156.700,56.490,100.875
298.723,155.780,56.490,100.875
288.603,177.554,56.490,100.875
273.576,210.368,56.490,100.875
257.935,230.916,56.490,100.875
241.681,238.583,56.490,100.875
225.427,234.596,56.490,100.875
228.801,227.542,56.490,100.875
251.802,224.169,56.490,100.875
268.669,230.609,56.490,100.875
272.042,229.689,56.490,100.875
283.389,222.635,56.490,100.875
291.670,208.221,56.490,100.875
295.656,195.648,56.490,100.875
303.323,195.954,56.490,100.875
302.403,200.555,56.490,100.875
294.123,203.928,56.490,100.875
284.616,203.621,56.490,100.875
269.589,201.475,56.490,100.875
264.375,199.941,56.490,100.875
277.562,192.274,56.490,100.875
299.950,175.407,56.490,100.875
311.910,159.766,56.490,100.875
327.551,152.713,56.490,100.875
348.712,158.540,56.490,100.875
344.112,160.073,56.490,100.875
321.724,156.700,56.490,100.875
299.950,160.073,56.490,100.875
295.350,161.606,56.490,100.875
288.910,160.686,56.490,100.875
277.562,155.473,56.490,100.875
273.576,143.512,56.490,100.875
283.083,132.779,56.490,100.875
294.430,128.792,56.490,100.875
301.483,131.552,56.490,100.875
304.857,137.379,56.490,100.875
307.617,142.592,56.490,100.875
314.670,145.353,56.490,100.875
324.797,150.884,56.984,101.758
320.156,156.143,56.984,101.758
308.091,162.021,56.984,101.758
299.738,167.280,56.984,101.758
299.429,171.302,56.984,101.758
308.401,176.561,56.984,101.758
319.228,186.151,56.984,101.758
323.869,196.979,56.984,101.758
320.466,205.331,56.984,101.758
317.063,214.303,56.984,101.758
317.991,220.799,56.984,101.758
320.775,224.202,56.984,101.758
319.228,225.130,56.984,101.758
312.113,227.915,56.984,101.758
307.472,230.080,56.984,101.758
309.019,234.102,56.984,101.758
309.329,236.886,56.984,101.758
