269.000,75.000,34.000,64.000
267.403,75.691,34.000,64.000
265.306,74.356,34.000,64.000
263.209,73.022,34.000,64.000
261.112,72.068,34.000,64.000
260.921,73.784,34.000,64.000
261.874,72.831,34.000,64.000
260.921,68.828,34.000,64.000
259.587,67.493,34.000,64.000
258.252,67.684,34.000,64.000
259.205,65.205,34.000,64.000
258.634,64.252,34.000,64.000
257.299,63.680,34.000,64.000
255.202,63.490,34.000,64.000
253.868,65.205,34.000,64.000
250.245,66.921,34.000,64.000
246.623,68.256,34.000,64.000
243.382,69.590,34.000,64.000
238.998,70.162,34.000,64.000
233.850,71.497,34.000,64.000
230.609,72.831,34.000,64.000
233.469,69.209,34.000,64.000
235.185,71.306,34.000,64.000
234.994,72.640,34.000,64.000
235.566,71.306,34.000,64.000
234.232,72.640,34.000,64.000
235.185,72.450,34.000,64.000
238.044,70.353,34.000,64.000
239.379,72.068,34.000,64.000
240.332,73.784,34.000,64.000
240.523,71.687,34.000,64.000
238.426,72.640,34.000,64.000
236.329,70.925,34.000,64.000
233.850,69.590,34.000,64.000
230.228,68.256,34.000,64.000
226.606,66.540,34.000,64.000
222.221,69.018,34.000,64.000
220.887,66.540,34.000,64.000
219.552,67.493,34.000,64.000
220.124,69.209,34.000,64.000
222.603,71.687,34.000,64.000
222.793,69.590,34.000,64.000
223.746,74.356,34.000,64.000
224.700,78.741,34.000,64.000
225.271,82.363,34.000,64.000
225.462,87.892,34.000,64.000
225.271,89.607,34.000,64.000
227.369,86.748,34.000,64.000
228.703,89.607,34.000,64.000
231.266,89.323,33.710,63.454
233.807,87.196,33.422,62.912
233.620,89.632,33.422,62.912
236.056,88.321,33.422,62.912
235.119,88.883,33.422,62.912
230.809,87.571,33.422,62.912
226.124,88.508,33.422,62.912
219.565,90.569,33.422,62.912
216.004,92.631,33.422,62.912
212.444,96.566,33.422,62.912
210.757,94.130,33.422,62.912
212.444,89.820,33.422,62.912
213.381,88.508,33.422,62.912
215.067,85.322,33.422,62.912
217.129,85.884,33.422,62.912
218.815,84.947,33.422,62.912
220.877,87.758,33.422,62.912
224.437,86.821,33.422,62.912
226.873,85.884,33.422,62.912
225.936,83.448,33.422,62.912
224.999,87.009,33.422,62.912
223.688,90.569,33.422,62.912
222.751,98.253,33.422,62.912
221.814,99.565,33.422,62.912
225.749,96.004,33.422,62.912
228.560,95.442,33.422,62.912
230.621,96.004,33.422,62.912
233.432,94.317,33.422,62.912
238.117,93.380,33.422,62.912
239.804,97.316,33.422,62.912
242.990,98.253,33.422,62.912
246.925,99.190,33.422,62.912
247.862,96.004,33.422,62.912
250.298,99.190,33.422,62.912
248.986,102.001,33.422,62.912
251.797,104.812,33.422,62.912
248.237,107.623,33.422,62.912
244.676,104.062,33.422,62.912
246.363,102.001,33.422,62.912
262.667,86.072,33.422,62.912
259.856,82.886,33.422,62.912
252.172,79.325,33.422,62.912
235.494,91.506,33.422,62.912
236.805,89.070,33.422,62.912
243.739,91.506,33.422,62.912
245.051,91.694,33.422,62.912
242.408,90.074,33.714,63.462
245.554,94.640,34.009,64.018
253.754,94.450,34.009,64.018
248.224,102.650,34.009,64.018
251.084,99.789,34.009,64.018
255.852,101.124,34.009,64.018
278.163,85.678,34.009,64.018
276.828,82.436,34.009,64.018
277.781,78.050,34.009,64.018
261.572,86.631,34.009,64.018
253.754,87.585,34.009,64.018
251.275,89.301,34.009,64.018
241.931,86.441,34.009,64.018
226.866,82.817,34.009,64.018
217.904,80.338,34.009,64.018
214.662,77.478,34.009,64.018
209.895,86.441,34.009,64.018
207.797,83.962,34.009,64.018
216.378,77.287,34.009,64.018
219.620,80.148,34.009,64.018
227.057,73.473,34.009,64.018
229.917,75.571,34.009,64.018
231.252,76.143,34.009,64.018
238.689,75.190,34.009,64.018
246.126,81.864,34.009,64.018
249.750,84.724,34.009,64.018
252.610,83.008,34.009,64.018
258.521,86.250,34.009,64.018
261.695,89.293,34.307,64.578
266.080,91.573,34.607,65.143
270.543,90.603,34.607,65.143
283.932,84.200,34.607,65.143
286.067,87.110,34.607,65.143
288.978,91.185,34.607,65.143
291.500,94.872,34.607,65.143
294.799,92.738,34.607,65.143
297.321,96.036,34.607,65.143
307.994,92.350,34.607,65.143
310.517,93.708,34.607,65.143
313.039,95.454,34.607,65.143
310.517,96.424,34.607,65.143
313.039,100.111,34.607,65.143
312.069,98.753,34.607,65.143
309.158,95.842,34.607,65.143
306.636,94.872,34.607,65.143
302.949,97.007,34.607,65.143
295.769,95.260,34.607,65.143
291.441,93.185,34.910,65.713
286.939,90.249,34.910,65.713
284.394,88.879,34.910,65.713
285.373,85.943,34.910,65.713
283.611,83.398,34.910,65.713
280.675,81.636,34.910,65.713
278.913,84.181,34.910,65.713
276.369,85.551,34.910,65.713
274.417,88.696,34.612,65.152
276.940,86.950,34.612,65.152
279.075,85.203,34.612,65.152
282.374,87.338,34.612,65.152
284.509,89.472,34.612,65.152
287.420,88.502,34.612,65.152
288.778,87.144,34.612,65.152
290.137,85.397,34.612,65.152
293.048,82.098,34.612,65.152
294.795,79.187,34.612,65.152
297.706,80.933,34.612,65.152
299.064,82.680,34.612,65.152
297.706,84.815,34.612,65.152
296.735,82.680,34.612,65.152
297.706,85.979,34.612,65.152
301.393,84.621,34.612,65.152
301.587,82.098,34.612,65.152
299.840,85.785,34.612,65.152
296.929,84.038,34.612,65.152
295.183,82.292,34.612,65.152
289.555,79.381,34.612,65.152
299.452,83.068,34.612,65.152
307.797,85.979,34.612,65.152
309.932,83.456,34.612,65.152
313.231,82.486,34.612,65.152
310.320,84.621,34.612,65.152
308.186,84.815,34.612,65.152
311.097,86.173,34.612,65.152
314.008,87.144,34.612,65.152
321.188,84.621,34.612,65.152
324.099,82.874,34.612,65.152
333.221,71.036,34.612,65.152
334.191,71.230,34.612,65.152
329.728,80.739,34.612,65.152
331.862,77.440,34.612,65.152
334.385,79.575,34.612,65.152
336.132,77.828,34.612,65.152
336.714,80.351,34.612,65.152
334.579,82.486,34.612,65.152
332.445,85.785,34.612,65.152
333.539,88.525,34.317,64.596
336.126,88.237,34.024,64.044
337.461,87.665,34.024,64.044
339.560,86.329,34.024,64.044
340.895,88.809,34.024,64.044
339.560,90.145,34.024,64.044
341.277,89.191,34.024,64.044
344.138,88.619,34.024,64.044
346.703,92.801,33.733,63.498
354.836,91.477,33.733,63.498
359.187,95.449,33.733,63.498
359.754,98.286,33.733,63.498
357.295,100.366,33.733,63.498
355.215,100.177,33.733,63.498
353.134,103.393,33.733,63.498
349.918,102.069,33.733,63.498
348.973,100.745,33.733,63.498
345.001,102.825,33.733,63.498
336.868,103.393,33.733,63.498
332.896,103.582,33.733,63.498
330.058,102.636,33.733,63.498
330.626,101.312,33.733,63.498
332.328,97.718,33.733,63.498
333.274,100.555,33.733,63.498
333.841,102.636,33.733,63.498
332.139,100.934,33.733,63.498
332.706,103.014,33.733,63.498
332.139,104.338,33.733,63.498
334.598,103.393,33.733,63.498
338.570,102.069,33.733,63.498
342.920,101.501,33.733,63.498
344.244,104.338,33.733,63.498
342.164,103.393,33.733,63.498
344.244,104.717,33.733,63.498
346.703,103.393,33.733,63.498
348.027,101.312,33.733,63.498
350.864,103.014,33.733,63.498
351.810,100.555,33.733,63.498
351.999,103.014,33.733,63.498
351.810,100.934,33.733,63.498
350.108,102.636,33.733,63.498
349.918,104.717,33.733,63.498
348.216,103.014,33.733,63.498
347.649,102.069,33.733,63.498
349.823,105.108,33.445,62.956
350.148,104.827,33.160,62.418
350.334,105.385,33.160,62.418
350.892,105.199,33.160,62.418
352.937,103.526,33.160,62.418
354.982,102.224,33.160,62.418
357.028,101.295,33.160,62.418
360.188,103.340,33.160,62.418
362.605,102.039,33.160,62.418
364.651,104.084,33.160,62.418
365.952,106.129,33.160,62.418
368.369,108.174,33.160,62.418
370.043,106.129,33.160,62.418
372.460,104.456,33.160,62.418
372.274,105.757,33.160,62.418
369.113,105.571,33.160,62.418
365.952,107.245,33.160,62.418
363.907,104.456,33.160,62.418
365.580,103.154,33.160,62.418
363.535,100.365,33.160,62.418
365.952,102.782,33.160,62.418
367.254,101.109,33.160,62.418
364.465,99.064,33.160,62.418
364.062,102.051,32.877,61.885
361.297,101.498,32.877,61.885
359.638,104.263,32.877,61.885
356.873,101.867,32.877,61.885
355.582,100.208,32.877,61.885
354.661,98.549,32.877,61.885
352.264,100.945,32.877,61.885
349.499,98.917,32.877,61.885
345.997,97.995,32.877,61.885
342.863,96.336,32.877,61.885
343.785,99.102,32.877,61.885
341.757,96.705,32.877,61.885
344.522,94.309,32.877,61.885
346.550,97.074,32.877,61.885
347.840,99.102,32.877,61.885
346.181,100.392,32.877,61.885
348.209,103.157,32.877,61.885
350.237,105.922,32.877,61.885
352.264,104.632,32.877,61.885
354.292,106.291,32.877,61.885
357.795,105.000,32.877,61.885
359.822,107.766,32.877,61.885
358.901,107.213,32.877,61.885
357.979,107.028,32.877,61.885
358.163,109.425,32.877,61.885
359.822,108.872,32.877,61.885
361.113,107.213,32.877,61.885
363.231,109.095,32.596,61.357
365.607,108.913,32.596,61.357
367.252,109.826,32.596,61.357
368.166,111.106,32.596,61.357
369.080,111.289,32.596,61.357
372.963,111.729,32.318,60.833
379.306,109.373,32.318,60.833
385.286,107.380,32.318,60.833
393.025,106.402,32.042,60.314
