288.000,143.000,35.000,42.000
290.468,143.349,35.000,42.000
292.134,142.591,35.000,42.000
294.102,142.743,35.000,42.000
296.071,141.986,35.000,42.000
296.828,140.623,35.000,42.000
297.282,140.169,35.000,42.000
297.737,140.926,35.000,42.000
298.191,140.774,35.000,42.000
298.948,141.834,35.000,42.000
299.402,142.289,35.000,42.000
299.856,142.440,35.000,42.000
299.099,143.500,35.000,42.000
298.039,143.046,35.000,42.000
296.979,141.683,35.000,42.000
297.434,142.440,35.000,42.000
298.494,143.500,35.000,42.000
298.342,143.046,35.000,42.000
297.282,143.803,35.000,42.000
296.828,144.560,35.000,42.000
297.282,145.923,35.000,42.000
297.131,146.680,35.000,42.000
296.677,148.043,35.000,42.000
295.617,148.800,35.000,42.000
294.254,148.345,35.000,42.000
293.194,149.102,35.000,42.000
293.345,149.557,35.000,42.000
292.891,149.102,35.000,42.000
292.740,150.465,35.000,42.000
291.680,150.314,35.000,42.000
291.226,149.557,35.000,42.000
291.680,150.919,35.000,42.000
292.134,150.465,35.000,42.000
292.588,150.314,35.000,42.000
292.740,149.254,35.000,42.000
292.588,148.194,35.000,42.000
293.648,148.951,35.000,42.000
294.405,147.891,35.000,42.000
294.557,148.345,35.000,42.000
294.708,147.891,35.000,42.000
295.162,148.648,35.000,42.000
295.314,148.194,35.000,42.000
294.860,148.345,35.000,42.000
294.708,147.891,35.000,42.000
295.162,148.043,35.000,42.000
295.314,146.983,35.000,42.000
294.254,148.345,35.000,42.000
293.497,149.102,35.000,42.000
291.831,150.162,35.000,42.000
291.074,150.617,35.000,42.000
290.923,151.374,35.000,42.000
291.074,150.617,35.000,42.000
290.620,151.374,35.000,42.000
290.468,151.222,35.000,42.000
290.014,152.282,35.000,42.000
290.166,152.131,35.000,42.000
290.317,153.796,35.000,42.000
289.257,154.251,35.000,42.000
290.014,155.008,35.000,42.000
290.166,155.765,35.000,42.000
290.620,155.916,35.000,42.000
290.771,155.462,35.000,42.000
290.317,155.008,35.000,42.000
290.468,155.159,35.000,42.000
291.528,154.099,35.000,42.000
292.891,153.948,35.000,42.000
293.648,154.099,35.000,42.000
294.405,155.159,35.000,42.000
294.860,154.402,35.000,42.000
295.919,155.462,35.000,42.000
297.585,156.219,35.000,42.000
299.251,156.976,35.000,42.000
301.522,157.430,35.000,42.000
304.096,158.490,35.000,42.000
306.973,159.853,35.000,42.000
310.456,162.427,35.000,42.000
313.635,167.727,35.000,42.000
315.907,173.935,35.000,42.000
316.664,179.538,35.000,42.000
318.329,185.746,35.000,42.000
318.784,191.651,35.000,42.000
318.027,195.739,35.000,42.000
316.361,199.525,35.000,42.000
314.090,202.402,35.000,42.000
310.910,204.067,35.000,42.000
305.913,204.219,35.000,42.000
300.008,202.553,35.000,42.000
295.919,199.373,35.000,42.000
291.528,192.559,35.000,42.000
287.440,184.534,35.000,42.000
283.655,173.481,35.000,42.000
281.989,162.124,35.000,42.000
281.535,153.494,35.000,42.000
281.989,145.771,35.000,42.000
282.746,139.260,35.000,42.000
284.109,134.263,35.000,42.000
285.774,131.387,35.000,42.000
287.137,130.629,35.000,42.000
289.711,132.901,35.000,42.000
291.983,136.081,35.000,42.000
293.648,143.197,35.000,42.000
295.617,151.222,35.000,42.000
297.888,162.276,35.000,42.000
300.159,174.238,35.000,42.000
301.825,186.200,35.000,42.000
301.976,194.831,35.000,42.000
301.219,198.919,35.000,42.000
298.948,199.979,35.000,42.000
293.648,197.102,35.000,42.000
287.137,190.288,35.000,42.000
279.718,181.657,35.000,42.000
272.298,173.632,35.000,42.000
263.970,166.818,35.000,42.000
256.248,164.244,35.000,42.000
248.526,161.973,35.000,42.000
244.134,163.336,35.000,42.000
240.955,164.699,35.000,42.000
238.078,166.364,35.000,42.000
236.412,168.938,35.000,42.000
237.775,175.146,35.000,42.000
239.743,178.023,35.000,42.000
243.226,179.386,35.000,42.000
248.526,177.115,35.000,42.000
255.037,170.907,35.000,42.000
262.759,162.882,35.000,42.000
272.904,154.856,35.000,42.000
283.655,149.254,35.000,42.000
291.680,146.377,35.000,42.000
298.796,144.106,35.000,42.000
304.696,145.008,35.306,42.367
310.648,145.919,35.615,42.738
317.273,147.922,35.615,42.738
322.974,153.007,35.615,42.738
325.902,160.248,35.615,42.738
328.521,170.880,35.615,42.738
330.832,181.819,35.615,42.738
329.754,188.753,35.615,42.738
328.675,191.989,35.615,42.738
326.056,193.992,35.615,42.738
322.820,192.297,35.615,42.738
318.044,188.445,35.615,42.738
312.651,180.895,35.615,42.738
307.566,172.421,35.615,42.738
303.406,161.789,35.615,42.738
298.629,154.239,35.615,42.738
293.545,147.306,35.615,42.738
290.001,143.454,35.615,42.738
285.533,141.759,35.615,42.738
282.297,143.145,35.615,42.738
279.061,145.765,35.615,42.738
275.826,151.466,35.615,42.738
273.823,157.783,35.615,42.738
273.052,165.025,35.615,42.738
272.282,170.418,35.615,42.738
270.587,171.804,35.615,42.738
268.584,172.267,35.615,42.738
266.889,170.263,35.615,42.738
265.194,168.260,35.615,42.738
263.191,165.333,35.615,42.738
260.264,161.789,35.615,42.738
257.644,158.553,35.615,42.738
256.258,155.626,35.615,42.738
257.028,153.623,35.615,42.738
258.415,154.085,35.615,42.738
261.342,156.088,35.615,42.738
263.037,159.324,35.615,42.738
263.499,164.100,35.615,42.738
264.578,170.726,35.615,42.738
265.656,177.351,35.615,42.738
266.427,182.744,35.615,42.738
267.814,188.753,35.615,42.738
267.968,190.756,35.615,42.738
267.505,188.137,35.615,42.738
266.735,181.511,35.615,42.738
266.581,174.886,35.615,42.738
268.276,168.877,35.615,42.738
269.971,165.641,35.615,42.738
272.590,162.405,35.615,42.738
277.675,159.786,35.615,42.738
283.067,159.632,35.615,42.738
290.001,161.019,35.615,42.738
297.551,164.254,35.615,42.738
305.409,167.182,35.615,42.738
310.802,171.342,35.615,42.738
313.729,173.037,35.615,42.738
315.424,172.575,35.615,42.738
314.654,171.496,35.615,42.738
311.110,171.034,35.615,42.738
306.950,172.729,35.615,42.738
302.481,175.656,35.615,42.738
299.862,181.665,35.615,42.738
297.243,188.599,35.615,42.738
294.932,195.533,35.615,42.738
290.463,202.774,35.615,42.738
284.146,208.475,35.615,42.738
276.596,209.862,35.615,42.738
269.971,206.318,35.615,42.738
263.962,197.844,35.615,42.738
262.267,188.753,35.615,42.738
265.502,181.203,35.615,42.738
270.895,174.270,35.615,42.738
277.212,171.034,35.615,42.738
285.379,170.572,35.615,42.738
294.469,172.575,35.615,42.738
303.252,178.584,35.615,42.738
311.418,186.134,35.615,42.738
317.106,194.317,35.927,43.112
319.126,200.690,35.927,43.112
317.417,203.332,35.927,43.112
314.463,205.042,35.927,43.112
308.402,202.710,35.927,43.112
300.475,198.824,35.927,43.112
291.616,191.519,35.927,43.112
281.824,187.323,35.927,43.112
273.586,184.370,35.927,43.112
266.903,182.349,35.927,43.112
263.017,183.748,35.927,43.112
261.307,185.769,35.927,43.112
261.463,188.100,35.927,43.112
263.172,189.499,35.927,43.112
266.747,187.167,35.927,43.112
271.876,183.903,35.927,43.112
278.249,179.085,35.927,43.112
284.621,177.065,35.927,43.112
285.898,177.991,36.241,43.489
286.682,180.029,36.241,43.489
287.152,181.754,36.241,43.489
286.682,184.106,36.241,43.489
288.093,186.771,36.241,43.489
286.995,186.928,36.241,43.489
284.017,184.576,36.241,43.489
279.470,177.834,36.241,43.489
275.236,170.465,36.241,43.489
269.749,162.469,36.241,43.489
264.261,155.727,36.241,43.489
259.087,152.748,36.241,43.489
255.168,151.337,36.241,43.489
251.875,152.435,36.241,43.489
248.896,154.787,36.241,43.489
245.604,157.452,36.241,43.489
242.311,161.058,36.241,43.489
239.018,168.427,36.241,43.489
237.921,172.347,36.241,43.489
239.332,174.071,36.241,43.489
241.997,173.288,36.241,43.489
244.976,169.368,36.241,43.489
248.582,162.626,36.241,43.489
253.129,157.138,36.241,43.489
258.617,153.532,36.241,43.489
265.359,149.926,36.241,43.489
271.160,148.202,36.241,43.489
276.648,148.045,36.241,43.489
281.508,148.515,36.241,43.489
284.487,147.104,36.241,43.489
284.957,149.456,36.241,43.489
282.605,151.808,36.241,43.489
279.313,152.905,36.241,43.489
274.139,150.240,36.241,43.489
268.024,143.811,36.241,43.489
262.223,137.070,36.241,43.489
257.636,131.290,35.932,43.118
250.330,127.403,35.932,43.118
240.536,124.761,35.932,43.118
229.189,128.025,35.932,43.118
212.556,138.129,35.932,43.118
194.057,146.990,35.932,43.118
179.289,158.649,35.932,43.118
168.252,174.349,35.932,43.118
162.501,186.630,35.932,43.118
163.589,193.625,35.932,43.118
165.299,200.620,35.932,43.118
166.698,203.884,35.932,43.118
168.097,201.242,35.932,43.118
169.807,195.179,35.932,43.118
170.895,189.739,35.932,43.118
174.160,182.743,35.932,43.118
180.533,177.614,35.932,43.118
185.041,176.525,35.932,43.118
189.860,178.546,35.932,43.118
195.301,181.811,35.932,43.118
200.120,187.562,35.932,43.118
201.830,193.003,35.932,43.118
202.607,198.755,35.932,43.118
205.871,202.952,35.932,43.118
211.623,208.703,35.932,43.118
213.333,215.077,35.932,43.118
207.270,219.274,35.932,43.118
202.762,222.227,35.932,43.118
200.431,220.207,35.932,43.118
201.519,214.455,35.932,43.118
202.918,209.636,35.932,43.118
202.762,206.993,35.932,43.118
203.229,205.594,35.932,43.118
205.871,207.304,35.932,43.118
206.027,209.325,35.932,43.118
204.317,213.833,35.932,43.118
203.229,218.652,35.932,43.118
203.695,221.606,35.932,43.118
202.918,222.383,35.932,43.118
201.830,218.497,35.932,43.118
201.052,211.501,35.932,43.118
202.140,204.195,35.932,43.118
203.229,197.511,35.932,43.118
202.451,194.557,35.932,43.118
200.741,192.848,35.932,43.118
199.342,192.381,35.932,43.118
198.876,193.780,35.932,43.118
199.342,195.801,35.932,43.118
198.565,199.687,35.932,43.118
198.721,204.817,35.932,43.118
198.565,208.082,35.932,43.118
198.721,207.304,35.932,43.118
200.120,203.729,35.932,43.118
201.519,198.599,35.932,43.118
201.674,195.957,35.932,43.118
202.140,193.936,35.932,43.118
202.296,193.780,35.932,43.118
202.140,195.179,35.932,43.118
200.741,197.822,35.932,43.118
201.519,201.708,35.932,43.118
202.607,207.460,35.932,43.118
201.830,213.833,35.932,43.118
199.187,219.896,35.932,43.118
197.166,223.160,35.932,43.118
198.876,221.761,35.932,43.118
200.586,216.320,35.932,43.118
199.809,209.636,35.932,43.118
197.166,202.330,35.932,43.118
195.145,195.024,35.932,43.118
191.570,189.272,35.932,43.118
184.886,186.008,35.932,43.118
179.756,184.609,35.932,43.118
178.668,183.831,35.932,43.118
178.823,185.231,35.932,43.118
174.626,188.495,35.932,43.118
169.496,196.112,35.932,43.118
167.475,203.418,35.932,43.118
168.252,208.548,35.932,43.118
168.719,212.123,35.932,43.118
169.807,214.144,35.932,43.118
171.828,211.501,35.932,43.118
173.849,208.237,35.932,43.118
174.315,206.216,35.932,43.118
176.025,205.439,35.932,43.118
180.844,206.527,35.932,43.118
186.906,208.859,35.932,43.118
191.414,212.434,35.932,43.118
197.788,217.875,35.932,43.118
208.514,221.450,35.932,43.118
219.862,225.336,35.932,43.118
229.966,228.601,35.932,43.118
240.692,225.647,35.932,43.118
252.351,217.098,35.932,43.118
259.035,205.439,35.932,43.118
266.652,197.200,35.932,43.118
275.823,191.138,35.932,43.118
284.062,188.184,35.932,43.118
291.679,185.852,35.932,43.118
295.565,187.562,35.932,43.118
295.721,191.448,35.932,43.118
293.700,198.444,35.932,43.118
290.747,206.372,35.932,43.118
286.860,216.787,35.932,43.118
278.932,223.782,35.932,43.118
267.895,227.357,35.932,43.118
254.371,230.000,35.932,43.118
238.671,231.710,35.932,43.118
221.416,233.731,35.932,43.118
207.581,236.684,35.932,43.118
198.410,239.949,35.932,43.118
192.347,242.280,35.932,43.118
186.596,243.058,35.932,43.118
176.180,243.524,35.932,43.118
163.900,239.949,35.932,43.118
157.526,230.777,35.932,43.118
157.060,219.118,35.932,43.118
161.257,206.527,35.932,43.118
169.496,197.666,35.932,43.118
179.911,194.713,35.932,43.118
188.150,197.045,35.932,43.118
199.187,201.553,35.932,43.118
211.157,209.481,35.932,43.118
223.437,220.828,35.932,43.118
236.339,232.798,35.932,43.118
250.485,244.457,35.932,43.118
264.942,251.763,35.932,43.118
277.533,254.405,35.932,43.118
289.192,253.317,35.932,43.118
303.960,249.742,35.932,43.118
318.417,243.369,35.932,43.118
332.252,237.617,35.932,43.118
347.641,234.663,35.932,43.118
359.611,232.021,35.932,43.118
369.093,230.622,35.932,43.118
373.601,230.777,35.932,43.118
373.756,231.554,35.932,43.118
369.559,233.886,35.932,43.118
360.388,236.218,35.932,43.118
345.931,241.970,35.932,43.118
327.743,249.587,35.932,43.118
306.758,255.960,35.932,43.118
286.705,258.603,35.932,43.118
268.828,257.204,35.932,43.118
251.884,250.519,35.932,43.118
236.806,243.835,35.932,43.118
221.727,238.394,35.932,43.118
209.136,233.886,35.932,43.118
200.586,227.824,35.932,43.118
196.700,222.694,35.932,43.118
195.612,219.118,35.932,43.118
197.011,217.719,35.932,43.118
200.275,217.564,35.932,43.118
206.648,217.098,35.932,43.118
212.711,219.118,35.932,43.118
221.261,220.518,35.932,43.118
233.541,218.186,35.932,43.118
248.620,211.812,35.932,43.118
259.657,205.439,35.932,43.118
266.963,200.309,35.932,43.118
274.891,195.801,35.932,43.118
284.995,190.671,35.932,43.118
292.612,189.583,35.932,43.118
298.985,191.604,35.932,43.118
306.291,194.557,35.932,43.118
314.219,200.931,35.932,43.118
320.904,208.859,35.932,43.118
327.277,219.896,35.932,43.118
334.272,229.067,35.932,43.118
340.646,236.373,35.932,43.118
344.532,239.016,35.932,43.118
347.486,237.306,35.932,43.118
352.304,231.244,35.932,43.118
355.258,224.248,35.932,43.118
353.859,217.875,35.932,43.118
351.527,214.300,35.932,43.118
349.195,211.657,35.932,43.118
343.133,209.636,35.932,43.118
336.449,210.413,35.932,43.118
327.899,213.056,35.932,43.118
317.173,219.429,35.932,43.118
306.136,227.357,35.932,43.118
295.410,238.705,35.932,43.118
283.440,245.079,35.932,43.118
270.227,243.679,35.932,43.118
258.569,239.793,35.932,43.118
246.599,232.487,35.932,43.118
236.495,225.803,35.932,43.118
226.701,219.429,35.932,43.118
215.043,215.854,35.932,43.118
206.122,212.957,36.246,43.495
197.498,210.605,36.246,43.495
190.128,208.566,36.246,43.495
185.894,209.664,36.246,43.495
183.228,207.939,36.246,43.495
186.207,205.273,36.246,43.495
192.009,198.217,36.246,43.495
199.066,190.533,36.246,43.495
211.140,178.772,36.246,43.495
226.664,173.598,36.246,43.495
241.875,171.245,36.246,43.495
257.399,173.598,36.246,43.495
270.100,178.145,36.246,43.495
278.098,184.574,36.246,43.495
285.781,188.181,36.246,43.495
292.524,195.864,36.246,43.495
294.563,202.607,36.246,43.495
295.347,205.273,36.246,43.495
293.622,203.235,36.246,43.495
290.642,197.746,36.246,43.495
286.409,190.063,36.246,43.495
283.116,181.124,36.246,43.495
280.450,173.127,36.246,43.495
276.216,168.893,36.246,43.495
271.041,167.482,36.246,43.495
267.435,171.089,36.246,43.495
266.651,175.950,36.246,43.495
267.748,181.752,36.246,43.495
271.355,187.554,36.246,43.495
276.530,194.924,36.246,43.495
279.195,205.743,36.246,43.495
280.607,212.486,36.246,43.495
281.704,214.838,36.246,43.495
282.488,213.427,36.246,43.495
285.154,206.057,36.246,43.495
289.074,193.669,36.246,43.495
292.367,180.654,36.246,43.495
293.151,170.775,36.246,43.495
290.799,161.837,36.246,43.495
289.074,154.153,36.246,43.495
290.172,146.469,36.246,43.495
289.074,140.040,36.246,43.495
285.154,139.256,36.246,43.495
278.725,139.099,36.246,43.495
272.296,140.824,36.246,43.495
264.926,143.176,36.246,43.495
257.556,146.156,36.246,43.495
253.635,148.822,36.246,43.495
250.029,151.801,36.246,43.495
243.600,156.976,36.246,43.495
237.484,163.719,36.246,43.495
229.800,171.089,36.246,43.495
223.998,179.713,36.246,43.495
218.824,187.397,36.246,43.495
217.412,195.080,36.246,43.495
215.374,199.628,36.246,43.495
213.963,201.039,36.246,43.495
216.315,198.060,36.246,43.495
223.998,189.435,36.246,43.495
233.250,176.420,36.246,43.495
239.052,160.582,36.246,43.495
239.836,149.135,36.246,43.495
238.738,139.883,36.246,43.495
237.641,131.259,36.246,43.495
238.738,125.457,36.246,43.495
239.209,123.732,36.246,43.495
237.170,126.398,36.246,43.495
233.877,131.259,36.246,43.495
229.957,138.943,36.246,43.495
228.859,148.508,36.246,43.495
230.584,159.014,36.246,43.495
232.623,171.089,36.246,43.495
235.289,182.222,36.246,43.495
236.700,188.965,36.246,43.495
237.484,191.631,36.246,43.495
234.505,191.474,36.246,43.495
228.075,189.122,36.246,43.495
220.705,182.379,36.246,43.495
217.412,174.695,36.246,43.495
212.551,171.089,36.246,43.495
205.181,170.305,36.246,43.495
199.693,171.402,36.246,43.495
197.654,174.068,36.246,43.495
196.870,177.047,36.246,43.495
195.773,181.595,36.246,43.495
195.616,186.456,36.246,43.495
196.086,192.885,36.246,43.495
196.243,196.178,36.246,43.495
197.341,195.708,36.246,43.495
198.125,189.592,36.246,43.495
199.536,182.222,36.246,43.495
204.084,174.538,36.246,43.495
208.004,168.109,36.246,43.495
211.610,165.443,36.246,43.495
214.903,163.719,36.246,43.495
217.256,165.130,36.246,43.495
222.430,168.109,36.246,43.495
225.410,174.225,36.246,43.495
226.194,180.968,36.246,43.495
227.919,187.397,36.246,43.495
229.016,194.140,36.246,43.495
226.978,201.823,36.246,43.495
223.058,208.566,36.246,43.495
219.137,211.859,36.246,43.495
215.844,212.957,36.246,43.495
213.179,208.409,36.246,43.495
210.513,199.785,36.246,43.495
210.042,188.338,36.246,43.495
210.513,177.518,36.246,43.495
212.238,168.580,36.246,43.495
209.572,159.955,36.246,43.495
205.652,154.467,36.246,43.495
202.045,149.606,36.246,43.495
198.125,147.254,36.246,43.495
196.400,147.410,36.246,43.495
196.870,149.762,36.246,43.495
195.459,155.251,36.246,43.495
195.616,161.994,36.246,43.495
197.968,168.736,36.246,43.495
200.947,176.420,36.246,43.495
204.554,185.672,36.246,43.495
210.042,193.356,36.246,43.495
212.708,198.844,36.246,43.495
215.687,199.001,36.246,43.495
220.235,192.258,36.246,43.495
224.469,179.870,36.246,43.495
229.957,167.482,36.246,43.495
233.877,155.094,36.246,43.495
241.247,144.901,36.246,43.495
249.558,136.277,36.246,43.495
255.990,127.889,36.563,43.876
257.613,121.050,36.883,44.260
261.541,119.384,37.206,44.647
272.762,116.384,37.532,45.038
275.760,112.359,37.860,45.432
277.105,116.022,38.191,45.829
275.414,123.781,38.525,46.230
274.914,132.614,38.525,46.230
272.414,145.781,38.525,46.230
268.316,158.392,38.863,46.635
265.794,171.674,38.863,46.635
262.695,179.570,39.203,47.043
256.419,182.114,39.203,47.043
253.197,179.909,39.203,47.043
254.242,171.185,39.546,47.455
250.036,160.280,39.892,47.870
246.854,152.818,40.241,48.289
248.641,144.934,40.593,48.711
251.164,137.341,40.948,49.138
253.708,132.223,41.306,49.567
260.305,129.991,41.668,50.001
264.372,131.066,42.032,50.439
268.475,134.387,42.400,50.880
