70.000,51.000,107.000,87.000
71.644,51.881,107.000,87.000
70.500,50.737,107.000,87.000
70.119,51.881,107.000,87.000
68.974,53.788,107.000,87.000
67.068,51.881,107.000,87.000
67.449,53.026,107.000,87.000
65.542,53.407,107.000,87.000
65.161,53.026,107.000,87.000
64.017,51.881,107.000,87.000
65.161,52.263,107.000,87.000
64.017,50.356,107.000,87.000
64.398,49.974,107.000,87.000
65.542,50.356,107.000,87.000
63.635,49.974,107.000,87.000
64.779,50.356,107.000,87.000
62.872,49.974,107.000,87.000
63.254,50.356,107.000,87.000
62.110,49.974,107.000,87.000
60.203,50.356,107.000,87.000
62.110,49.974,107.000,87.000
60.203,50.356,107.000,87.000
59.821,49.974,107.000,87.000
60.203,50.356,107.000,87.000
59.821,49.212,107.000,87.000
58.677,48.830,107.000,87.000
59.382,47.277,107.936,87.761
57.727,46.499,108.881,88.529
57.338,47.663,108.881,88.529
58.503,47.275,108.881,88.529
56.562,46.887,108.881,88.529
58.503,45.722,108.881,88.529
57.338,46.111,108.881,88.529
57.727,45.722,108.881,88.529
57.338,45.334,108.881,88.529
57.727,45.722,108.881,88.529
55.786,45.334,108.881,88.529
56.950,45.722,108.881,88.529
55.786,46.111,108.881,88.529
57.727,45.722,108.881,88.529
58.115,45.334,108.881,88.529
58.503,45.722,108.881,88.529
58.891,45.334,108.881,88.529
56.950,45.722,108.881,88.529
58.551,46.479,107.951,87.773
59.705,46.094,107.951,87.773
59.791,47.595,107.030,87.024
61.698,47.214,107.030,87.024
62.080,46.832,107.030,87.024
60.172,46.451,107.030,87.024
61.317,46.069,107.030,87.024
61.698,45.688,107.030,87.024
61.317,46.832,107.030,87.024
60.935,47.214,107.030,87.024
61.317,45.306,107.030,87.024
60.657,48.283,106.116,86.281
62.548,49.418,106.116,86.281
60.657,48.283,106.116,86.281
62.548,50.174,106.116,86.281
62.170,48.283,106.116,86.281
62.548,47.905,106.116,86.281
61.413,48.283,106.116,86.281
61.792,50.174,106.116,86.281
62.170,48.283,106.116,86.281
59.767,45.192,107.045,87.036
62.438,47.862,107.045,87.036
60.530,45.955,107.045,87.036
63.201,46.336,107.045,87.036
59.004,45.192,107.045,87.036
62.055,42.855,107.981,87.798
60.901,45.549,107.981,87.798
61.286,44.395,107.981,87.798
58.592,42.470,107.981,87.798
62.825,45.165,107.981,87.798
59.361,42.470,107.981,87.798
60.516,41.316,107.981,87.798
61.671,44.010,107.981,87.798
60.015,41.653,108.926,88.566
60.858,44.683,107.996,87.810
59.704,43.528,107.996,87.810
61.204,41.960,108.941,88.578
60.039,45.455,108.941,88.578
58.097,44.290,108.941,88.578
61.592,46.231,108.941,88.578
58.097,45.067,108.941,88.578
60.816,45.455,108.941,88.578
60.427,47.396,108.941,88.578
58.998,47.396,108.011,87.822
58.613,46.241,108.011,87.822
60.201,48.494,107.089,87.072
59.056,48.875,107.089,87.072
59.438,48.494,107.089,87.072
58.292,47.348,107.089,87.072
61.356,50.327,106.175,86.329
60.978,49.191,106.175,86.329
61.800,49.929,105.269,85.592
60.675,49.554,105.269,85.592
61.050,49.179,105.269,85.592
61.425,49.554,105.269,85.592
62.551,49.929,105.269,85.592
64.098,50.661,104.370,84.862
64.907,52.112,103.479,84.137
66.428,52.111,102.596,83.419
67.936,52.110,101.720,82.707
70.139,52.109,100.851,82.001
70.920,52.810,99.991,81.301
72.390,52.809,99.137,80.607
72.743,52.456,99.137,80.607
72.132,53.145,98.291,79.919
73.884,53.495,98.291,79.919
73.533,53.145,98.291,79.919
73.183,53.495,98.291,79.919
73.944,54.178,97.452,79.236
74.292,54.525,97.452,79.236
74.639,54.178,97.452,79.236
74.292,54.525,97.452,79.236
75.724,55.203,96.620,78.560
76.473,55.874,95.795,77.889
76.814,56.898,95.795,77.889
76.473,57.923,95.795,77.889
77.215,58.588,94.977,77.224
78.230,58.927,94.977,77.224
78.569,59.265,94.977,77.224
78.230,58.927,94.977,77.224
77.892,59.265,94.977,77.224
78.907,59.604,94.977,77.224
77.892,59.265,94.977,77.224
78.907,60.958,94.977,77.224
79.246,61.296,94.977,77.224
78.907,62.312,94.977,77.224
80.304,62.311,94.166,76.565
80.639,61.976,94.166,76.565
81.646,60.969,94.166,76.565
81.982,59.962,94.166,76.565
82.317,58.955,94.166,76.565
82.653,57.948,94.166,76.565
83.660,57.612,94.166,76.565
83.996,57.277,94.166,76.565
84.331,56.941,94.166,76.565
83.996,55.934,94.166,76.565
85.002,54.927,94.166,76.565
85.338,54.592,94.166,76.565
85.674,52.913,94.166,76.565
88.023,53.249,94.166,76.565
87.443,51.939,93.362,75.912
88.815,52.587,92.565,75.264
90.465,51.597,92.565,75.264
90.135,51.267,92.565,75.264
91.125,50.938,92.565,75.264
92.774,49.948,92.565,75.264
92.445,50.278,92.565,75.264
93.434,49.948,92.565,75.264
95.084,49.618,92.565,75.264
95.694,50.303,93.375,75.922
94.695,50.636,93.375,75.922
96.359,52.300,93.375,75.922
98.023,51.967,93.375,75.922
99.022,52.966,93.375,75.922
101.351,52.633,93.375,75.922
99.022,54.297,93.375,75.922
101.351,53.964,93.375,75.922
101.019,52.966,93.375,75.922
102.683,52.633,93.375,75.922
102.350,54.963,93.375,75.922
103.348,53.964,93.375,75.922
104.721,54.613,92.578,75.274
104.654,53.945,93.388,75.933
106.677,55.244,92.591,75.284
105.257,54.576,93.401,75.943
106.921,54.909,93.401,75.943
105.923,53.910,93.401,75.943
107.587,53.577,93.401,75.943
107.254,55.242,93.401,75.943
108.253,54.243,93.401,75.943
109.917,54.576,93.401,75.943
109.585,53.577,93.401,75.943
109.917,52.579,93.401,75.943
111.291,52.578,92.604,75.295
110.960,51.588,92.604,75.295
113.271,50.597,92.604,75.295
113.601,50.928,92.604,75.295
113.931,49.937,92.604,75.295
115.581,50.267,92.604,75.295
115.251,49.277,92.604,75.295
118.882,47.627,92.604,75.295
119.872,46.637,92.604,75.295
120.202,46.307,92.604,75.295
120.532,45.977,92.604,75.295
120.863,46.307,92.604,75.295
121.193,49.277,92.604,75.295
122.183,46.967,92.604,75.295
123.173,45.316,92.604,75.295
122.843,48.947,92.604,75.295
124.493,45.977,92.604,75.295
122.843,50.928,92.604,75.295
126.474,45.977,92.604,75.295
124.163,51.588,92.604,75.295
128.454,43.996,92.604,75.295
130.105,41.025,92.604,75.295
130.178,43.601,91.813,74.652
132.469,40.001,91.813,74.652
131.487,43.601,91.813,74.652
133.778,41.310,91.813,74.652
135.414,44.255,91.813,74.652
136.396,41.965,91.813,74.652
137.377,42.292,91.813,74.652
139.014,44.583,91.813,74.652
139.995,42.946,91.813,74.652
139.429,44.223,91.030,74.015
141.701,43.898,91.030,74.015
143.039,43.265,90.253,73.383
142.482,46.403,89.482,72.757
145.353,44.170,89.482,72.757
146.310,45.127,89.482,72.757
148.248,44.504,88.718,72.135
148.564,44.188,88.718,72.135
151.410,42.607,88.718,72.135
153.623,44.820,88.718,72.135
156.779,43.585,87.961,71.520
155.838,43.272,87.961,71.520
156.779,47.975,87.961,71.520
158.973,45.153,87.961,71.520
160.541,44.212,87.961,71.520
158.973,48.915,87.961,71.520
160.838,45.710,88.731,72.145
162.419,43.496,88.731,72.145
161.058,46.747,89.507,72.777
162.302,44.139,90.290,73.414
164.555,44.461,90.290,73.414
165.809,42.490,91.080,74.056
166.783,44.763,91.080,74.056
166.052,43.441,91.877,74.704
157.179,49.191,91.093,74.066
154.717,53.625,90.315,73.434
156.970,56.522,90.315,73.434
159.867,57.488,90.315,73.434
156.970,55.878,90.315,73.434
155.785,57.134,89.544,72.807
156.104,54.261,89.544,72.807
157.700,55.219,89.544,72.807
155.903,53.973,88.780,72.185
155.355,54.590,88.022,71.569
156.649,55.201,87.271,70.958
157.325,53.987,86.526,70.353
159.199,55.791,85.787,69.752
161.057,53.404,85.055,69.157
161.716,55.178,84.329,68.566
161.782,55.178,83.609,67.981
163.593,56.340,82.895,67.401
164.811,56.916,82.187,66.825
165.448,56.915,81.486,66.255
166.646,54.648,80.790,65.689
167.272,56.333,80.100,65.128
167.557,53.193,80.100,65.128
170.406,54.863,79.417,64.572
169.557,51.750,79.417,64.572
172.104,53.731,79.417,64.572
172.719,55.387,78.739,64.021
172.439,53.984,78.739,64.021
173.596,55.626,78.067,63.475
173.658,56.169,77.400,62.933
174.796,57.245,76.739,62.396
176.163,55.877,76.739,62.396
176.758,56.410,76.084,61.863
177.029,56.682,76.084,61.863
177.618,58.269,75.435,61.335
178.963,55.849,75.435,61.335
180.307,57.731,75.435,61.335
180.576,58.537,75.435,61.335
181.383,59.882,75.435,61.335
182.189,61.226,75.435,61.335
182.458,59.882,75.435,61.335
183.265,62.839,75.435,61.335
184.071,62.571,75.435,61.335
184.017,59.822,76.095,61.871
183.746,59.551,76.095,61.871
183.474,59.822,76.095,61.871
185.373,56.296,76.095,61.871
185.102,57.110,76.095,61.871
187.543,54.669,76.095,61.871
186.015,55.726,75.445,61.343
187.360,57.071,75.445,61.343
187.629,56.264,75.445,61.343
187.898,58.147,75.445,61.343
188.167,60.567,75.445,61.343
187.561,59.472,76.105,61.880
187.832,58.658,76.105,61.880
187.561,60.014,76.105,61.880
187.290,58.115,76.105,61.880
189.189,57.301,76.105,61.880
189.460,56.488,76.105,61.880
189.189,58.387,76.105,61.880
190.002,56.488,76.105,61.880
190.274,54.589,76.105,61.880
190.545,57.573,76.105,61.880
189.731,56.759,76.105,61.880
190.002,58.115,76.105,61.880
189.533,58.115,75.456,61.352
190.642,60.213,74.812,60.828
191.742,61.253,74.173,60.309
192.007,58.874,74.173,60.309
192.800,60.196,74.173,60.309
194.406,61.227,73.540,59.794
195.192,57.820,73.540,59.794
195.251,58.331,72.912,59.284
195.510,59.110,72.912,59.284
195.251,58.850,72.912,59.284
195.510,60.669,72.912,59.284
195.770,60.929,72.912,59.284
196.030,61.709,72.912,59.284
195.770,62.489,72.912,59.284
196.030,63.268,72.912,59.284
197.330,64.048,72.912,59.284
197.589,66.387,72.912,59.284
197.849,65.607,72.912,59.284
197.797,66.680,73.550,59.802
198.281,64.000,74.194,60.326
199.074,63.735,74.194,60.326
199.339,59.769,74.194,60.326
200.132,57.917,74.194,60.326
201.739,58.949,73.560,59.811
202.001,58.687,73.560,59.811
202.059,58.686,72.932,59.300
202.839,58.946,72.932,59.300
203.619,58.686,72.932,59.300
204.099,57.627,73.570,59.819
203.313,60.512,73.570,59.819
204.624,59.725,73.570,59.819
204.886,59.463,73.570,59.819
205.673,59.725,73.570,59.819
205.620,59.195,74.214,60.342
207.227,60.226,73.581,59.827
206.098,59.158,74.224,60.351
206.363,59.952,74.224,60.351
206.627,58.100,74.224,60.351
206.363,58.365,74.224,60.351
206.627,58.629,74.224,60.351
206.892,58.365,74.224,60.351
205.569,59.158,74.224,60.351
207.693,61.739,73.591,59.835
207.955,60.427,73.591,59.835
207.693,59.640,73.591,59.835
209.529,59.378,73.591,59.835
209.267,59.116,73.591,59.835
210.348,57.580,72.963,59.325
210.608,57.320,72.963,59.325
211.681,58.842,72.340,58.818
211.100,58.320,72.973,59.333
210.840,61.701,72.973,59.333
211.405,66.268,72.350,58.826
211.663,67.042,72.350,58.826
211.405,67.300,72.350,58.826
212.179,67.042,72.350,58.826
213.468,65.753,72.350,58.826
213.726,63.947,72.350,58.826
212.617,58.139,72.983,59.341
213.097,52.280,73.621,59.860
212.506,47.446,74.266,60.384
212.453,44.197,74.915,60.913
213.254,47.134,74.915,60.913
214.055,47.401,74.915,60.913
212.720,49.271,74.915,60.913
212.666,49.278,75.571,61.446
214.012,54.396,75.571,61.446
213.743,56.820,75.571,61.446
215.090,57.628,75.571,61.446
215.359,60.052,75.571,61.446
215.945,61.103,74.926,60.921
217.046,61.102,74.286,60.401
219.171,61.102,73.652,59.885
218.580,58.956,74.296,60.409
219.672,59.989,73.662,59.894
219.410,58.676,73.662,59.894
219.672,58.939,73.662,59.894
219.935,58.676,73.662,59.894
221.018,58.676,73.033,59.382
221.278,57.895,73.033,59.382
220.497,57.635,73.033,59.382
221.278,57.895,73.033,59.382
219.976,57.635,73.033,59.382
221.799,57.374,73.033,59.382
220.497,58.676,73.033,59.382
220.757,58.415,73.033,59.382
219.976,59.717,73.033,59.382
220.237,61.539,73.033,59.382
221.018,63.882,73.033,59.382
219.716,63.101,73.033,59.382
218.596,63.108,73.672,59.902
219.384,65.997,73.672,59.902
218.596,67.310,73.672,59.902
217.283,65.997,73.672,59.902
219.903,69.070,73.044,59.391
218.081,65.165,73.044,59.391
219.155,63.133,72.420,58.884
218.896,62.358,72.420,58.884
220.465,61.854,71.802,58.381
219.523,63.851,71.189,57.883
219.777,66.135,71.189,57.883
219.523,66.896,71.189,57.883
218.431,68.463,71.812,58.389
220.223,67.183,71.812,58.389
218.943,66.416,71.812,58.389
218.500,64.917,71.199,57.891
218.754,64.155,71.199,57.891
218.315,64.650,70.591,57.396
217.057,61.379,70.591,57.396
218.819,60.121,70.591,57.396
218.567,60.373,70.591,57.396
219.114,60.372,69.988,56.906
220.143,61.345,69.391,56.421
219.895,60.603,69.391,56.421
220.143,62.335,69.391,56.421
219.895,61.593,69.391,56.421
221.132,62.335,69.391,56.421
221.379,64.066,69.391,56.421
220.951,65.513,68.799,55.939
221.197,61.835,68.799,55.939
221.932,64.532,68.799,55.939
219.235,61.835,68.799,55.939
221.442,61.590,68.799,55.939
220.061,60.632,68.211,55.461
220.304,60.389,68.211,55.461
220.061,59.660,68.211,55.461
220.304,60.875,68.211,55.461
220.061,62.091,68.211,55.461
218.845,61.848,68.211,55.461
220.291,60.858,68.808,55.947
219.236,59.356,69.410,56.436
219.978,59.109,69.410,56.436
218.741,57.872,69.410,56.436
218.989,57.129,69.410,56.436
217.257,58.366,69.410,56.436
217.504,59.603,69.410,56.436
218.246,59.851,69.410,56.436
217.504,60.098,69.410,56.436
217.752,60.840,69.410,56.436
217.702,60.340,70.017,56.930
213.558,58.300,70.630,57.428
213.810,59.559,70.630,57.428
211.544,59.811,70.630,57.428
212.525,58.785,71.248,57.931
210.392,58.272,71.872,58.438
210.648,59.552,71.872,58.438
209.020,58.509,72.500,58.949
209.796,58.251,72.500,58.949
208.504,60.576,72.500,58.949
208.057,61.080,71.882,58.446
207.288,61.336,71.882,58.446
206.520,63.642,71.882,58.446
205.942,62.599,72.510,58.957
203.616,62.340,72.510,58.957
203.674,63.853,71.891,58.454
204.231,63.352,71.278,57.955
204.485,63.606,71.278,57.955
206.028,65.093,70.669,57.460
204.428,64.067,71.288,57.963
206.468,65.058,70.679,57.468
202.689,64.302,70.679,57.468
201.933,63.546,70.679,57.468
203.464,65.021,70.076,56.977
201.715,64.271,70.076,56.977
200.966,63.022,70.076,56.977
202.714,63.772,70.076,56.977
202.282,63.771,69.478,56.491
204.016,64.514,69.478,56.491
203.104,64.031,68.884,56.009
204.332,65.258,68.884,56.009
203.595,62.557,68.884,56.009
204.823,63.785,68.884,56.009
205.780,63.792,69.487,56.499
205.037,64.535,69.487,56.499
203.799,64.782,69.487,56.499
203.056,65.525,69.487,56.499
200.826,64.287,69.487,56.499
202.065,65.525,69.487,56.499
201.322,67.259,69.487,56.499
201.569,65.525,69.487,56.499
203.074,67.458,68.894,56.017
201.846,66.721,68.894,56.017
202.092,67.949,68.894,56.017
200.709,66.511,68.306,55.538
200.466,66.755,68.306,55.538
200.520,67.704,67.723,55.064
199.795,65.532,67.723,55.064
201.002,66.739,67.723,55.064
200.278,66.497,67.723,55.064
200.037,67.704,67.723,55.064
201.032,66.762,67.145,54.594
202.019,68.629,66.571,54.128
202.731,67.443,66.571,54.128
198.698,68.155,66.571,54.128
200.109,66.215,67.154,54.602
200.348,67.412,67.154,54.602
199.630,68.609,67.154,54.602
198.912,67.891,67.154,54.602
198.194,68.609,67.154,54.602
198.912,69.806,67.154,54.602
200.109,68.130,67.154,54.602
198.433,68.848,67.154,54.602
197.715,66.694,67.154,54.602
199.169,68.095,66.581,54.136
198.457,68.807,66.581,54.136
197.271,69.044,66.581,54.136
197.034,68.807,66.581,54.136
196.322,69.044,66.581,54.136
196.084,66.908,66.581,54.136
197.746,68.095,66.581,54.136
196.238,65.182,67.163,54.609
197.435,65.900,67.163,54.609
195.914,63.453,67.751,55.087
196.639,64.177,67.751,55.087
194.948,64.902,67.751,55.087
195.190,64.177,67.751,55.087
195.431,64.902,67.751,55.087
194.707,65.626,67.751,55.087
194.948,64.419,67.751,55.087
195.673,65.143,67.751,55.087
194.948,65.868,67.751,55.087
196.639,64.177,67.751,55.087
198.329,64.902,67.751,55.087
198.571,66.109,67.751,55.087
199.295,65.385,67.751,55.087
197.605,66.109,67.751,55.087
198.812,66.351,67.751,55.087
200.502,64.660,67.751,55.087
196.397,65.385,67.751,55.087
198.088,65.143,67.751,55.087
198.534,65.645,68.344,55.569
195.367,66.376,68.344,55.569
196.316,67.381,68.942,56.055
195.891,68.340,68.353,55.577
197.110,68.096,68.353,55.577
197.060,68.103,68.951,56.063
197.306,68.348,68.951,56.063
198.043,68.103,68.951,56.063
198.781,67.857,68.951,56.063
199.518,66.628,68.951,56.063
198.781,67.857,68.951,56.063
199.026,68.594,68.951,56.063
199.764,68.348,68.951,56.063
200.010,69.577,68.951,56.063
200.747,68.348,68.951,56.063
200.010,69.577,68.951,56.063
201.238,68.840,68.951,56.063
199.026,69.086,68.951,56.063
200.747,69.331,68.951,56.063
200.993,68.103,68.951,56.063
200.747,69.331,68.951,56.063
201.976,69.086,68.951,56.063
202.989,70.044,68.363,55.585
202.258,68.826,68.363,55.585
202.989,69.070,68.363,55.585
204.208,66.877,68.363,55.585
202.502,68.095,68.363,55.585
203.452,66.103,68.961,56.071
204.681,67.824,68.961,56.071
205.135,66.319,69.564,56.562
205.879,67.063,69.564,56.562
206.127,67.807,69.564,56.562
206.870,67.559,69.564,56.562
206.622,67.311,69.564,56.562
207.862,65.079,69.564,56.562
205.631,66.815,69.564,56.562
207.366,66.567,69.564,56.562
208.606,66.319,69.564,56.562
209.846,64.087,69.564,56.562
208.110,65.823,69.564,56.562
209.846,66.071,69.564,56.562
211.086,66.815,69.564,56.562
212.592,67.298,68.971,56.079
214.565,68.257,68.382,55.600
215.296,68.501,68.382,55.600
217.003,68.257,68.382,55.600
218.709,68.501,68.382,55.600
219.659,67.508,68.980,56.087
216.954,68.246,68.980,56.087
219.424,67.748,69.584,56.577
219.883,67.246,70.193,57.072
217.781,67.253,70.807,57.572
218.247,67.260,71.426,58.076
219.520,67.515,71.426,58.076
219.774,65.733,71.426,58.076
220.029,67.005,71.426,58.076
221.021,67.534,72.051,58.584
221.792,68.305,72.051,58.584
220.687,68.838,72.682,59.096
221.696,69.376,73.318,59.613
223.786,69.383,73.959,60.135
223.193,69.931,74.606,60.661
223.990,70.728,74.606,60.661
225.852,68.867,74.606,60.661
226.118,69.665,74.606,60.661
227.447,66.740,74.606,60.661
225.586,68.069,74.606,60.661
227.447,67.272,74.606,60.661
227.713,68.601,74.606,60.661
229.043,68.867,74.606,60.661
230.904,69.665,74.606,60.661
231.702,68.867,74.606,60.661
233.032,69.665,74.606,60.661
234.361,69.399,74.606,60.661
234.627,69.665,74.606,60.661
234.893,69.399,74.606,60.661
236.223,68.069,74.606,60.661
236.714,67.531,75.259,61.192
236.660,66.989,75.918,61.727
236.605,66.441,76.582,62.268
237.970,66.168,76.582,62.268
238.474,65.056,77.252,62.812
239.547,63.371,77.928,63.362
240.381,63.648,77.928,63.362
241.769,62.815,77.928,63.362
242.603,62.537,77.928,63.362
243.991,62.259,77.928,63.362
245.074,61.128,78.610,63.916
245.354,63.089,78.610,63.916
245.634,63.930,78.610,63.916
246.726,63.363,79.298,64.476
248.987,63.950,79.992,65.040
269.634,63.393,79.309,64.485
268.786,63.111,79.309,64.485
253.082,63.118,80.003,65.049
251.856,63.126,80.703,65.618
254.156,64.313,81.409,66.192
256.477,63.726,82.121,66.771
259.111,64.604,82.121,66.771
255.451,65.212,82.840,67.356
258.699,64.917,82.840,67.356
257.429,65.530,83.565,67.945
257.979,66.149,84.296,68.540
260.683,64.647,84.296,68.540
259.181,66.149,84.296,68.540
260.083,65.247,84.296,68.540
261.585,65.548,84.296,68.540
264.289,65.247,84.296,68.540
263.612,65.256,85.033,69.139
265.128,65.559,85.033,69.139
259.474,66.188,85.777,69.744
262.837,65.271,85.777,69.744
264.656,64.026,86.528,70.354
262.064,63.402,87.285,70.970
264.242,63.713,87.285,70.970
265.798,64.024,87.285,70.970
262.375,63.713,87.285,70.970
265.798,64.024,87.285,70.970
263.184,63.395,88.049,71.591
264.407,62.116,88.819,72.217
265.357,62.433,88.819,72.217
263.994,61.143,89.596,72.849
266.230,61.463,89.596,72.849
265.511,61.471,90.380,73.487
265.833,61.794,90.380,73.487
266.799,62.116,90.380,73.487
266.074,62.124,91.171,74.130
266.399,63.099,91.171,74.130
266.723,64.074,91.171,74.130
265.325,63.417,91.969,74.778
266.309,64.400,91.969,74.778
265.981,64.072,91.969,74.778
