51.000,47.000,25.000,62.000
47.986,41.308,25.000,62.000
35.435,38.798,25.000,62.000
33.260,42.312,25.000,62.000
40.121,39.468,25.000,62.000
32.925,39.300,25.000,62.000
34.766,39.468,25.000,62.000
37.611,41.308,25.000,62.000
42.129,39.802,25.000,62.000
40.957,34.949,25.000,62.000
44.450,32.448,25.219,62.543
46.645,33.967,25.219,62.543
60.656,37.175,25.219,62.543
66.226,34.305,25.219,62.543
66.057,31.773,25.219,62.543
85.470,30.929,25.219,62.543
100.832,33.799,25.219,62.543
93.911,27.890,25.219,62.543
85.977,27.046,25.219,62.543
92.223,25.189,25.219,62.543
89.353,25.358,25.219,62.543
85.470,28.566,25.219,62.543
87.327,34.136,25.219,62.543
93.573,40.382,25.219,62.543
78.887,45.278,25.219,62.543
77.368,42.745,25.219,62.543
83.276,32.448,25.219,62.543
79.878,25.080,25.439,63.090
73.577,18.099,25.439,63.090
64.552,16.226,25.439,63.090
66.425,18.780,25.439,63.090
76.132,23.378,25.439,63.090
84.135,25.932,25.439,63.090
91.457,28.146,25.439,63.090
105.931,25.251,25.439,63.090
119.260,27.593,25.662,63.642
115.450,24.321,25.887,64.199
113.383,21.731,26.113,64.760
131.736,27.150,26.113,64.760
140.401,29.912,26.342,65.327
147.983,32.205,26.342,65.327
151.686,33.439,26.342,65.327
153.978,32.205,26.342,65.327
150.981,31.676,26.342,65.327
154.331,28.326,26.342,65.327
152.744,32.734,26.342,65.327
126.472,35.731,26.342,65.327
107.958,36.965,26.342,65.327
105.132,34.330,26.572,65.899
106.377,36.287,26.572,65.899
109.045,27.571,26.572,65.899
110.290,15.654,26.572,65.899
109.756,17.255,26.572,65.899
117.049,24.192,26.572,65.899
120.428,24.370,26.572,65.899
123.096,31.662,26.572,65.899
113.669,33.974,26.572,65.899
112.780,35.575,26.572,65.899
104.776,32.907,26.572,65.899
102.654,26.967,26.805,66.475
127.594,20.687,26.805,66.475
136.386,21.943,26.805,66.475
132.406,26.250,27.039,67.057
134.397,33.671,27.039,67.057
131.682,40.730,27.039,67.057
132.949,42.359,27.039,67.057
135.302,49.779,27.039,67.057
143.447,59.372,27.039,67.057
142.542,62.087,27.039,67.057
128.967,59.734,27.039,67.057
132.406,44.349,27.039,67.057
123.900,53.942,27.039,67.057
111.411,57.743,27.039,67.057
102.202,49.101,27.276,67.644
96.908,53.666,27.276,67.644
105.489,61.516,27.276,67.644
114.914,70.765,27.514,68.236
122.911,74.808,27.755,68.833
133.129,75.365,27.755,68.833
147.290,78.301,27.998,69.435
139.231,69.868,27.998,69.435
145.790,62.934,27.998,69.435
155.348,60.497,27.998,69.435
164.157,59.186,27.998,69.435
168.467,61.622,27.998,69.435
181.983,59.973,28.243,70.042
180.660,58.272,28.243,70.042
178.017,60.097,28.490,70.655
178.479,62.329,28.739,71.274
177.368,55.510,28.991,71.897
136.862,60.964,29.244,72.526
121.686,45.598,29.500,73.161
129.855,43.456,29.758,73.801
132.046,41.265,29.758,73.801
134.636,38.676,29.758,73.801
131.648,36.485,29.758,73.801
131.050,41.066,29.758,73.801
145.193,45.249,29.758,73.801
148.181,51.026,29.758,73.801
144.580,47.640,30.019,74.447
140.762,39.402,30.019,74.447
145.786,38.397,30.019,74.447
144.781,29.757,30.019,74.447
136.944,18.303,30.019,74.447
170.595,20.778,29.763,73.811
184.341,21.774,29.763,73.811
186.533,18.387,29.763,73.811
183.146,34.524,29.763,73.811
192.111,39.504,29.763,73.811
178.763,36.516,29.763,73.811
175.775,35.122,29.763,73.811
174.623,37.453,30.023,74.457
169.342,39.393,30.286,75.109
142.380,41.623,30.286,75.109
135.285,38.583,30.286,75.109
125.802,43.033,30.551,75.766
123.143,40.784,30.551,75.766
120.894,41.806,30.551,75.766
119.871,50.600,30.551,75.766
128.664,50.395,30.551,75.766
143.832,48.177,30.818,76.429
149.402,45.083,30.818,76.429
146.720,40.751,30.818,76.429
144.864,39.307,30.818,76.429
144.658,22.597,30.818,76.429
146.426,18.246,31.088,77.098
170.356,14.292,31.088,77.098
175.143,16.581,31.088,77.098
178.264,25.529,31.088,77.098
175.351,31.339,30.822,76.439
172.669,31.546,30.822,76.439
168.749,32.577,30.822,76.439
172.257,34.847,30.822,76.439
160.909,30.927,30.822,76.439
140.261,28.266,31.092,77.108
125.485,25.561,31.092,77.108
132.769,16.195,31.092,77.108
122.180,19.484,31.364,77.783
125.271,21.941,31.639,78.464
126.652,26.157,31.915,79.150
