110.000,101.000,30.000,91.000
110.730,103.574,30.000,91.000
109.578,103.805,30.000,91.000
108.265,102.226,30.263,91.796
109.893,102.923,30.263,91.796
108.265,104.551,30.263,91.796
107.418,106.294,30.527,92.599
107.653,106.529,30.527,92.599
106.480,105.356,30.527,92.599
105.776,106.059,30.527,92.599
108.356,106.763,30.527,92.599
107.501,104.194,30.794,93.410
105.372,104.904,30.794,93.410
106.450,103.283,31.064,94.227
104.779,102.567,31.064,94.227
103.586,102.328,31.064,94.227
102.393,102.089,31.064,94.227
100.244,103.283,31.064,94.227
98.574,99.225,31.064,94.227
99.290,100.896,31.064,94.227
100.960,98.271,31.064,94.227
101.199,100.419,31.064,94.227
101.438,97.793,31.064,94.227
102.631,99.464,31.064,94.227
102.870,101.135,31.064,94.227
101.199,99.941,31.064,94.227
99.051,101.612,31.064,94.227
100.244,99.464,31.064,94.227
97.619,101.135,31.064,94.227
99.767,101.373,31.064,94.227
97.142,100.657,31.064,94.227
97.858,99.464,31.064,94.227
97.142,100.180,31.064,94.227
97.380,98.987,31.064,94.227
96.187,97.793,31.064,94.227
96.426,98.032,31.064,94.227
94.278,96.361,31.064,94.227
92.130,96.600,31.064,94.227
89.982,97.316,31.064,94.227
87.834,95.645,31.064,94.227
86.640,97.316,31.064,94.227
88.311,98.987,31.064,94.227
85.685,100.657,31.064,94.227
84.969,100.419,31.064,94.227
82.821,102.089,31.064,94.227
83.060,101.373,31.064,94.227
81.867,100.657,31.064,94.227
81.628,99.941,31.064,94.227
82.821,101.135,31.064,94.227
81.952,98.521,31.336,95.052
84.600,101.169,31.336,95.052
86.285,102.373,31.336,95.052
87.489,102.132,31.336,95.052
85.804,99.965,31.336,95.052
84.600,98.280,31.336,95.052
85.322,97.076,31.336,95.052
84.118,98.762,31.336,95.052
83.878,97.558,31.336,95.052
84.118,100.206,31.336,95.052
81.952,98.039,31.336,95.052
82.674,97.799,31.336,95.052
81.952,99.002,31.336,95.052
83.155,98.762,31.336,95.052
81.952,100.447,31.336,95.052
84.118,100.688,31.336,95.052
82.433,99.484,31.336,95.052
81.711,100.688,31.336,95.052
80.026,98.039,31.336,95.052
79.785,98.280,31.336,95.052
78.581,97.558,31.336,95.052
77.377,96.835,31.336,95.052
79.544,98.521,31.336,95.052
79.785,97.317,31.336,95.052
79.544,98.521,31.336,95.052
80.266,97.317,31.336,95.052
80.989,97.558,31.336,95.052
79.785,95.872,31.336,95.052
80.989,97.076,31.336,95.052
80.748,98.280,31.336,95.052
80.507,96.595,31.336,95.052
79.303,96.354,31.336,95.052
79.544,97.558,31.336,95.052
80.748,98.280,31.336,95.052
79.544,97.076,31.336,95.052
81.711,99.243,31.336,95.052
80.989,99.484,31.336,95.052
82.674,100.688,31.336,95.052
80.989,99.484,31.336,95.052
81.711,99.243,31.336,95.052
79.544,98.521,31.336,95.052
78.340,97.317,31.336,95.052
79.544,97.558,31.336,95.052
78.822,98.762,31.336,95.052
78.581,96.595,31.336,95.052
79.303,98.762,31.336,95.052
78.581,97.076,31.336,95.052
78.822,98.762,31.336,95.052
78.099,96.595,31.336,95.052
78.340,98.762,31.336,95.052
77.136,97.076,31.336,95.052
75.451,96.354,31.336,95.052
76.655,97.076,31.336,95.052
77.377,98.280,31.336,95.052
76.993,96.137,31.610,95.883
78.693,98.323,31.610,95.883
78.936,96.137,31.610,95.883
80.151,98.323,31.610,95.883
78.936,97.108,31.610,95.883
80.636,99.294,31.610,95.883
79.422,98.565,31.610,95.883
77.722,97.351,31.610,95.883
77.479,96.137,31.610,95.883
76.750,98.808,31.610,95.883
74.565,96.137,31.610,95.883
72.865,94.922,31.610,95.883
74.079,94.680,31.610,95.883
72.379,95.408,31.610,95.883
71.650,92.251,31.610,95.883
71.893,91.522,31.610,95.883
72.136,91.765,31.610,95.883
70.436,90.551,31.610,95.883
70.679,90.794,31.610,95.883
71.893,92.494,31.610,95.883
73.593,92.737,31.610,95.883
72.379,92.494,31.610,95.883
74.565,93.222,31.610,95.883
75.779,92.008,31.610,95.883
77.965,94.680,31.610,95.883
