198.000,249.000,95.000,325.000
196.114,247.114,95.000,325.000
193.729,246.319,95.000,325.000
196.114,247.114,95.000,325.000
195.319,249.500,95.000,325.000
197.705,250.295,95.000,325.000
200.090,251.090,95.000,325.000
202.476,253.476,95.000,325.000
206.452,254.271,95.000,325.000
207.247,250.295,95.000,325.000
209.632,251.090,95.000,325.000
213.608,251.886,95.000,325.000
214.404,255.861,95.000,325.000
215.199,258.247,95.000,325.000
214.404,260.632,95.000,325.000
219.970,261.428,95.000,325.000
222.355,254.271,95.000,325.000
227.922,250.295,95.000,325.000
231.897,249.500,95.000,325.000
227.922,243.934,95.000,325.000
223.946,239.958,95.000,325.000
218.379,232.801,95.000,325.000
215.994,228.825,95.000,325.000
213.133,226.589,95.831,327.844
209.122,225.786,95.831,327.844
209.925,223.380,95.831,327.844
211.972,221.123,96.670,330.712
210.720,215.530,97.516,333.606
216.149,214.907,98.369,336.525
220.266,220.670,98.369,336.525
221.090,229.728,98.369,336.525
216.973,238.785,98.369,336.525
212.856,241.255,98.369,336.525
216.645,237.251,99.230,339.470
212.492,241.404,99.230,339.470
216.645,237.251,99.230,339.470
211.954,241.725,100.098,342.440
212.792,232.509,100.098,342.440
210.279,229.995,100.098,342.440
212.792,222.454,100.098,342.440
208.603,219.941,100.098,342.440
212.792,214.076,100.098,342.440
206.927,206.535,100.098,342.440
207.765,200.670,100.098,342.440
213.630,199.833,100.098,342.440
219.495,205.697,100.098,342.440
225.360,203.184,100.098,342.440
227.874,195.643,100.098,342.440
233.738,201.508,100.098,342.440
239.603,207.373,100.098,342.440
240.441,213.238,100.098,342.440
237.928,207.373,100.098,342.440
235.414,208.211,100.098,342.440
239.603,205.697,100.098,342.440
247.144,208.211,100.098,342.440
247.982,207.373,100.098,342.440
245.468,204.860,100.098,342.440
246.306,212.400,100.098,342.440
245.468,213.238,100.098,342.440
232.901,207.373,100.098,342.440
215.306,194.805,100.098,342.440
202.738,178.886,100.098,342.440
193.522,162.967,100.098,342.440
185.981,150.400,100.098,342.440
183.468,149.562,100.098,342.440
185.981,157.102,100.098,342.440
188.495,159.616,100.098,342.440
191.008,163.805,100.098,342.440
195.198,169.670,100.098,342.440
201.062,168.832,100.098,342.440
206.927,174.697,100.098,342.440
214.468,172.184,100.098,342.440
222.009,169.670,100.098,342.440
226.198,175.535,100.098,342.440
230.387,193.130,100.098,342.440
227.874,204.022,100.098,342.440
223.684,206.535,100.098,342.440
222.846,200.670,100.098,342.440
222.009,193.130,100.098,342.440
219.495,182.238,100.098,342.440
216.982,173.021,100.098,342.440
221.171,167.157,100.098,342.440
222.009,161.292,100.098,342.440
224.522,158.778,100.098,342.440
227.036,161.292,100.098,342.440
232.901,168.832,100.098,342.440
240.441,178.049,100.098,342.440
249.658,188.941,100.098,342.440
263.901,198.157,100.098,342.440
276.469,202.346,100.098,342.440
295.739,208.211,100.098,342.440
316.685,204.022,100.098,342.440
332.604,208.211,100.098,342.440
346.848,205.697,100.098,342.440
359.415,199.833,100.098,342.440
368.632,192.292,100.098,342.440
367.794,184.751,100.098,342.440
363.605,175.535,100.098,342.440
371.145,167.994,100.098,342.440
370.307,165.481,100.098,342.440
374.497,161.292,100.098,342.440
382.037,162.129,100.098,342.440
379.524,157.940,100.098,342.440
380.362,155.427,100.098,342.440
386.226,164.643,100.098,342.440
392.091,168.832,100.098,342.440
394.605,174.697,100.098,342.440
395.443,183.913,100.098,342.440
399.632,189.778,100.098,342.440
400.470,197.319,100.098,342.440
397.956,201.508,100.098,342.440
395.443,204.022,100.098,342.440
391.254,204.860,100.098,342.440
387.064,210.725,100.098,342.440
384.551,216.589,100.098,342.440
380.362,210.725,100.098,342.440
377.848,199.833,100.098,342.440
375.334,187.265,100.098,342.440
367.794,181.400,100.098,342.440
370.307,185.589,100.098,342.440
357.740,188.103,100.098,342.440
350.199,198.995,100.098,342.440
344.334,209.887,100.098,342.440
336.794,217.427,100.098,342.440
329.253,211.562,100.098,342.440
323.388,220.779,100.098,342.440
317.523,228.319,100.098,342.440
311.658,235.860,100.098,342.440
310.820,241.725,100.098,342.440
306.631,249.265,100.098,342.440
309.145,255.130,100.098,342.440
304.955,252.617,100.098,342.440
310.820,250.103,100.098,342.440
312.959,244.311,100.974,345.436
305.352,243.466,100.974,345.436
306.197,237.550,100.974,345.436
304.889,228.242,101.857,348.459
301.822,217.104,102.749,351.508
302.254,204.107,103.648,354.584
299.651,196.299,103.648,354.584
298.784,186.755,103.648,354.584
296.181,180.683,103.648,354.584
302.254,176.345,103.648,354.584
306.592,177.212,103.648,354.584
309.194,179.815,103.648,354.584
313.532,185.888,103.648,354.584
314.400,191.961,103.648,354.584
318.738,198.034,103.648,354.584
321.340,195.431,103.648,354.584
323.943,203.239,103.648,354.584
326.546,200.636,103.648,354.584
329.148,208.444,103.648,354.584
326.546,205.842,103.648,354.584
329.148,211.915,103.648,354.584
323.075,209.312,103.648,354.584
320.473,203.239,103.648,354.584
316.135,197.166,103.648,354.584
311.797,187.623,103.648,354.584
305.119,176.290,104.554,357.686
304.244,168.414,104.554,357.686
306.869,160.537,104.554,357.686
304.244,163.163,104.554,357.686
302.129,165.543,103.662,354.633
297.790,162.940,103.662,354.633
295.187,167.279,103.662,354.633
296.055,162.940,103.662,354.633
295.651,172.073,102.777,351.606
296.511,179.815,102.777,351.606
295.651,187.557,102.777,351.606
295.250,198.290,101.900,348.604
297.809,207.673,101.900,348.604
300.740,213.321,101.030,345.628
299.895,212.476,101.030,345.628
301.151,219.726,100.167,342.678
304.032,223.642,99.312,339.752
305.267,225.904,98.464,336.852
306.091,220.134,98.464,336.852
310.532,222.376,97.624,333.977
316.529,224.599,96.791,331.125
316.152,222.060,95.964,328.299
320.168,216.438,95.964,328.299
319.365,209.208,95.964,328.299
320.558,203.557,95.145,325.496
321.741,199.507,94.333,322.718
324.110,197.139,94.333,322.718
326.479,194.770,94.333,322.718
329.193,190.755,93.528,319.963
329.975,194.669,93.528,319.963
332.324,190.755,93.528,319.963
334.672,199.366,93.528,319.963
335.835,196.913,92.729,317.231
335.474,208.111,91.938,314.523
336.617,216.211,91.153,311.838
337.751,213.820,90.375,309.176
332.455,225.167,90.375,309.176
336.238,222.897,90.375,309.176
328.505,230.859,89.603,306.537
331.083,240.216,88.838,303.920
324.933,239.337,88.080,301.326
327.467,244.220,87.328,298.753
321.421,246.208,86.582,296.203
316.842,243.937,85.843,293.675
310.899,238.881,85.111,291.168
305.912,228.196,85.111,291.168
309.750,221.793,84.384,288.682
302.531,215.445,83.664,286.218
304.937,222.816,82.949,283.774
300.550,216.576,82.241,281.352
303.992,224.148,82.241,281.352
308.810,217.953,82.241,281.352
309.499,215.887,82.241,281.352
315.694,222.083,82.241,281.352
320.513,225.525,82.241,281.352
321.201,230.344,82.241,281.352
323.266,224.148,82.241,281.352
325.332,231.720,82.241,281.352
329.041,229.563,81.539,278.950
331.088,238.436,81.539,278.950
331.771,244.578,81.539,278.950
335.448,246.435,80.843,276.569
336.453,242.994,80.153,274.208
337.124,246.349,80.153,274.208
340.479,244.336,80.153,274.208
341.475,239.615,79.469,271.867
338.570,238.829,78.790,269.546
339.229,231.575,78.790,269.546
341.208,224.320,78.790,269.546
343.186,217.066,78.790,269.546
349.313,221.433,78.118,267.245
349.967,212.933,78.118,267.245
351.929,208.356,78.118,267.245
355.198,201.163,78.118,267.245
361.083,196.586,78.118,267.245
366.968,202.471,78.118,267.245
370.237,207.048,78.118,267.245
374.814,210.317,78.118,267.245
374.509,208.268,77.451,264.964
376.454,212.806,77.451,264.964
375.806,216.048,77.451,264.964
377.751,220.586,77.451,264.964
375.419,224.078,78.129,267.282
373.457,227.348,78.129,267.282
370.187,233.234,78.129,267.282
359.790,226.031,78.812,269.621
348.576,224.052,78.812,269.621
340.000,220.754,78.812,269.621
334.063,224.052,78.812,269.621
326.806,219.435,78.812,269.621
323.508,216.136,78.812,269.621
320.627,211.495,78.140,267.319
316.048,205.608,78.140,267.319
314.086,198.414,78.140,267.319
313.432,197.760,78.140,267.319
316.702,201.030,78.140,267.319
313.432,202.992,78.140,267.319
311.470,198.414,78.140,267.319
314.740,192.527,78.140,267.319
318.010,190.565,78.140,267.319
322.589,195.144,78.140,267.319
327.167,199.722,78.140,267.319
333.053,206.916,78.140,267.319
337.632,211.495,78.140,267.319
338.286,208.224,78.140,267.319
345.480,215.419,78.140,267.319
348.751,212.149,78.140,267.319
354.827,220.309,77.472,265.037
362.117,228.399,76.811,262.775
365.331,234.186,76.811,262.775
369.832,237.400,76.811,262.775
375.805,244.167,76.155,260.532
378.992,249.904,76.155,260.532
377.080,245.442,76.155,260.532
375.168,239.705,76.155,260.532
379.630,240.342,76.155,260.532
380.577,237.101,75.505,258.308
379.945,242.789,75.505,258.308
376.785,238.365,75.505,258.308
378.957,241.318,74.861,256.103
377.442,240.577,74.222,253.916
378.064,244.925,74.222,253.916
373.715,239.334,74.222,253.916
374.336,239.955,74.222,253.916
368.745,235.607,74.222,253.916
363.153,238.713,74.222,253.916
355.591,231.917,73.588,251.749
351.279,233.765,73.588,251.749
345.736,229.454,73.588,251.749
340.192,230.069,73.588,251.749
333.417,228.222,73.588,251.749
326.641,228.838,73.588,251.749
318.634,228.222,73.588,251.749
309.394,226.374,73.588,251.749
302.619,225.758,73.588,251.749
295.843,226.374,73.588,251.749
287.836,225.758,73.588,251.749
279.829,226.374,73.588,251.749
271.821,224.526,73.588,251.749
263.814,227.606,73.588,251.749
255.807,229.454,73.588,251.749
247.799,231.301,73.588,251.749
239.792,233.149,73.588,251.749
233.016,237.461,73.588,251.749
226.241,243.004,73.588,251.749
215.770,246.084,73.588,251.749
207.762,238.077,73.588,251.749
200.987,230.069,73.588,251.749
196.675,230.685,73.588,251.749
191.132,227.606,73.588,251.749
185.127,228.398,74.232,253.952
180.778,222.806,74.232,253.952
180.157,227.156,74.232,253.952
182.021,219.078,74.232,253.952
182.642,224.670,74.232,253.952
185.749,225.292,74.232,253.952
191.341,220.942,74.232,253.952
196.933,225.292,74.232,253.952
203.768,230.884,74.232,253.952
210.603,232.748,74.232,253.952
217.437,235.854,74.232,253.952
225.515,236.476,74.232,253.952
232.349,234.612,74.232,253.952
239.030,231.590,74.882,256.174
248.432,229.710,74.882,256.174
256.456,230.516,75.537,258.415
262.147,228.620,75.537,258.415
267.837,230.516,75.537,258.415
269.734,233.678,75.537,258.415
272.644,238.380,76.198,260.676
273.281,242.844,76.198,260.676
275.195,238.380,76.198,260.676
275.833,236.466,76.198,260.676
280.297,234.553,76.198,260.676
283.233,234.066,76.864,262.957
285.163,233.423,76.864,262.957
284.519,234.066,76.864,262.957
285.163,230.849,76.864,262.957
285.806,234.066,76.864,262.957
283.876,237.283,76.864,262.957
280.659,232.779,76.864,262.957
280.016,228.276,76.864,262.957
278.085,225.059,76.864,262.957
277.442,223.129,76.864,262.957
271.652,225.059,76.864,262.957
265.861,232.136,76.864,262.957
268.822,242.196,77.537,265.258
270.769,253.230,77.537,265.258
274.014,262.965,77.537,265.258
274.663,267.508,77.537,265.258
279.206,268.157,77.537,265.258
285.048,271.402,77.537,265.258
289.365,265.585,78.215,267.579
293.948,263.621,78.215,267.579
299.840,259.038,78.215,267.579
306.879,253.170,78.900,269.920
314.144,251.189,78.900,269.920
320.087,250.528,78.900,269.920
329.994,257.793,78.900,269.920
337.258,255.811,78.900,269.920
344.523,252.509,78.900,269.920
354.429,249.207,78.900,269.920
369.653,248.703,79.590,272.282
374.316,242.708,79.590,272.282
380.312,236.712,79.590,272.282
376.981,229.384,79.590,272.282
373.650,222.056,79.590,272.282
372.984,218.725,79.590,272.282
372.318,219.391,79.590,272.282
367.654,214.728,79.590,272.282
368.321,208.732,79.590,272.282
363.657,205.401,79.590,272.282
357.662,200.738,79.590,272.282
349.001,194.742,79.590,272.282
344.338,190.078,79.590,272.282
335.677,201.404,79.590,272.282
327.017,211.397,79.590,272.282
317.024,217.392,79.590,272.282
308.363,220.723,79.590,272.282
297.038,218.725,79.590,272.282
283.048,223.388,79.590,272.282
270.390,225.387,79.590,272.282
257.733,223.388,79.590,272.282
243.743,228.051,79.590,272.282
232.418,220.723,79.590,272.282
221.092,224.054,79.590,272.282
210.383,215.467,78.911,269.958
202.343,209.531,78.237,267.653
195.139,211.496,78.237,267.653
187.936,205.602,78.237,267.653
183.352,211.496,78.237,267.653
180.491,206.888,77.569,265.368
177.245,212.732,77.569,265.368
171.401,215.978,77.569,265.368
165.558,212.732,77.569,265.368
159.714,215.978,77.569,265.368
157.766,219.224,77.569,265.368
157.117,219.874,77.569,265.368
155.169,225.717,77.569,265.368
155.819,219.874,77.569,265.368
160.364,228.314,77.569,265.368
163.610,235.456,77.569,265.368
169.453,243.897,77.569,265.368
172.700,249.740,77.569,265.368
172.050,247.793,77.569,265.368
175.297,241.949,77.569,265.368
172.050,236.106,77.569,265.368
173.998,228.964,77.569,265.368
178.543,225.717,77.569,265.368
179.192,227.665,77.569,265.368
182.439,220.523,77.569,265.368
185.685,212.082,77.569,265.368
185.036,202.343,77.569,265.368
188.282,191.306,77.569,265.368
191.529,184.163,77.569,265.368
194.775,187.410,77.569,265.368
198.021,191.955,77.569,265.368
194.775,197.798,77.569,265.368
198.021,203.642,77.569,265.368
194.775,209.485,77.569,265.368
192.827,207.537,77.569,265.368
194.775,209.485,77.569,265.368
191.529,211.433,77.569,265.368
190.879,212.082,77.569,265.368
188.932,215.329,77.569,265.368
185.685,215.978,77.569,265.368
182.439,214.030,77.569,265.368
177.894,215.978,77.569,265.368
175.946,211.433,77.569,265.368
171.401,206.888,77.569,265.368
165.558,199.746,77.569,265.368
163.610,192.604,77.569,265.368
164.259,188.059,77.569,265.368
163.610,191.306,77.569,265.368
162.961,184.163,77.569,265.368
161.013,178.320,77.569,265.368
162.961,173.775,77.569,265.368
163.610,178.320,77.569,265.368
164.259,184.163,77.569,265.368
166.207,191.306,77.569,265.368
164.259,197.149,77.569,265.368
166.207,204.291,77.569,265.368
166.856,206.239,77.569,265.368
166.207,209.485,77.569,265.368
168.155,212.732,77.569,265.368
167.506,217.277,77.569,265.368
166.856,220.523,77.569,265.368
167.506,223.769,77.569,265.368
162.961,228.314,77.569,265.368
164.908,225.068,77.569,265.368
165.558,223.120,77.569,265.368
163.610,219.874,77.569,265.368
164.259,220.523,77.569,265.368
163.610,213.381,77.569,265.368
160.364,208.836,77.569,265.368
159.714,200.395,77.569,265.368
161.662,195.850,77.569,265.368
161.013,186.111,77.569,265.368
160.364,177.671,77.569,265.368
158.416,169.230,77.569,265.368
160.364,162.088,77.569,265.368
161.013,166.633,77.569,265.368
164.259,171.178,77.569,265.368
164.908,178.320,77.569,265.368
165.558,184.163,77.569,265.368
163.610,190.007,77.569,265.368
162.961,194.552,77.569,265.368
162.311,199.097,77.569,265.368
160.364,206.239,77.569,265.368
157.117,212.082,77.569,265.368
153.871,217.926,77.569,265.368
149.326,218.575,77.569,265.368
146.079,219.224,77.569,265.368
145.430,215.978,77.569,265.368
138.288,208.836,77.569,265.368
137.639,209.485,77.569,265.368
135.303,204.997,78.248,267.690
133.338,209.581,78.248,267.690
130.063,210.236,78.248,267.690
129.408,214.821,78.248,267.690
127.443,216.786,78.248,267.690
125.479,212.201,78.248,267.690
126.134,208.926,78.248,267.690
129.408,210.891,78.248,267.690
132.683,216.786,78.248,267.690
134.648,221.371,78.248,267.690
135.303,224.645,78.248,267.690
130.718,221.371,78.248,267.690
135.303,223.336,78.248,267.690
134.648,220.061,78.248,267.690
136.613,224.645,78.248,267.690
138.578,226.610,78.248,267.690
139.233,227.265,78.248,267.690
140.904,226.765,78.933,270.033
141.565,228.747,78.933,270.033
143.547,232.051,78.933,270.033
137.601,226.105,78.933,270.033
142.226,229.408,78.933,270.033
138.922,231.390,78.933,270.033
140.904,232.051,78.933,270.033
141.565,232.712,78.933,270.033
143.547,234.694,78.933,270.033
146.851,234.033,78.933,270.033
148.833,233.372,78.933,270.033
150.815,234.033,78.933,270.033
152.797,232.051,78.933,270.033
154.779,232.712,78.933,270.033
155.440,233.372,78.933,270.033
158.743,232.712,78.933,270.033
160.725,234.694,78.933,270.033
162.707,234.033,78.933,270.033
164.689,234.694,78.933,270.033
166.671,235.354,78.933,270.033
167.332,234.694,78.933,270.033
169.314,235.354,78.933,270.033
171.296,237.336,78.933,270.033
171.957,239.318,78.933,270.033
173.939,241.301,78.933,270.033
175.921,241.961,78.933,270.033
179.224,243.943,78.933,270.033
179.885,241.961,78.933,270.033
180.546,239.979,78.933,270.033
183.849,239.318,78.933,270.033
184.510,236.015,78.933,270.033
186.492,235.354,78.933,270.033
188.474,232.051,78.933,270.033
193.099,232.712,78.933,270.033
197.724,234.694,78.933,270.033
201.027,234.033,78.933,270.033
204.330,230.730,78.933,270.033
207.634,231.390,78.933,270.033
210.937,229.408,78.933,270.033
212.919,228.747,78.933,270.033
216.223,226.765,78.933,270.033
216.883,224.783,78.933,270.033
217.544,222.801,78.933,270.033
219.526,223.462,78.933,270.033
217.544,220.159,78.933,270.033
219.526,220.819,78.933,270.033
216.223,218.837,78.933,270.033
215.562,219.498,78.933,270.033
213.580,216.194,78.933,270.033
208.955,214.212,78.933,270.033
204.330,214.873,78.933,270.033
199.706,215.534,78.933,270.033
193.759,214.873,78.933,270.033
190.456,212.891,78.933,270.033
185.831,210.909,78.933,270.033
181.206,212.891,78.933,270.033
176.582,212.230,78.933,270.033
173.278,212.891,78.933,270.033
168.653,212.230,78.933,270.033
164.028,210.248,78.933,270.033
160.725,212.230,78.933,270.033
154.779,210.248,78.933,270.033
148.833,213.552,78.933,270.033
142.886,211.570,78.933,270.033
136.940,213.552,78.933,270.033
129.673,211.570,78.933,270.033
122.405,214.873,78.933,270.033
119.519,214.092,78.259,267.728
114.934,218.677,78.259,267.728
110.794,216.625,77.591,265.442
110.145,218.573,77.591,265.442
105.599,219.222,77.591,265.442
102.351,218.573,77.591,265.442
104.300,219.222,77.591,265.442
101.463,222.256,76.928,263.176
101.163,218.982,76.272,260.929
100.866,218.227,75.621,258.702
98.967,220.126,75.621,258.702
99.907,216.908,74.975,256.494
96.769,220.046,74.975,256.494
97.702,215.630,74.335,254.304
97.079,218.741,74.335,254.304
97.702,216.874,74.335,254.304
98.324,219.986,74.335,254.304
100.190,221.852,74.335,254.304
102.057,222.474,74.335,254.304
103.924,221.852,74.335,254.304
105.790,222.474,74.335,254.304
107.657,220.608,74.335,254.304
109.524,221.230,74.335,254.304
111.390,218.119,74.335,254.304
113.257,218.741,74.335,254.304
111.753,218.005,73.700,252.133
113.604,219.856,73.700,252.133
112.987,220.473,73.700,252.133
112.699,218.540,73.071,249.981
107.641,220.204,72.448,247.847
103.809,218.303,71.829,245.731
102.356,219.939,71.216,243.633
99.375,216.958,71.216,243.633
97.587,218.747,71.216,243.633
96.146,218.042,70.608,241.554
93.191,218.633,70.608,241.554
90.236,215.678,70.608,241.554
86.501,211.520,70.005,239.491
87.087,212.106,70.005,239.491
85.671,210.269,69.408,237.447
87.414,212.012,69.408,237.447
86.833,213.755,69.408,237.447
87.414,215.498,69.408,237.447
86.010,217.078,68.815,235.420
90.042,218.806,68.815,235.420
90.618,221.686,68.815,235.420
93.498,224.566,68.815,235.420
97.530,227.446,68.815,235.420
101.562,231.478,68.815,235.420
104.442,236.662,68.815,235.420
106.170,237.238,68.815,235.420
105.594,230.902,68.815,235.420
107.322,232.630,68.815,235.420
107.054,227.454,68.228,233.410
107.902,231.236,67.645,231.418
110.953,234.986,67.068,229.442
111.514,237.792,67.068,229.442
112.076,239.477,67.068,229.442
114.005,242.099,66.495,227.484
109.402,236.011,65.928,225.542
109.954,231.044,65.928,225.542
104.987,227.181,65.928,225.542
106.884,222.222,65.365,223.616
104.148,224.958,65.365,223.616
106.884,217.845,65.365,223.616
103.054,222.769,65.365,223.616
101.412,213.468,65.365,223.616
97.582,218.392,65.365,223.616
94.847,211.280,65.365,223.616
92.111,217.298,65.365,223.616
91.564,205.808,65.365,223.616
89.923,210.733,65.365,223.616
88.281,203.620,65.365,223.616
87.734,208.544,65.365,223.616
86.093,201.431,65.365,223.616
82.263,206.356,65.365,223.616
76.245,207.997,65.365,223.616
72.415,211.827,65.365,223.616
68.585,216.751,65.365,223.616
65.849,219.486,65.365,223.616
63.114,217.845,65.365,223.616
58.589,213.996,64.807,221.707
55.161,212.296,64.254,219.815
54.623,214.985,64.254,219.815
54.085,219.825,64.254,219.815
56.774,225.741,64.254,219.815
53.376,228.254,63.705,217.938
50.710,228.787,63.705,217.938
51.243,229.320,63.705,217.938
50.710,228.787,63.705,217.938
52.309,228.254,63.705,217.938
55.182,227.623,63.161,216.078
57.826,231.324,63.161,216.078
59.412,232.910,63.161,216.078
60.998,231.324,63.161,216.078
64.698,228.681,63.161,216.078
68.399,226.037,63.161,216.078
72.100,223.394,63.161,216.078
75.801,224.980,63.161,216.078
81.616,230.795,63.161,216.078
91.636,241.230,63.714,217.969
99.557,246.289,64.271,219.876
97.621,243.673,64.834,221.800
100.119,239.921,65.401,223.741
103.760,237.259,65.973,225.698
98.790,236.707,65.973,225.698
101.551,233.946,65.973,225.698
105.417,243.333,65.973,225.698
107.074,246.094,65.973,225.698
108.730,242.229,65.973,225.698
105.969,238.363,65.973,225.698
106.521,233.394,65.973,225.698
102.656,228.424,65.973,225.698
103.208,231.185,65.973,225.698
104.865,226.215,65.973,225.698
103.208,227.871,65.973,225.698
98.238,229.528,65.973,225.698
94.373,226.767,65.973,225.698
92.716,225.110,65.973,225.698
87.746,226.767,65.973,225.698
84.985,221.797,65.973,225.698
82.224,213.514,65.973,225.698
75.045,220.693,65.973,225.698
71.180,212.409,65.973,225.698
66.210,219.588,65.973,225.698
64.553,226.767,65.973,225.698
60.688,236.155,65.973,225.698
57.927,243.333,65.973,225.698
52.957,244.990,65.973,225.698
49.091,246.647,65.973,225.698
49.643,249.408,65.973,225.698
45.778,252.169,65.973,225.698
44.121,252.721,65.973,225.698
43.569,251.064,65.973,225.698
46.330,248.303,65.973,225.698
50.196,244.438,65.973,225.698
56.270,241.677,65.973,225.698
64.553,242.229,65.973,225.698
71.732,247.199,65.973,225.698
81.120,251.064,65.973,225.698
87.194,250.512,65.973,225.698
94.264,247.827,66.551,227.673
99.277,243.927,66.551,227.673
105.404,245.598,66.551,227.673
112.646,246.156,66.551,227.673
118.774,243.370,66.551,227.673
124.901,241.699,66.551,227.673
128.800,246.713,66.551,227.673
132.700,249.498,66.551,227.673
137.713,250.055,66.551,227.673
141.419,248.488,67.133,229.665
145.352,246.802,67.133,229.665
147.938,250.981,67.720,231.675
149.639,248.147,67.720,231.675
149.072,254.382,67.720,231.675
150.773,251.548,67.720,231.675
153.607,250.981,67.720,231.675
155.307,254.949,67.720,231.675
158.141,252.115,67.720,231.675
162.109,249.280,67.720,231.675
166.077,254.382,67.720,231.675
170.045,249.280,67.720,231.675
174.013,254.382,67.720,231.675
177.981,250.414,67.720,231.675
180.590,256.954,68.313,233.702
183.221,251.829,68.911,235.747
183.798,257.020,68.911,235.747
186.453,251.850,69.514,237.810
184.707,254.759,69.514,237.810
184.125,251.850,69.514,237.810
183.543,250.104,69.514,237.810
182.643,252.046,70.122,239.890
181.734,246.785,70.735,241.990
182.032,243.906,71.354,244.107
181.435,244.503,71.354,244.107
183.226,246.295,71.354,244.107
185.018,244.503,71.354,244.107
185.615,239.128,71.354,244.107
186.213,232.558,71.354,244.107
187.737,239.448,71.979,246.243
187.134,230.411,71.979,246.243
185.327,234.628,71.979,246.243
184.725,229.206,71.979,246.243
184.122,238.243,71.979,246.243
183.520,240.051,71.979,246.243
181.712,238.243,71.979,246.243
181.110,234.026,71.979,246.243
176.892,238.243,71.979,246.243
178.700,232.821,71.979,246.243
176.532,237.302,72.608,248.397
176.838,231.854,73.244,250.571
177.145,236.414,73.885,252.763
176.527,229.611,73.885,252.763
174.672,237.650,73.885,252.763
176.527,239.506,73.885,252.763
175.909,241.361,73.885,252.763
176.527,241.979,73.885,252.763
175.909,245.072,73.885,252.763
179.001,238.269,73.885,252.763
175.909,246.309,73.885,252.763
178.755,254.711,74.531,254.975
181.626,246.562,75.183,257.206
181.942,251.242,75.841,259.457
186.165,241.648,76.505,261.727
186.805,234.604,76.505,261.727
187.127,238.053,77.174,264.017
188.776,238.885,77.849,266.327
189.427,231.717,77.849,266.327
189.755,236.563,78.531,268.658
190.412,226.703,78.531,268.658
188.440,233.934,78.531,268.658
190.412,224.074,78.531,268.658
185.352,230.310,79.218,271.008
186.015,220.364,79.218,271.008
179.552,229.373,79.911,273.380
181.558,219.339,79.911,273.380
176.876,228.035,79.911,273.380
180.221,216.664,79.911,273.380
172.863,221.346,79.911,273.380
176.207,212.651,79.911,273.380
179.286,223.110,80.610,275.772
184.009,230.532,80.610,275.772
187.383,236.604,80.610,275.772
190.756,242.677,80.610,275.772
196.628,249.078,81.316,278.185
198.670,238.869,81.316,278.185
203.198,245.326,82.027,280.619
206.631,237.773,82.027,280.619
209.790,244.287,82.745,283.074
213.253,232.513,82.745,283.074
217.861,241.923,83.469,285.551
218.212,229.932,84.199,288.050
216.097,219.360,84.199,288.050
216.451,227.491,84.936,290.570
213.894,221.119,85.679,293.113
214.254,214.691,86.429,295.677
211.651,206.724,87.185,298.265
213.514,200.183,87.948,300.874
209.356,195.094,88.717,303.507
210.099,191.381,88.717,303.507
207.871,198.064,88.717,303.507
210.099,194.351,88.717,303.507
212.327,205.490,88.717,303.507
213.069,216.629,88.717,303.507
211.920,225.196,89.494,306.163
209.225,232.302,90.277,308.842
206.958,236.080,90.277,308.842
201.669,238.347,90.277,308.842
194.868,233.058,90.277,308.842
189.578,230.791,90.277,308.842
184.289,227.013,90.277,308.842
178.999,223.235,90.277,308.842
173.710,217.945,90.277,308.842
171.443,212.656,90.277,308.842
167.665,205.855,90.277,308.842
163.887,199.054,90.277,308.842
166.153,198.298,90.277,308.842
169.932,196.031,90.277,308.842
172.199,192.253,90.277,308.842
174.466,188.475,90.277,308.842
175.221,184.697,90.277,308.842
178.999,186.964,90.277,308.842
179.755,192.253,90.277,308.842
183.533,194.520,90.277,308.842
181.266,198.298,90.277,308.842
183.533,199.054,90.277,308.842
184.289,201.321,90.277,308.842
188.067,203.588,90.277,308.842
191.845,205.855,90.277,308.842
193.774,208.376,91.067,311.544
196.061,212.188,91.067,311.544
193.318,208.481,91.864,314.270
197.163,209.250,91.864,314.270
196.394,210.018,91.864,314.270
197.163,206.174,91.864,314.270
194.856,205.405,91.864,314.270
192.549,201.560,91.864,314.270
193.318,202.329,91.864,314.270
194.087,195.409,91.864,314.270
196.394,188.489,91.864,314.270
198.701,180.031,91.864,314.270
201.008,171.572,91.864,314.270
206.390,170.803,91.864,314.270
210.235,173.110,91.864,314.270
215.617,176.955,91.864,314.270
221.000,180.799,91.864,314.270
220.231,178.493,91.864,314.270
221.000,182.337,91.864,314.270
223.306,186.182,91.864,314.270
222.537,191.564,91.864,314.270
220.231,196.947,91.864,314.270
217.924,202.329,91.864,314.270
214.079,204.636,91.864,314.270
208.697,206.943,91.864,314.270
206.390,209.250,91.864,314.270
202.545,208.481,91.864,314.270
206.390,209.250,91.864,314.270
204.083,206.943,91.864,314.270
206.046,206.356,92.667,317.020
206.821,208.683,92.667,317.020
207.597,207.907,92.667,317.020
206.821,208.683,92.667,317.020
207.597,207.907,92.667,317.020
206.821,205.580,92.667,317.020
206.046,203.253,92.667,317.020
211.475,208.683,92.667,317.020
206.046,207.907,92.667,317.020
209.924,213.337,92.667,317.020
204.494,207.907,92.667,317.020
206.821,213.337,92.667,317.020
199.841,207.907,92.667,317.020
199.065,211.786,92.667,317.020
195.187,207.907,92.667,317.020
192.860,208.683,92.667,317.020
188.981,207.907,92.667,317.020
190.961,210.496,93.478,319.794
182.354,205.018,93.478,319.794
181.143,209.233,94.296,322.592
176.686,208.631,95.121,325.415
175.890,212.612,95.121,325.415
173.501,205.446,95.121,325.415
172.705,209.427,95.121,325.415
168.208,200.659,95.954,328.262
172.224,206.281,95.954,328.262
162.749,195.789,96.793,331.134
171.460,200.153,97.640,334.032
161.818,194.504,98.494,336.955
169.238,198.626,98.494,336.955
157.821,187.856,99.356,339.903
166.969,195.341,99.356,339.903
157.821,189.519,99.356,339.903
165.059,192.294,100.226,342.877
157.508,191.456,100.226,342.877
163.089,192.535,101.103,345.877
156.575,191.889,101.987,348.904
165.965,196.158,101.987,348.904
158.282,191.889,101.987,348.904
167.673,199.572,101.987,348.904
158.282,191.889,101.987,348.904
167.461,196.488,102.880,351.957
157.989,190.460,102.880,351.957
165.739,196.488,102.880,351.957
156.266,192.182,102.880,351.957
165.739,196.488,102.880,351.957
156.266,190.460,102.880,351.957
163.760,195.099,103.780,355.036
155.942,195.967,103.780,355.036
163.760,195.099,103.780,355.036
155.942,190.755,103.780,355.036
165.282,191.873,104.688,358.143
155.643,189.244,104.688,358.143
161.777,193.626,104.688,358.143
153.891,196.255,104.688,358.143
163.530,200.636,104.688,358.143
155.643,196.255,104.688,358.143
163.530,200.636,104.688,358.143
155.643,198.007,104.688,358.143
161.473,200.931,105.604,361.277
151.044,189.384,106.528,364.438
157.286,197.409,106.528,364.438
149.261,192.951,106.528,364.438
157.286,197.409,106.528,364.438
147.478,191.168,106.528,364.438
153.719,193.843,106.528,364.438
147.478,191.168,106.528,364.438
151.936,197.409,106.528,364.438
149.261,192.951,106.528,364.438
150.153,193.843,106.528,364.438
146.945,189.506,107.460,367.627
149.643,188.607,107.460,367.627
145.146,185.908,107.460,367.627
147.844,188.607,107.460,367.627
152.342,189.506,107.460,367.627
147.844,192.205,107.460,367.627
150.543,194.903,107.460,367.627
147.844,197.601,107.460,367.627
154.140,200.300,107.460,367.627
149.643,199.400,107.460,367.627
157.738,205.697,107.460,367.627
160.437,208.395,107.460,367.627
159.537,212.892,107.460,367.627
162.236,213.792,107.460,367.627
155.939,211.094,107.460,367.627
164.035,213.792,107.460,367.627
161.336,212.892,107.460,367.627
162.236,211.993,107.460,367.627
159.537,207.496,107.460,367.627
160.437,201.199,107.460,367.627
159.537,194.903,107.460,367.627
160.437,186.808,107.460,367.627
155.939,178.713,107.460,367.627
160.437,170.617,107.460,367.627
161.336,169.718,107.460,367.627
164.035,167.019,107.460,367.627
159.537,160.723,107.460,367.627
165.834,158.025,107.460,367.627
166.733,158.924,107.460,367.627
165.834,158.025,107.460,367.627
170.331,158.924,107.460,367.627
171.230,161.623,107.460,367.627
170.331,164.321,107.460,367.627
171.230,163.422,107.460,367.627
173.929,166.120,107.460,367.627
174.828,168.818,107.460,367.627
177.527,176.914,107.460,367.627
176.627,185.009,107.460,367.627
175.728,191.305,107.460,367.627
173.029,197.601,107.460,367.627
172.130,202.099,107.460,367.627
174.828,210.194,107.460,367.627
175.728,216.490,107.460,367.627
174.828,220.988,107.460,367.627
181.125,214.691,107.460,367.627
174.828,219.189,107.460,367.627
177.527,211.094,107.460,367.627
174.828,219.189,107.460,367.627
179.326,212.892,107.460,367.627
174.828,217.390,107.460,367.627
173.929,211.094,107.460,367.627
176.627,215.591,107.460,367.627
173.929,209.295,107.460,367.627
176.627,213.792,107.460,367.627
173.929,205.697,107.460,367.627
173.029,210.194,107.460,367.627
172.130,205.697,107.460,367.627
173.029,213.792,107.460,367.627
172.130,212.892,107.460,367.627
174.828,217.390,107.460,367.627
173.929,220.088,107.460,367.627
173.029,217.390,107.460,367.627
170.331,220.088,107.460,367.627
171.230,215.591,107.460,367.627
168.532,220.088,107.460,367.627
167.632,219.189,107.460,367.627
163.135,216.490,107.460,367.627
160.437,210.194,107.460,367.627
159.537,212.892,107.460,367.627
156.839,210.194,107.460,367.627
157.738,214.691,107.460,367.627
156.839,211.993,107.460,367.627
159.537,211.094,107.460,367.627
155.040,211.993,107.460,367.627
159.537,207.496,107.460,367.627
156.839,211.993,107.460,367.627
161.336,209.295,107.460,367.627
151.442,211.993,107.460,367.627
155.939,203.898,107.460,367.627
144.246,208.395,107.460,367.627
146.945,196.702,107.460,367.627
137.051,202.998,107.460,367.627
139.749,205.697,107.460,367.627
133.453,211.993,107.460,367.627
141.548,205.697,107.460,367.627
138.849,213.792,107.460,367.627
146.945,214.691,107.460,367.627
140.648,219.189,107.460,367.627
145.146,212.892,107.460,367.627
138.849,219.189,107.460,367.627
141.941,212.860,106.543,364.488
137.482,217.319,106.543,364.488
145.508,209.293,106.543,364.488
139.265,219.103,106.543,364.488
143.724,219.994,106.543,364.488
139.265,222.670,106.543,364.488
143.724,212.860,106.543,364.488
135.698,220.886,106.543,364.488
141.941,225.345,106.543,364.488
142.833,222.670,106.543,364.488
143.724,225.345,106.543,364.488
144.616,229.804,106.543,364.488
145.508,234.263,106.543,364.488
144.616,236.938,106.543,364.488
145.508,232.479,106.543,364.488
141.049,235.155,106.543,364.488
140.157,237.830,106.543,364.488
137.482,242.289,106.543,364.488
138.374,236.047,106.543,364.488
133.915,238.722,106.543,364.488
131.239,230.696,106.543,364.488
133.915,231.588,106.543,364.488
131.239,225.345,106.543,364.488
128.564,226.237,106.543,364.488
127.672,223.562,106.543,364.488
128.564,224.453,106.543,364.488
129.456,219.994,106.543,364.488
132.131,224.453,106.543,364.488
131.239,218.211,106.543,364.488
137.482,226.237,106.543,364.488
134.806,218.211,106.543,364.488
141.049,224.453,106.543,364.488
143.724,225.345,106.543,364.488
146.400,226.237,106.543,364.488
147.291,227.129,106.543,364.488
151.750,229.804,106.543,364.488
149.075,225.345,106.543,364.488
151.750,226.237,106.543,364.488
152.642,221.778,106.543,364.488
149.967,220.886,106.543,364.488
152.642,221.778,106.543,364.488
148.183,219.103,106.543,364.488
154.426,219.994,106.543,364.488
148.183,213.752,106.543,364.488
149.075,216.427,106.543,364.488
144.616,211.968,106.543,364.488
145.508,214.644,106.543,364.488
137.482,206.618,106.543,364.488
140.157,211.077,106.543,364.488
130.347,203.050,106.543,364.488
134.806,209.293,106.543,364.488
126.780,204.834,106.543,364.488
125.888,211.077,106.543,364.488
121.430,213.752,106.543,364.488
124.105,216.427,106.543,364.488
114.295,215.535,106.543,364.488
116.971,219.994,106.543,364.488
110.728,220.886,106.543,364.488
111.620,223.562,106.543,364.488
105.377,226.237,106.543,364.488
109.836,227.129,106.543,364.488
101.810,224.453,106.543,364.488
108.053,228.912,106.543,364.488
100.027,224.453,106.543,364.488
106.269,232.479,106.543,364.488
101.810,229.804,106.543,364.488
104.485,232.479,106.543,364.488
97.110,226.205,105.633,361.377
101.531,232.394,105.633,361.377
95.342,227.973,105.633,361.377
92.689,237.699,105.633,361.377
86.500,229.742,105.633,361.377
76.774,237.699,105.633,361.377
72.353,227.973,105.633,361.377
71.469,227.089,105.633,361.377
74.121,219.131,105.633,361.377
71.469,225.321,105.633,361.377
70.585,217.363,105.633,361.377
67.932,214.711,105.633,361.377
63.511,212.058,105.633,361.377
59.090,214.711,105.633,361.377
58.206,208.521,105.633,361.377
55.553,205.869,105.633,361.377
51.133,206.753,105.633,361.377
50.248,207.637,105.633,361.377
45.828,210.290,105.633,361.377
52.017,197.027,105.633,361.377
49.364,199.680,105.633,361.377
55.553,195.259,105.633,361.377
61.743,201.448,105.633,361.377
69.700,197.027,105.633,361.377
68.816,203.216,105.633,361.377
76.774,207.637,105.633,361.377
82.963,212.058,105.633,361.377
89.152,200.564,105.633,361.377
91.805,210.290,105.633,361.377
99.762,220.016,105.633,361.377
104.183,231.510,105.633,361.377
110.373,246.541,105.633,361.377
116.562,236.815,105.633,361.377
128.056,253.614,105.633,361.377
139.550,238.583,105.633,361.377
151.045,248.309,105.633,361.377
162.539,236.815,105.633,361.377
166.960,243.004,105.633,361.377
169.613,245.657,105.633,361.377
174.033,255.383,105.633,361.377
176.686,240.352,105.633,361.377
177.570,248.309,105.633,361.377
178.454,236.815,105.633,361.377
179.338,243.004,105.633,361.377
181.991,235.047,105.633,361.377
