40.000,199.000,61.000,103.000
39.539,197.259,61.000,103.000
39.219,196.298,61.000,103.000
38.899,195.978,61.000,103.000
38.579,196.298,61.000,103.000
38.899,194.057,61.000,103.000
37.939,195.018,61.000,103.000
37.618,193.417,61.000,103.000
37.298,193.737,61.000,103.000
36.338,192.136,61.000,103.000
36.018,190.535,61.000,103.000
35.697,187.653,61.000,103.000
36.018,184.772,61.000,103.000
35.057,181.250,61.000,103.000
35.377,176.447,61.000,103.000
35.057,171.004,61.000,103.000
36.018,163.000,61.000,103.000
36.338,153.715,61.000,103.000
37.298,145.710,61.000,103.000
38.899,138.987,61.000,103.000
40.500,131.622,61.000,103.000
43.382,124.258,61.000,103.000
46.263,118.175,61.000,103.000
49.785,112.732,61.000,103.000
53.947,107.929,61.000,103.000
58.750,101.846,61.000,103.000
63.553,96.403,61.000,103.000
68.996,91.600,61.000,103.000
75.719,86.798,61.000,103.000
82.443,81.995,61.000,103.000
87.886,76.552,61.000,103.000
94.610,69.828,61.000,103.000
105.816,65.666,61.000,103.000
113.180,62.144,61.000,103.000
121.825,58.622,61.000,103.000
131.110,58.302,61.000,103.000
139.048,55.554,61.534,103.901
147.768,52.001,61.534,103.901
157.781,47.803,61.534,103.901
166.501,43.604,61.534,103.901
174.508,45.467,62.072,104.810
182.653,45.792,62.072,104.810
192.753,48.725,62.072,104.810
206.763,43.186,62.072,104.810
215.508,36.382,62.615,105.727
221.752,38.683,62.615,105.727
227.997,39.012,62.615,105.727
234.898,39.340,62.615,105.727
241.025,42.583,63.163,106.653
247.324,44.241,63.163,106.653
254.949,45.236,63.163,106.653
260.585,46.893,63.163,106.653
264.895,49.214,63.163,106.653
269.205,52.198,63.163,106.653
272.852,54.518,63.163,106.653
275.836,58.828,63.163,106.653
279.483,62.475,63.163,106.653
283.793,67.448,63.163,106.653
288.103,70.432,63.163,106.653
291.749,72.753,63.163,106.653
294.733,76.400,63.163,106.653
297.717,80.046,63.163,106.653
302.027,83.030,63.163,106.653
306.337,86.677,63.163,106.653
310.647,90.324,63.163,106.653
315.620,95.297,63.163,106.653
320.593,100.933,63.163,106.653
326.892,106.569,63.163,106.653
332.528,113.531,63.163,106.653
336.838,119.830,63.163,106.653
341.147,126.792,63.163,106.653
345.457,133.091,63.163,106.653
349.767,139.390,63.163,106.653
352.751,146.353,63.163,106.653
356.398,153.978,63.163,106.653
360.045,159.614,63.163,106.653
363.029,165.250,63.163,106.653
365.349,171.549,63.163,106.653
367.007,177.848,63.163,106.653
368.665,183.484,63.163,106.653
370.322,188.457,63.163,106.653
371.317,192.104,63.163,106.653
370.322,195.751,63.163,106.653
369.991,199.398,63.163,106.653
369.290,200.823,62.624,105.742
368.304,200.494,62.624,105.742
367.318,202.138,62.624,105.742
366.332,201.152,62.624,105.742
364.688,199.508,62.624,105.742
364.359,197.865,62.624,105.742
363.373,195.564,62.624,105.742
364.359,193.263,62.624,105.742
364.688,190.962,62.624,105.742
365.674,188.004,62.624,105.742
366.660,185.045,62.624,105.742
367.646,181.430,62.624,105.742
369.947,177.814,62.624,105.742
372.248,174.198,62.624,105.742
373.234,170.583,62.624,105.742
373.563,166.310,62.624,105.742
373.234,162.036,62.624,105.742
374.220,156.449,62.624,105.742
372.577,151.518,62.624,105.742
371.591,145.930,62.624,105.742
370.605,140.342,62.624,105.742
368.961,135.412,62.624,105.742
366.660,131.139,62.624,105.742
363.045,126.865,62.624,105.742
358.114,121.935,62.624,105.742
352.526,117.004,62.624,105.742
347.596,113.389,62.624,105.742
342.665,115.032,62.624,105.742
336.420,112.731,62.624,105.742
328.860,114.375,62.624,105.742
319.985,111.416,62.624,105.742
313.082,111.088,62.624,105.742
304.865,110.759,62.624,105.742
298.619,112.403,62.624,105.742
291.717,115.361,62.624,105.742
284.814,118.319,62.624,105.742
277.911,118.648,62.624,105.742
271.008,117.004,62.624,105.742
264.763,114.703,62.624,105.742
256.546,115.032,62.624,105.742
249.643,115.361,62.624,105.742
243.397,113.717,62.624,105.742
237.810,117.333,62.624,105.742
232.482,114.512,63.172,106.667
227.508,110.202,63.172,106.667
224.524,113.849,63.172,106.667
221.540,109.538,63.172,106.667
220.545,112.523,63.172,106.667
220.877,114.844,63.172,106.667
221.208,117.165,63.172,106.667
222.866,120.149,63.172,106.667
222.534,123.796,63.172,106.667
224.856,128.107,63.172,106.667
225.850,133.080,63.172,106.667
228.834,137.391,63.172,106.667
233.145,141.701,63.172,106.667
238.119,146.675,63.172,106.667
244.419,151.649,63.172,106.667
249.392,148.664,63.172,106.667
253.703,152.975,63.172,106.667
258.676,155.959,63.172,106.667
264.313,158.943,63.172,106.667
269.287,159.938,63.172,106.667
273.597,161.596,63.172,106.667
279.234,160.601,63.172,106.667
286.197,158.943,63.172,106.667
291.019,157.457,63.725,107.601
294.511,159.386,64.282,108.542
298.034,160.641,64.845,109.492
302.459,163.023,64.845,109.492
306.013,164.288,65.412,110.450
311.163,164.632,65.412,110.450
315.626,165.662,65.412,110.450
319.403,168.065,65.412,110.450
321.120,169.782,65.412,110.450
323.523,172.185,65.412,110.450
323.866,171.155,65.412,110.450
324.210,173.558,65.412,110.450
326.613,171.842,65.412,110.450
326.270,172.872,65.412,110.450
328.673,171.842,65.412,110.450
330.390,170.812,65.412,110.450
332.793,170.468,65.412,110.450
335.196,170.125,65.412,110.450
338.286,168.408,65.412,110.450
341.376,166.692,65.412,110.450
345.153,165.662,65.412,110.450
348.930,165.318,65.412,110.450
353.393,163.602,65.412,110.450
359.917,161.885,65.412,110.450
365.067,160.168,65.412,110.450
371.590,159.138,65.412,110.450
376.053,158.108,65.412,110.450
378.457,158.452,65.412,110.450
379.487,159.482,65.412,110.450
381.890,157.765,65.412,110.450
385.667,157.422,65.412,110.450
389.443,156.392,65.412,110.450
393.220,153.988,65.412,110.450
397.683,151.585,65.412,110.450
402.147,150.555,65.412,110.450
407.297,150.212,65.412,110.450
411.760,147.808,65.412,110.450
415.537,146.778,65.412,110.450
418.627,145.062,65.412,110.450
421.717,141.972,65.412,110.450
424.807,140.255,65.412,110.450
427.210,141.285,65.412,110.450
429.614,140.255,65.412,110.450
430.644,139.225,65.412,110.450
433.047,140.942,65.412,110.450
435.450,139.912,65.412,110.450
435.107,141.628,65.412,110.450
438.884,144.032,65.412,110.450
441.974,145.062,65.412,110.450
443.690,146.092,65.412,110.450
446.094,147.122,65.412,110.450
448.497,147.465,65.412,110.450
449.527,148.495,65.412,110.450
452.151,146.622,64.854,109.507
453.424,144.764,64.300,108.572
455.112,141.727,64.300,108.572
455.449,138.014,64.300,108.572
455.787,133.627,64.300,108.572
454.774,128.564,64.300,108.572
454.437,122.152,64.300,108.572
452.749,115.739,64.300,108.572
449.712,110.677,64.300,108.572
447.349,104.939,64.300,108.572
443.637,98.527,64.300,108.572
439.249,88.740,64.300,108.572
433.512,80.302,64.300,108.572
427.099,75.915,64.300,108.572
418.662,71.527,64.300,108.572
408.199,68.490,64.300,108.572
397.737,63.427,64.300,108.572
383.899,57.015,64.300,108.572
370.062,51.952,64.300,108.572
354.875,48.915,64.300,108.572
341.037,47.227,64.300,108.572
323.805,41.563,64.863,109.522
306.442,37.818,64.863,109.522
290.441,34.754,64.863,109.522
274.439,31.690,64.863,109.522
258.438,29.988,64.863,109.522
235.628,24.200,64.863,109.522
219.627,27.945,64.863,109.522
203.625,22.157,64.863,109.522
184.220,15.689,64.863,109.522
169.580,13.987,64.863,109.522
154.941,13.646,64.863,109.522
141.663,13.987,64.863,109.522
135.195,15.689,64.863,109.522
121.236,16.710,64.863,109.522
111.363,18.412,64.863,109.522
98.085,14.667,64.863,109.522
90.255,17.732,64.863,109.522
81.744,20.796,64.863,109.522
74.594,25.221,64.863,109.522
67.445,31.009,64.863,109.522
60.295,38.159,64.863,109.522
53.827,44.627,64.863,109.522
48.720,50.415,64.863,109.522
43.613,56.203,64.863,109.522
39.187,62.671,64.863,109.522
35.442,67.778,64.863,109.522
31.016,73.566,64.863,109.522
27.952,80.715,64.863,109.522
25.569,88.545,64.863,109.522
23.186,96.376,64.863,109.522
20.803,102.164,64.863,109.522
18.420,107.951,64.863,109.522
15.356,113.058,64.863,109.522
12.291,118.165,64.863,109.522
9.227,122.591,64.863,109.522
7.525,127.017,64.863,109.522
7.185,128.719,64.863,109.522
6.465,131.511,64.309,108.587
8.153,134.549,64.309,108.587
6.465,137.587,64.309,108.587
8.828,140.625,64.309,108.587
7.140,144.338,64.309,108.587
10.378,147.765,63.760,107.660
11.382,151.447,63.760,107.660
13.056,155.797,63.760,107.660
14.729,161.487,63.760,107.660
17.287,166.844,63.216,106.741
21.117,172.155,62.676,105.830
23.420,176.432,62.676,105.830
27.039,181.366,62.676,105.830
29.342,186.301,62.676,105.830
32.303,191.235,62.676,105.830
34.605,194.854,62.676,105.830
36.250,198.473,62.676,105.830
38.553,199.460,62.676,105.830
40.198,200.447,62.676,105.830
41.843,199.460,62.676,105.830
43.488,201.763,62.676,105.830
43.159,201.434,62.676,105.830
45.462,203.079,62.676,105.830
45.133,202.092,62.676,105.830
46.777,205.052,62.676,105.830
47.106,205.381,62.676,105.830
46.777,208.342,62.676,105.830
48.422,210.645,62.676,105.830
48.093,212.948,62.676,105.830
49.738,214.593,62.676,105.830
48.093,212.948,62.676,105.830
50.396,215.909,62.676,105.830
49.409,214.922,62.676,105.830
52.370,217.882,62.676,105.830
50.067,215.580,62.676,105.830
53.028,219.198,62.676,105.830
50.067,216.238,62.676,105.830
54.344,220.514,62.676,105.830
51.383,216.896,62.676,105.830
55.660,220.514,62.676,105.830
59.279,226.107,62.676,105.830
63.718,233.298,62.141,104.927
61.435,236.886,62.141,104.927
58.154,233.418,62.685,105.845
54.171,227.897,63.233,106.771
44.709,203.276,63.787,107.705
42.365,195.575,63.787,107.705
42.700,192.562,63.787,107.705
43.704,194.236,63.787,107.705
41.361,192.562,63.787,107.705
43.035,194.236,63.787,107.705
40.691,192.562,63.787,107.705
42.365,194.236,63.787,107.705
40.691,193.901,63.787,107.705
41.695,194.905,63.787,107.705
42.030,193.901,63.787,107.705
40.356,194.905,63.787,107.705
42.030,195.240,63.787,107.705
39.687,196.245,63.787,107.705
42.030,194.571,63.787,107.705
39.687,196.245,63.787,107.705
42.030,194.571,63.787,107.705
40.356,196.245,63.787,107.705
42.030,196.579,63.787,107.705
41.026,198.253,63.787,107.705
42.030,197.249,63.787,107.705
40.356,198.923,63.787,107.705
41.361,199.258,63.787,107.705
40.356,200.932,63.787,107.705
41.107,200.118,64.345,108.648
40.769,201.131,64.345,108.648
41.782,202.144,64.345,108.648
41.444,201.131,64.345,108.648
41.782,200.118,64.345,108.648
40.769,201.131,64.345,108.648
41.526,200.309,64.908,109.598
41.591,199.481,65.476,110.557
39.873,197.762,65.476,110.557
40.904,198.793,65.476,110.557
40.560,197.762,65.476,110.557
40.216,198.106,65.476,110.557
40.560,197.075,65.476,110.557
39.529,197.418,65.476,110.557
40.560,196.387,65.476,110.557
40.216,197.418,65.476,110.557
40.560,197.075,65.476,110.557
40.216,197.418,65.476,110.557
40.560,197.075,65.476,110.557
39.529,196.731,65.476,110.557
40.560,197.075,65.476,110.557
39.529,197.418,65.476,110.557
40.560,198.450,65.476,110.557
40.216,198.106,65.476,110.557
40.560,197.762,65.476,110.557
40.216,199.481,65.476,110.557
41.247,197.762,65.476,110.557
40.904,199.481,65.476,110.557
41.247,197.762,65.476,110.557
40.904,198.793,65.476,110.557
41.247,197.762,65.476,110.557
39.529,199.481,65.476,110.557
41.247,197.075,65.476,110.557
40.904,196.731,65.476,110.557
41.935,195.013,65.476,110.557
41.591,193.294,65.476,110.557
40.560,194.325,65.476,110.557
41.591,192.607,65.476,110.557
39.873,192.263,65.476,110.557
41.591,192.607,65.476,110.557
41.247,193.638,65.476,110.557
42.278,195.356,65.476,110.557
42.622,198.450,65.476,110.557
43.653,202.917,65.476,110.557
46.059,204.636,65.476,110.557
46.402,200.855,65.476,110.557
46.059,197.075,65.476,110.557
45.715,195.356,65.476,110.557
48.808,191.576,65.476,110.557
53.276,186.421,65.476,110.557
55.682,179.891,65.476,110.557
53.276,168.550,65.476,110.557
57.056,162.021,65.476,110.557
57.400,154.116,65.476,110.557
60.493,147.586,65.476,110.557
63.586,139.682,65.476,110.557
65.992,131.090,65.476,110.557
69.772,125.248,65.476,110.557
74.240,120.780,65.476,110.557
78.707,116.313,65.476,110.557
83.862,111.845,65.476,110.557
89.705,107.377,65.476,110.557
96.234,105.659,65.476,110.557
103.452,103.253,65.476,110.557
112.731,104.972,65.476,110.557
122.010,101.191,65.476,110.557
131.289,103.597,65.476,110.557
143.317,99.129,65.476,110.557
154.658,102.222,65.476,110.557
167.374,106.690,65.476,110.557
180.090,109.783,65.476,110.557
192.805,106.003,65.476,110.557
206.209,109.096,65.476,110.557
215.488,102.566,65.476,110.557
226.141,103.597,65.476,110.557
237.482,105.315,65.476,110.557
250.198,109.783,65.476,110.557
260.852,113.563,65.476,110.557
270.818,118.031,65.476,110.557
280.097,122.499,65.476,110.557
285.940,126.966,65.476,110.557
291.095,132.121,65.476,110.557
294.875,137.276,65.476,110.557
297.968,143.119,65.476,110.557
300.374,149.648,65.476,110.557
301.405,155.491,65.476,110.557
301.061,159.271,65.476,110.557
297.968,164.426,65.476,110.557
295.563,167.519,65.476,110.557
292.470,169.238,65.476,110.557
289.377,173.018,65.476,110.557
285.596,175.424,65.476,110.557
281.816,177.829,65.476,110.557
278.723,177.486,65.476,110.557
279.066,176.455,65.476,110.557
273.911,178.173,65.476,110.557
270.818,179.204,65.476,110.557
268.413,179.548,65.476,110.557
270.131,179.891,65.476,110.557
264.976,180.235,65.476,110.557
266.007,181.266,65.476,110.557
261.539,183.672,65.476,110.557
259.821,185.390,65.476,110.557
260.852,187.796,65.476,110.557
257.759,190.201,65.476,110.557
256.728,193.294,65.476,110.557
257.072,195.700,65.476,110.557
253.979,196.731,65.476,110.557
255.264,196.868,64.917,109.614
252.549,199.663,64.363,108.678
253.563,202.027,64.363,108.678
252.849,202.821,63.813,107.750
252.514,205.165,63.813,107.750
250.169,206.840,63.813,107.750
251.174,209.855,63.813,107.750
248.505,209.988,63.268,106.830
249.099,211.416,62.728,105.918
247.453,213.720,62.728,105.918
247.782,214.708,62.728,105.918
245.802,213.554,62.193,105.014
245.475,216.492,62.193,105.014
244.785,213.437,61.662,104.118
244.101,214.829,61.136,103.229
242.797,211.826,60.614,102.348
242.124,208.848,60.096,101.474
240.227,207.127,59.583,100.608
240.176,204.200,59.075,99.749
239.520,200.089,58.570,98.897
240.443,193.633,58.570,98.897
241.365,185.947,58.570,98.897
239.213,175.187,58.570,98.897
238.291,165.657,58.570,98.897
240.443,155.512,58.570,98.897
241.365,144.752,58.570,98.897
241.058,134.607,58.570,98.897
242.595,128.151,58.570,98.897
244.747,122.925,58.570,98.897
248.128,117.699,58.570,98.897
250.895,114.932,58.570,98.897
255.506,112.165,58.570,98.897
258.888,110.013,58.570,98.897
263.499,107.861,58.570,98.897
268.726,105.095,58.570,98.897
272.722,103.557,58.570,98.897
277.334,104.480,58.570,98.897
282.560,102.328,58.570,98.897
287.786,104.480,58.570,98.897
291.782,105.402,58.570,98.897
294.549,105.095,58.570,98.897
297.316,108.476,58.570,98.897
298.238,111.858,58.570,98.897
297.316,115.854,58.570,98.897
295.164,121.695,58.570,98.897
291.442,133.552,59.083,99.763
286.790,140.685,59.083,99.763
280.898,154.020,59.083,99.763
275.236,167.251,59.600,100.636
267.415,180.703,59.600,100.636
258.969,192.903,59.600,100.636
246.768,203.852,59.600,100.636
240.825,215.427,59.600,100.636
231.265,226.850,60.121,101.516
218.958,228.428,60.121,101.516
211.700,229.375,60.121,101.516
204.442,232.215,60.121,101.516
199.077,233.793,60.121,101.516
195.606,229.691,60.121,101.516
194.028,223.695,60.121,101.516
191.820,216.437,60.121,101.516
194.660,210.441,60.121,101.516
196.014,201.911,60.647,102.404
198.242,190.769,60.647,102.404
199.834,180.901,60.647,102.404
203.335,170.396,60.647,102.404
206.659,163.749,61.178,103.300
208.907,156.363,61.178,103.300
213.724,149.620,61.178,103.300
218.540,144.161,61.178,103.300
223.357,136.133,61.178,103.300
228.816,131.959,61.178,103.300
236.844,128.427,61.178,103.300
248.725,132.601,61.178,103.300
260.606,135.491,61.178,103.300
273.771,140.308,61.178,103.300
285.010,143.198,61.178,103.300
295.607,142.235,61.178,103.300
308.772,147.693,61.178,103.300
323.865,153.795,61.178,103.300
338.957,159.896,61.178,103.300
352.122,164.070,61.178,103.300
368.499,167.602,61.178,103.300
380.380,164.070,61.178,103.300
391.619,168.887,61.178,103.300
404.142,169.850,61.178,103.300
413.455,170.813,61.178,103.300
420.840,171.777,61.178,103.300
426.941,168.245,61.178,103.300
432.400,164.712,61.178,103.300
436.575,161.822,61.178,103.300
438.180,158.290,61.178,103.300
435.932,154.116,61.178,103.300
433.042,149.941,61.178,103.300
428.868,145.125,61.178,103.300
422.767,140.308,61.178,103.300
410.886,138.060,61.178,103.300
397.782,133.988,61.713,104.204
383.205,129.129,61.713,104.204
369.277,124.270,61.713,104.204
350.165,120.059,61.713,104.204
325.871,121.679,61.713,104.204
300.036,125.539,62.253,105.116
274.644,131.443,62.798,106.036
240.035,114.632,62.798,106.036
214.654,116.940,62.798,106.036
189.274,132.432,62.798,106.036
165.212,136.057,62.798,106.036
129.944,129.135,62.798,106.036
102.978,129.009,63.347,106.964
66.736,122.692,63.347,106.964
41.799,124.354,63.347,106.964
26.836,130.007,63.347,106.964
11.209,124.354,63.347,106.964
2.896,116.042,63.347,106.964
-1.426,111.054,63.347,106.964
-4.419,106.732,63.347,106.964
-5.416,102.409,63.347,106.964
-3.089,98.087,63.347,106.964
-0.761,91.770,63.347,106.964
2.896,82.127,63.347,106.964
10.544,75.810,63.347,106.964
24.841,68.827,63.347,106.964
39.219,62.565,63.902,107.900
52.971,55.522,63.902,107.900
68.735,49.149,63.902,107.900
79.803,35.397,63.902,107.900
94.307,27.706,64.461,108.844
109.532,19.924,64.461,108.844
125.434,22.292,64.461,108.844
139.306,19.924,64.461,108.844
154.532,20.939,64.461,108.844
169.080,21.277,64.461,108.844
182.276,22.292,64.461,108.844
200.885,26.691,64.461,108.844
216.110,28.382,64.461,108.844
229.982,26.691,64.461,108.844
241.147,27.029,64.461,108.844
255.019,29.397,64.461,108.844
263.478,32.442,64.461,108.844
270.583,38.194,64.461,108.844
277.012,44.623,64.461,108.844
284.117,51.728,64.461,108.844
289.869,63.570,64.461,108.844
292.914,69.322,64.461,108.844
294.605,77.104,64.461,108.844
293.590,89.622,64.461,108.844
295.282,98.758,64.461,108.844
294.944,111.953,64.461,108.844
293.252,121.088,64.461,108.844
290.884,130.223,64.461,108.844
290.545,137.329,64.461,108.844
287.500,145.111,64.461,108.844
286.485,153.569,64.461,108.844
284.117,161.351,64.461,108.844
285.132,168.456,64.461,108.844
282.764,175.561,64.461,108.844
283.779,182.667,64.461,108.844
282.087,188.418,64.461,108.844
284.455,194.847,64.461,108.844
282.764,200.599,64.461,108.844
285.809,203.644,64.461,108.844
288.177,203.982,64.461,108.844
291.222,205.674,64.461,108.844
293.590,205.335,64.461,108.844
297.312,201.614,64.461,108.844
301.034,197.892,64.461,108.844
304.756,194.170,64.461,108.844
308.478,189.772,64.461,108.844
310.169,186.727,64.461,108.844
313.891,183.682,64.461,108.844
315.583,181.313,64.461,108.844
317.951,178.268,64.461,108.844
320.996,175.223,64.461,108.844
323.365,170.148,64.461,108.844
320.996,165.073,64.461,108.844
320.658,168.794,64.461,108.844
318.289,172.516,64.461,108.844
315.921,173.531,64.461,108.844
312.199,175.223,64.461,108.844
307.801,176.915,64.461,108.844
300.019,179.283,64.461,108.844
294.267,175.561,64.461,108.844
287.162,179.960,64.461,108.844
273.967,184.358,64.461,108.844
266.185,182.667,64.461,108.844
254.343,186.388,64.461,108.844
241.147,188.757,64.461,108.844
225.922,189.772,64.461,108.844
211.421,193.110,65.025,109.796
203.571,195.499,65.025,109.796
197.086,197.206,65.025,109.796
189.919,198.912,65.025,109.796
182.752,205.397,65.025,109.796
173.721,210.164,65.594,110.757
164.425,212.574,65.594,110.757
157.884,213.607,65.594,110.757
151.342,214.640,65.594,110.757
146.468,218.037,66.168,111.726
143.686,224.312,66.747,112.704
143.336,230.969,66.747,112.704
143.403,238.017,67.331,113.690
144.463,244.025,67.331,113.690
144.531,249.685,67.920,114.685
145.601,254.320,67.920,114.685
148.096,258.241,67.920,114.685
149.879,261.450,67.920,114.685
152.374,263.945,67.920,114.685
155.583,265.728,67.920,114.685
159.504,268.223,67.920,114.685
164.139,269.293,67.920,114.685
168.592,270.618,68.514,115.688
172.347,269.006,69.114,116.700
175.612,267.192,69.114,116.700
178.151,267.555,69.114,116.700
181.416,265.016,69.114,116.700
184.681,263.202,69.114,116.700
186.981,263.807,69.719,117.721
190.275,261.977,69.719,117.721
193.568,263.807,69.719,117.721
197.593,260.514,69.719,117.721
203.082,257.220,69.719,117.721
209.904,257.830,70.329,118.751
218.394,255.246,70.329,118.751
228.361,254.139,70.329,118.751
236.113,251.555,70.329,118.751
243.865,251.924,70.329,118.751
255.308,250.817,70.329,118.751
271.181,251.186,70.329,118.751
278.933,252.293,70.329,118.751
293.330,252.662,70.329,118.751
309.203,254.508,70.329,118.751
325.814,254.139,70.329,118.751
341.687,257.461,70.329,118.751
360.513,255.615,70.329,118.751
375.719,254.718,70.944,119.791
388.752,251.366,70.944,119.791
401.040,249.504,70.944,119.791
410.349,248.387,70.944,119.791
424.127,243.546,70.944,119.791
432.692,240.195,70.944,119.791
445.725,236.844,70.944,119.791
453.544,235.727,70.944,119.791
459.875,232.375,70.944,119.791
465.460,228.279,70.944,119.791
469.556,223.438,70.944,119.791
472.908,220.087,70.944,119.791
474.025,214.501,70.944,119.791
470.673,220.087,70.944,119.791
468.812,215.246,70.944,119.791
466.205,199.234,70.944,119.791
459.875,192.159,70.944,119.791
454.289,164.231,70.944,119.791
446.469,143.006,70.944,119.791
431.947,128.484,70.944,119.791
418.169,106.514,70.944,119.791
403.647,88.268,70.944,119.791
386.161,71.331,71.565,120.839
366.252,53.677,71.565,120.839
345.533,43.523,72.191,121.896
325.410,37.164,72.823,122.963
305.916,29.901,72.823,122.963
281.698,23.486,73.460,124.039
252.009,21.559,73.460,124.039
230.741,24.573,74.103,125.124
210.127,52.188,74.103,125.124
191.068,33.130,74.103,125.124
172.788,30.407,74.103,125.124
156.841,40.131,74.103,125.124
144.005,56.856,74.103,125.124
136.615,72.803,74.103,125.124
129.225,90.305,74.103,125.124
125.725,104.696,74.103,125.124
126.892,119.088,74.103,125.124
129.614,128.811,74.103,125.124
133.115,141.647,74.103,125.124
137.393,151.370,74.103,125.124
142.450,160.316,74.103,125.124
149.062,166.928,74.103,125.124
158.008,173.541,74.103,125.124
166.953,188.710,74.103,125.124
175.899,193.766,74.103,125.124
186.401,200.378,74.103,125.124
195.347,202.323,74.103,125.124
205.070,204.268,74.103,125.124
219.462,211.658,74.103,125.124
229.902,215.496,74.751,126.219
241.280,217.457,74.751,126.219
255.012,213.926,74.751,126.219
266.390,210.395,74.751,126.219
277.769,209.218,74.751,126.219
285.223,208.826,74.751,126.219
298.956,206.079,74.751,126.219
310.334,202.548,74.751,126.219
320.927,199.801,74.751,126.219
327.597,197.840,74.751,126.219
335.837,195.093,74.751,126.219
342.507,191.562,74.751,126.219
348.392,188.031,74.751,126.219
350.354,184.500,74.751,126.219
349.962,181.753,74.751,126.219
347.215,179.007,74.751,126.219
344.469,176.260,74.751,126.219
340.937,173.514,74.751,126.219
335.052,171.552,74.751,126.219
326.813,170.375,74.751,126.219
318.573,169.983,74.751,126.219
310.334,168.806,74.751,126.219
303.664,165.274,74.751,126.219
294.640,164.097,74.751,126.219
287.970,162.136,74.751,126.219
282.084,160.174,74.751,126.219
275.131,157.268,74.113,125.141
269.754,153.627,73.480,124.073
263.198,148.613,73.480,124.073
255.870,142.828,73.480,124.073
250.856,134.729,73.480,124.073
245.071,128.943,73.480,124.073
237.743,123.929,73.480,124.073
231.186,118.916,73.480,124.073
224.629,112.359,73.480,124.073
219.616,107.345,73.480,124.073
215.790,103.736,72.853,123.014
209.289,101.824,72.853,123.014
204.318,98.382,72.853,123.014
197.818,99.529,72.853,123.014
190.552,100.676,72.853,123.014
180.228,94.176,72.853,123.014
169.138,88.440,72.853,123.014
160.344,84.234,72.853,123.014
151.549,86.146,72.853,123.014
138.165,81.939,72.853,123.014
129.370,83.851,72.853,123.014
116.751,86.528,72.853,123.014
107.956,90.734,72.853,123.014
99.926,95.705,72.853,123.014
92.660,100.676,72.853,123.014
84.630,104.883,72.853,123.014
70.482,108.324,72.853,123.014
60.922,112.531,72.853,123.014
48.303,113.678,72.853,123.014
41.803,116.354,72.853,123.014
34.537,121.326,72.853,123.014
28.801,127.061,72.853,123.014
23.065,133.562,72.853,123.014
17.780,139.683,72.231,121.964
12.093,143.095,72.231,121.964
7.923,148.024,72.231,121.964
6.027,152.952,72.231,121.964
10.198,167.738,72.231,121.964
14.368,176.458,72.231,121.964
18.539,184.420,72.231,121.964
21.193,190.107,72.231,121.964
24.605,192.761,72.231,121.964
28.017,193.140,72.231,121.964
32.187,193.519,72.231,121.964
34.841,193.898,72.231,121.964
35.978,192.002,72.231,121.964
37.874,192.382,72.231,121.964
39.011,192.002,72.231,121.964
39.391,192.382,72.231,121.964
39.770,192.002,72.231,121.964
40.149,192.382,72.231,121.964
42.044,192.761,72.231,121.964
42.424,193.898,72.231,121.964
41.286,193.519,72.231,121.964
43.182,193.898,72.231,121.964
42.044,194.277,72.231,121.964
43.182,194.656,72.231,121.964
42.803,195.035,72.231,121.964
41.665,195.415,72.231,121.964
41.286,195.794,72.231,121.964
41.665,196.931,72.231,121.964
40.528,196.552,72.231,121.964
40.907,197.689,72.231,121.964
39.770,195.035,72.231,121.964
38.632,196.931,72.231,121.964
39.011,195.794,72.231,121.964
38.632,196.173,72.231,121.964
37.495,197.310,72.231,121.964
37.116,197.689,72.231,121.964
35.978,196.552,72.231,121.964
34.841,197.689,72.231,121.964
34.462,197.310,72.231,121.964
33.325,198.448,72.231,121.964
32.187,199.585,72.231,121.964
32.566,200.722,72.231,121.964
29.912,201.101,72.231,121.964
28.775,202.997,72.231,121.964
27.638,204.134,72.231,121.964
25.742,206.030,72.231,121.964
23.088,209.442,72.231,121.964
21.193,212.096,72.231,121.964
18.539,214.750,72.231,121.964
19.676,210.580,72.231,121.964
13.989,216.267,72.231,121.964
15.127,218.162,72.231,121.964
10.198,221.574,72.231,121.964
11.335,220.437,72.231,121.964
7.165,223.849,72.231,121.964
9.060,224.228,72.231,121.964
4.890,227.640,72.231,121.964
6.027,227.261,72.231,121.964
6.407,229.915,72.231,121.964
2.994,231.052,72.231,121.964
4.890,232.190,72.231,121.964
5.269,234.085,72.231,121.964
6.896,234.718,72.863,123.031
7.279,236.630,72.863,123.031
8.426,237.777,72.863,123.031
9.573,238.925,72.863,123.031
9.956,240.837,72.863,123.031
8.044,242.749,72.863,123.031
12.250,244.661,72.863,123.031
14.928,248.103,72.863,123.031
16.075,250.780,72.863,123.031
18.752,251.928,72.863,123.031
21.429,254.605,72.863,123.031
21.047,254.987,72.863,123.031
22.194,256.135,72.863,123.031
22.576,258.047,72.863,123.031
23.724,259.959,72.863,123.031
22.576,261.871,72.863,123.031
25.254,263.018,72.863,123.031
24.871,265.696,72.863,123.031
26.018,267.608,72.863,123.031
26.401,268.755,72.863,123.031
29.078,270.667,72.863,123.031
27.166,271.050,72.863,123.031
28.807,273.256,73.501,124.107
28.421,272.098,73.501,124.107
30.350,273.256,73.501,124.107
29.964,271.327,73.501,124.107
30.350,273.256,73.501,124.107
31.508,272.098,73.501,124.107
32.665,272.484,73.501,124.107
34.594,272.098,73.501,124.107
36.523,271.712,73.501,124.107
37.680,270.555,73.501,124.107
39.609,269.398,73.501,124.107
41.538,269.012,73.501,124.107
44.775,267.283,74.144,125.193
45.943,265.337,74.144,125.193
48.917,263.973,73.511,124.125
51.618,261.272,73.511,124.125
52.308,256.908,72.883,123.065
54.221,252.700,72.883,123.065
55.369,247.727,72.883,123.065
56.516,241.989,72.883,123.065
51.543,227.834,72.883,123.065
44.275,196.848,72.883,123.065
44.657,191.110,72.883,123.065
45.040,188.432,72.883,123.065
46.952,190.344,72.883,123.065
48.865,193.787,72.883,123.065
51.543,201.821,72.883,123.065
79.469,219.036,72.883,123.065
85.973,224.774,72.883,123.065
91.711,228.217,72.883,123.065
95.154,224.774,72.883,123.065
99.362,223.626,72.883,123.065
105.865,227.069,72.883,123.065
120.054,236.334,73.521,124.142
125.843,239.807,73.521,124.142
130.860,241.736,73.521,124.142
135.104,242.122,73.521,124.142
138.577,239.421,73.521,124.142
144.366,239.807,73.521,124.142
149.383,237.877,73.521,124.142
155.943,237.491,73.521,124.142
162.503,237.105,73.521,124.142
168.292,236.720,73.521,124.142
173.308,234.018,73.521,124.142
178.325,230.545,73.521,124.142
184.113,225.529,73.521,124.142
188.358,220.512,73.521,124.142
192.603,216.267,73.521,124.142
196.848,212.022,73.521,124.142
200.321,206.234,73.521,124.142
204.566,201.217,73.521,124.142
209.582,203.918,73.521,124.142
213.056,198.902,73.521,124.142
218.072,197.744,73.521,124.142
222.317,194.271,73.521,124.142
227.334,190.026,73.521,124.142
233.894,192.727,73.521,124.142
238.911,189.254,73.521,124.142
243.927,193.499,73.521,124.142
247.400,190.026,73.521,124.142
250.102,191.955,73.521,124.142
252.803,190.026,73.521,124.142
255.504,193.499,73.521,124.142
258.205,193.885,73.521,124.142
258.591,191.955,73.521,124.142
259.749,193.113,73.521,124.142
260.135,191.184,73.521,124.142
261.293,192.341,73.521,124.142
261.679,188.868,73.521,124.142
260.521,186.167,73.521,124.142
260.135,183.466,73.521,124.142
261.293,185.395,73.521,124.142
260.907,181.150,73.521,124.142
260.521,178.449,73.521,124.142
258.591,175.748,73.521,124.142
258.205,173.818,73.521,124.142
256.276,169.573,73.521,124.142
256.213,165.962,72.893,123.082
253.912,161.635,72.271,122.031
259.602,163.532,72.271,122.031
256.946,158.600,72.271,122.031
253.924,154.310,71.654,120.990
258.813,150.925,71.654,120.990
256.181,145.284,71.654,120.990
261.070,142.651,71.654,120.990
258.437,137.762,71.654,120.990
258.061,135.129,71.654,120.990
263.703,132.496,71.654,120.990
264.079,130.616,71.654,120.990
268.216,132.496,71.654,120.990
270.096,130.616,71.654,120.990
271.977,131.744,71.654,120.990
275.362,129.111,71.654,120.990
278.746,127.231,71.654,120.990
279.875,129.864,71.654,120.990
283.260,127.231,71.654,120.990
285.892,127.607,71.654,120.990
288.033,124.821,71.042,119.957
289.897,126.685,71.042,119.957
293.475,123.196,70.436,118.933
293.844,121.347,70.436,118.933
295.948,122.216,69.835,117.918
298.034,119.500,69.239,116.911
299.852,120.591,69.239,116.911
299.488,117.320,69.239,116.911
300.847,118.173,68.647,115.913
300.789,114.098,68.061,114.923
301.428,112.149,67.480,113.942
302.061,110.908,66.904,112.970
301.319,108.306,66.333,112.005
301.942,105.727,65.767,111.049
302.559,106.538,65.206,110.101
301.836,104.671,64.649,109.161
303.105,105.468,64.097,108.229
302.096,103.786,64.097,108.229
302.041,104.576,63.550,107.306
302.638,103.407,63.007,106.389
302.584,104.829,62.469,105.481
302.531,103.680,61.936,104.581
301.844,103.809,61.407,103.688
302.811,105.420,61.407,103.688
301.501,103.033,60.883,102.803
302.459,105.270,60.883,102.803
301.160,102.903,60.364,101.925
301.477,104.487,60.364,101.925
299.893,101.002,60.364,101.925
300.460,102.364,59.848,101.055
299.796,99.424,59.337,100.193
300.353,98.333,58.831,99.337
300.044,99.876,58.831,99.337
301.199,96.987,58.329,98.489
300.893,98.517,58.329,98.489
303.233,95.652,57.831,97.649
303.536,97.777,57.831,97.649
305.856,95.529,57.337,96.815
304.953,98.237,57.337,96.815
306.458,99.140,57.337,96.815
306.157,101.247,57.337,96.815
305.254,103.353,57.337,96.815
303.749,106.664,57.337,96.815
304.652,111.780,57.337,96.815
304.351,116.896,57.337,96.815
304.050,121.410,57.337,96.815
304.953,125.925,57.337,96.815
305.254,130.439,57.337,96.815
306.759,134.953,57.337,96.815
308.264,139.467,57.337,96.815
310.972,145.185,57.337,96.815
313.079,149.700,57.337,96.815
315.787,153.612,57.337,96.815
319.098,156.321,57.337,96.815
321.806,159.029,57.337,96.815
325.719,161.738,57.337,96.815
330.835,165.048,57.337,96.815
336.553,167.155,57.337,96.815
342.271,164.446,57.337,96.815
348.591,166.553,57.337,96.815
357.319,168.660,57.337,96.815
367.852,170.766,57.337,96.815
375.977,166.854,57.337,96.815
382.297,170.164,57.337,96.815
388.617,165.048,57.337,96.815
391.928,165.951,57.337,96.815
394.636,162.039,57.337,96.815
407.577,164.145,57.337,96.815
421.120,163.242,57.337,96.815
434.663,162.340,57.337,96.815
448.206,161.437,57.337,96.815
458.739,158.728,57.337,96.815
464.457,155.418,57.337,96.815
469.573,150.302,57.337,96.815
474.689,146.991,57.337,96.815
479.204,144.283,57.337,96.815
482.514,141.574,57.337,96.815
483.417,139.467,57.337,96.815
481.310,136.157,57.337,96.815
478.602,132.846,57.337,96.815
475.291,132.545,57.337,96.815
470.777,132.245,57.337,96.815
465.661,130.740,57.337,96.815
455.729,130.439,57.337,96.815
448.206,126.526,57.337,96.815
435.867,122.614,57.337,96.815
424.731,118.702,57.337,96.815
414.198,115.391,57.337,96.815
403.063,113.285,57.337,96.815
391.326,110.576,57.337,96.815
381.395,107.868,57.337,96.815
372.065,103.955,57.337,96.815
364.541,100.043,57.337,96.815
358.823,95.529,57.337,96.815
353.105,91.616,57.337,96.815
348.591,89.510,57.337,96.815
345.281,86.801,57.337,96.815
343.776,85.296,57.337,96.815
345.281,84.393,57.337,96.815
343.174,82.889,57.337,96.815
345.882,85.597,57.337,96.815
343.776,82.889,57.337,96.815
347.086,86.199,57.337,96.815
344.378,84.092,57.337,96.815
346.484,88.005,57.337,96.815
343.174,90.713,57.337,96.815
344.077,94.024,57.337,96.815
339.562,97.936,57.337,96.815
336.854,103.052,57.337,96.815
331.136,111.178,57.337,96.815
325.418,118.100,57.337,96.815
319.098,129.235,57.337,96.815
306.759,134.953,57.337,96.815
329.330,146.690,57.337,96.815
323.612,153.010,57.337,96.815
312.477,157.524,57.337,96.815
301.944,161.437,57.337,96.815
290.896,164.406,57.839,97.662
285.735,164.103,57.839,97.662
274.503,161.978,57.839,97.662
267.520,159.853,57.839,97.662
261.145,155.299,57.839,97.662
254.163,147.102,57.839,97.662
249.242,141.385,58.345,98.517
244.906,135.618,58.855,99.379
240.272,129.130,58.855,99.379
234.403,117.700,58.855,99.379
232.858,113.067,58.855,99.379
235.638,107.815,58.855,99.379
235.947,96.385,58.855,99.379
238.728,89.280,58.855,99.379
242.126,81.557,58.855,99.379
246.759,75.069,58.855,99.379
253.247,69.200,58.855,99.379
257.881,63.330,58.855,99.379
257.572,58.079,58.855,99.379
257.263,52.209,58.855,99.379
256.336,46.340,58.855,99.379
254.791,43.560,58.855,99.379
251.393,44.486,58.855,99.379
246.142,44.177,58.855,99.379
239.036,46.340,58.855,99.379
231.931,49.120,58.855,99.379
226.062,48.193,58.855,99.379
215.867,52.827,58.855,99.379
209.998,57.461,58.855,99.379
198.568,62.713,58.855,99.379
192.081,63.021,58.855,99.379
184.975,62.713,58.855,99.379
179.724,64.875,58.855,99.379
174.472,62.713,58.855,99.379
169.221,61.786,58.855,99.379
164.587,59.623,58.855,99.379
159.335,59.314,58.855,99.379
155.319,55.916,58.855,99.379
152.255,53.025,58.353,98.530
151.010,52.549,57.855,97.689
150.099,50.424,57.855,97.689
149.188,48.905,57.855,97.689
148.884,46.780,57.855,97.689
149.795,45.869,57.855,97.689
150.099,45.565,57.855,97.689
151.010,44.047,57.855,97.689
151.921,43.136,57.855,97.689
153.439,42.832,57.855,97.689
154.350,41.921,57.855,97.689
155.262,43.439,57.855,97.689
156.173,42.528,57.855,97.689
157.691,44.047,57.855,97.689
158.234,42.982,57.361,96.855
158.535,44.488,57.361,96.855
158.234,44.789,57.361,96.855
157.933,48.101,57.361,96.855
157.030,49.004,57.361,96.855
155.524,51.714,57.361,96.855
154.019,53.219,57.361,96.855
152.514,51.714,57.361,96.855
151.610,53.821,57.361,96.855
150.105,52.316,57.361,96.855
148.294,54.785,56.871,96.028
146.498,53.739,56.386,95.209
144.426,57.586,56.386,95.209
143.538,56.699,56.386,95.209
141.467,59.954,56.386,95.209
142.354,63.210,56.386,95.209
139.691,66.465,56.386,95.209
137.027,66.761,56.386,95.209
138.507,70.609,56.386,95.209
134.660,69.721,56.386,95.209
137.323,73.568,56.386,95.209
133.476,75.048,56.386,95.209
136.315,78.053,55.904,94.396
132.500,76.586,55.904,94.396
135.728,79.814,55.904,94.396
131.327,77.173,55.904,94.396
134.554,80.987,55.904,94.396
130.740,78.933,55.904,94.396
133.968,82.161,55.904,94.396
130.740,78.346,55.904,94.396
133.968,80.987,55.904,94.396
130.740,77.759,55.904,94.396
133.968,80.400,55.904,94.396
131.327,76.586,55.904,94.396
133.968,78.640,55.904,94.396
131.914,75.412,55.904,94.396
134.554,76.879,55.904,94.396
134.261,74.238,55.904,94.396
133.381,71.597,55.904,94.396
136.608,73.065,55.904,94.396
136.315,71.011,55.904,94.396
138.369,71.891,55.904,94.396
140.423,71.011,55.904,94.396
139.543,71.891,55.904,94.396
141.010,71.011,55.904,94.396
143.064,72.478,55.904,94.396
143.944,69.837,55.904,94.396
145.998,70.717,55.904,94.396
148.052,70.424,55.904,94.396
150.693,69.543,55.904,94.396
152.747,68.663,55.904,94.396
154.214,68.370,55.904,94.396
157.442,68.076,55.904,94.396
160.083,66.022,55.904,94.396
162.724,64.555,55.904,94.396
164.778,63.088,55.904,94.396
167.419,61.621,55.904,94.396
170.060,59.567,55.904,94.396
172.701,59.860,55.904,94.396
174.755,58.980,55.904,94.396
175.635,58.686,55.904,94.396
177.689,57.219,55.904,94.396
179.743,55.752,55.904,94.396
180.623,54.285,55.904,94.396
182.677,54.578,55.904,94.396
181.797,52.524,55.904,94.396
184.438,53.992,55.904,94.396
183.818,51.818,55.427,93.590
185.854,53.273,55.427,93.590
186.145,51.236,55.427,93.590
186.436,50.945,55.427,93.590
187.309,49.491,55.427,93.590
187.018,50.945,55.427,93.590
187.309,49.491,55.427,93.590
189.345,49.200,55.427,93.590
189.636,47.163,55.427,93.590
191.673,46.872,55.427,93.590
191.382,45.418,55.427,93.590
194.582,45.709,55.427,93.590
196.036,44.836,55.427,93.590
197.491,43.963,55.427,93.590
199.528,43.090,55.427,93.590
201.564,43.381,55.427,93.590
203.601,45.418,55.427,93.590
205.637,48.036,55.427,93.590
206.510,48.909,55.427,93.590
208.546,49.782,55.427,93.590
211.165,51.818,55.427,93.590
209.710,51.527,55.427,93.590
213.492,53.564,55.427,93.590
213.548,54.049,55.912,94.409
215.409,55.140,56.401,95.235
215.113,53.067,56.401,95.235
216.593,53.956,56.401,95.235
217.481,52.475,56.401,95.235
217.777,51.587,56.401,95.235
219.849,53.067,56.401,95.235
217.777,53.956,56.401,95.235
220.441,53.660,56.401,95.235
218.369,53.363,56.401,95.235
219.849,53.660,56.401,95.235
218.369,52.771,56.401,95.235
219.849,51.883,56.401,95.235
217.777,52.771,56.401,95.235
219.849,53.067,56.401,95.235
217.185,53.956,56.401,95.235
217.481,54.844,56.401,95.235
216.001,55.732,56.401,95.235
214.521,53.660,56.401,95.235
214.225,55.140,56.401,95.235
212.152,55.436,56.401,95.235
210.672,53.956,56.401,95.235
211.560,54.252,56.401,95.235
209.488,53.363,56.401,95.235
210.376,53.660,56.401,95.235
209.488,52.179,56.401,95.235
209.784,52.475,56.401,95.235
209.488,51.587,56.401,95.235
210.968,51.883,56.401,95.235
210.080,51.587,56.401,95.235
211.560,52.475,56.401,95.235
212.090,52.593,55.920,94.422
213.188,51.564,55.443,93.616
214.844,49.409,54.969,92.817
216.082,48.707,55.450,93.629
218.119,46.670,55.450,93.629
218.410,45.796,55.450,93.629
219.866,44.923,55.450,93.629
220.518,46.602,55.935,94.448
220.812,45.721,55.935,94.448
222.279,44.840,55.935,94.448
223.747,46.896,55.935,94.448
225.215,45.428,55.935,94.448
224.922,45.134,55.935,94.448
226.977,44.253,55.935,94.448
227.858,42.785,55.935,94.448
229.913,42.492,55.935,94.448
231.381,42.785,55.935,94.448
233.845,42.071,56.425,95.275
234.141,41.183,56.425,95.275
236.214,41.479,56.425,95.275
237.695,42.960,56.425,95.275
240.360,46.217,56.425,95.275
242.845,49.747,56.919,96.108
245.352,53.307,57.417,96.949
249.873,54.211,57.417,96.949
253.188,56.321,57.417,96.949
257.106,57.828,57.417,96.949
261.024,60.540,57.417,96.949
264.941,63.252,57.417,96.949
269.462,66.567,57.417,96.949
274.585,71.088,57.417,96.949
280.311,76.211,57.417,96.949
287.243,80.732,57.417,96.949
294.174,84.650,57.417,96.949
299.297,88.567,57.417,96.949
304.421,93.691,57.417,96.949
310.147,100.622,57.417,96.949
316.475,107.554,57.417,96.949
320.996,114.485,57.417,96.949
325.516,120.814,57.417,96.949
329.434,127.745,57.417,96.949
332.749,133.471,57.417,96.949
331.845,136.786,57.417,96.949
336.366,140.704,57.417,96.949
335.462,144.622,57.417,96.949
338.174,147.937,57.417,96.949
336.064,151.252,57.417,96.949
334.557,153.964,57.417,96.949
334.256,156.677,57.417,96.949
333.031,159.737,56.926,96.122
331.537,163.023,56.926,96.122
329.740,166.640,56.440,95.301
328.851,169.899,56.440,95.301
326.777,174.343,56.440,95.301
325.296,178.786,56.440,95.301
325.000,183.230,56.440,95.301
323.518,187.674,56.440,95.301
325.000,192.117,56.440,95.301
322.926,196.561,56.440,95.301
324.407,193.302,56.440,95.301
325.888,197.153,56.440,95.301
326.777,201.005,56.440,95.301
329.443,204.263,56.440,95.301
330.924,207.522,56.440,95.301
332.998,210.188,56.440,95.301
335.072,212.262,56.440,95.301
337.738,213.151,56.440,95.301
339.812,214.632,56.440,95.301
342.478,216.113,56.440,95.301
344.552,217.594,56.440,95.301
346.033,216.113,56.440,95.301
348.107,219.372,56.440,95.301
348.403,219.668,56.440,95.301
349.884,218.187,56.440,95.301
350.773,219.668,56.440,95.301
349.569,218.052,55.959,94.488
352.212,221.870,55.959,94.488
349.569,219.814,55.959,94.488
349.862,221.283,55.959,94.488
347.219,219.814,55.959,94.488
347.513,221.870,55.959,94.488
344.869,221.576,55.959,94.488
