256.000,152.000,73.000,210.000
255.959,154.122,73.000,210.000
255.419,153.581,73.000,210.000
255.959,154.122,73.000,210.000
255.419,153.581,73.000,210.000
255.959,154.122,73.000,210.000
255.419,153.581,73.000,210.000
255.959,154.122,73.000,210.000
255.419,154.662,73.000,210.000
254.878,154.122,73.000,210.000
255.419,154.662,73.000,210.000
254.878,154.122,73.000,210.000
255.419,154.662,73.000,210.000
254.878,154.122,73.000,210.000
255.419,154.662,73.000,210.000
254.878,154.122,73.000,210.000
255.419,154.662,73.000,210.000
254.878,154.122,73.000,210.000
255.419,154.662,73.000,210.000
254.878,154.122,73.000,210.000
255.419,154.662,73.000,210.000
254.878,154.122,73.000,210.000
255.419,154.662,73.000,210.000
254.878,154.122,73.000,210.000
255.419,154.662,73.000,210.000
254.878,154.122,73.000,210.000
255.419,154.662,73.000,210.000
254.878,154.122,73.000,210.000
255.419,154.662,73.000,210.000
254.878,154.122,73.000,210.000
255.419,154.662,73.000,210.000
254.878,154.122,73.000,210.000
255.419,154.662,73.000,210.000
254.878,154.122,73.000,210.000
255.419,154.662,73.000,210.000
254.878,154.122,73.000,210.000
255.419,154.662,73.000,210.000
254.878,154.122,73.000,210.000
254.338,154.662,73.000,210.000
254.878,154.122,73.000,210.000
254.338,154.662,73.000,210.000
254.878,154.122,73.000,210.000
254.338,154.662,73.000,210.000
254.878,154.122,73.000,210.000
254.338,154.662,73.000,210.000
254.878,154.122,73.000,210.000
254.338,154.662,73.000,210.000
254.878,154.122,73.000,210.000
255.419,154.662,73.000,210.000
254.878,154.122,73.000,210.000
254.338,153.581,73.000,210.000
254.878,154.122,73.000,210.000
254.338,153.581,73.000,210.000
254.878,154.122,73.000,210.000
254.338,153.581,73.000,210.000
254.878,154.122,73.000,210.000
255.419,154.662,73.000,210.000
254.878,154.122,73.000,210.000
254.338,153.581,73.000,210.000
254.878,154.122,73.000,210.000
255.419,154.662,73.000,210.000
254.878,154.122,73.000,210.000
254.338,153.581,73.000,210.000
254.878,154.122,73.000,210.000
255.419,154.662,73.000,210.000
254.878,154.122,73.000,210.000
255.419,154.662,73.000,210.000
254.878,154.122,73.000,210.000
255.419,154.662,73.000,210.000
254.878,154.122,73.000,210.000
254.338,153.581,73.000,210.000
254.878,154.122,73.000,210.000
255.419,154.662,73.000,210.000
254.878,154.122,73.000,210.000
255.419,153.581,73.000,210.000
254.878,153.041,73.000,210.000
255.419,154.662,73.000,210.000
254.878,154.122,73.000,210.000
254.338,153.581,73.000,210.000
254.878,154.122,73.000,210.000
254.338,153.581,73.000,210.000
254.878,155.203,73.000,210.000
254.338,154.662,73.000,210.000
254.878,154.122,73.000,210.000
255.419,154.662,73.000,210.000
254.878,154.122,73.000,210.000
255.419,154.662,73.000,210.000
254.878,154.122,73.000,210.000
255.419,154.662,73.000,210.000
254.878,154.122,73.000,210.000
255.419,154.662,73.000,210.000
254.878,154.122,73.000,210.000
255.419,153.581,73.000,210.000
254.878,154.122,73.000,210.000
255.419,154.662,73.000,210.000
254.878,154.122,73.000,210.000
254.338,154.662,73.000,210.000
254.878,154.122,73.000,210.000
254.338,154.662,73.000,210.000
254.878,154.122,73.000,210.000
254.338,154.662,73.000,210.000
254.878,154.122,73.000,210.000
254.338,154.662,73.000,210.000
254.878,154.122,73.000,210.000
254.338,153.581,73.000,210.000
254.878,154.122,73.000,210.000
254.338,153.581,73.000,210.000
255.959,154.122,73.000,210.000
256.500,152.500,73.000,210.000
257.041,153.041,73.000,210.000
256.500,152.500,73.000,210.000
257.041,153.041,73.000,210.000
256.500,151.419,73.000,210.000
257.041,153.041,73.000,210.000
256.500,151.419,73.000,210.000
257.041,153.041,73.000,210.000
257.581,152.500,73.000,210.000
258.122,151.959,73.000,210.000
257.581,152.500,73.000,210.000
258.122,151.959,73.000,210.000
257.581,152.500,73.000,210.000
258.122,151.959,73.000,210.000
257.581,152.500,73.000,210.000
257.041,151.959,73.000,210.000
257.879,154.438,72.377,208.207
257.344,153.902,72.377,208.207
257.879,154.438,72.377,208.207
257.344,153.902,72.377,208.207
258.951,155.510,72.377,208.207
258.415,153.902,72.377,208.207
258.951,155.510,72.377,208.207
258.415,153.902,72.377,208.207
258.951,154.438,72.377,208.207
258.415,153.902,72.377,208.207
258.951,154.438,72.377,208.207
258.415,154.974,72.377,208.207
258.951,154.438,72.377,208.207
258.415,154.974,72.377,208.207
257.879,153.366,72.377,208.207
258.415,154.974,72.377,208.207
258.951,154.438,72.377,208.207
258.415,153.902,72.377,208.207
258.951,154.438,72.377,208.207
258.415,154.974,72.377,208.207
258.951,154.438,72.377,208.207
258.415,154.974,72.377,208.207
258.951,154.438,72.377,208.207
258.415,154.974,72.377,208.207
258.951,154.438,72.377,208.207
258.415,154.974,72.377,208.207
258.951,154.438,72.377,208.207
258.415,154.974,72.377,208.207
258.951,154.438,72.377,208.207
258.415,154.974,72.377,208.207
258.951,154.438,72.377,208.207
258.415,154.974,72.377,208.207
258.951,154.438,72.377,208.207
258.415,154.974,72.377,208.207
258.951,154.438,72.377,208.207
258.415,154.974,72.377,208.207
258.951,154.438,72.377,208.207
258.415,154.974,72.377,208.207
258.951,154.438,72.377,208.207
258.415,154.974,72.377,208.207
258.951,154.438,72.377,208.207
258.415,154.974,72.377,208.207
258.951,154.438,72.377,208.207
258.415,154.974,72.377,208.207
258.951,154.438,72.377,208.207
258.415,154.974,72.377,208.207
258.951,154.438,72.377,208.207
258.415,154.974,72.377,208.207
258.951,154.438,72.377,208.207
258.415,153.902,72.377,208.207
258.951,154.438,72.377,208.207
258.415,153.902,72.377,208.207
258.951,154.438,72.377,208.207
258.415,153.902,72.377,208.207
257.879,154.438,72.377,208.207
258.415,153.902,72.377,208.207
258.951,154.438,72.377,208.207
258.415,153.902,72.377,208.207
257.879,154.438,72.377,208.207
258.415,153.902,72.377,208.207
257.879,154.438,72.377,208.207
258.415,153.902,72.377,208.207
258.951,154.438,72.377,208.207
258.415,154.974,72.377,208.207
258.951,154.438,72.377,208.207
258.415,154.974,72.377,208.207
258.951,154.438,72.377,208.207
258.415,154.974,72.377,208.207
258.951,154.438,72.377,208.207
258.415,154.974,72.377,208.207
258.951,154.438,72.377,208.207
258.415,154.974,72.377,208.207
258.951,154.438,72.377,208.207
258.415,154.974,72.377,208.207
257.879,154.438,72.377,208.207
257.344,153.902,72.377,208.207
257.879,154.438,72.377,208.207
258.415,153.902,72.377,208.207
257.879,154.438,72.377,208.207
258.415,153.902,72.377,208.207
257.879,154.438,72.377,208.207
257.344,153.902,72.377,208.207
257.879,153.366,72.377,208.207
257.344,152.830,72.377,208.207
256.808,154.438,72.377,208.207
257.344,153.902,72.377,208.207
256.808,153.366,72.377,208.207
257.639,156.869,71.759,206.430
257.108,154.212,71.759,206.430
258.702,155.806,71.759,206.430
259.233,154.212,71.759,206.430
258.702,155.806,71.759,206.430
259.233,154.212,71.759,206.430
258.702,155.806,71.759,206.430
259.233,154.212,71.759,206.430
259.765,155.806,71.759,206.430
259.233,154.212,71.759,206.430
257.639,156.869,71.759,206.430
256.045,155.275,71.759,206.430
257.907,159.785,71.146,204.668
255.273,155.043,71.146,204.668
256.090,157.459,70.539,202.921
255.568,154.847,70.539,202.921
255.046,156.414,70.539,202.921
254.837,157.790,69.937,201.188
255.355,157.272,69.937,201.188
254.837,157.790,69.937,201.188
255.355,158.308,69.937,201.188
255.873,157.790,69.937,201.188
255.355,157.272,69.937,201.188
255.873,158.826,69.937,201.188
255.355,157.272,69.937,201.188
254.837,157.790,69.937,201.188
255.355,157.272,69.937,201.188
255.873,157.790,69.937,201.188
256.391,157.272,69.937,201.188
255.873,158.826,69.937,201.188
256.391,157.272,69.937,201.188
255.873,158.826,69.937,201.188
255.355,157.272,69.937,201.188
255.873,158.826,69.937,201.188
255.355,157.272,69.937,201.188
255.873,158.826,69.937,201.188
256.391,157.272,69.937,201.188
255.873,158.826,69.937,201.188
256.391,157.272,69.937,201.188
256.909,158.826,69.937,201.188
256.391,157.272,69.937,201.188
256.909,158.826,69.937,201.188
256.391,157.272,69.937,201.188
256.909,158.826,69.937,201.188
256.391,157.272,69.937,201.188
255.873,158.826,69.937,201.188
256.391,157.272,69.937,201.188
255.873,158.826,69.937,201.188
256.391,157.272,69.937,201.188
256.909,158.826,69.937,201.188
256.391,157.272,69.937,201.188
255.873,158.826,69.937,201.188
256.391,157.272,69.937,201.188
256.909,158.826,69.937,201.188
256.391,157.272,69.937,201.188
255.873,158.826,69.937,201.188
256.391,157.272,69.937,201.188
255.873,158.826,69.937,201.188
256.391,157.272,69.937,201.188
256.909,158.826,69.937,201.188
256.391,157.272,69.937,201.188
256.909,158.826,69.937,201.188
256.391,157.272,69.937,201.188
256.909,158.826,69.937,201.188
256.391,157.272,69.937,201.188
255.873,158.826,69.937,201.188
255.355,157.272,69.937,201.188
255.873,157.790,69.937,201.188
255.355,156.236,69.937,201.188
254.837,156.754,69.937,201.188
255.355,156.236,69.937,201.188
255.873,155.719,69.937,201.188
256.391,155.201,69.937,201.188
256.909,156.754,69.937,201.188
257.427,157.272,69.937,201.188
257.944,158.826,69.937,201.188
142.466,168.665,69.937,201.188
141.948,171.254,69.937,201.188
140.395,169.700,69.937,201.188
140.912,170.218,69.937,201.188
141.430,170.736,69.937,201.188
140.912,170.218,69.937,201.188
141.430,170.736,69.937,201.188
140.912,169.182,69.937,201.188
141.430,170.736,69.937,201.188
140.912,170.218,69.937,201.188
141.430,170.736,69.937,201.188
140.912,170.218,69.937,201.188
141.430,170.736,69.937,201.188
140.912,170.218,69.937,201.188
141.430,170.736,69.937,201.188
140.912,170.218,69.937,201.188
141.430,170.736,69.937,201.188
140.912,170.218,69.937,201.188
141.430,170.736,69.937,201.188
140.912,170.218,69.937,201.188
141.430,170.736,69.937,201.188
140.912,170.218,69.937,201.188
141.430,170.736,69.937,201.188
140.912,170.218,69.937,201.188
141.430,170.736,69.937,201.188
140.912,169.182,69.937,201.188
141.430,170.736,69.937,201.188
140.912,169.182,69.937,201.188
141.430,170.736,69.937,201.188
140.912,169.182,69.937,201.188
141.430,170.736,69.937,201.188
140.912,169.182,69.937,201.188
141.430,170.736,69.937,201.188
140.912,169.182,69.937,201.188
142.466,170.736,69.937,201.188
141.948,170.218,69.937,201.188
141.430,170.736,69.937,201.188
141.948,169.182,69.937,201.188
142.466,171.772,69.937,201.188
142.984,170.218,69.937,201.188
142.466,171.772,69.937,201.188
142.984,170.218,69.937,201.188
143.502,172.807,69.937,201.188
141.948,169.182,69.937,201.188
143.502,172.807,69.937,201.188
141.948,170.218,69.937,201.188
142.466,172.807,69.937,201.188
141.948,170.218,69.937,201.188
141.430,172.807,69.937,201.188
141.948,170.218,69.937,201.188
141.430,173.843,69.937,201.188
140.912,170.218,69.937,201.188
142.466,173.843,69.937,201.188
140.912,171.254,69.937,201.188
142.466,173.843,69.937,201.188
141.948,171.254,69.937,201.188
142.466,173.843,69.937,201.188
141.948,171.254,69.937,201.188
142.466,172.807,69.937,201.188
141.948,170.218,69.937,201.188
142.466,172.807,69.937,201.188
141.948,170.218,69.937,201.188
142.466,172.807,69.937,201.188
141.948,169.182,69.937,201.188
142.466,171.772,69.937,201.188
141.948,169.182,69.937,201.188
142.466,170.736,69.937,201.188
141.948,169.182,69.937,201.188
142.466,170.736,69.937,201.188
141.948,169.182,69.937,201.188
142.466,171.772,69.937,201.188
141.948,169.182,69.937,201.188
142.466,171.772,69.937,201.188
140.912,170.218,69.937,201.188
142.466,171.772,69.937,201.188
140.912,170.218,69.937,201.188
142.466,170.736,69.937,201.188
140.912,170.218,69.937,201.188
142.466,170.736,69.937,201.188
141.948,169.182,69.937,201.188
142.466,170.736,69.937,201.188
140.912,169.182,69.937,201.188
142.466,170.736,69.937,201.188
140.912,169.182,69.937,201.188
142.466,170.736,69.937,201.188
140.912,170.218,69.937,201.188
141.430,171.772,69.937,201.188
140.912,170.218,69.937,201.188
141.430,171.772,69.937,201.188
140.912,170.218,69.937,201.188
141.430,171.772,69.937,201.188
140.912,170.218,69.937,201.188
142.466,171.772,69.937,201.188
141.948,170.218,69.937,201.188
141.430,171.772,69.937,201.188
141.948,170.218,69.937,201.188
141.430,171.772,69.937,201.188
141.948,169.182,69.937,201.188
141.430,171.772,69.937,201.188
141.948,169.182,69.937,201.188
141.430,170.736,69.937,201.188
141.948,169.182,69.937,201.188
141.430,171.772,69.937,201.188
141.948,169.182,69.937,201.188
141.430,171.772,69.937,201.188
141.948,169.182,69.937,201.188
141.430,171.772,69.937,201.188
141.948,169.182,69.937,201.188
141.430,171.772,69.937,201.188
141.948,169.182,69.937,201.188
142.466,171.772,69.937,201.188
141.948,169.182,69.937,201.188
142.466,171.772,69.937,201.188
142.984,170.218,69.937,201.188
142.466,172.807,69.937,201.188
144.019,171.254,69.937,201.188
144.537,172.807,69.937,201.188
145.055,170.218,69.937,201.188
145.573,171.772,69.937,201.188
147.127,170.218,69.937,201.188
147.644,171.772,69.937,201.188
148.162,170.218,69.937,201.188
147.644,171.772,69.937,201.188
149.198,170.218,69.937,201.188
147.644,170.736,69.937,201.188
149.198,171.254,69.937,201.188
141.430,172.807,69.937,201.188
139.877,171.254,69.937,201.188
137.288,171.772,69.937,201.188
141.948,171.254,69.937,201.188
146.609,172.807,69.937,201.188
141.948,170.218,69.937,201.188
146.609,173.843,69.937,201.188
142.984,172.289,69.937,201.188
123.039,168.755,70.549,202.949
121.124,165.190,71.166,204.725
127.834,162.674,71.789,206.516
134.603,157.957,72.417,208.323
140.332,154.297,73.051,210.146
148.328,151.715,73.690,211.984
155.276,156.939,74.335,213.839
157.772,154.311,74.985,215.710
160.290,153.937,75.641,217.598
155.940,155.855,76.303,219.502
144.075,159.810,76.303,219.502
138.991,156.985,76.303,219.502
133.906,156.420,76.303,219.502
132.211,158.115,76.303,219.502
131.646,155.290,76.303,219.502
133.341,159.245,76.303,219.502
136.423,158.528,75.652,217.628
136.983,159.088,75.652,217.628
136.423,158.528,75.652,217.628
138.103,159.088,75.652,217.628
137.543,158.528,75.652,217.628
138.103,159.088,75.652,217.628
138.972,161.657,75.006,215.770
139.834,162.036,74.366,213.928
139.615,164.561,73.731,212.102
139.397,164.933,73.101,210.291
139.938,163.309,73.101,210.291
140.479,164.933,73.101,210.291
139.938,163.309,73.101,210.291
140.778,167.904,72.477,208.496
141.315,165.220,72.477,208.496
141.101,168.728,71.859,206.716
141.633,166.068,71.859,206.716
142.165,168.728,71.859,206.716
141.633,166.068,71.859,206.716
142.165,168.728,71.859,206.716
141.633,166.068,71.859,206.716
142.165,168.728,71.859,206.716
141.633,166.068,71.859,206.716
142.165,168.728,71.859,206.716
141.633,167.132,71.859,206.716
142.165,167.664,71.859,206.716
141.633,166.068,71.859,206.716
142.165,167.664,71.859,206.716
141.633,166.068,71.859,206.716
142.165,167.664,71.859,206.716
141.633,166.068,71.859,206.716
141.101,167.664,71.859,206.716
141.633,167.132,71.859,206.716
141.101,167.664,71.859,206.716
141.633,167.132,71.859,206.716
142.165,168.728,71.859,206.716
141.633,167.132,71.859,206.716
142.165,168.728,71.859,206.716
141.633,167.132,71.859,206.716
142.165,168.728,71.859,206.716
141.633,168.196,71.859,206.716
142.165,168.728,71.859,206.716
143.761,168.196,71.859,206.716
144.587,170.636,71.245,204.952
145.405,169.966,70.637,203.202
145.197,172.365,70.034,201.468
145.715,170.809,70.034,201.468
143.122,170.290,70.034,201.468
142.604,171.846,70.034,201.468
140.011,169.253,70.034,201.468
139.493,171.846,70.034,201.468
136.900,171.327,70.034,201.468
135.344,172.883,70.034,201.468
133.788,170.290,70.034,201.468
134.307,170.809,70.034,201.468
134.825,170.290,70.034,201.468
135.344,171.846,70.034,201.468
135.569,168.307,70.647,203.230
138.185,167.784,70.647,203.230
141.846,163.076,70.647,203.230
146.554,160.460,70.647,203.230
153.354,157.845,70.647,203.230
161.201,154.183,70.647,203.230
168.001,152.614,70.647,203.230
181.079,155.230,70.647,203.230
208.114,151.659,71.265,205.009
222.362,149.021,71.265,205.009
230.277,145.327,71.265,205.009
241.392,146.717,70.657,203.259
251.391,147.074,70.053,201.523
247.136,151.477,69.455,199.803
247.650,149.934,69.455,199.803
253.307,149.420,69.455,199.803
254.850,149.934,69.455,199.803
251.250,148.391,69.455,199.803
250.736,151.991,69.455,199.803
250.221,149.420,69.455,199.803
252.023,152.781,68.862,198.098
250.493,151.252,68.862,198.098
249.983,150.742,68.862,198.098
249.474,151.252,68.862,198.098
249.983,150.742,68.862,198.098
249.474,151.252,68.862,198.098
249.983,149.722,68.862,198.098
249.474,151.252,68.862,198.098
248.964,149.722,68.862,198.098
249.474,151.252,68.862,198.098
248.964,149.722,68.862,198.098
249.474,151.252,68.862,198.098
248.964,149.722,68.862,198.098
249.474,151.252,68.862,198.098
248.964,149.722,68.862,198.098
249.474,151.252,68.862,198.098
248.964,149.722,68.862,198.098
250.493,151.252,68.862,198.098
248.964,149.722,68.862,198.098
249.474,151.252,68.862,198.098
248.964,149.722,68.862,198.098
249.474,151.252,68.862,198.098
248.964,149.722,68.862,198.098
250.493,152.271,68.862,198.098
249.983,150.742,68.862,198.098
249.474,151.252,68.862,198.098
249.983,149.722,68.862,198.098
250.493,152.271,68.862,198.098
249.983,150.742,68.862,198.098
249.474,152.271,68.862,198.098
249.983,150.742,68.862,198.098
249.474,151.252,68.862,198.098
249.983,149.722,68.862,198.098
250.493,152.271,68.862,198.098
249.983,149.722,68.862,198.098
250.493,151.252,68.862,198.098
249.983,149.722,68.862,198.098
250.493,151.252,68.862,198.098
249.983,149.722,68.862,198.098
249.474,151.252,68.862,198.098
248.964,149.722,68.862,198.098
249.474,151.252,68.862,198.098
248.964,149.722,68.862,198.098
249.474,151.252,68.862,198.098
249.983,149.722,68.862,198.098
249.474,151.252,68.862,198.098
248.964,149.722,68.862,198.098
249.474,151.252,68.862,198.098
248.964,151.762,68.862,198.098
249.474,150.232,68.862,198.098
249.983,150.742,68.862,198.098
249.474,151.252,68.862,198.098
248.964,149.722,68.862,198.098
250.493,151.252,68.862,198.098
248.964,149.722,68.862,198.098
250.493,151.252,68.862,198.098
249.983,149.722,68.862,198.098
249.474,151.252,68.862,198.098
248.964,149.722,68.862,198.098
249.474,151.252,68.862,198.098
248.964,149.722,68.862,198.098
249.474,151.252,68.862,198.098
248.964,149.722,68.862,198.098
249.474,151.252,68.862,198.098
248.964,149.722,68.862,198.098
249.474,151.252,68.862,198.098
249.983,148.702,68.862,198.098
250.493,151.252,68.862,198.098
249.983,148.702,68.862,198.098
250.493,151.252,68.862,198.098
249.983,148.702,68.862,198.098
250.493,151.252,68.862,198.098
249.983,149.722,68.862,198.098
250.493,152.271,68.862,198.098
248.964,149.722,68.862,198.098
249.474,152.271,68.862,198.098
248.964,149.722,68.862,198.098
249.474,152.271,68.862,198.098
248.964,150.742,68.862,198.098
249.474,151.252,68.862,198.098
248.964,149.722,68.862,198.098
249.474,152.271,68.862,198.098
248.964,150.742,68.862,198.098
249.474,152.271,68.862,198.098
248.964,149.722,68.862,198.098
249.474,151.252,68.862,198.098
248.964,149.722,68.862,198.098
250.493,152.271,68.862,198.098
247.944,150.742,68.862,198.098
245.394,153.291,68.862,198.098
250.165,158.614,68.275,196.406
246.627,163.164,68.275,196.406
254.316,162.522,67.692,194.730
254.817,156.006,67.692,194.730
254.316,155.505,67.692,194.730
254.116,156.825,67.114,193.067
253.918,157.165,66.541,191.419
253.425,156.672,66.541,191.419
252.932,158.150,66.541,191.419
252.440,156.672,66.541,191.419
251.947,157.165,66.541,191.419
251.454,155.687,66.541,191.419
251.947,156.179,66.541,191.419
251.454,156.672,66.541,191.419
253.180,157.008,65.973,189.785
252.032,160.201,65.410,188.165
254.674,158.642,64.851,186.559
252.608,160.844,64.298,184.966
255.205,161.169,63.749,183.387
254.096,163.333,63.205,181.822
255.735,163.652,62.665,180.270
255.550,166.685,62.130,178.731
256.264,166.102,61.600,177.205
255.808,165.646,61.600,177.205
256.516,168.627,61.074,175.692
256.968,166.366,61.074,175.692
256.788,169.322,60.553,174.192
258.133,168.873,60.553,174.192
257.079,170.929,60.036,172.705
257.523,171.373,60.036,172.705
257.079,169.151,60.036,172.705
257.523,169.595,60.036,172.705
257.079,169.151,60.036,172.705
257.523,168.706,60.036,172.705
257.968,170.929,60.036,172.705
257.523,168.706,60.036,172.705
257.079,169.151,60.036,172.705
257.523,168.706,60.036,172.705
257.079,170.040,60.036,172.705
257.523,168.706,60.036,172.705
257.079,170.040,60.036,172.705
257.523,168.706,60.036,172.705
257.079,170.040,60.036,172.705
257.523,168.706,60.036,172.705
257.079,170.040,60.036,172.705
257.523,168.706,60.036,172.705
257.079,170.040,60.036,172.705
257.523,168.706,60.036,172.705
257.079,170.040,60.036,172.705
257.523,168.706,60.036,172.705
257.079,170.040,60.036,172.705
257.523,168.706,60.036,172.705
257.079,170.040,60.036,172.705
257.523,169.595,60.036,172.705
257.079,169.151,60.036,172.705
257.523,168.706,60.036,172.705
257.968,170.040,60.036,172.705
257.523,168.706,60.036,172.705
257.079,170.040,60.036,172.705
257.523,169.595,60.036,172.705
257.079,170.040,60.036,172.705
257.523,169.595,60.036,172.705
257.079,170.040,60.036,172.705
257.523,168.706,60.036,172.705
257.079,170.040,60.036,172.705
257.523,169.595,60.036,172.705
257.079,169.151,60.036,172.705
257.523,169.595,60.036,172.705
257.079,169.151,60.036,172.705
257.523,168.706,60.036,172.705
257.079,169.151,60.036,172.705
257.523,168.706,60.036,172.705
257.968,169.151,60.036,172.705
257.523,168.706,60.036,172.705
257.079,170.040,60.036,172.705
257.523,168.706,60.036,172.705
257.079,169.151,60.036,172.705
257.523,168.706,60.036,172.705
257.968,169.151,60.036,172.705
257.523,168.706,60.036,172.705
257.079,170.040,60.036,172.705
257.523,168.706,60.036,172.705
257.079,170.040,60.036,172.705
257.523,168.706,60.036,172.705
257.968,170.040,60.036,172.705
257.523,168.706,60.036,172.705
257.079,170.040,60.036,172.705
257.523,168.706,60.036,172.705
257.079,170.040,60.036,172.705
257.523,168.706,60.036,172.705
257.079,170.040,60.036,172.705
257.523,168.706,60.036,172.705
257.079,170.040,60.036,172.705
257.523,168.706,60.036,172.705
257.079,169.151,60.036,172.705
257.523,168.706,60.036,172.705
257.968,170.040,60.036,172.705
257.523,168.706,60.036,172.705
257.079,170.040,60.036,172.705
257.523,168.706,60.036,172.705
257.079,170.040,60.036,172.705
257.523,168.706,60.036,172.705
257.079,170.040,60.036,172.705
257.523,168.706,60.036,172.705
257.079,170.040,60.036,172.705
257.523,168.706,60.036,172.705
257.079,170.040,60.036,172.705
257.523,168.706,60.036,172.705
257.079,170.929,60.036,172.705
257.523,169.595,60.036,172.705
257.968,170.040,60.036,172.705
257.523,168.706,60.036,172.705
258.857,170.040,60.036,172.705
258.412,167.817,60.036,172.705
259.102,173.325,59.523,171.231
258.662,169.358,59.523,171.231
257.339,168.918,59.523,171.231
256.017,169.358,59.523,171.231
253.813,168.918,59.523,171.231
250.391,169.524,60.044,172.729
174.741,189.780,59.531,171.255
169.893,187.576,59.531,171.255
169.452,186.253,59.531,171.255
164.603,184.931,59.531,171.255
159.754,184.490,59.531,171.255
157.551,180.523,59.531,171.255
150.939,175.674,59.531,171.255
268.631,165.536,59.531,171.255
265.014,169.277,59.023,169.793
261.081,167.092,59.023,169.793
258.022,169.277,59.023,169.793
256.711,171.462,59.023,169.793
258.896,168.403,59.023,169.793
260.207,172.336,59.023,169.793
259.770,169.277,59.023,169.793
258.459,171.462,59.023,169.793
259.770,170.151,59.023,169.793
257.585,169.714,59.023,169.793
258.896,171.025,59.023,169.793
256.711,169.714,59.023,169.793
257.148,171.899,59.023,169.793
258.459,169.714,59.023,169.793
258.022,173.647,59.023,169.793
258.459,170.588,59.023,169.793
258.022,171.899,59.023,169.793
258.459,171.462,59.023,169.793
258.022,171.025,59.023,169.793
258.459,170.588,59.023,169.793
258.022,171.025,59.023,169.793
258.459,170.588,59.023,169.793
258.022,171.025,59.023,169.793
258.459,170.588,59.023,169.793
258.022,171.025,59.023,169.793
258.459,169.714,59.023,169.793
258.022,171.899,59.023,169.793
259.333,170.588,59.023,169.793
259.770,170.151,59.023,169.793
259.333,171.462,59.023,169.793
260.644,169.277,59.023,169.793
260.470,174.692,58.519,168.344
260.036,170.792,58.519,168.344
258.737,171.226,58.519,168.344
257.437,169.926,58.519,168.344
258.737,168.626,58.519,168.344
262.636,169.926,58.519,168.344
264.803,166.893,58.519,168.344
269.703,167.188,58.020,166.906
274.292,168.660,58.528,168.367
361.398,168.227,58.528,168.367
367.032,168.660,58.528,168.367
364.865,171.693,58.528,168.367
368.765,173.860,58.528,168.367
362.265,170.827,58.528,168.367
368.765,170.393,58.528,168.367
371.799,169.960,58.528,168.367
256.091,173.860,58.528,168.367
258.258,169.960,58.528,168.367
260.425,174.727,58.528,168.367
259.125,171.693,58.528,168.367
258.691,173.860,58.528,168.367
260.858,171.693,58.528,168.367
257.825,172.127,58.528,168.367
259.125,171.693,58.528,168.367
257.825,173.860,58.528,168.367
258.258,171.693,58.528,168.367
258.691,173.860,58.528,168.367
259.125,171.693,58.528,168.367
257.825,173.860,58.528,168.367
258.258,170.827,58.528,168.367
258.691,173.860,58.528,168.367
259.125,170.827,58.528,168.367
257.825,173.860,58.528,168.367
258.258,170.827,58.528,168.367
258.691,173.860,58.528,168.367
259.125,170.827,58.528,168.367
258.691,174.727,58.528,168.367
259.125,172.560,58.528,168.367
258.691,172.127,58.528,168.367
259.992,171.693,58.528,168.367
257.825,172.993,58.528,168.367
259.125,170.827,58.528,168.367
258.691,173.860,58.528,168.367
259.992,170.827,58.528,168.367
257.825,172.993,58.528,168.367
259.125,170.827,58.528,168.367
258.691,173.860,58.528,168.367
259.992,170.827,58.528,168.367
257.825,172.993,58.528,168.367
259.125,170.827,58.528,168.367
258.691,173.860,58.528,168.367
259.992,170.827,58.528,168.367
257.825,172.993,58.528,168.367
259.125,170.827,58.528,168.367
258.691,173.860,58.528,168.367
259.992,170.827,58.528,168.367
257.825,172.993,58.528,168.367
259.125,170.827,58.528,168.367
258.691,173.860,58.528,168.367
259.992,170.827,58.528,168.367
257.825,172.993,58.528,168.367
258.258,170.827,58.528,168.367
258.691,172.993,58.528,168.367
259.992,170.827,58.528,168.367
258.691,173.860,58.528,168.367
259.992,170.827,58.528,168.367
257.825,173.860,58.528,168.367
258.258,170.827,58.528,168.367
258.691,173.860,58.528,168.367
259.125,170.827,58.528,168.367
257.825,173.860,58.528,168.367
258.258,170.827,58.528,168.367
257.825,173.860,58.528,168.367
258.258,170.827,58.528,168.367
258.691,173.860,58.528,168.367
259.125,170.827,58.528,168.367
258.691,174.727,58.528,168.367
259.125,171.693,58.528,168.367
258.691,173.860,58.528,168.367
259.992,170.827,58.528,168.367
257.825,172.993,58.528,168.367
258.258,170.827,58.528,168.367
257.825,172.993,58.528,168.367
257.391,170.827,58.528,168.367
257.825,171.260,58.528,168.367
257.391,173.427,58.528,168.367
257.825,172.127,58.528,168.367
257.391,173.427,58.528,168.367
258.691,172.993,58.528,168.367
258.258,173.427,58.528,168.367
258.691,175.594,58.528,168.367
258.258,173.427,58.528,168.367
258.691,175.594,58.528,168.367
258.258,174.294,58.528,168.367
257.825,173.860,58.528,168.367
257.391,175.160,58.528,168.367
259.558,174.727,58.528,168.367
259.992,178.627,58.528,168.367
262.158,180.794,58.528,168.367
265.192,183.828,58.528,168.367
270.826,185.994,58.528,168.367
277.326,189.028,58.528,168.367
283.826,194.662,58.528,168.367
168.119,191.628,58.528,168.367
172.749,191.336,59.040,169.840
173.186,192.647,59.040,169.840
172.749,192.210,59.040,169.840
173.186,191.773,59.040,169.840
173.623,193.084,59.040,169.840
172.021,190.101,59.556,171.326
173.116,189.803,60.077,172.825
171.782,190.248,60.077,172.825
171.975,189.036,60.603,174.338
172.170,187.813,61.133,175.863
172.622,188.266,61.133,175.863
171.264,187.813,61.133,175.863
172.389,186.580,61.668,177.402
171.019,187.037,61.668,177.402
171.217,184.856,62.208,178.954
171.678,185.317,62.208,178.954
172.138,185.778,62.208,178.954
169.835,185.317,62.208,178.954
171.924,184.062,62.752,180.520
169.601,185.456,62.752,180.520
171.707,184.190,63.301,182.099
169.364,183.721,63.301,182.099
171.489,182.444,63.855,183.693
167.817,180.186,64.414,185.300
172.110,182.571,64.414,185.300
168.406,180.294,64.977,186.922
171.774,181.737,64.977,186.922
168.037,178.454,65.546,188.557
170.464,179.910,65.546,188.557
167.067,178.454,65.546,188.557
171.435,180.880,65.546,188.557
168.037,179.424,65.546,188.557
171.435,180.880,65.546,188.557
168.037,179.424,65.546,188.557
171.435,180.880,65.546,188.557
169.008,180.395,65.546,188.557
170.464,178.939,65.546,188.557
169.008,179.424,65.546,188.557
169.493,178.939,65.546,188.557
170.949,179.424,65.546,188.557
168.523,178.939,65.546,188.557
170.949,179.424,65.546,188.557
168.523,177.968,65.546,188.557
171.920,179.424,65.546,188.557
169.493,178.939,65.546,188.557
170.949,178.454,65.546,188.557
168.523,178.939,65.546,188.557
171.920,179.424,65.546,188.557
169.493,178.939,65.546,188.557
170.949,179.424,65.546,188.557
167.552,178.939,65.546,188.557
171.920,180.395,65.546,188.557
168.523,179.910,65.546,188.557
170.949,179.424,65.546,188.557
166.581,177.968,65.546,188.557
170.949,181.366,65.546,188.557
167.552,178.939,65.546,188.557
169.979,180.395,65.546,188.557
166.581,176.998,65.546,188.557
169.979,180.395,65.546,188.557
166.581,177.968,65.546,188.557
170.949,180.395,65.546,188.557
166.581,177.968,65.546,188.557
169.979,180.395,65.546,188.557
166.581,177.968,65.546,188.557
170.949,180.395,65.546,188.557
166.581,177.968,65.546,188.557
170.949,181.366,65.546,188.557
167.552,178.939,65.546,188.557
170.949,180.395,65.546,188.557
166.581,177.968,65.546,188.557
170.949,180.395,65.546,188.557
167.552,178.939,65.546,188.557
170.949,180.395,65.546,188.557
167.552,177.968,65.546,188.557
171.920,179.424,65.546,188.557
169.493,178.939,65.546,188.557
170.949,178.454,65.546,188.557
168.523,177.968,65.546,188.557
172.891,179.424,65.546,188.557
170.464,178.939,65.546,188.557
169.008,177.483,65.546,188.557
170.464,177.968,65.546,188.557
169.008,178.454,65.546,188.557
171.435,177.968,65.546,188.557
168.661,176.646,66.120,190.207
170.129,177.136,66.120,190.207
167.682,177.625,66.120,190.207
168.171,178.115,66.120,190.207
166.702,177.625,66.120,190.207
162.296,177.136,66.120,190.207
157.890,176.646,66.120,190.207
159.359,177.136,66.120,190.207
154.953,176.646,66.120,190.207
156.421,175.177,66.120,190.207
157.890,177.625,66.120,190.207
153.484,176.156,66.120,190.207
156.911,176.646,66.120,190.207
157.671,177.935,65.555,188.583
156.215,177.450,65.555,188.583
157.671,175.994,65.555,188.583
155.891,174.671,66.129,190.233
159.319,176.140,66.129,190.233
159.808,178.588,66.129,190.233
162.257,178.099,66.129,190.233
156.329,179.388,65.564,188.609
161.669,180.845,65.564,188.609
163.125,182.301,65.564,188.609
159.727,180.845,65.564,188.609
156.329,182.301,65.564,188.609
158.756,183.758,65.564,188.609
160.957,184.425,66.138,190.260
163.406,186.874,66.138,190.260
168.793,189.322,66.138,190.260
179.044,192.004,66.717,191.924
184.631,197.160,66.147,190.286
191.977,199.609,66.147,190.286
202.263,196.181,66.147,190.286
192.957,200.589,66.147,190.286
202.263,192.263,66.147,190.286
193.936,196.671,66.147,190.286
267.893,174.631,66.147,190.286
274.260,170.223,66.147,190.286
272.791,169.733,66.147,190.286
277.199,169.243,66.147,190.286
272.791,171.692,66.147,190.286
278.178,169.243,66.147,190.286
274.375,166.904,66.726,191.951
272.893,173.327,66.726,191.951
278.480,171.736,66.156,190.313
274.676,168.393,66.735,191.978
271.217,174.817,66.735,191.978
277.640,170.370,66.735,191.978
273.803,166.998,67.319,193.658
273.304,172.481,67.319,193.658
275.797,168.991,67.319,193.658
272.308,173.478,67.319,193.658
278.917,171.873,66.744,192.004
273.481,171.378,66.744,192.004
276.940,170.884,66.744,192.004
274.115,166.498,67.328,193.684
271.623,171.982,67.328,193.684
276.109,167.495,67.328,193.684
272.238,165.115,67.918,195.379
273.746,168.635,67.918,195.379
272.238,166.121,67.918,195.379
273.746,165.618,67.918,195.379
270.226,168.132,67.918,195.379
276.764,164.612,67.918,195.379
271.232,165.115,67.918,195.379
273.975,170.365,67.338,193.711
271.482,167.872,67.338,193.711
276.967,165.379,67.338,193.711
270.485,169.866,67.338,193.711
276.967,166.376,67.338,193.711
272.072,165.017,67.927,195.406
275.593,170.550,67.927,195.406
271.067,167.029,67.927,195.406
278.611,166.526,67.927,195.406
272.072,168.035,67.927,195.406
276.599,167.532,67.927,195.406
272.693,164.099,68.521,197.116
272.186,168.666,68.521,197.116
274.723,166.129,68.521,197.116
273.201,165.622,68.521,197.116
272.693,165.114,68.521,197.116
274.215,164.607,68.521,197.116
273.395,162.184,69.121,198.841
272.884,167.814,69.121,198.841
272.372,165.255,69.121,198.841
276.978,163.720,69.121,198.841
274.419,163.208,69.121,198.841
273.592,160.764,69.726,200.581
272.758,161.474,70.336,202.336
273.279,160.953,70.336,202.336
272.758,160.433,70.336,202.336
273.279,163.037,70.336,202.336
274.572,159.482,70.951,204.106
272.996,158.957,70.951,204.106
274.572,158.432,70.951,204.106
271.946,156.856,70.951,204.106
271.420,161.584,70.951,204.106
274.047,158.957,70.951,204.106
269.737,166.491,70.346,202.364
272.099,167.207,70.961,204.135
275.558,162.544,71.582,205.921
268.668,157.774,71.582,205.921
266.725,155.244,72.208,207.722
272.437,153.787,72.840,209.540
278.370,160.798,72.840,209.540
284.303,158.101,72.840,209.540
282.326,154.421,73.477,211.374
355.057,166.322,74.120,213.223
474.553,195.204,74.769,215.089
477.321,193.543,74.769,215.089
478.697,188.629,75.423,216.971
480.084,185.963,76.083,218.869
479.174,185.583,76.749,220.784
477.091,185.199,77.420,222.716
476.164,185.988,78.098,224.665
476.742,187.723,78.098,224.665
476.994,184.961,78.781,226.631
476.410,187.878,78.781,226.631
475.827,186.128,78.781,226.631
476.410,186.711,78.781,226.631
475.827,186.128,78.781,226.631
476.410,187.878,78.781,226.631
475.827,184.961,78.781,226.631
475.244,187.878,78.781,226.631
474.660,187.295,78.781,226.631
476.109,183.314,79.471,228.614
475.521,186.256,79.471,228.614
474.932,186.844,79.471,228.614
475.521,186.256,79.471,228.614
474.932,190.375,79.471,228.614
475.521,194.494,79.471,228.614
472.579,193.906,79.471,228.614
467.283,196.848,79.471,228.614
459.633,203.320,79.471,228.614
454.337,210.970,79.471,228.614
450.218,219.796,79.471,228.614
444.922,225.092,79.471,228.614
430.702,225.902,80.166,230.614
400.539,223.067,80.867,232.632
377.187,226.061,80.867,232.632
355.352,215.837,81.575,234.668
330.588,207.985,81.575,234.668
300.991,192.885,81.575,234.668
282.680,175.142,82.289,236.721
267.447,159.910,82.289,236.721
257.089,147.114,82.289,236.721
251.606,136.756,82.289,236.721
249.372,128.851,83.009,238.792
247.119,125.916,83.735,240.882
246.117,128.040,84.468,242.989
243.824,127.618,85.207,245.116
373.434,129.779,85.952,247.260
375.015,126.740,86.704,249.424
370.521,129.950,86.704,249.424
374.748,126.885,87.463,251.606
368.391,126.448,88.228,253.808
375.577,124.488,88.228,253.808
369.697,127.754,88.228,253.808
375.577,125.794,88.228,253.808
369.164,124.014,89.000,256.029
376.413,124.673,89.000,256.029
370.482,124.014,89.000,256.029
373.470,123.570,89.779,258.269
369.671,121.758,90.565,260.529
375.706,121.088,90.565,260.529
367.749,122.010,91.357,262.808
371.131,124.039,91.357,262.808
364.491,120.810,92.157,265.108
369.268,122.857,92.157,265.108
365.856,122.174,92.157,265.108
370.633,122.857,92.157,265.108
365.856,122.174,92.157,265.108
370.633,122.857,92.157,265.108
365.856,122.174,92.157,265.108
370.633,121.492,92.157,265.108
362.536,122.430,92.963,267.428
368.731,121.742,92.963,267.428
365.289,121.054,92.963,267.428
371.484,121.742,92.963,267.428
365.289,121.054,92.963,267.428
371.484,121.742,92.963,267.428
365.289,121.054,92.963,267.428
371.484,121.742,92.963,267.428
365.289,121.054,92.963,267.428
371.484,121.742,92.963,267.428
365.289,119.677,92.963,267.428
371.232,117.801,93.776,269.768
364.983,118.496,93.776,269.768
371.232,119.190,93.776,269.768
366.372,118.496,93.776,269.768
369.843,119.190,93.776,269.768
364.983,121.273,93.776,269.768
372.621,120.579,93.776,269.768
363.594,124.051,93.776,269.768
361.049,127.852,94.597,272.128
358.948,129.954,94.597,272.128
358.247,133.456,94.597,272.128
356.146,139.760,94.597,272.128
361.049,127.852,94.597,272.128
356.146,134.156,94.597,272.128
355.866,142.835,93.789,269.805
359.338,129.640,93.789,269.805
357.255,135.890,93.789,269.805
356.561,144.918,93.789,269.805
360.349,134.552,92.989,267.502
356.906,142.126,92.989,267.502
360.349,134.552,92.989,267.502
360.074,143.083,92.195,265.218
356.660,149.227,92.195,265.218
360.074,137.622,92.195,265.218
355.295,146.496,92.195,265.218
358.708,133.526,92.195,265.218
359.391,135.574,92.195,265.218
357.343,138.987,92.195,265.218
360.438,124.532,93.002,267.539
356.995,132.107,93.002,267.539
357.684,141.059,93.002,267.539
357.409,156.309,92.208,265.255
357.136,164.768,91.421,262.991
359.167,161.384,91.421,262.991
356.255,161.846,90.640,260.746
356.927,161.175,90.640,260.746
357.598,168.557,90.640,260.746
354.711,169.015,89.866,258.520
350.053,167.019,89.866,258.520
344.064,165.023,89.866,258.520
336.009,173.267,89.099,256.313
322.872,172.430,88.339,254.125
293.438,141.688,88.339,254.125
277.862,145.963,87.585,251.956
263.684,146.406,86.837,249.805
242.465,144.477,86.837,249.805
227.154,141.152,86.096,247.672
216.317,136.690,86.096,247.672
230.979,127.128,86.096,247.672
240.675,120.100,85.361,245.558
242.571,114.411,85.361,245.558
246.996,109.987,85.361,245.558
250.156,103.034,85.361,245.558
387.309,92.290,85.361,245.558
385.413,97.978,85.361,245.558
387.628,93.477,84.632,243.462
387.377,100.018,83.909,241.383
386.756,94.426,83.909,241.383
389.863,101.261,83.909,241.383
390.484,94.426,83.909,241.383
389.863,100.018,83.909,241.383
389.241,93.184,83.909,241.383
388.993,100.882,83.193,239.323
389.609,96.570,83.193,239.323
387.761,102.114,83.193,239.323
391.121,98.928,82.483,237.280
390.511,105.646,82.483,237.280
388.678,101.371,82.483,237.280
388.068,98.318,82.483,237.280
387.824,104.693,81.779,235.254
387.218,98.032,81.779,235.254
389.340,104.353,81.081,233.246
387.539,98.950,81.081,233.246
387.299,106.388,80.389,231.255
390.275,103.412,80.389,231.255
388.489,107.579,80.389,231.255
392.897,112.631,79.702,229.281
391.127,104.959,79.702,229.281
389.357,106.729,79.702,229.281
389.947,107.319,79.702,229.281
391.717,109.090,79.702,229.281
389.947,104.959,79.702,229.281
389.357,107.910,79.702,229.281
389.947,103.779,79.702,229.281
391.717,109.090,79.702,229.281
391.127,104.959,79.702,229.281
389.357,107.910,79.702,229.281
391.127,103.779,79.702,229.281
389.357,109.090,79.702,229.281
388.766,104.959,79.702,229.281
389.357,110.270,79.702,229.281
388.766,104.959,79.702,229.281
391.717,107.910,79.702,229.281
390.330,110.615,79.022,227.323
392.085,106.520,79.022,227.323
391.500,109.445,79.022,227.323
391.267,108.703,78.347,225.383
389.526,106.963,78.347,225.383
388.163,111.886,77.679,223.459
392.189,113.612,77.679,223.459
402.060,122.983,77.015,221.551
406.052,161.190,77.015,221.551
257.836,118.184,76.358,219.660
250.992,122.983,75.706,217.785
249.310,121.301,75.706,217.785
248.749,124.104,75.706,217.785
249.619,121.205,75.060,215.926
249.064,125.096,75.060,215.926
248.842,122.222,74.419,214.082
248.291,124.977,74.419,214.082
248.842,121.120,74.419,214.082
248.291,123.875,74.419,214.082
248.842,123.324,74.419,214.082
248.291,124.977,74.419,214.082
248.842,121.120,74.419,214.082
249.393,124.977,74.419,214.082
248.842,122.222,74.419,214.082
248.291,124.977,74.419,214.082
247.740,120.018,74.419,214.082
247.189,123.875,74.419,214.082
158.473,131.038,74.419,214.082
154.616,127.181,74.419,214.082
157.621,134.008,73.784,212.255
153.797,129.091,73.784,212.255
157.621,134.008,73.784,212.255
154.890,129.091,73.784,212.255
157.870,135.860,73.154,210.443
155.161,130.985,73.154,210.443
158.116,136.640,72.530,208.647
155.431,131.806,72.530,208.647
159.408,138.460,71.910,206.865
156.746,133.668,71.910,206.865
159.650,139.226,71.296,205.100
157.010,134.475,71.296,205.100
159.890,141.016,70.688,203.349
156.226,136.305,70.688,203.349
161.123,141.769,70.084,201.613
157.491,137.099,70.084,201.613
160.321,142.516,69.486,199.892
157.749,137.885,69.486,199.892
160.555,144.260,68.893,198.185
158.005,139.669,68.893,198.185
158.515,142.219,68.893,198.185
156.985,138.649,68.893,198.185
160.555,143.240,68.893,198.185
156.985,138.649,68.893,198.185
161.758,144.969,68.305,196.493
158.595,147.288,67.722,194.816
161.330,142.738,67.144,193.153
165.805,122.355,67.144,193.153
174.174,114.885,67.731,194.843
156.621,124.414,67.731,194.843
145.086,120.903,67.731,194.843
144.886,126.138,67.153,193.180
152.449,131.329,66.580,191.531
159.844,156.471,66.580,191.531
160.337,159.922,66.580,191.531
88.855,177.176,66.580,191.531
85.404,170.767,66.580,191.531
82.939,164.358,66.580,191.531
81.460,158.936,66.580,191.531
79.981,155.485,66.580,191.531
81.708,155.821,66.011,189.896
81.513,155.201,65.448,188.275
80.374,156.478,64.889,186.667
82.995,160.556,64.335,185.074
78.707,159.127,64.335,185.074
77.278,161.508,64.335,185.074
76.802,159.127,64.335,185.074
77.278,157.697,64.335,185.074
76.802,158.174,64.335,185.074
77.278,157.697,64.335,185.074
75.849,157.221,64.335,185.074
76.326,156.745,64.335,185.074
75.849,157.221,64.335,185.074
76.326,157.697,64.335,185.074
74.896,156.268,64.335,185.074
76.326,156.745,64.335,185.074
74.896,155.316,64.335,185.074
81.089,155.792,64.335,185.074
87.282,155.316,64.335,185.074
86.805,156.745,64.335,185.074
86.329,156.268,64.335,185.074
85.853,157.697,64.335,185.074
86.329,156.268,64.335,185.074
85.853,157.697,64.335,185.074
85.376,156.268,64.335,185.074
86.805,158.650,64.335,185.074
86.329,156.268,64.335,185.074
85.853,158.650,64.335,185.074
84.424,156.268,64.335,185.074
86.805,156.745,64.335,185.074
85.376,156.268,64.335,185.074
85.853,157.697,64.335,185.074
85.376,156.268,64.335,185.074
85.853,157.697,64.335,185.074
85.376,156.268,64.335,185.074
85.853,158.650,64.335,185.074
84.424,156.268,64.335,185.074
85.853,157.697,64.335,185.074
85.376,157.221,64.335,185.074
85.853,158.650,64.335,185.074
85.376,156.268,64.335,185.074
85.853,159.603,64.335,185.074
85.376,157.221,64.335,185.074
85.853,158.650,64.335,185.074
85.376,157.221,64.335,185.074
85.853,157.697,64.335,185.074
85.376,156.268,64.335,185.074
85.853,158.650,64.335,185.074
85.376,157.221,64.335,185.074
86.805,157.697,64.335,185.074
85.376,156.268,64.335,185.074
86.805,158.650,64.335,185.074
86.329,156.268,64.335,185.074
85.853,157.697,64.335,185.074
86.329,156.268,64.335,185.074
86.805,158.650,64.335,185.074
84.424,156.268,64.335,185.074
82.042,157.697,64.335,185.074
78.707,155.316,64.335,185.074
78.231,158.650,64.335,185.074
77.755,155.316,64.335,185.074
80.136,157.697,64.335,185.074
78.707,155.316,64.335,185.074
81.089,157.697,64.335,185.074
77.755,155.316,64.335,185.074
78.231,157.697,64.335,185.074
76.802,156.268,64.335,185.074
78.231,156.745,64.335,185.074
76.802,156.268,64.335,185.074
78.231,156.745,64.335,185.074
77.755,156.268,64.335,185.074
80.136,156.745,64.335,185.074
77.755,155.316,64.335,185.074
80.136,157.697,64.335,185.074
78.707,155.316,64.335,185.074
80.136,158.650,64.335,185.074
77.755,155.316,64.335,185.074
80.136,157.697,64.335,185.074
78.707,155.316,64.335,185.074
80.136,157.697,64.335,185.074
77.755,155.316,64.335,185.074
80.136,157.697,64.335,185.074
78.707,155.316,64.335,185.074
80.136,158.650,64.335,185.074
78.707,155.316,64.335,185.074
81.089,158.650,64.335,185.074
77.755,155.316,64.335,185.074
81.089,157.697,64.335,185.074
78.707,155.316,64.335,185.074
81.089,158.650,64.335,185.074
77.755,155.316,64.335,185.074
81.089,158.650,64.335,185.074
77.755,155.316,64.335,185.074
81.089,158.650,64.335,185.074
77.755,155.316,64.335,185.074
81.089,158.650,64.335,185.074
77.755,155.316,64.335,185.074
81.089,158.650,64.335,185.074
77.755,155.316,64.335,185.074
81.089,158.650,64.335,185.074
77.755,155.316,64.335,185.074
81.089,158.650,64.335,185.074
77.755,155.316,64.335,185.074
81.089,158.650,64.335,185.074
78.707,156.268,64.335,185.074
81.089,158.650,64.335,185.074
77.755,155.316,64.335,185.074
81.089,158.650,64.335,185.074
77.755,156.268,64.335,185.074
81.089,158.650,64.335,185.074
77.755,155.316,64.335,185.074
81.089,158.650,64.335,185.074
77.755,155.316,64.335,185.074
81.089,158.650,64.335,185.074
77.755,155.316,64.335,185.074
81.089,158.650,64.335,185.074
77.755,155.316,64.335,185.074
81.089,158.650,64.335,185.074
77.755,155.316,64.335,185.074
81.089,157.697,64.335,185.074
78.707,155.316,64.335,185.074
81.089,158.650,64.335,185.074
77.755,155.316,64.335,185.074
81.089,158.650,64.335,185.074
77.755,155.316,64.335,185.074
81.089,158.650,64.335,185.074
77.755,155.316,64.335,185.074
81.089,158.650,64.335,185.074
77.755,155.316,64.335,185.074
81.089,157.697,64.335,185.074
77.755,155.316,64.335,185.074
81.089,158.650,64.335,185.074
77.755,155.316,64.335,185.074
81.089,157.697,64.335,185.074
78.707,155.316,64.335,185.074
81.089,158.650,64.335,185.074
77.755,155.316,64.335,185.074
81.089,158.650,64.335,185.074
77.755,155.316,64.335,185.074
81.089,157.697,64.335,185.074
77.755,155.316,64.335,185.074
81.089,157.697,64.335,185.074
78.707,155.316,64.335,185.074
81.089,158.650,64.335,185.074
77.755,155.316,64.335,185.074
81.089,157.697,64.335,185.074
78.707,155.316,64.335,185.074
81.089,157.697,64.335,185.074
77.755,155.316,64.335,185.074
81.089,157.697,64.335,185.074
77.755,155.316,64.335,185.074
81.089,157.697,64.335,185.074
77.755,155.316,64.335,185.074
81.089,158.650,64.335,185.074
77.755,155.316,64.335,185.074
81.089,158.650,64.335,185.074
77.755,155.316,64.335,185.074
81.089,158.650,64.335,185.074
77.755,155.316,64.335,185.074
81.089,158.650,64.335,185.074
77.755,155.316,64.335,185.074
81.089,158.650,64.335,185.074
77.755,155.316,64.335,185.074
81.089,157.697,64.335,185.074
78.707,155.316,64.335,185.074
81.089,158.650,64.335,185.074
77.755,155.316,64.335,185.074
81.089,157.697,64.335,185.074
78.707,155.316,64.335,185.074
81.089,157.697,64.335,185.074
78.707,155.316,64.335,185.074
81.089,158.650,64.335,185.074
78.707,155.316,64.335,185.074
81.089,158.650,64.335,185.074
78.707,155.316,64.335,185.074
81.089,158.650,64.335,185.074
78.707,156.268,64.335,185.074
81.089,158.650,64.335,185.074
78.707,156.268,64.335,185.074
81.089,157.697,64.335,185.074
79.660,155.316,64.335,185.074
81.089,157.697,64.335,185.074
78.707,155.316,64.335,185.074
81.089,158.650,64.335,185.074
77.755,155.316,64.335,185.074
81.089,157.697,64.335,185.074
77.755,155.316,64.335,185.074
81.089,157.697,64.335,185.074
77.755,155.316,64.335,185.074
80.136,157.697,64.335,185.074
77.755,155.316,64.335,185.074
79.184,157.697,64.335,185.074
76.802,155.316,64.335,185.074
78.231,157.697,64.335,185.074
76.802,156.268,64.335,185.074
79.184,156.745,64.335,185.074
77.755,156.268,64.335,185.074
80.136,157.697,64.335,185.074
80.613,155.316,64.335,185.074
83.947,155.792,64.335,185.074
84.424,156.268,64.335,185.074
86.805,156.745,64.335,185.074
86.329,156.268,64.335,185.074
85.853,157.697,64.335,185.074
85.376,156.268,64.335,185.074
86.805,157.697,64.335,185.074
86.329,156.268,64.335,185.074
85.853,157.697,64.335,185.074
85.376,156.268,64.335,185.074
86.805,157.697,64.335,185.074
86.329,156.268,64.335,185.074
85.853,157.697,64.335,185.074
86.329,156.268,64.335,185.074
85.853,157.697,64.335,185.074
85.376,156.268,64.335,185.074
86.805,158.650,64.335,185.074
85.376,156.268,64.335,185.074
86.805,158.650,64.335,185.074
85.376,156.268,64.335,185.074
85.853,157.697,64.335,185.074
84.424,156.268,64.335,185.074
84.900,156.745,64.335,185.074
83.471,156.268,64.335,185.074
84.900,155.792,64.335,185.074
83.471,157.221,64.335,185.074
83.947,155.792,64.335,185.074
83.471,155.316,64.335,185.074
84.900,156.745,64.335,185.074
83.471,156.268,64.335,185.074
84.900,155.792,64.335,185.074
83.471,157.221,64.335,185.074
84.900,155.792,64.335,185.074
83.471,157.221,64.335,185.074
84.900,155.792,64.335,185.074
83.471,157.221,64.335,185.074
84.900,155.792,64.335,185.074
83.471,157.221,64.335,185.074
84.900,155.792,64.335,185.074
83.471,157.221,64.335,185.074
84.900,155.792,64.335,185.074
83.471,157.221,64.335,185.074
84.900,155.792,64.335,185.074
83.471,157.221,64.335,185.074
84.900,155.792,64.335,185.074
83.471,158.174,64.335,185.074
84.900,155.792,64.335,185.074
83.471,157.221,64.335,185.074
84.900,155.792,64.335,185.074
84.424,157.221,64.335,185.074
84.900,156.745,64.335,185.074
84.424,157.221,64.335,185.074
85.853,156.745,64.335,185.074
84.424,158.174,64.335,185.074
85.853,156.745,64.335,185.074
85.376,157.221,64.335,185.074
85.853,157.697,64.335,185.074
84.424,156.268,64.335,185.074
85.853,156.745,64.335,185.074
84.424,156.268,64.335,185.074
84.900,155.792,64.335,185.074
81.565,156.268,64.335,185.074
82.042,154.839,64.335,185.074
76.802,154.363,64.335,185.074
74.420,156.745,64.335,185.074
74.896,154.363,64.335,185.074
75.373,154.839,64.335,185.074
75.849,154.363,64.335,185.074
74.420,154.839,64.335,185.074
76.802,153.410,64.335,185.074
74.420,155.792,64.335,185.074
76.802,153.410,64.335,185.074
74.420,155.792,64.335,185.074
76.802,153.410,64.335,185.074
75.373,155.792,64.335,185.074
76.802,154.363,64.335,185.074
75.373,157.697,64.335,185.074
75.849,155.316,64.335,185.074
77.278,156.745,64.335,185.074
75.849,156.268,64.335,185.074
77.278,155.792,64.335,185.074
75.849,157.221,64.335,185.074
76.326,155.792,64.335,185.074
76.802,156.268,64.335,185.074
76.326,158.650,64.335,185.074
76.802,156.268,64.335,185.074
77.278,156.745,64.335,185.074
76.802,156.268,64.335,185.074
77.278,155.792,64.335,185.074
76.802,156.268,64.335,185.074
77.278,156.745,64.335,185.074
77.755,159.127,64.335,185.074
77.564,162.240,63.786,183.494
79.926,162.713,63.786,183.494
80.398,160.351,63.786,183.494
79.926,160.823,63.786,183.494
78.509,162.240,63.786,183.494
74.258,166.491,63.786,183.494
73.148,170.500,63.241,181.928
69.870,172.841,63.241,181.928
62.846,176.119,63.241,181.928
162.587,143.808,63.241,181.928
166.055,149.610,62.702,180.375
167.448,145.432,62.702,180.375
169.769,149.610,62.702,180.375
173.019,145.432,62.702,180.375
178.269,143.937,62.166,178.835
134.075,164.909,61.636,177.308
142.747,156.238,61.636,177.308
153.243,152.130,61.636,177.308
149.136,148.023,61.636,177.308
155.981,151.218,61.636,177.308
159.176,148.023,61.636,177.308
160.545,150.305,61.636,177.308
159.176,148.936,61.636,177.308
160.545,149.392,61.636,177.308
159.176,148.936,61.636,177.308
160.545,149.392,61.636,177.308
159.176,148.936,61.636,177.308
159.632,148.479,61.636,177.308
160.089,149.848,61.636,177.308
159.632,148.479,61.636,177.308
159.176,149.848,61.636,177.308
158.720,147.567,61.636,177.308
161.002,150.761,61.636,177.308
158.720,148.479,61.636,177.308
160.089,149.848,61.636,177.308
158.720,148.479,61.636,177.308
160.089,149.848,61.636,177.308
157.807,148.479,61.636,177.308
157.351,150.761,61.636,177.308
156.894,148.479,61.636,177.308
156.438,151.674,61.636,177.308
154.156,150.305,61.636,177.308
153.700,151.674,61.636,177.308
152.330,151.218,61.636,177.308
151.874,150.761,61.636,177.308
151.418,151.218,61.636,177.308
151.874,150.761,61.636,177.308
153.243,152.130,61.636,177.308
152.787,150.761,61.636,177.308
153.243,152.130,61.636,177.308
152.787,150.761,61.636,177.308
153.243,152.130,61.636,177.308
152.787,150.761,61.636,177.308
153.243,152.130,61.636,177.308
152.787,150.761,61.636,177.308
153.243,152.130,61.636,177.308
151.874,150.761,61.636,177.308
152.330,152.130,61.636,177.308
151.874,150.761,61.636,177.308
151.418,151.218,61.636,177.308
150.961,150.761,61.636,177.308
150.505,151.218,61.636,177.308
150.961,150.761,61.636,177.308
150.505,151.218,61.636,177.308
150.961,151.674,61.636,177.308
150.505,151.218,61.636,177.308
152.787,152.587,61.636,177.308
155.069,155.781,61.636,177.308
153.700,154.412,61.636,177.308
155.298,157.395,61.110,175.795
153.941,154.228,61.110,175.795
154.393,155.585,61.110,175.795
153.036,155.133,61.110,175.795
153.738,158.973,60.588,174.294
152.392,158.525,60.588,174.294
153.964,162.332,60.071,172.806
154.409,160.108,60.071,172.806
154.231,163.884,59.558,171.331
153.790,162.561,59.558,171.331
155.335,166.303,59.049,169.868
155.772,164.117,59.049,169.868
154.461,162.806,59.049,169.868
154.898,165.866,59.049,169.868
155.335,164.555,59.049,169.868
155.772,164.117,59.049,169.868
155.335,163.680,59.049,169.868
155.772,165.866,59.049,169.868
154.461,163.680,59.049,169.868
153.149,161.494,59.049,169.868
153.586,161.057,59.049,169.868
153.149,161.494,59.049,169.868
151.837,159.308,59.049,169.868
153.149,161.494,59.049,169.868
151.837,160.182,59.049,169.868
151.400,159.745,59.049,169.868
153.586,161.931,59.049,169.868
151.400,160.620,59.049,169.868
152.712,160.182,59.049,169.868
152.275,159.745,59.049,169.868
153.586,161.931,59.049,169.868
151.400,160.620,59.049,169.868
152.712,160.182,59.049,169.868
151.400,159.745,59.049,169.868
153.586,161.931,59.049,169.868
151.400,160.620,59.049,169.868
152.712,160.182,59.049,169.868
151.400,159.745,59.049,169.868
153.586,161.931,59.049,169.868
151.400,160.620,59.049,169.868
152.712,160.182,59.049,169.868
152.275,160.620,59.049,169.868
151.837,160.182,59.049,169.868
151.400,159.745,59.049,169.868
153.586,161.931,59.049,169.868
151.400,160.620,59.049,169.868
152.712,160.182,59.049,169.868
152.275,159.745,59.049,169.868
153.586,161.931,59.049,169.868
151.400,160.620,59.049,169.868
152.712,160.182,59.049,169.868
152.275,160.620,59.049,169.868
151.837,160.182,59.049,169.868
151.400,159.745,59.049,169.868
153.586,161.931,59.049,169.868
151.400,160.620,59.049,169.868
153.586,161.057,59.049,169.868
152.275,160.620,59.049,169.868
151.837,160.182,59.049,169.868
151.400,160.620,59.049,169.868
153.586,161.057,59.049,169.868
152.275,160.620,59.049,169.868
152.712,161.057,59.049,169.868
152.275,160.620,59.049,169.868
151.837,160.182,59.049,169.868
152.275,160.620,59.049,169.868
151.837,160.182,59.049,169.868
151.400,159.745,59.049,169.868
153.586,161.931,59.049,169.868
151.400,160.620,59.049,169.868
153.586,161.057,59.049,169.868
152.275,161.494,59.049,169.868
151.837,160.182,59.049,169.868
152.275,160.620,59.049,169.868
152.712,161.057,59.049,169.868
152.275,160.620,59.049,169.868
152.712,160.182,59.049,169.868
152.275,159.745,59.049,169.868
153.586,161.931,59.049,169.868
151.400,161.494,59.049,169.868
151.837,161.057,59.049,169.868
