58.000,100.000,28.000,23.000
59.402,99.999,28.000,23.000
60.505,100.500,28.000,23.000
61.809,100.801,28.000,23.000
62.310,100.299,28.000,23.000
63.413,101.402,28.000,23.000
65.319,101.302,28.000,23.000
67.625,102.606,28.000,23.000
70.132,103.308,28.000,23.000
70.432,103.408,28.000,23.000
71.736,103.508,28.000,23.000
72.839,104.210,28.000,23.000
71.535,104.511,28.000,23.000
70.432,104.411,28.000,23.000
69.329,105.313,28.000,23.000
68.828,105.614,28.000,23.000
68.327,105.313,28.000,23.000
67.224,106.015,28.000,23.000
66.722,106.717,28.000,23.000
67.424,106.015,28.000,23.000
67.525,107.519,28.000,23.000
67.424,108.422,28.000,23.000
66.923,108.923,28.000,23.000
68.226,109.224,28.000,23.000
69.530,109.324,28.000,23.000
69.831,109.424,28.000,23.000
72.338,108.522,28.000,23.000
75.446,108.020,28.000,23.000
78.956,107.519,28.000,23.000
83.468,107.619,28.000,23.000
87.780,108.121,28.000,23.000
90.487,108.622,28.000,23.000
91.791,109.324,28.000,23.000
92.292,109.224,28.000,23.000
93.194,109.725,28.000,23.000
93.896,109.023,28.000,23.000
95.400,109.926,28.000,23.000
94.899,109.625,28.000,23.000
96.403,110.126,28.000,23.000
97.707,110.427,28.000,23.000
98.609,109.725,28.000,23.000
98.108,109.625,28.000,23.000
101.456,110.212,27.761,22.804
103.146,111.107,27.761,22.804
105.035,111.405,27.761,22.804
105.929,110.908,27.761,22.804
105.432,111.007,27.761,22.804
107.588,110.232,27.524,22.609
108.869,107.965,27.524,22.609
109.165,107.866,27.524,22.609
109.855,105.599,27.524,22.609
111.333,102.938,27.524,22.609
112.615,100.671,27.524,22.609
114.487,98.207,27.524,22.609
116.952,96.728,27.524,22.609
117.642,97.024,27.524,22.609
118.923,95.545,27.524,22.609
120.796,96.432,27.524,22.609
122.471,97.122,27.524,22.609
123.753,97.418,27.524,22.609
123.260,97.517,27.524,22.609
124.820,97.902,27.289,22.416
125.700,97.413,27.289,22.416
126.384,98.292,27.289,22.416
128.045,97.999,27.289,22.416
128.066,98.572,27.056,22.225
128.744,97.700,27.056,22.225
130.973,98.184,27.056,22.225
132.620,99.250,27.056,22.225
134.267,99.928,27.056,22.225
135.139,99.638,27.056,22.225
134.655,99.153,27.056,22.225
136.496,100.025,27.056,22.225
137.949,100.122,27.056,22.225
139.015,99.831,27.056,22.225
140.856,99.734,27.056,22.225
142.697,99.831,27.056,22.225
142.988,100.122,27.056,22.225
144.635,100.606,27.056,22.225
145.894,100.510,27.056,22.225
146.766,100.800,27.056,22.225
148.801,101.478,27.056,22.225
150.642,100.994,27.056,22.225
152.095,101.672,27.056,22.225
153.629,102.429,26.825,22.035
153.725,101.564,26.825,22.035
154.397,102.045,26.825,22.035
156.223,101.372,26.825,22.035
158.240,102.621,26.825,22.035
160.257,102.333,26.825,22.035
160.546,102.237,26.825,22.035
162.179,102.141,26.825,22.035
163.538,102.733,27.060,22.228
164.798,103.024,27.060,22.228
165.864,103.896,27.060,22.228
166.542,103.993,27.060,22.228
167.221,103.703,27.060,22.228
168.093,103.606,27.060,22.228
169.353,103.121,27.060,22.228
170.419,103.993,27.060,22.228
170.128,103.703,27.060,22.228
171.194,103.606,27.060,22.228
172.454,103.509,27.060,22.228
174.489,104.187,27.060,22.228
175.167,105.059,27.060,22.228
176.039,106.125,27.060,22.228
177.880,106.997,27.060,22.228
178.946,107.676,27.060,22.228
178.850,107.191,27.060,22.228
179.916,108.063,27.060,22.228
179.237,107.579,27.060,22.228
180.393,108.525,26.829,22.038
180.873,108.428,26.829,22.038
180.585,108.909,26.829,22.038
181.834,109.774,26.829,22.038
182.314,110.254,26.829,22.038
182.602,109.389,26.829,22.038
182.891,110.830,26.829,22.038
183.563,112.079,26.829,22.038
184.620,111.983,26.829,22.038
183.563,112.464,26.829,22.038
184.428,112.944,26.829,22.038
184.140,113.809,26.829,22.038
183.275,113.328,26.829,22.038
183.755,112.656,26.829,22.038
183.083,113.136,26.829,22.038
183.371,113.617,26.829,22.038
182.699,114.097,26.829,22.038
182.026,113.617,26.829,22.038
182.506,114.674,26.829,22.038
182.602,115.538,26.829,22.038
180.777,116.211,26.829,22.038
179.912,116.115,26.829,22.038
180.777,117.172,26.829,22.038
182.485,118.672,26.600,21.850
181.818,118.005,26.600,21.850
182.485,119.243,26.600,21.850
181.880,118.660,26.833,22.041
181.400,119.524,26.833,22.041
182.073,119.428,26.833,22.041
181.208,119.909,26.833,22.041
180.919,120.774,26.833,22.041
180.247,120.677,26.833,22.041
181.304,120.389,26.833,22.041
179.862,121.831,26.833,22.041
177.874,122.424,27.067,22.234
177.195,123.490,27.067,22.234
176.183,123.889,27.304,22.428
175.498,124.769,27.304,22.428
175.205,123.889,27.304,22.428
174.911,124.769,27.304,22.428
174.090,123.970,27.543,22.625
173.005,124.857,27.543,22.625
171.328,125.548,27.543,22.625
170.243,125.252,27.543,22.625
167.778,125.942,27.543,22.625
164.325,126.633,27.543,22.625
164.227,125.745,27.543,22.625
159.788,124.660,27.543,22.625
158.308,123.181,27.543,22.625
156.829,123.082,27.543,22.625
158.832,121.062,27.784,22.823
157.936,117.779,27.784,22.823
157.101,114.313,28.027,23.022
154.591,112.808,28.027,23.022
152.484,110.499,28.027,23.022
151.379,109.796,28.027,23.022
149.673,108.492,28.027,23.022
147.565,106.785,28.027,23.022
143.049,105.079,28.027,23.022
142.145,105.380,28.027,23.022
140.439,103.674,28.027,23.022
137.930,102.570,28.027,23.022
136.625,101.064,28.027,23.022
136.525,100.964,28.027,23.022
135.621,99.659,28.027,23.022
134.116,99.559,28.027,23.022
132.811,98.655,28.027,23.022
131.105,98.555,28.027,23.022
131.807,98.254,28.027,23.022
130.302,98.354,28.027,23.022
128.395,97.451,28.027,23.022
126.287,97.150,28.027,23.022
125.584,97.451,28.027,23.022
124.279,96.949,28.027,23.022
122.372,97.049,28.027,23.022
122.071,97.150,28.027,23.022
121.569,96.246,28.027,23.022
119.698,95.220,28.272,23.224
117.977,94.714,28.272,23.224
116.863,95.422,28.272,23.224
115.344,94.511,28.272,23.224
115.445,95.017,28.272,23.224
113.724,94.309,28.272,23.224
112.205,94.207,28.272,23.224
112.393,95.040,28.520,23.427
109.431,94.120,28.520,23.427
117.367,95.588,28.769,23.632
117.058,96.516,28.769,23.632
116.131,96.000,28.769,23.632
114.586,94.867,28.769,23.632
113.721,95.503,29.021,23.839
113.274,94.440,29.275,24.047
112.330,94.964,29.275,24.047
111.387,93.601,29.275,24.047
110.024,92.658,29.275,24.047
107.613,91.714,29.275,24.047
106.732,92.146,29.531,24.258
104.977,91.064,29.790,24.470
102.737,89.464,29.790,24.470
101.777,88.291,29.790,24.470
101.243,89.037,29.790,24.470
101.777,88.717,29.790,24.470
100.603,87.971,29.790,24.470
100.070,88.717,29.790,24.470
98.256,87.544,29.790,24.470
97.509,86.797,29.790,24.470
95.520,86.143,30.050,24.684
95.197,86.681,30.050,24.684
92.937,85.282,30.050,24.684
91.323,84.314,30.050,24.684
90.570,84.637,30.050,24.684
89.171,83.238,30.050,24.684
86.911,82.054,30.050,24.684
85.727,80.655,30.050,24.684
84.328,80.117,30.050,24.684
83.575,80.440,30.050,24.684
84.328,79.902,30.050,24.684
82.714,78.718,30.050,24.684
81.961,79.041,30.050,24.684
82.499,78.718,30.050,24.684
80.885,77.749,30.050,24.684
79.701,77.211,30.050,24.684
78.732,76.243,30.050,24.684
78.194,75.705,30.050,24.684
77.441,75.812,30.050,24.684
76.903,74.629,30.050,24.684
76.795,75.382,30.050,24.684
76.257,74.413,30.050,24.684
75.504,74.951,30.050,24.684
74.535,73.552,30.050,24.684
73.567,73.660,30.050,24.684
73.029,73.122,30.050,24.684
72.275,72.369,30.050,24.684
70.661,72.046,30.050,24.684
69.477,70.647,30.050,24.684
68.078,69.463,30.050,24.684
67.971,70.216,30.050,24.684
67.217,68.817,30.050,24.684
66.034,68.064,30.050,24.684
66.356,68.602,30.050,24.684
64.312,67.634,30.050,24.684
63.774,67.956,30.050,24.684
64.742,66.342,30.050,24.684
65.280,67.095,30.050,24.684
63.881,65.696,30.050,24.684
62.482,64.943,30.050,24.684
63.451,64.190,30.050,24.684
63.558,64.943,30.050,24.684
63.881,63.544,30.050,24.684
62.698,62.576,30.050,24.684
63.881,63.114,30.050,24.684
62.913,61.930,30.050,24.684
63.881,62.253,30.050,24.684
63.128,61.715,30.050,24.684
62.159,60.746,30.050,24.684
61.621,60.854,30.050,24.684
61.083,59.670,30.050,24.684
60.330,59.347,30.050,24.684
60.222,59.885,30.050,24.684
59.469,58.486,30.050,24.684
60.653,58.379,30.050,24.684
59.626,57.329,29.794,24.473
60.586,58.076,29.794,24.473
60.053,57.116,29.794,24.473
59.306,56.582,29.794,24.473
60.266,55.835,29.794,24.473
59.040,55.419,29.539,24.264
60.627,55.948,29.539,24.264
59.252,54.573,29.539,24.264
60.204,55.102,29.539,24.264
58.617,53.515,29.539,24.264
60.204,53.621,29.539,24.264
59.040,53.515,29.539,24.264
60.204,52.563,29.539,24.264
58.406,53.092,29.539,24.264
59.992,52.352,29.539,24.264
58.570,51.320,29.287,24.057
59.095,51.844,29.287,24.057
57.522,50.900,29.287,24.057
58.466,51.005,29.287,24.057
58.151,50.061,29.287,24.057
57.417,49.117,29.287,24.057
57.941,49.642,29.287,24.057
57.207,47.859,29.287,24.057
57.941,48.593,29.287,24.057
56.997,47.020,29.287,24.057
58.452,47.429,29.037,23.852
57.724,47.117,29.037,23.852
58.964,47.726,28.789,23.648
58.383,46.721,28.544,23.447
59.508,45.801,28.544,23.447
58.383,45.494,28.544,23.447
59.712,44.370,28.544,23.447
58.537,45.168,28.300,23.246
59.450,44.053,28.300,23.246
58.680,43.460,28.058,23.048
59.094,44.245,27.819,22.851
58.596,43.348,27.819,22.851
58.297,43.846,27.819,22.851
57.998,42.551,27.819,22.851
58.297,43.049,27.819,22.851
57.201,41.954,27.819,22.851
56.305,41.057,27.819,22.851
55.010,41.157,27.819,22.851
54.254,39.991,27.581,22.656
54.945,41.077,27.581,22.656
53.859,39.991,27.581,22.656
52.970,40.287,27.581,22.656
53.569,39.902,27.346,22.463
52.492,39.020,27.346,22.463
52.198,39.510,27.346,22.463
52.884,39.608,27.346,22.463
52.523,38.653,27.112,22.271
51.649,38.167,27.112,22.271
52.523,38.070,27.112,22.271
51.843,37.779,27.112,22.271
51.746,37.099,27.112,22.271
51.649,37.585,27.112,22.271
51.163,36.517,27.112,22.271
50.237,37.464,26.881,22.081
50.141,36.791,26.881,22.081
49.852,37.464,26.881,22.081
48.793,36.791,26.881,22.081
47.542,37.272,26.881,22.081
45.905,36.405,26.881,22.081
44.461,36.502,26.881,22.081
45.328,36.598,26.881,22.081
43.306,36.117,26.881,22.081
41.669,35.635,26.881,22.081
39.840,36.309,26.881,22.081
39.167,35.828,26.881,22.081
40.033,36.309,26.881,22.081
38.781,35.443,26.881,22.081
37.723,36.117,26.881,22.081
38.781,35.443,26.881,22.081
36.952,36.309,26.881,22.081
35.123,36.405,26.881,22.081
34.835,36.309,26.881,22.081
33.968,36.791,26.881,22.081
33.679,37.272,26.881,22.081
33.583,36.405,26.881,22.081
33.294,37.079,26.881,22.081
32.428,37.753,26.881,22.081
31.947,38.427,26.881,22.081
31.465,37.753,26.881,22.081
30.406,38.620,26.881,22.081
29.540,39.486,26.881,22.081
27.711,39.582,26.881,22.081
26.267,39.486,26.881,22.081
27.326,39.775,26.881,22.081
25.882,40.641,26.881,22.081
24.482,39.657,27.116,22.274
23.996,40.530,27.116,22.274
24.093,40.045,27.116,22.274
22.831,41.113,27.116,22.274
23.899,41.793,27.116,22.274
22.973,42.172,26.885,22.084
23.069,41.883,26.885,22.084
23.165,42.365,26.885,22.084
22.106,42.654,26.885,22.084
22.202,43.328,26.885,22.084
20.951,43.039,26.885,22.084
20.469,43.713,26.885,22.084
20.373,43.424,26.885,22.084
20.084,44.098,26.885,22.084
19.410,43.616,26.885,22.084
19.314,45.061,26.885,22.084
19.218,44.579,26.885,22.084
19.314,45.253,26.885,22.084
19.218,45.927,26.885,22.084
18.929,47.179,26.885,22.084
18.255,47.853,26.885,22.084
18.351,49.104,26.885,22.084
18.255,48.815,26.885,22.084
17.966,49.489,26.885,22.084
17.485,49.008,26.885,22.084
17.881,49.948,26.655,21.895
16.449,50.234,26.655,21.895
15.017,51.475,26.655,21.895
16.156,52.220,26.428,21.708
14.925,51.747,26.428,21.708
13.506,53.545,26.428,21.708
12.323,54.711,26.659,21.898
12.800,55.380,26.659,21.898
13.278,54.711,26.659,21.898
12.991,55.762,26.659,21.898
12.514,55.666,26.659,21.898
12.418,57.098,26.659,21.898
12.705,56.621,26.659,21.898
12.991,56.716,26.659,21.898
14.130,56.158,26.431,21.711
13.467,57.578,26.431,21.711
14.698,57.862,26.431,21.711
14.792,58.713,26.431,21.711
14.887,58.240,26.431,21.711
16.117,59.092,26.431,21.711
16.401,58.808,26.431,21.711
18.010,59.849,26.431,21.711
17.662,59.480,26.206,21.526
18.506,59.762,26.206,21.526
18.788,60.606,26.206,21.526
19.069,60.513,26.206,21.526
19.163,61.545,26.206,21.526
19.257,61.263,26.206,21.526
19.726,62.671,26.206,21.526
20.571,63.140,26.206,21.526
21.228,63.610,26.206,21.526
21.885,64.079,26.206,21.526
22.542,65.111,26.206,21.526
22.635,64.454,26.206,21.526
22.917,65.111,26.206,21.526
23.199,65.017,26.206,21.526
24.134,65.933,25.982,21.342
24.972,65.654,25.982,21.342
26.181,67.050,25.982,21.342
26.647,66.212,25.982,21.342
27.484,67.236,25.982,21.342
28.508,68.073,25.982,21.342
29.345,68.725,25.982,21.342
30.182,69.934,25.982,21.342
30.089,69.097,25.982,21.342
31.299,70.306,25.982,21.342
32.509,70.958,25.982,21.342
31.857,70.306,25.982,21.342
32.509,71.330,25.982,21.342
33.718,71.981,25.982,21.342
32.695,71.330,25.982,21.342
33.904,72.912,25.982,21.342
34.369,72.632,25.982,21.342
35.579,74.214,25.982,21.342
36.044,73.935,25.982,21.342
37.254,75.145,25.982,21.342
38.277,75.796,25.982,21.342
38.929,76.075,25.982,21.342
38.464,75.610,25.982,21.342
39.301,76.820,25.982,21.342
40.324,76.540,25.982,21.342
41.534,77.564,25.982,21.342
41.069,77.285,25.982,21.342
42.651,78.122,25.982,21.342
43.674,78.401,25.982,21.342
44.884,79.053,25.982,21.342
45.721,78.587,25.982,21.342
46.559,79.797,25.982,21.342
47.396,80.448,25.982,21.342
48.792,81.100,25.982,21.342
49.443,80.262,25.982,21.342
50.466,80.914,25.982,21.342
50.001,80.076,25.982,21.342
51.025,81.100,25.982,21.342
52.234,81.379,25.982,21.342
52.700,81.472,25.982,21.342
53.351,82.309,25.982,21.342
54.747,82.961,25.982,21.342
55.770,83.612,25.982,21.342
56.235,84.449,25.982,21.342
57.445,85.101,25.982,21.342
58.468,84.635,25.982,21.342
58.748,85.845,25.982,21.342
59.027,85.566,25.982,21.342
59.306,86.217,25.982,21.342
60.329,85.752,25.982,21.342
61.167,86.775,25.982,21.342
62.004,86.869,25.982,21.342
63.958,87.892,25.982,21.342
64.423,87.241,25.982,21.342
66.005,88.450,25.982,21.342
67.215,89.288,25.982,21.342
68.610,89.753,25.982,21.342
69.634,90.776,25.982,21.342
71.030,91.614,25.982,21.342
72.425,91.335,25.982,21.342
73.077,91.056,25.982,21.342
73.728,91.521,25.982,21.342
74.752,91.986,25.982,21.342
75.775,91.149,25.982,21.342
76.054,91.428,25.982,21.342
77.450,92.637,25.982,21.342
79.962,93.661,25.982,21.342
81.358,93.940,25.982,21.342
83.126,93.475,25.982,21.342
84.707,94.684,25.982,21.342
84.800,95.336,25.982,21.342
86.010,95.801,25.982,21.342
87.406,95.336,25.982,21.342
89.174,95.987,25.982,21.342
89.081,95.336,25.982,21.342
90.290,96.173,25.982,21.342
91.686,95.894,25.982,21.342
93.454,96.545,25.982,21.342
94.291,97.197,25.982,21.342
95.873,97.290,25.982,21.342
96.896,97.941,25.982,21.342
99.037,97.476,25.982,21.342
99.502,98.499,25.982,21.342
100.628,98.692,26.209,21.529
102.224,98.035,26.209,21.529
103.256,98.504,26.209,21.529
104.664,97.847,26.209,21.529
106.447,98.880,26.209,21.529
106.917,98.410,26.209,21.529
108.630,98.797,26.439,21.717
111.754,100.218,26.439,21.717
115.636,100.502,26.439,21.717
117.170,101.668,26.670,21.907
117.648,100.809,26.670,21.907
118.804,101.790,26.903,22.099
119.970,101.199,27.139,22.293
121.039,101.880,27.139,22.293
122.691,100.810,27.139,22.293
121.875,101.012,27.376,22.488
123.738,100.522,27.376,22.488
125.405,101.404,27.376,22.488
127.267,100.522,27.376,22.488
128.738,101.012,27.376,22.488
130.601,100.129,27.376,22.488
132.660,100.424,27.376,22.488
134.522,101.110,27.376,22.488
134.424,100.424,27.376,22.488
135.895,100.914,27.376,22.488
137.758,99.835,27.376,22.488
139.424,99.933,27.376,22.488
141.091,99.639,27.376,22.488
141.777,100.718,27.376,22.488
143.836,100.424,27.376,22.488
146.679,100.129,27.376,22.488
149.326,101.012,27.376,22.488
153.542,99.737,27.376,22.488
153.444,100.816,27.376,22.488
155.503,99.541,27.376,22.488
156.581,100.227,27.376,22.488
158.052,98.757,27.376,22.488
160.307,97.286,27.376,22.488
161.581,97.384,27.376,22.488
162.856,96.894,27.376,22.488
164.130,95.816,27.376,22.488
165.601,96.110,27.376,22.488
167.464,95.620,27.376,22.488
169.206,94.663,27.143,22.296
168.526,95.344,27.143,22.296
169.790,95.052,27.143,22.296
170.859,95.344,27.143,22.296
171.928,94.080,27.143,22.296
173.386,93.594,27.143,22.296
173.094,93.497,27.143,22.296
174.358,92.428,27.143,22.296
176.011,92.136,27.143,22.296
174.941,92.622,27.143,22.296
176.205,91.553,27.143,22.296
176.108,91.845,27.143,22.296
177.371,92.136,27.143,22.296
176.691,92.622,27.143,22.296
175.277,93.023,27.380,22.491
176.748,91.356,27.380,22.491
175.865,92.042,27.380,22.491
177.728,90.572,27.380,22.491
177.434,89.689,27.380,22.491
178.018,88.887,27.620,22.688
177.326,89.579,27.620,22.688
178.018,89.283,27.620,22.688
176.985,89.690,27.861,22.886
177.483,88.393,27.861,22.886
177.583,88.693,27.861,22.886
178.282,87.196,27.861,22.886
178.581,86.697,27.861,22.886
178.880,86.198,27.861,22.886
179.579,86.298,27.861,22.886
178.681,85.799,27.861,22.886
179.180,84.901,27.861,22.886
178.681,84.003,27.861,22.886
179.180,83.504,27.861,22.886
179.479,84.003,27.861,22.886
178.781,83.105,27.861,22.886
180.078,83.405,27.861,22.886
179.180,82.507,27.861,22.886
180.078,81.409,27.861,22.886
179.379,81.708,27.861,22.886
179.479,80.411,27.861,22.886
178.980,80.711,27.861,22.886
178.880,79.214,27.861,22.886
179.180,79.912,27.861,22.886
178.282,78.815,27.861,22.886
177.184,79.314,27.861,22.886
176.486,79.813,27.861,22.886
176.186,78.915,27.861,22.886
175.089,78.815,27.861,22.886
173.393,77.717,27.861,22.886
170.300,76.819,27.861,22.886
169.202,77.119,27.861,22.886
168.504,77.418,27.861,22.886
168.075,76.806,28.105,23.086
166.817,76.809,28.351,23.288
165.340,76.603,28.599,23.492
164.418,75.476,28.599,23.492
163.702,75.988,28.599,23.492
159.692,74.521,28.849,23.698
153.742,73.252,29.102,23.905
153.080,73.682,29.356,24.114
150.872,72.525,29.356,24.114
148.454,72.420,29.356,24.114
145.616,71.474,29.356,24.114
145.931,71.789,29.356,24.114
144.354,71.053,29.356,24.114
143.198,70.948,29.356,24.114
141.621,70.633,29.356,24.114
143.618,70.107,29.356,24.114
141.621,71.053,29.356,24.114
144.039,70.738,29.356,24.114
143.303,71.053,29.356,24.114
143.408,71.579,29.356,24.114
142.672,71.053,29.356,24.114
141.516,71.159,29.356,24.114
140.570,70.843,29.356,24.114
142.147,71.579,29.356,24.114
136.995,70.212,29.356,24.114
134.998,70.948,29.356,24.114
133.211,69.792,29.356,24.114
131.423,69.476,29.356,24.114
130.898,69.792,29.356,24.114
125.746,68.005,29.356,24.114
123.749,68.530,29.356,24.114
124.905,67.584,29.356,24.114
127.184,67.995,29.106,23.908
126.663,67.265,29.106,23.908
125.934,67.369,29.106,23.908
124.787,67.474,29.106,23.908
123.641,67.786,29.106,23.908
121.660,67.265,29.106,23.908
120.097,66.327,29.106,23.908
118.325,65.806,29.106,23.908
115.719,65.493,29.106,23.908
114.155,64.972,29.106,23.908
112.800,64.451,29.106,23.908
111.654,64.138,29.106,23.908
106.129,64.242,29.106,23.908
104.566,63.096,29.106,23.908
105.921,62.575,29.106,23.908
107.067,62.470,29.106,23.908
108.006,62.575,29.106,23.908
106.859,62.262,29.106,23.908
105.712,62.158,29.106,23.908
104.357,62.053,29.106,23.908
103.836,61.949,29.106,23.908
101.856,60.594,29.106,23.908
99.875,60.073,29.106,23.908
100.188,59.552,29.106,23.908
99.458,59.865,29.106,23.908
98.520,59.552,29.106,23.908
99.042,59.031,29.106,23.908
98.312,59.552,29.106,23.908
97.374,58.822,29.106,23.908
96.227,59.552,29.106,23.908
94.872,58.197,29.106,23.908
94.351,58.301,29.106,23.908
92.579,57.363,29.106,23.908
87.889,56.008,29.106,23.908
86.117,55.278,29.106,23.908
85.804,54.757,29.106,23.908
86.117,55.695,29.106,23.908
85.179,55.174,29.106,23.908
85.908,54.861,29.106,23.908
85.387,54.966,29.106,23.908
84.189,53.949,28.857,23.704
83.879,53.432,28.857,23.704
81.916,54.156,28.857,23.704
81.399,53.019,28.857,23.704
81.502,52.916,28.857,23.704
80.366,51.986,28.857,23.704
79.435,51.675,28.857,23.704
79.539,51.986,28.857,23.704
79.022,51.262,28.857,23.704
79.125,51.779,28.857,23.704
78.402,51.882,28.857,23.704
77.679,50.745,28.857,23.704
77.162,51.262,28.857,23.704
76.025,51.159,28.857,23.704
74.475,50.435,28.857,23.704
73.752,50.952,28.857,23.704
72.408,49.195,28.857,23.704
70.238,48.265,28.857,23.704
68.894,47.542,28.857,23.704
67.964,47.438,28.857,23.704
68.068,47.335,28.857,23.704
68.171,47.232,28.857,23.704
67.654,46.508,28.857,23.704
67.344,45.785,28.857,23.704
66.762,44.979,28.611,23.502
67.069,45.901,28.611,23.502
66.352,44.774,28.611,23.502
65.840,44.057,28.611,23.502
66.147,43.544,28.611,23.502
65.430,43.647,28.611,23.502
65.737,43.749,28.611,23.502
65.225,43.647,28.611,23.502
64.508,42.929,28.611,23.502
63.381,43.647,28.611,23.502
62.868,42.929,28.611,23.502
62.971,43.442,28.611,23.502
61.844,42.929,28.611,23.502
60.717,42.622,28.611,23.502
59.385,41.495,28.611,23.502
58.258,41.393,28.611,23.502
58.565,41.290,28.611,23.502
57.388,40.491,28.367,23.301
56.880,40.186,28.367,23.301
55.965,39.475,28.367,23.301
56.067,39.780,28.367,23.301
56.485,40.176,28.125,23.102
55.176,39.270,28.125,23.102
54.672,38.766,28.125,23.102
53.908,38.374,27.884,22.905
53.209,38.873,27.884,22.905
52.310,37.775,27.884,22.905
51.811,38.074,27.884,22.905
51.312,37.775,27.884,22.905
50.613,36.876,27.884,22.905
50.513,37.575,27.884,22.905
49.814,37.475,27.884,22.905
49.714,37.974,27.884,22.905
49.015,37.075,27.884,22.905
47.916,37.575,27.884,22.905
46.818,37.075,27.884,22.905
45.120,36.576,27.884,22.905
44.621,36.676,27.884,22.905
43.323,35.777,27.884,22.905
41.625,35.877,27.884,22.905
40.727,35.777,27.884,22.905
40.826,35.478,27.884,22.905
40.327,35.777,27.884,22.905
39.628,35.278,27.884,22.905
40.327,35.977,27.884,22.905
39.229,35.278,27.884,22.905
38.130,35.977,27.884,22.905
36.832,35.278,27.884,22.905
35.734,34.779,27.884,22.905
34.635,34.479,27.884,22.905
34.336,34.579,27.884,22.905
34.036,34.679,27.884,22.905
33.337,34.180,27.884,22.905
34.435,34.879,27.884,22.905
33.736,34.379,27.884,22.905
32.979,34.574,27.646,22.710
32.286,34.673,27.646,22.710
31.593,35.169,27.646,22.710
30.305,34.277,27.646,22.710
29.361,34.857,27.410,22.516
28.281,34.170,27.410,22.516
28.302,34.745,27.176,22.324
26.843,34.064,27.176,22.324
24.604,34.551,27.176,22.324
22.755,33.869,27.176,22.324
21.490,34.745,27.176,22.324
21.198,35.426,27.176,22.324
21.100,35.524,27.176,22.324
21.003,35.037,27.176,22.324
21.490,35.329,27.176,22.324
21.392,34.453,27.176,22.324
20.906,34.940,27.176,22.324
21.003,34.648,27.176,22.324
21.100,34.356,27.176,22.324
20.419,35.232,27.176,22.324
20.820,36.372,26.944,22.133
20.653,35.807,26.714,21.944
20.940,36.477,26.714,21.944
20.960,37.037,26.486,21.757
21.245,37.701,26.486,21.757
20.771,38.934,26.486,21.757
20.606,38.564,26.260,21.571
20.324,39.034,26.260,21.571
20.161,38.851,26.036,21.387
20.254,39.877,26.036,21.387
20.720,40.530,26.036,21.387
20.068,41.928,26.036,21.387
19.788,41.462,26.036,21.387
19.695,42.488,26.036,21.387
19.415,43.327,26.036,21.387
19.881,44.352,26.036,21.387
19.415,44.632,26.036,21.387
19.881,45.658,26.036,21.387
19.415,45.938,26.036,21.387
18.016,45.098,26.036,21.387
19.674,46.372,25.814,21.204
17.917,47.019,25.814,21.204
18.659,48.102,25.593,21.023
17.101,47.827,25.593,21.023
17.926,47.369,25.593,21.023
18.303,48.442,25.375,20.844
18.576,48.715,25.375,20.844
18.848,49.896,25.375,20.844
18.212,51.259,25.375,20.844
18.587,52.146,25.158,20.666
19.309,52.146,24.944,20.489
18.327,52.950,24.944,20.489
18.595,53.575,24.944,20.489
18.684,53.307,24.944,20.489
17.880,54.290,24.944,20.489
18.327,54.379,24.944,20.489
18.416,54.111,24.944,20.489
18.505,55.273,24.944,20.489
18.773,55.898,24.944,20.489
19.399,56.702,24.944,20.489
18.952,56.255,24.944,20.489
19.577,56.881,24.944,20.489
19.845,57.327,24.944,20.489
20.649,57.059,24.944,20.489
20.560,58.221,24.944,20.489
20.470,57.595,24.944,20.489
20.917,58.399,24.944,20.489
20.900,59.134,25.162,20.669
21.350,58.863,25.162,20.669
21.721,59.918,24.947,20.492
22.168,60.901,24.947,20.492
21.364,62.063,24.947,20.492
21.632,62.867,24.947,20.492
22.079,62.420,24.947,20.492
20.560,63.403,24.947,20.492
21.543,64.028,24.947,20.492
22.168,65.368,24.947,20.492
21.185,65.100,24.947,20.492
22.347,66.619,24.947,20.492
22.972,65.994,24.947,20.492
23.597,67.155,24.947,20.492
24.759,68.138,24.947,20.492
25.920,68.763,24.947,20.492
26.903,69.210,24.947,20.492
27.528,69.657,24.947,20.492
26.367,69.210,24.947,20.492
27.171,70.907,24.947,20.492
27.796,71.890,24.947,20.492
28.243,72.158,24.947,20.492
26.903,73.141,24.947,20.492
27.886,72.694,24.947,20.492
28.690,73.498,24.947,20.492
27.707,74.481,24.947,20.492
28.332,74.034,24.947,20.492
28.600,75.196,24.947,20.492
27.796,76.714,24.947,20.492
28.243,78.233,24.947,20.492
27.082,79.752,24.947,20.492
27.528,81.271,24.947,20.492
27.796,81.896,24.947,20.492
28.064,81.449,24.947,20.492
28.607,82.321,24.734,20.317
28.164,82.764,24.734,20.317
29.492,82.144,24.734,20.317
29.581,83.119,24.734,20.317
30.378,84.093,24.734,20.317
30.821,83.473,24.734,20.317
30.378,84.801,24.734,20.317
31.353,86.307,24.734,20.317
31.795,87.282,24.734,20.317
32.238,87.016,24.734,20.317
32.150,86.573,24.734,20.317
32.415,88.079,24.734,20.317
32.858,87.813,24.734,20.317
31.707,89.142,24.734,20.317
32.327,89.939,24.734,20.317
33.124,91.268,24.734,20.317
33.390,92.419,24.734,20.317
34.364,94.102,24.734,20.317
34.984,95.785,24.734,20.317
34.010,95.696,24.734,20.317
34.630,96.848,24.734,20.317
33.833,96.759,24.734,20.317
34.453,97.557,24.734,20.317
35.427,98.531,24.734,20.317
36.401,99.505,24.734,20.317
36.844,98.885,24.734,20.317
37.110,100.214,24.734,20.317
38.084,100.125,24.734,20.317
39.413,101.100,24.734,20.317
40.210,102.606,24.734,20.317
40.476,103.934,24.734,20.317
41.096,104.731,24.734,20.317
41.716,104.111,24.734,20.317
41.880,104.840,24.951,20.495
42.506,106.001,24.951,20.495
42.238,106.805,24.951,20.495
41.612,106.359,24.951,20.495
42.774,107.520,24.951,20.495
43.757,109.397,24.951,20.495
44.740,111.273,24.951,20.495
45.544,112.792,24.951,20.495
45.990,113.775,24.951,20.495
46.795,114.936,24.951,20.495
47.241,115.204,24.951,20.495
46.080,114.936,24.951,20.495
47.063,115.562,24.951,20.495
47.867,116.545,24.951,20.495
50.815,118.779,24.951,20.495
52.334,120.298,24.951,20.495
51.352,119.672,24.951,20.495
52.334,121.012,24.951,20.495
52.424,120.923,24.951,20.495
53.228,122.263,24.951,20.495
54.390,123.246,24.951,20.495
55.730,123.872,24.951,20.495
56.355,125.033,24.951,20.495
55.056,124.486,25.169,20.674
56.331,125.596,25.389,20.855
57.150,124.778,25.389,20.855
56.149,126.869,25.389,20.855
57.513,128.233,25.389,20.855
59.604,129.779,25.389,20.855
61.332,131.506,25.389,20.855
62.150,133.779,25.389,20.855
60.786,135.143,25.389,20.855
61.787,136.143,25.389,20.855
60.837,135.400,25.611,21.038
61.759,136.342,25.835,21.222
62.777,135.139,25.835,21.222
63.794,136.712,25.835,21.222
63.147,135.139,25.835,21.222
64.456,136.089,26.061,21.408
65.669,136.743,26.061,21.408
66.799,138.084,26.289,21.595
67.835,139.308,26.289,21.595
68.870,140.532,26.289,21.595
68.400,140.814,26.289,21.595
69.247,141.285,26.289,21.595
70.000,142.059,26.519,21.784
71.425,143.483,26.519,21.784
72.280,144.718,26.519,21.784
72.944,144.053,26.519,21.784
74.179,145.288,26.519,21.784
75.224,146.523,26.519,21.784
75.889,147.567,26.519,21.784
76.553,148.232,26.519,21.784
75.889,148.517,26.519,21.784
77.123,150.321,26.519,21.784
78.358,151.746,26.519,21.784
79.023,152.981,26.519,21.784
80.637,153.645,26.519,21.784
81.592,155.010,26.752,21.974
82.359,156.387,26.986,22.167
83.228,157.257,26.986,22.167
84.291,158.127,26.986,22.167
85.934,158.803,26.986,22.167
86.611,159.286,26.986,22.167
88.060,159.769,26.986,22.167
89.897,161.412,26.986,22.167
91.926,163.249,26.986,22.167
92.409,163.732,26.986,22.167
93.666,164.408,26.986,22.167
95.888,166.051,26.986,22.167
97.338,167.887,26.986,22.167
99.174,169.337,26.986,22.167
99.353,170.131,27.222,22.361
101.400,170.814,27.222,22.361
103.448,172.276,27.222,22.361
105.690,173.738,27.222,22.361
107.469,176.139,27.460,22.556
107.961,176.237,27.460,22.556
109.829,177.515,27.460,22.556
111.698,178.990,27.460,22.556
113.369,179.875,27.460,22.556
115.435,180.957,27.460,22.556
117.230,182.370,27.700,22.754
119.313,183.462,27.700,22.754
119.700,184.277,27.943,22.953
121.201,185.578,27.943,22.953
123.643,185.991,28.187,23.154
124.037,185.993,28.434,23.356
125.361,186.909,28.434,23.356
128.314,188.233,28.434,23.356
130.859,188.946,28.434,23.356
132.590,189.251,28.434,23.356
134.658,190.715,28.682,23.561
135.269,191.138,28.933,23.767
138.223,192.415,29.187,23.975
140.131,193.274,29.442,24.185
143.784,194.141,29.700,24.396
143.109,194.579,29.959,24.610
145.288,196.561,30.222,24.825
149.482,198.338,30.486,25.042
151.922,202.817,30.753,25.261
155.513,204.400,31.022,25.482
155.402,205.399,31.022,25.482
157.430,204.035,31.293,25.705
158.214,205.268,31.293,25.705
162.361,206.053,31.293,25.705
163.369,205.268,31.293,25.705
166.334,204.122,31.567,25.930
168.629,205.515,31.843,26.157
171.936,205.629,31.843,26.157
174.787,206.427,31.843,26.157
179.440,205.962,32.122,26.386
180.245,206.307,32.122,26.386
182.581,205.838,32.403,26.617
