276.000,161.000,73.000,74.000
276.211,161.789,73.000,74.000
278.815,160.343,73.000,74.000
282.577,160.632,73.000,74.000
285.181,159.185,73.000,74.000
288.364,160.053,73.000,74.000
292.126,159.764,73.000,74.000
295.888,160.053,73.000,74.000
300.228,160.343,73.000,74.000
302.254,161.211,73.000,74.000
304.858,161.500,73.000,74.000
307.462,160.053,73.000,74.000
308.331,158.028,73.000,74.000
309.199,153.687,73.000,74.000
310.067,148.189,73.000,74.000
312.092,143.270,73.000,74.000
312.382,139.508,73.000,74.000
312.671,140.376,73.000,74.000
312.960,142.980,73.000,74.000
311.514,145.585,73.000,74.000
311.224,148.189,73.000,74.000
309.777,150.215,73.000,74.000
311.224,151.083,73.000,74.000
309.199,152.530,73.000,74.000
309.488,152.819,73.000,74.000
308.041,153.687,73.000,74.000
308.331,154.555,73.000,74.000
306.305,157.159,73.000,74.000
307.173,158.606,73.000,74.000
305.726,160.053,73.000,74.000
307.173,161.500,73.000,74.000
305.147,162.947,73.000,74.000
305.437,162.657,73.000,74.000
305.147,162.947,73.000,74.000
304.279,162.657,73.000,74.000
304.569,161.789,73.000,74.000
303.701,162.079,73.000,74.000
302.833,162.947,73.000,74.000
301.964,163.815,73.000,74.000
300.518,165.262,73.000,74.000
299.071,167.866,73.000,74.000
299.360,169.313,73.000,74.000
298.492,170.760,73.000,74.000
299.939,171.628,73.000,74.000
300.228,172.496,73.000,74.000
300.518,172.785,73.000,74.000
301.386,172.496,73.000,74.000
301.096,173.364,73.000,74.000
301.386,173.653,73.000,74.000
301.675,172.785,73.000,74.000
301.386,173.653,73.000,74.000
300.518,173.943,73.000,74.000
300.807,174.811,73.000,74.000
300.518,175.100,73.000,74.000
299.649,175.390,73.000,74.000
299.360,176.258,73.000,74.000
299.649,175.968,73.000,74.000
299.939,176.837,73.000,74.000
299.071,177.705,73.000,74.000
299.360,178.573,73.000,74.000
298.492,180.598,73.000,74.000
299.360,180.888,73.000,74.000
299.649,181.177,73.000,74.000
301.096,179.730,73.000,74.000
301.386,176.547,73.000,74.000
302.833,174.522,73.000,74.000
303.701,172.496,73.000,74.000
303.990,172.207,73.000,74.000
303.701,173.653,73.000,74.000
304.569,174.522,73.000,74.000
303.701,178.862,73.000,74.000
303.990,184.939,73.000,74.000
303.701,191.594,73.000,74.000
304.569,195.356,73.000,74.000
303.122,197.960,73.000,74.000
301.675,195.935,73.000,74.000
301.386,194.488,73.000,74.000
299.360,195.935,73.000,74.000
297.913,198.539,73.000,74.000
297.045,201.143,73.000,74.000
295.598,203.748,73.000,74.000
294.730,205.773,73.000,74.000
293.862,207.799,73.000,74.000
292.994,209.825,73.000,74.000
291.547,211.271,73.000,74.000
290.338,212.431,73.639,74.648
289.462,210.971,73.639,74.648
289.170,208.344,73.639,74.648
288.549,205.325,74.283,75.301
288.843,203.263,74.283,75.301
288.549,201.791,74.283,75.301
288.255,200.908,74.283,75.301
287.960,200.024,74.283,75.301
287.666,199.141,74.283,75.301
287.371,198.258,74.283,75.301
287.077,197.374,74.283,75.301
286.782,195.902,74.283,75.301
287.666,196.197,74.283,75.301
289.138,195.313,74.283,75.301
289.115,195.889,74.933,75.960
289.412,196.186,74.933,75.960
290.897,196.483,74.933,75.960
291.788,197.374,74.933,75.960
292.679,197.077,74.933,75.960
292.656,195.832,75.589,76.624
292.955,195.532,75.589,76.624
293.854,194.633,75.589,76.624
294.154,194.333,75.589,76.624
294.454,194.034,75.589,76.624
294.753,193.135,75.589,76.624
295.053,193.435,75.589,76.624
294.753,193.135,75.589,76.624
295.053,192.835,75.589,76.624
294.753,192.536,75.589,76.624
294.115,191.279,76.250,77.295
293.813,190.372,76.250,77.295
294.115,190.675,76.250,77.295
293.813,190.977,76.250,77.295
294.115,191.279,76.250,77.295
294.418,191.581,76.250,77.295
295.324,191.279,76.250,77.295
295.022,191.581,76.250,77.295
295.324,190.675,76.250,77.295
294.681,190.027,76.917,77.971
294.376,190.332,76.917,77.971
294.071,190.636,76.917,77.971
293.422,189.358,77.590,78.653
293.115,190.280,77.590,78.653
293.422,190.588,77.590,78.653
293.115,189.665,77.590,78.653
294.037,189.973,77.590,78.653
294.345,189.665,77.590,78.653
294.037,188.743,77.590,78.653
294.345,187.820,77.590,78.653
294.037,186.897,77.590,78.653
294.345,186.590,77.590,78.653
293.422,185.667,77.590,78.653
293.115,184.744,77.590,78.653
293.422,184.437,77.590,78.653
293.115,184.129,77.590,78.653
293.422,183.206,77.590,78.653
293.115,182.284,77.590,78.653
292.807,181.361,77.590,78.653
292.499,181.054,77.590,78.653
291.214,179.133,78.269,79.341
290.283,178.202,78.269,79.341
291.214,176.651,78.269,79.341
291.524,175.720,78.269,79.341
291.835,174.169,78.269,79.341
291.524,173.238,78.269,79.341
292.455,172.928,78.269,79.341
292.145,172.618,78.269,79.341
291.835,171.687,78.269,79.341
291.524,171.997,78.269,79.341
291.835,172.928,78.269,79.341
292.145,172.618,78.269,79.341
291.214,174.169,78.269,79.341
292.145,173.238,78.269,79.341
291.214,175.410,78.269,79.341
292.145,175.720,78.269,79.341
291.835,176.031,78.269,79.341
292.145,176.961,78.269,79.341
292.455,175.410,78.269,79.341
292.765,176.341,78.269,79.341
293.076,174.169,78.269,79.341
292.765,175.100,78.269,79.341
293.076,172.308,78.269,79.341
292.145,170.756,78.269,79.341
291.835,169.205,78.269,79.341
291.524,168.274,78.269,79.341
291.214,166.102,78.269,79.341
290.283,168.274,78.269,79.341
290.594,164.241,78.269,79.341
289.663,167.033,78.269,79.341
288.732,167.964,78.269,79.341
288.422,166.413,78.269,79.341
288.112,169.205,78.269,79.341
287.181,170.136,78.269,79.341
288.112,167.964,78.269,79.341
287.801,171.377,78.269,79.341
288.112,173.549,78.269,79.341
287.801,171.997,78.269,79.341
288.732,175.410,78.269,79.341
288.422,175.720,78.269,79.341
288.732,176.031,78.269,79.341
288.422,177.582,78.269,79.341
289.353,175.410,78.269,79.341
289.042,178.202,78.269,79.341
289.018,174.357,78.954,80.036
288.079,177.174,78.954,80.036
289.018,173.731,78.954,80.036
288.705,174.670,78.954,80.036
289.018,171.227,78.954,80.036
289.331,172.792,78.954,80.036
289.644,169.976,78.954,80.036
289.957,171.540,78.954,80.036
290.896,170.601,78.954,80.036
291.835,172.166,78.954,80.036
292.774,173.731,78.954,80.036
293.713,174.670,78.954,80.036
294.651,176.235,78.954,80.036
295.590,178.426,78.954,80.036
297.155,177.487,78.954,80.036
298.094,179.678,78.954,80.036
299.659,178.113,78.954,80.036
300.598,179.678,78.954,80.036
300.911,178.739,78.954,80.036
299.972,179.678,78.954,80.036
299.033,180.617,78.954,80.036
298.720,178.426,78.954,80.036
298.407,178.739,78.954,80.036
296.216,177.800,78.954,80.036
295.903,176.861,78.954,80.036
296.216,176.548,78.954,80.036
294.026,176.861,78.954,80.036
294.964,175.296,78.954,80.036
292.774,174.983,78.954,80.036
293.713,172.166,78.954,80.036
292.774,171.227,78.954,80.036
293.087,168.411,78.954,80.036
291.522,166.220,78.954,80.036
290.583,164.029,78.954,80.036
289.644,161.212,78.954,80.036
289.331,160.273,78.954,80.036
288.392,158.709,78.954,80.036
289.651,156.754,79.645,80.736
287.441,157.070,79.645,80.736
289.651,156.754,79.645,80.736
288.072,157.702,79.645,80.736
291.930,155.083,80.342,81.442
289.701,157.949,80.342,81.442
293.204,161.453,80.342,81.442
291.221,156.200,81.045,82.155
288.561,150.901,81.754,82.874
293.186,152.864,82.469,83.599
290.480,144.791,83.191,84.331
287.750,139.352,83.919,85.068
284.314,137.275,84.653,85.813
280.160,134.492,85.394,86.564
284.991,135.154,86.141,87.321
281.464,131.622,86.895,88.085
278.364,130.589,86.895,88.085
274.575,128.867,86.895,88.085
279.491,128.834,87.655,88.856
278.039,130.226,88.422,89.633
276.987,127.072,88.422,89.633
277.678,129.913,89.196,90.418
277.650,134.953,89.976,91.209
277.294,127.464,89.976,91.209
278.728,133.279,90.764,92.007
277.225,127.345,91.558,92.812
278.684,134.751,92.359,93.624
278.318,130.724,92.359,93.624
280.148,138.412,92.359,93.624
280.870,136.877,93.167,94.443
280.501,136.508,93.167,94.443
281.609,139.093,93.167,94.443
280.501,138.723,93.167,94.443
281.609,141.309,93.167,94.443
280.501,141.678,93.167,94.443
280.131,143.524,93.167,94.443
279.762,146.110,93.167,94.443
280.870,147.956,93.167,94.443
280.501,150.541,93.167,94.443
282.347,151.649,93.167,94.443
281.239,154.234,93.167,94.443
282.347,155.342,93.167,94.443
282.717,157.928,93.167,94.443
285.302,161.251,93.167,94.443
287.148,163.837,93.167,94.443
286.040,167.899,93.167,94.443
288.283,165.593,93.982,95.270
285.675,167.456,93.982,95.270
286.792,166.338,93.982,95.270
286.420,167.456,93.982,95.270
284.557,167.083,93.982,95.270
284.930,168.946,93.982,95.270
283.812,170.063,93.982,95.270
282.694,171.181,93.982,95.270
280.832,171.554,93.982,95.270
280.459,171.181,93.982,95.270
280.087,173.044,93.982,95.270
279.714,173.416,93.982,95.270
281.577,171.554,93.982,95.270
280.459,174.161,93.982,95.270
282.322,172.299,93.982,95.270
281.204,174.161,93.982,95.270
283.067,172.299,93.982,95.270
281.949,174.161,93.982,95.270
283.812,172.299,93.982,95.270
284.185,174.161,93.982,95.270
283.812,172.299,93.982,95.270
283.440,172.671,93.982,95.270
284.557,170.063,93.982,95.270
284.185,170.436,93.982,95.270
284.557,167.828,93.982,95.270
284.930,168.201,93.982,95.270
285.302,167.083,93.982,95.270
283.440,167.456,93.982,95.270
281.577,164.848,93.982,95.270
279.714,165.966,93.982,95.270
277.851,167.083,93.982,95.270
279.714,162.985,93.982,95.270
280.087,164.103,93.982,95.270
279.714,160.750,93.982,95.270
278.921,160.715,94.805,96.103
279.297,158.084,94.805,96.103
280.424,159.212,94.805,96.103
281.552,158.084,94.805,96.103
282.293,159.590,95.634,96.944
278.123,156.936,95.634,96.944
277.743,153.525,95.634,96.944
276.606,150.113,95.634,96.944
273.953,145.943,95.634,96.944
272.057,142.531,95.634,96.944
268.645,139.877,95.634,96.944
267.508,136.466,95.634,96.944
267.129,133.812,95.634,96.944
265.234,131.916,95.634,96.944
264.854,131.537,95.634,96.944
263.717,131.916,95.634,96.944
264.854,131.537,95.634,96.944
262.959,131.916,95.634,96.944
263.338,130.779,95.634,96.944
263.717,131.916,95.634,96.944
263.338,130.779,95.634,96.944
264.475,130.400,95.634,96.944
264.854,127.746,95.634,96.944
264.475,128.884,95.634,96.944
265.613,126.230,95.634,96.944
264.475,129.642,95.634,96.944
264.854,126.988,95.634,96.944
263.717,131.158,95.634,96.944
266.371,129.263,95.634,96.944
265.234,132.675,95.634,96.944
268.645,130.021,95.634,96.944
265.992,134.191,95.634,96.944
268.645,134.570,95.634,96.944
265.992,134.949,95.634,96.944
265.613,136.845,95.634,96.944
265.234,139.498,95.634,96.944
264.096,140.635,95.634,96.944
263.717,141.015,95.634,96.944
264.096,140.635,95.634,96.944
264.475,141.773,95.634,96.944
266.371,140.635,95.634,96.944
263.717,143.289,95.634,96.944
268.645,141.394,95.634,96.944
265.234,142.531,95.634,96.944
268.645,139.877,95.634,96.944
265.992,141.773,95.634,96.944
268.645,140.635,95.634,96.944
265.992,144.805,95.634,96.944
270.162,139.877,95.634,96.944
269.024,138.740,95.634,96.944
270.920,142.152,95.634,96.944
269.783,138.740,95.634,96.944
271.678,140.635,95.634,96.944
269.024,138.740,95.634,96.944
272.436,137.603,95.634,96.944
269.024,140.256,95.634,96.944
270.920,135.328,95.634,96.944
270.541,137.224,95.634,96.944
269.404,136.845,95.634,96.944
272.815,137.982,95.634,96.944
270.162,139.877,95.634,96.944
272.815,138.740,95.634,96.944
274.711,141.394,95.634,96.944
272.815,144.805,95.634,96.944
271.374,149.288,94.818,96.117
273.254,147.408,94.818,96.117
271.091,150.385,94.008,95.296
272.209,150.013,94.008,95.296
271.091,152.621,94.008,95.296
270.719,154.484,94.008,95.296
271.837,157.093,94.008,95.296
271.464,159.701,94.008,95.296
271.091,161.565,94.008,95.296
271.464,163.428,94.008,95.296
271.837,166.036,94.008,95.296
272.209,168.645,94.008,95.296
271.837,169.018,94.008,95.296
272.955,171.626,94.008,95.296
271.091,171.253,94.008,95.296
271.464,173.862,94.008,95.296
271.091,172.744,94.008,95.296
269.974,173.862,94.008,95.296
270.346,174.235,94.008,95.296
270.719,173.862,94.008,95.296
271.091,171.999,94.008,95.296
269.974,173.862,94.008,95.296
272.582,171.253,94.008,95.296
271.464,173.117,94.008,95.296
273.327,172.744,94.008,95.296
271.464,173.117,94.008,95.296
274.073,174.980,94.008,95.296
272.209,173.862,94.008,95.296
274.818,175.725,94.008,95.296
273.700,175.352,94.008,95.296
274.818,174.980,94.008,95.296
273.700,175.352,94.008,95.296
275.563,174.235,94.008,95.296
272.955,176.098,94.008,95.296
275.563,171.999,94.008,95.296
269.974,170.135,94.008,95.296
265.129,171.253,94.008,95.296
261.775,170.135,94.008,95.296
265.129,169.763,94.008,95.296
261.030,168.645,94.008,95.296
265.129,167.527,94.008,95.296
261.030,167.900,94.008,95.296
264.384,167.527,94.008,95.296
261.030,164.918,94.008,95.296
265.129,165.291,94.008,95.296
261.030,164.173,94.008,95.296
264.384,161.565,94.008,95.296
261.030,159.701,94.008,95.296
259.912,157.093,94.008,95.296
263.266,155.230,94.008,95.296
259.912,152.621,94.008,95.296
258.794,150.013,94.008,95.296
258.422,146.659,94.008,95.296
256.558,144.050,94.008,95.296
256.931,141.442,94.008,95.296
255.068,138.088,94.008,95.296
252.459,136.970,94.008,95.296
251.341,134.362,94.008,95.296
250.223,131.753,94.008,95.296
249.105,129.890,94.008,95.296
249.478,128.772,94.008,95.296
249.105,126.163,94.008,95.296
248.733,125.046,94.008,95.296
248.360,123.928,94.008,95.296
247.988,123.555,94.008,95.296
248.360,123.928,94.008,95.296
248.733,125.791,94.008,95.296
249.851,126.909,94.008,95.296
250.223,128.772,94.008,95.296
249.851,131.380,94.008,95.296
251.714,134.734,94.008,95.296
252.087,137.343,94.008,95.296
252.459,139.951,94.008,95.296
254.323,143.305,94.008,95.296
255.440,145.168,94.008,95.296
257.304,147.032,94.008,95.296
257.676,149.640,94.008,95.296
258.794,151.503,94.008,95.296
259.912,153.366,94.008,95.296
261.775,155.975,94.008,95.296
262.893,159.329,94.008,95.296
264.757,162.683,94.008,95.296
265.129,166.782,94.008,95.296
264.757,170.881,94.008,95.296
268.856,174.980,94.008,95.296
268.483,179.824,94.008,95.296
268.856,183.178,94.008,95.296
270.719,185.787,94.008,95.296
271.837,187.650,94.008,95.296
272.955,188.022,94.008,95.296
274.073,189.140,94.008,95.296
275.191,189.513,94.008,95.296
276.309,188.395,94.008,95.296
275.191,190.258,94.008,95.296
277.054,190.631,94.008,95.296
276.681,188.768,94.008,95.296
277.054,191.376,94.008,95.296
279.662,188.768,94.008,95.296
278.544,191.376,94.008,95.296
282.643,188.768,94.008,95.296
282.271,192.121,94.008,95.296
282.643,192.494,94.008,95.296
285.997,189.140,94.008,95.296
285.625,191.749,94.008,95.296
288.978,187.650,94.008,95.296
287.860,190.258,94.008,95.296
288.978,189.886,94.008,95.296
288.606,188.022,94.008,95.296
287.488,189.140,94.008,95.296
287.115,189.513,94.008,95.296
285.252,190.631,94.008,95.296
283.389,191.749,94.008,95.296
281.526,193.612,94.008,95.296
279.662,196.966,94.008,95.296
276.309,201.065,94.008,95.296
280.408,197.711,94.008,95.296
277.799,201.810,94.008,95.296
282.643,197.711,94.008,95.296
280.780,201.065,94.008,95.296
285.625,195.475,94.008,95.296
288.233,192.867,94.008,95.296
287.860,194.730,94.008,95.296
290.469,189.140,94.008,95.296
290.842,190.258,94.008,95.296
289.724,192.867,94.008,95.296
292.332,188.022,94.008,95.296
290.011,189.515,94.831,96.130
291.139,186.884,94.831,96.130
289.259,188.012,94.831,96.130
288.883,186.884,94.831,96.130
287.004,186.508,94.831,96.130
288.883,184.629,94.831,96.130
287.756,183.501,94.831,96.130
287.380,180.869,94.831,96.130
287.004,178.238,94.831,96.130
286.628,176.359,94.831,96.130
287.756,176.735,94.831,96.130
285.124,175.607,94.831,96.130
287.756,175.983,94.831,96.130
287.380,174.103,94.831,96.130
288.508,169.968,94.831,96.130
289.635,173.351,94.831,96.130
291.515,168.465,94.831,96.130
289.635,172.600,94.831,96.130
291.515,167.713,94.831,96.130
289.635,170.344,94.831,96.130
291.515,166.961,94.831,96.130
292.642,168.841,94.831,96.130
290.763,166.961,94.831,96.130
291.139,168.089,94.831,96.130
290.011,166.209,94.831,96.130
288.883,167.337,94.831,96.130
288.508,164.706,94.831,96.130
285.876,165.833,94.831,96.130
286.252,162.450,94.831,96.130
283.621,162.826,94.831,96.130
283.245,159.443,94.831,96.130
281.365,160.571,94.831,96.130
280.238,157.187,94.831,96.130
282.117,159.067,94.831,96.130
279.486,154.932,94.831,96.130
279.110,153.053,94.831,96.130
279.486,154.932,94.831,96.130
278.358,150.045,94.831,96.130
277.982,151.173,94.831,96.130
279.110,147.790,94.831,96.130
277.982,145.910,94.831,96.130
279.110,148.542,94.831,96.130
279.486,144.407,94.831,96.130
279.862,147.790,94.831,96.130
280.989,143.655,94.831,96.130
279.862,142.527,94.831,96.130
281.741,145.158,94.831,96.130
282.869,141.024,94.831,96.130
283.997,143.655,94.831,96.130
282.869,140.272,94.831,96.130
285.500,142.151,94.831,96.130
282.869,138.016,94.831,96.130
285.500,139.144,94.831,96.130
283.621,136.513,94.831,96.130
283.997,139.896,94.831,96.130
282.869,136.513,94.831,96.130
281.741,141.399,94.831,96.130
282.117,140.272,94.831,96.130
279.486,144.407,94.831,96.130
281.365,144.031,94.831,96.130
277.982,147.414,94.831,96.130
279.862,144.783,94.831,96.130
280.238,147.414,94.831,96.130
279.862,145.534,94.831,96.130
277.982,148.166,94.831,96.130
279.110,146.286,94.831,96.130
277.982,146.662,94.831,96.130
279.110,144.783,94.831,96.130
276.768,146.289,95.661,96.971
279.423,144.393,95.661,96.971
281.319,146.289,95.661,96.971
281.698,144.393,95.661,96.971
279.336,145.912,96.498,97.820
282.014,144.764,96.498,97.820
279.631,143.944,97.342,98.675
282.332,144.330,97.342,98.675
279.929,143.503,98.194,99.539
281.096,142.335,98.194,99.539
281.486,143.503,98.194,99.539
281.096,142.335,98.194,99.539
283.043,143.503,98.194,99.539
284.210,141.557,98.194,99.539
286.157,144.281,98.194,99.539
288.103,140.000,98.194,99.539
289.270,142.724,98.194,99.539
291.995,140.000,98.194,99.539
294.720,139.610,98.194,99.539
295.887,142.335,98.194,99.539
297.834,141.946,98.194,99.539
299.001,142.335,98.194,99.539
299.391,145.060,98.194,99.539
302.115,142.335,98.194,99.539
300.947,145.838,98.194,99.539
302.894,142.335,98.194,99.539
301.726,145.060,98.194,99.539
303.672,141.557,98.194,99.539
300.947,145.838,98.194,99.539
302.894,141.557,98.194,99.539
301.726,144.281,98.194,99.539
303.672,140.778,98.194,99.539
300.947,144.281,98.194,99.539
302.894,143.114,98.194,99.539
300.947,145.838,98.194,99.539
301.337,143.114,98.194,99.539
300.169,146.617,98.194,99.539
301.337,144.670,98.194,99.539
299.391,145.838,98.194,99.539
300.558,143.114,98.194,99.539
297.834,145.060,98.194,99.539
297.444,143.114,98.194,99.539
294.720,144.281,98.194,99.539
296.666,142.335,98.194,99.539
293.163,142.724,98.194,99.539
294.330,140.000,98.194,99.539
291.332,141.564,97.356,98.689
291.718,139.634,97.356,98.689
288.745,142.691,96.524,97.847
289.127,140.013,96.524,97.847
286.180,141.550,95.700,97.011
286.559,139.653,95.700,97.011
282.897,142.658,94.884,96.183
283.273,141.530,94.884,96.183
282.144,144.163,94.884,96.183
279.981,142.738,94.074,95.362
278.116,146.095,94.074,95.362
276.998,145.722,94.074,95.362
274.387,148.332,94.074,95.362
272.523,146.467,94.074,95.362
271.404,149.824,94.074,95.362
270.285,147.213,94.074,95.362
267.675,150.569,94.074,95.362
267.302,149.451,94.074,95.362
264.692,152.807,94.074,95.362
263.573,152.434,94.074,95.362
262.454,154.298,94.074,95.362
261.336,153.180,94.074,95.362
260.217,154.298,94.074,95.362
260.590,152.434,94.074,95.362
259.471,154.298,94.074,95.362
259.098,151.688,94.074,95.362
258.725,153.553,94.074,95.362
259.844,150.942,94.074,95.362
258.725,152.061,94.074,95.362
259.844,150.942,94.074,95.362
258.725,152.061,94.074,95.362
259.844,151.688,94.074,95.362
259.471,150.569,94.074,95.362
260.590,152.434,94.074,95.362
260.217,152.061,94.074,95.362
260.590,153.180,94.074,95.362
260.217,152.061,94.074,95.362
261.336,153.925,94.074,95.362
260.963,151.315,94.074,95.362
264.319,151.688,94.074,95.362
265.438,149.824,94.074,95.362
268.794,150.196,94.074,95.362
272.150,149.824,94.074,95.362
276.252,151.688,94.074,95.362
279.608,149.824,94.074,95.362
284.456,151.688,94.074,95.362
288.558,153.553,94.074,95.362
291.914,153.925,94.074,95.362
295.270,155.790,94.074,95.362
298.626,157.654,94.074,95.362
301.982,158.773,94.074,95.362
304.592,159.892,94.074,95.362
307.203,160.265,94.074,95.362
309.067,158.400,94.074,95.362
310.932,160.265,94.074,95.362
310.559,158.400,94.074,95.362
313.169,160.265,94.074,95.362
310.559,156.909,94.074,95.362
313.915,158.773,94.074,95.362
311.305,156.163,94.074,95.362
313.169,154.298,94.074,95.362
311.305,153.180,94.074,95.362
310.186,152.807,94.074,95.362
311.305,150.942,94.074,95.362
310.186,152.061,94.074,95.362
311.305,151.688,94.074,95.362
310.186,152.061,94.074,95.362
311.305,153.180,94.074,95.362
310.186,153.553,94.074,95.362
309.067,154.671,94.074,95.362
307.203,152.061,94.074,95.362
304.592,155.417,94.074,95.362
301.236,152.061,94.074,95.362
295.856,156.613,94.897,96.197
290.966,153.227,94.897,96.197
287.580,151.346,94.897,96.197
284.195,150.970,94.897,96.197
282.314,149.842,94.897,96.197
281.185,147.961,94.897,96.197
282.314,145.328,94.897,96.197
282.690,144.199,94.897,96.197
280.809,143.071,94.897,96.197
281.938,141.942,94.897,96.197
284.221,139.593,95.727,97.038
283.083,139.973,95.727,97.038
284.980,139.593,95.727,97.038
286.506,138.780,96.565,97.887
283.061,137.632,96.565,97.887
285.385,135.242,97.410,98.744
281.138,138.717,97.410,98.744
282.296,136.014,97.410,98.744
283.057,134.395,98.262,99.608
281.110,137.900,98.262,99.608
282.676,135.468,99.122,100.480
279.140,139.790,99.122,100.480
281.105,137.040,99.122,100.480
278.354,142.933,99.122,100.480
280.319,140.969,99.122,100.480
282.283,144.505,99.122,100.480
280.641,143.663,99.989,101.359
285.794,148.023,99.989,101.359
282.227,146.834,99.989,101.359
285.001,147.230,99.989,101.359
283.812,146.834,99.989,101.359
285.794,146.437,99.989,101.359
287.776,144.456,99.989,101.359
286.587,146.437,99.989,101.359
286.983,143.663,99.989,101.359
286.587,142.474,99.989,101.359
284.605,144.456,99.989,101.359
285.794,140.888,99.989,101.359
283.812,145.248,99.989,101.359
286.587,140.096,99.989,101.359
284.605,144.456,99.989,101.359
287.379,138.510,99.989,101.359
290.154,135.736,99.989,101.359
290.550,137.718,99.989,101.359
292.532,138.907,99.989,101.359
291.343,140.888,99.989,101.359
294.117,138.114,99.989,101.359
292.136,140.096,99.989,101.359
292.532,138.114,99.989,101.359
289.758,140.096,99.989,101.359
292.532,138.114,99.989,101.359
288.172,140.096,99.989,101.359
286.190,140.492,99.989,101.359
288.172,140.888,99.989,101.359
283.812,142.077,99.989,101.359
287.379,141.681,99.989,101.359
282.227,141.285,99.989,101.359
285.001,140.888,99.989,101.359
280.641,139.699,99.989,101.359
284.209,137.718,99.989,101.359
278.263,138.114,99.989,101.359
276.282,135.339,99.989,101.359
273.507,134.150,99.989,101.359
277.867,133.754,99.989,101.359
273.507,134.943,99.989,101.359
271.525,132.169,99.989,101.359
275.885,132.565,99.989,101.359
273.111,131.376,99.989,101.359
272.714,132.565,99.989,101.359
271.525,131.376,99.989,101.359
271.129,131.772,99.989,101.359
271.525,129.791,99.989,101.359
271.129,128.601,99.989,101.359
271.525,125.827,99.989,101.359
271.922,125.431,99.989,101.359
273.111,123.449,99.989,101.359
273.507,122.260,99.989,101.359
274.696,121.071,99.989,101.359
274.300,121.467,99.989,101.359
273.903,119.485,99.989,101.359
273.507,121.467,99.989,101.359
272.318,124.242,99.989,101.359
271.129,129.394,99.989,101.359
270.733,135.339,99.989,101.359
271.129,132.565,99.989,101.359
270.733,139.303,99.989,101.359
271.129,137.321,99.989,101.359
269.940,143.266,99.989,101.359
271.922,141.285,99.989,101.359
270.733,144.852,99.989,101.359
271.129,144.456,99.989,101.359
269.940,148.023,99.989,101.359
267.958,149.212,99.989,101.359
266.769,148.815,99.989,101.359
265.580,151.590,99.989,101.359
265.184,153.572,99.989,101.359
263.995,154.761,99.989,101.359
265.976,157.535,99.989,101.359
263.202,157.931,99.989,101.359
262.013,161.499,99.989,101.359
262.409,159.517,99.989,101.359
261.220,162.291,99.989,101.359
263.995,160.310,99.989,101.359
267.562,163.084,99.989,101.359
263.995,163.480,99.989,101.359
262.013,167.048,99.989,101.359
260.031,169.822,99.989,101.359
262.013,165.462,99.989,101.359
260.824,168.237,99.989,101.359
262.806,164.669,99.989,101.359
262.409,165.859,99.989,101.359
263.598,163.877,99.989,101.359
263.995,165.066,99.989,101.359
265.976,162.291,99.989,101.359
267.165,161.102,99.989,101.359
265.976,160.706,99.989,101.359
268.751,158.724,99.989,101.359
268.355,156.742,99.989,101.359
269.544,155.553,99.989,101.359
268.355,152.779,99.989,101.359
270.336,153.175,99.989,101.359
269.147,149.608,99.989,101.359
268.751,146.834,99.989,101.359
271.525,146.437,99.989,101.359
270.336,143.663,99.989,101.359
273.111,140.888,99.989,101.359
271.922,138.907,99.989,101.359
274.696,139.303,99.989,101.359
271.922,136.528,99.989,101.359
275.489,137.718,99.989,101.359
273.507,134.150,99.989,101.359
275.489,136.925,99.989,101.359
275.093,135.736,99.989,101.359
276.282,136.925,99.989,101.359
275.093,134.943,99.989,101.359
275.489,135.339,99.989,101.359
275.093,134.150,99.989,101.359
275.489,134.547,99.989,101.359
275.885,133.358,99.989,101.359
275.489,133.754,99.989,101.359
276.678,133.358,99.989,101.359
276.282,132.961,99.989,101.359
276.678,131.772,99.989,101.359
277.074,130.583,99.989,101.359
275.885,128.601,99.989,101.359
275.489,128.205,99.989,101.359
275.093,127.016,99.989,101.359
273.111,127.412,99.989,101.359
273.507,127.016,99.989,101.359
273.111,127.412,99.989,101.359
272.714,127.016,99.989,101.359
273.903,128.205,99.989,101.359
275.093,128.601,99.989,101.359
275.489,127.412,99.989,101.359
276.678,128.601,99.989,101.359
277.867,126.620,99.989,101.359
277.471,127.809,99.989,101.359
278.660,128.205,99.989,101.359
279.056,127.809,99.989,101.359
279.452,128.205,99.989,101.359
278.263,127.016,99.989,101.359
279.452,128.998,99.989,101.359
279.056,126.223,99.989,101.359
279.452,127.412,99.989,101.359
277.471,123.845,99.989,101.359
278.660,124.242,99.989,101.359
276.678,119.882,99.989,101.359
277.867,117.107,99.989,101.359
275.885,115.126,99.989,101.359
277.074,111.558,99.989,101.359
276.678,109.577,99.989,101.359
277.074,107.595,99.989,101.359
277.471,107.991,99.989,101.359
277.074,106.009,99.989,101.359
278.263,104.028,99.989,101.359
278.660,105.217,99.989,101.359
279.849,102.442,99.989,101.359
281.038,105.217,99.989,101.359
281.434,104.820,99.989,101.359
282.623,106.009,99.989,101.359
283.812,107.198,99.989,101.359
283.416,105.217,99.989,101.359
283.020,107.198,99.989,101.359
282.623,106.802,99.989,101.359
281.434,107.991,99.989,101.359
281.830,108.388,99.989,101.359
281.434,108.784,99.989,101.359
280.245,110.766,99.989,101.359
280.641,111.162,99.989,101.359
281.038,113.936,99.989,101.359
280.641,115.126,99.989,101.359
281.830,117.900,99.989,101.359
282.227,119.882,99.989,101.359
281.830,121.863,99.989,101.359
283.812,125.431,99.989,101.359
285.001,129.791,99.989,101.359
286.190,132.565,99.989,101.359
287.379,135.339,99.989,101.359
286.983,138.907,99.989,101.359
288.172,140.888,99.989,101.359
287.776,142.077,99.989,101.359
287.379,144.059,99.989,101.359
287.776,143.663,99.989,101.359
288.965,147.230,99.989,101.359
289.361,148.419,99.989,101.359
290.175,150.785,99.135,100.493
288.996,149.606,99.135,100.493
291.747,152.357,99.135,100.493
287.424,149.606,99.135,100.493
286.245,152.357,99.135,100.493
282.708,151.178,99.135,100.493
278.386,148.427,99.135,100.493
258.344,130.744,99.135,100.493
254.022,127.993,99.135,100.493
252.057,128.386,99.135,100.493
254.022,127.993,99.135,100.493
253.629,128.386,99.135,100.493
256.379,127.207,99.135,100.493
257.558,126.028,99.135,100.493
259.523,126.421,99.135,100.493
260.702,126.814,99.135,100.493
261.095,127.993,99.135,100.493
260.368,129.572,98.289,99.636
261.537,130.741,98.289,99.636
261.926,132.689,98.289,99.636
261.537,133.858,98.289,99.636
261.926,135.806,98.289,99.636
261.537,137.754,98.289,99.636
261.147,139.702,98.289,99.636
260.758,141.650,98.289,99.636
259.589,142.819,98.289,99.636
259.978,144.767,98.289,99.636
259.589,145.936,98.289,99.636
258.420,147.884,98.289,99.636
258.810,149.832,98.289,99.636
260.369,152.158,97.450,98.785
259.983,154.862,97.450,98.785
261.142,157.566,97.450,98.785
262.301,160.270,97.450,98.785
258.824,155.248,97.450,98.785
260.756,160.270,97.450,98.785
258.824,154.475,97.450,98.785
260.756,159.497,97.450,98.785
264.232,166.064,97.450,98.785
266.936,169.541,97.450,98.785
269.640,172.245,97.450,98.785
266.936,171.086,97.450,98.785
272.731,173.017,97.450,98.785
270.799,172.631,97.450,98.785
276.593,174.562,97.450,98.785
273.889,176.494,97.450,98.785
279.684,175.335,97.450,98.785
276.980,177.266,97.450,98.785
280.456,178.425,97.450,98.785
277.752,179.584,97.450,98.785
282.001,181.516,97.450,98.785
282.388,181.129,97.450,98.785
283.547,182.288,97.450,98.785
283.933,183.447,97.450,98.785
285.092,184.606,97.450,98.785
286.251,183.447,97.450,98.785
288.182,183.833,97.450,98.785
289.341,182.674,97.450,98.785
288.955,183.061,97.450,98.785
291.659,181.902,97.450,98.785
293.590,178.425,97.450,98.785
293.204,177.266,97.450,98.785
293.590,175.335,97.450,98.785
293.976,173.404,97.450,98.785
295.135,173.790,97.450,98.785
293.204,170.313,97.450,98.785
293.590,171.472,97.450,98.785
292.431,170.313,97.450,98.785
291.272,169.154,97.450,98.785
291.659,167.996,97.450,98.785
289.727,166.064,97.450,98.785
288.568,167.223,97.450,98.785
288.182,164.519,97.450,98.785
287.023,166.450,97.450,98.785
285.864,163.746,97.450,98.785
285.478,161.815,97.450,98.785
285.092,160.656,97.450,98.785
284.706,160.270,97.450,98.785
285.864,158.338,97.450,98.785
285.478,160.270,97.450,98.785
286.637,156.793,97.450,98.785
286.251,157.179,97.450,98.785
286.637,156.021,97.450,98.785
285.478,154.862,97.450,98.785
285.092,153.703,97.450,98.785
284.706,153.317,97.450,98.785
284.319,152.158,97.450,98.785
283.160,151.771,97.450,98.785
283.547,149.840,97.450,98.785
283.933,149.454,97.450,98.785
284.319,150.613,97.450,98.785
283.160,151.771,97.450,98.785
283.547,150.613,97.450,98.785
282.388,151.771,97.450,98.785
281.229,150.613,97.450,98.785
282.388,150.226,97.450,98.785
280.456,150.613,97.450,98.785
280.070,148.681,97.450,98.785
280.456,145.977,97.450,98.785
278.525,146.363,97.450,98.785
278.911,144.432,97.450,98.785
278.525,144.818,97.450,98.785
276.593,142.114,97.450,98.785
276.980,141.728,97.450,98.785
277.366,140.569,97.450,98.785
275.435,142.501,97.450,98.785
273.820,144.840,98.303,99.649
272.651,146.009,98.303,99.649
272.621,147.570,99.163,100.521
271.784,149.145,100.031,101.401
267.689,151.546,100.906,102.288
270.488,153.546,100.906,102.288
266.889,153.146,100.906,102.288
270.137,149.829,101.789,103.183
264.892,154.267,101.789,103.183
267.716,150.636,101.789,103.183
269.733,148.618,101.789,103.183
270.137,147.408,101.789,103.183
270.540,146.197,101.789,103.183
270.137,144.987,101.789,103.183
269.733,143.776,101.789,103.183
270.137,142.566,101.789,103.183
269.733,141.356,101.789,103.183
269.330,139.338,101.789,103.183
268.927,136.514,101.789,103.183
269.330,133.689,101.789,103.183
268.927,129.251,101.789,103.183
268.523,128.040,101.789,103.183
269.733,126.830,101.789,103.183
270.137,123.199,101.789,103.183
272.154,122.795,101.789,103.183
273.365,121.585,101.789,103.183
273.768,121.181,101.789,103.183
275.786,121.585,101.789,103.183
274.575,120.374,101.789,103.183
275.786,118.357,101.789,103.183
275.382,117.953,101.789,103.183
274.979,116.743,101.789,103.183
276.189,116.339,101.789,103.183
275.786,115.129,101.789,103.183
276.996,114.725,101.789,103.183
276.593,113.515,101.789,103.183
277.803,114.725,101.789,103.183
278.207,111.901,101.789,103.183
278.610,114.725,101.789,103.183
276.593,112.708,101.789,103.183
276.189,115.532,101.789,103.183
274.979,115.129,101.789,103.183
273.768,115.532,101.789,103.183
272.558,114.322,101.789,103.183
270.540,113.112,101.789,103.183
271.751,111.901,101.789,103.183
268.927,108.270,101.789,103.183
270.944,102.217,101.789,103.183
268.927,106.656,101.789,103.183
269.330,101.410,101.789,103.183
268.927,103.428,101.789,103.183
269.330,102.217,101.789,103.183
269.733,102.621,101.789,103.183
270.944,103.024,101.789,103.183
268.927,103.428,101.789,103.183
268.523,104.638,101.789,103.183
268.120,105.042,101.789,103.183
267.716,107.059,101.789,103.183
267.313,108.270,101.789,103.183
266.102,109.480,101.789,103.183
264.892,110.691,101.789,103.183
263.681,111.094,101.789,103.183
264.892,112.305,101.789,103.183
262.067,111.901,101.789,103.183
263.278,113.112,101.789,103.183
262.067,114.322,101.789,103.183
260.857,115.532,101.789,103.183
262.067,116.743,101.789,103.183
260.857,117.953,101.789,103.183
261.260,119.164,101.789,103.183
261.664,117.953,101.789,103.183
260.453,118.357,101.789,103.183
261.664,117.146,101.789,103.183
259.646,117.550,101.789,103.183
259.243,117.953,101.789,103.183
259.646,119.164,101.789,103.183
258.436,120.374,101.789,103.183
258.839,120.778,101.789,103.183
260.857,121.988,101.789,103.183
262.067,123.199,101.789,103.183
263.278,124.409,101.789,103.183
265.295,125.620,101.789,103.183
266.506,126.830,101.789,103.183
267.716,127.234,101.789,103.183
268.927,127.637,101.789,103.183
270.944,127.234,101.789,103.183
272.154,127.637,101.789,103.183
272.558,128.040,101.789,103.183
274.575,126.023,101.789,103.183
275.786,127.234,101.789,103.183
277.803,127.637,101.789,103.183
280.628,128.847,101.789,103.183
284.259,130.865,101.789,103.183
287.890,132.075,101.789,103.183
285.873,135.707,101.789,103.183
287.890,139.338,101.789,103.183
285.873,136.514,101.789,103.183
289.504,141.759,101.789,103.183
287.487,144.583,101.789,103.183
289.504,143.373,101.789,103.183
289.908,147.811,101.789,103.183
288.697,145.794,101.789,103.183
290.715,145.390,101.789,103.183
287.083,145.794,101.789,103.183
289.101,147.004,101.789,103.183
287.890,147.408,101.789,103.183
290.715,149.425,101.789,103.183
290.311,148.215,101.789,103.183
290.715,151.039,101.789,103.183
292.732,152.250,101.789,103.183
292.329,151.846,101.789,103.183
291.925,155.478,101.789,103.183
293.136,157.495,101.789,103.183
293.539,157.898,101.789,103.183
293.943,159.916,101.789,103.183
294.346,159.512,101.789,103.183
293.943,160.723,101.789,103.183
294.346,160.319,101.789,103.183
293.943,161.530,101.789,103.183
293.539,161.126,101.789,103.183
295.557,160.723,101.789,103.183
294.346,164.354,101.789,103.183
295.557,162.337,101.789,103.183
294.346,164.354,101.789,103.183
296.364,163.144,101.789,103.183
293.850,164.760,102.679,104.086
297.513,163.539,102.679,104.086
294.664,165.574,102.679,104.086
297.513,163.539,102.679,104.086
295.478,162.318,102.679,104.086
297.513,160.283,102.679,104.086
297.106,158.248,102.679,104.086
296.699,161.097,102.679,104.086
300.363,156.620,102.679,104.086
297.513,160.283,102.679,104.086
301.177,155.806,102.679,104.086
299.142,158.655,102.679,104.086
301.177,152.550,102.679,104.086
298.328,148.887,102.679,104.086
297.921,145.223,102.679,104.086
301.584,148.073,102.679,104.086
297.921,142.781,102.679,104.086
296.699,139.118,102.679,104.086
299.549,142.781,102.679,104.086
295.885,136.676,102.679,104.086
297.921,132.199,102.679,104.086
296.699,135.048,102.679,104.086
295.478,128.943,102.679,104.086
294.257,125.280,102.679,104.086
292.222,128.943,102.679,104.086
288.559,123.652,102.679,104.086
280.012,119.988,102.679,104.086
283.675,125.280,102.679,104.086
275.942,119.988,102.679,104.086
278.791,124.466,102.679,104.086
282.454,119.174,102.679,104.086
274.721,124.466,102.679,104.086
277.570,119.988,102.679,104.086
271.464,115.511,102.679,104.086
273.500,121.616,102.679,104.086
274.721,117.139,102.679,104.086
271.057,113.476,102.679,104.086
273.093,109.813,102.679,104.086
268.615,106.964,102.679,104.086
270.650,104.115,102.679,104.086
271.871,102.080,102.679,104.086
272.278,100.045,102.679,104.086
270.243,98.824,102.679,104.086
272.278,101.673,102.679,104.086
272.685,101.266,102.679,104.086
274.721,103.301,102.679,104.086
276.756,102.894,102.679,104.086
277.977,102.487,102.679,104.086
278.779,103.283,103.578,104.997
274.263,102.872,103.578,104.997
275.494,105.746,103.578,104.997
275.905,105.336,103.578,104.997
277.556,103.614,104.484,105.916
279.222,101.877,105.398,106.842
281.311,100.624,105.398,106.842
283.400,99.370,105.398,106.842
284.223,98.474,106.321,107.777
284.190,97.571,107.251,108.720
284.157,97.531,108.189,109.671
284.585,97.102,108.189,109.671
284.552,97.062,109.136,110.631
284.518,95.248,110.091,111.599
283.208,94.811,110.091,111.599
284.518,93.502,110.091,111.599
284.081,93.939,110.091,111.599
284.518,93.502,110.091,111.599
284.081,93.939,110.091,111.599
285.390,93.502,110.091,111.599
284.954,94.811,110.091,111.599
284.518,96.121,110.091,111.599
284.081,97.430,110.091,111.599
285.390,96.993,110.091,111.599
285.827,96.557,110.091,111.599
285.792,94.727,111.054,112.576
285.352,92.526,111.054,112.576
284.912,89.444,111.054,112.576
284.472,86.363,111.054,112.576
284.032,84.162,111.054,112.576
284.472,86.363,111.054,112.576
283.151,83.281,111.054,112.576
282.711,86.363,111.054,112.576
280.510,85.922,111.054,112.576
278.309,90.765,111.054,112.576
283.151,89.444,111.054,112.576
282.711,90.765,111.054,112.576
284.032,90.325,111.054,112.576
285.352,91.645,111.054,112.576
285.792,92.085,111.054,112.576
286.233,90.765,111.054,112.576
287.553,91.205,111.054,112.576
289.754,89.884,111.054,112.576
292.427,90.746,112.026,113.561
295.535,88.525,112.026,113.561
297.756,87.193,112.026,113.561
299.976,87.637,112.026,113.561
301.308,88.081,112.026,113.561
302.641,86.749,112.026,113.561
301.308,85.417,112.026,113.561
304.417,86.749,112.026,113.561
304.861,84.529,112.026,113.561
302.641,84.085,112.026,113.561
303.973,85.417,112.026,113.561
302.641,84.085,112.026,113.561
303.516,84.043,113.006,114.554
302.172,83.595,113.006,114.554
300.828,84.043,113.006,114.554
302.172,87.179,113.006,114.554
299.932,84.939,113.006,114.554
302.172,89.866,113.006,114.554
302.620,89.418,113.006,114.554
305.756,92.554,113.006,114.554
307.995,93.898,113.006,114.554
310.235,96.138,113.006,114.554
307.100,93.898,113.006,114.554
312.027,97.033,113.006,114.554
312.475,93.898,113.006,114.554
314.715,93.450,113.006,114.554
315.163,90.314,113.006,114.554
313.819,90.762,113.006,114.554
316.059,88.522,113.006,114.554
313.819,86.283,113.006,114.554
316.059,85.835,113.006,114.554
313.819,84.491,113.006,114.554
316.059,83.147,113.006,114.554
314.715,86.283,113.006,114.554
316.059,81.355,113.006,114.554
312.923,77.324,113.006,114.554
314.267,80.459,113.006,114.554
309.339,75.532,113.006,114.554
307.100,73.292,113.006,114.554
304.860,70.156,113.006,114.554
307.100,73.292,113.006,114.554
303.068,70.156,113.006,114.554
303.516,70.604,113.006,114.554
302.172,69.260,113.006,114.554
300.828,72.396,113.006,114.554
302.172,70.156,113.006,114.554
299.036,75.980,113.006,114.554
299.484,72.844,113.006,114.554
297.245,77.772,113.006,114.554
296.797,74.636,113.006,114.554
295.453,79.563,113.006,114.554
295.901,76.428,113.006,114.554
294.557,81.355,113.006,114.554
296.797,78.220,113.006,114.554
294.557,82.251,113.006,114.554
296.797,79.115,113.006,114.554
294.557,84.043,113.006,114.554
296.797,80.907,113.006,114.554
294.557,84.043,113.006,114.554
296.797,81.803,113.006,114.554
294.557,85.835,113.006,114.554
297.693,82.699,113.006,114.554
295.453,85.835,113.006,114.554
295.901,83.595,113.006,114.554
295.453,82.251,113.006,114.554
294.109,86.283,113.006,114.554
295.453,83.147,113.006,114.554
295.901,87.179,113.006,114.554
295.453,83.147,113.006,114.554
295.901,87.179,113.006,114.554
293.661,83.147,113.006,114.554
295.901,87.179,113.006,114.554
291.869,81.355,113.006,114.554
295.005,84.491,113.006,114.554
291.869,79.563,113.006,114.554
293.213,85.387,113.006,114.554
290.077,90.314,113.006,114.554
293.213,88.074,113.006,114.554
290.077,93.898,113.006,114.554
292.317,98.825,113.006,114.554
289.740,96.255,112.042,113.576
290.184,102.029,112.042,113.576
287.630,102.080,111.085,112.607
290.712,106.043,111.085,112.607
288.510,102.961,111.085,112.607
288.951,106.924,111.085,112.607
287.630,102.961,111.085,112.607
285.097,104.730,110.137,111.646
288.153,103.421,110.137,111.646
285.970,104.730,110.137,111.646
286.406,101.674,110.137,111.646
287.716,102.984,110.137,111.646
285.533,99.928,110.137,111.646
288.589,101.238,110.137,111.646
285.533,99.055,110.137,111.646
288.589,102.111,110.137,111.646
285.533,99.928,110.137,111.646
287.716,102.111,110.137,111.646
286.406,100.801,110.137,111.646
286.843,104.730,110.137,111.646
288.153,104.294,110.137,111.646
286.843,106.477,110.137,111.646
288.153,106.913,110.137,111.646
288.589,105.603,110.137,111.646
288.153,105.167,110.137,111.646
287.716,102.984,110.137,111.646
288.153,101.674,110.137,111.646
286.843,100.365,110.137,111.646
287.279,99.055,110.137,111.646
285.970,98.618,110.137,111.646
287.279,96.435,110.137,111.646
287.716,96.872,110.137,111.646
287.279,95.562,110.137,111.646
286.843,96.872,110.137,111.646
286.406,96.435,110.137,111.646
285.970,97.745,110.137,111.646
284.660,96.435,110.137,111.646
282.477,97.745,110.137,111.646
282.041,97.308,110.137,111.646
282.477,95.999,110.137,111.646
282.914,94.689,110.137,111.646
281.604,95.126,110.137,111.646
283.787,92.070,110.137,111.646
279.858,94.252,110.137,111.646
284.660,92.070,110.137,111.646
280.731,92.506,110.137,111.646
283.787,92.943,110.137,111.646
284.223,90.760,110.137,111.646
284.660,93.816,110.137,111.646
279.858,94.252,110.137,111.646
282.914,94.689,110.137,111.646
283.350,95.999,110.137,111.646
282.914,93.816,110.137,111.646
283.350,97.745,110.137,111.646
281.167,93.816,110.137,111.646
281.604,97.745,110.137,111.646
280.294,93.816,110.137,111.646
280.731,92.506,110.137,111.646
279.421,91.196,110.137,111.646
279.858,88.140,110.137,111.646
279.421,92.070,110.137,111.646
278.111,88.140,110.137,111.646
278.548,84.211,110.137,111.646
278.984,89.014,110.137,111.646
277.675,85.957,110.137,111.646
276.365,82.028,110.137,111.646
279.421,88.577,110.137,111.646
277.238,84.648,110.137,111.646
279.421,83.338,110.137,111.646
281.604,86.394,110.137,111.646
281.167,83.338,110.137,111.646
282.477,82.028,110.137,111.646
283.787,81.592,110.137,111.646
285.970,81.155,110.137,111.646
286.406,80.719,110.137,111.646
286.843,80.282,110.137,111.646
288.153,78.972,110.137,111.646
289.462,77.663,110.137,111.646
290.772,76.353,110.137,111.646
290.335,75.043,110.137,111.646
292.518,73.733,110.137,111.646
293.828,72.424,110.137,111.646
295.138,72.860,110.137,111.646
297.321,71.550,110.137,111.646
297.757,71.114,110.137,111.646
299.067,69.804,110.137,111.646
297.757,71.987,110.137,111.646
299.940,68.058,110.137,111.646
296.884,71.114,110.137,111.646
299.940,67.185,110.137,111.646
296.011,70.241,110.137,111.646
299.067,67.185,110.137,111.646
295.138,70.241,110.137,111.646
298.194,67.185,110.137,111.646
295.138,71.114,110.137,111.646
299.067,68.058,110.137,111.646
300.377,72.860,110.137,111.646
303.433,71.550,110.137,111.646
297.514,76.712,109.197,110.693
302.275,75.414,109.197,110.693
303.574,76.712,109.197,110.693
304.872,78.876,109.197,110.693
299.004,82.305,108.265,109.748
302.866,81.876,108.265,109.748
304.154,84.880,108.265,109.748
299.433,87.884,108.265,109.748
303.296,85.738,108.265,109.748
300.292,89.601,108.265,109.748
304.154,86.597,108.265,109.748
300.010,89.996,107.340,108.811
303.840,87.017,107.340,108.811
299.732,89.557,106.424,107.882
303.529,86.604,106.424,107.882
298.044,90.401,106.424,107.882
300.154,86.604,106.424,107.882
294.670,91.245,106.424,107.882
297.623,88.292,106.424,107.882
294.670,91.245,106.424,107.882
296.779,87.448,106.424,107.882
292.982,90.401,106.424,107.882
293.404,87.448,106.424,107.882
290.451,90.401,106.424,107.882
289.185,88.292,106.424,107.882
286.232,90.401,106.424,107.882
286.654,88.292,106.424,107.882
284.545,90.401,106.424,107.882
285.810,88.292,106.424,107.882
284.545,91.245,106.424,107.882
285.810,89.135,106.424,107.882
284.545,92.932,106.424,107.882
284.967,90.823,106.424,107.882
283.701,94.620,106.424,107.882
283.279,95.041,106.424,107.882
282.014,97.995,106.424,107.882
280.748,96.729,106.424,107.882
278.639,100.526,106.424,107.882
281.592,97.573,106.424,107.882
279.483,99.682,106.424,107.882
282.436,97.573,106.424,107.882
281.170,99.682,106.424,107.882
284.123,96.729,106.424,107.882
282.857,99.682,106.424,107.882
284.967,96.729,106.424,107.882
282.014,101.369,106.424,107.882
283.279,100.948,106.424,107.882
281.170,103.057,106.424,107.882
282.436,101.791,106.424,107.882
280.326,103.901,106.424,107.882
282.436,100.948,106.424,107.882
281.170,103.057,106.424,107.882
283.279,100.948,106.424,107.882
282.014,103.901,106.424,107.882
284.967,102.635,106.424,107.882
282.857,104.744,106.424,107.882
285.810,103.479,106.424,107.882
283.701,104.744,106.424,107.882
286.654,103.479,106.424,107.882
284.545,105.588,106.424,107.882
286.654,104.322,106.424,107.882
285.389,103.901,106.424,107.882
284.123,106.854,106.424,107.882
286.232,104.744,106.424,107.882
284.123,106.854,106.424,107.882
286.232,105.588,106.424,107.882
284.123,107.697,106.424,107.882
286.232,105.588,106.424,107.882
284.967,106.854,106.424,107.882
286.232,106.432,106.424,107.882
285.810,106.010,106.424,107.882
284.545,108.119,106.424,107.882
285.810,106.010,106.424,107.882
282.857,108.963,106.424,107.882
287.498,105.166,106.424,107.882
284.545,108.119,106.424,107.882
288.342,106.010,106.424,107.882
285.389,108.963,106.424,107.882
288.342,106.854,106.424,107.882
286.232,111.494,106.424,107.882
290.029,109.385,106.424,107.882
287.076,109.807,106.424,107.882
287.498,111.916,106.424,107.882
290.451,109.807,106.424,107.882
290.029,108.541,106.424,107.882
291.295,106.432,106.424,107.882
291.337,109.773,105.515,106.961
294.265,106.009,105.515,106.961
293.847,109.773,105.515,106.961
296.775,106.009,105.515,106.961
296.356,108.937,105.515,106.961
299.284,104.336,105.515,106.961
296.356,110.610,105.515,106.961
300.121,106.009,105.515,106.961
297.193,109.773,105.515,106.961
300.957,105.172,105.515,106.961
296.356,110.610,105.515,106.961
299.284,106.009,105.515,106.961
296.356,112.283,105.515,106.961
298.448,107.682,105.515,106.961
295.520,113.956,105.515,106.961
296.775,110.191,105.515,106.961
293.847,116.465,105.515,106.961
293.429,114.374,105.515,106.961
291.337,120.648,105.515,106.961
293.429,118.557,105.515,106.961
291.337,124.830,105.515,106.961
295.102,121.903,105.515,106.961
292.174,127.340,105.515,106.961
296.775,123.576,105.515,106.961
293.847,129.013,105.515,106.961
297.611,126.085,105.515,106.961
293.847,130.686,105.515,106.961
297.611,126.922,105.515,106.961
294.683,129.850,105.515,106.961
298.448,126.085,105.515,106.961
297.193,129.013,105.515,106.961
296.775,126.922,105.515,106.961
295.520,129.013,105.515,106.961
295.102,126.922,105.515,106.961
292.174,129.013,105.515,106.961
292.592,127.758,105.515,106.961
291.337,131.523,105.515,106.961
291.756,131.104,105.515,106.961
288.828,136.542,105.515,106.961
288.410,138.633,105.515,106.961
289.664,138.215,105.515,106.961
291.756,141.979,105.515,106.961
291.337,144.070,105.515,106.961
292.592,142.816,105.515,106.961
291.337,146.580,105.515,106.961
294.265,143.652,105.515,106.961
291.337,146.580,105.515,106.961
294.265,143.652,105.515,106.961
291.337,146.580,105.515,106.961
293.429,142.816,105.515,106.961
291.337,144.070,105.515,106.961
293.429,140.306,105.515,106.961
291.839,143.619,104.615,106.048
294.742,138.228,104.615,106.048
294.327,141.131,104.615,106.048
296.400,136.569,104.615,106.048
296.815,133.666,104.615,106.048
297.230,131.593,104.615,106.048
297.644,128.690,104.615,106.048
298.888,124.958,104.615,106.048
299.303,122.885,104.615,106.048
300.547,119.152,104.615,106.048
301.791,116.250,104.615,106.048
298.059,117.494,104.615,106.048
300.132,112.103,104.615,106.048
299.718,109.200,104.615,106.048
294.327,107.956,104.615,106.048
291.424,104.224,104.615,106.048
289.351,107.956,104.615,106.048
287.277,103.394,104.615,106.048
283.545,107.126,104.615,106.048
285.618,103.394,104.615,106.048
280.227,107.126,104.615,106.048
281.471,103.394,104.615,106.048
278.569,107.956,104.615,106.048
280.642,105.053,104.615,106.048
277.739,108.785,104.615,106.048
279.813,105.882,104.615,106.048
276.081,109.615,104.615,106.048
278.154,105.882,104.615,106.048
276.081,109.615,104.615,106.048
277.325,106.712,104.615,106.048
274.422,110.444,104.615,106.048
276.495,106.712,104.615,106.048
276.081,109.615,104.615,106.048
278.154,105.882,104.615,106.048
276.910,109.615,104.615,106.048
278.983,105.882,104.615,106.048
277.739,109.615,104.615,106.048
279.813,105.053,104.615,106.048
278.569,107.956,104.615,106.048
279.813,104.224,104.615,106.048
280.227,107.126,104.615,106.048
281.471,103.394,104.615,106.048
280.227,107.126,104.615,106.048
282.301,102.565,104.615,106.048
279.398,106.297,104.615,106.048
282.301,102.565,104.615,106.048
278.569,106.297,104.615,106.048
282.301,103.394,104.615,106.048
279.398,107.126,104.615,106.048
282.301,103.394,104.615,106.048
279.398,107.126,104.615,106.048
283.130,103.394,104.615,106.048
281.886,104.638,104.615,106.048
283.960,100.906,104.615,106.048
281.886,103.809,104.615,106.048
284.789,101.735,104.615,106.048
282.716,104.638,104.615,106.048
285.618,101.735,104.615,106.048
282.716,105.468,104.615,106.048
283.960,103.394,104.615,106.048
281.886,107.956,104.615,106.048
283.960,105.053,104.615,106.048
281.057,109.615,104.615,106.048
283.960,106.712,104.615,106.048
280.227,111.273,104.615,106.048
279.813,113.347,104.615,106.048
281.057,113.761,104.615,106.048
278.983,115.835,104.615,106.048
281.886,112.932,104.615,106.048
279.813,116.664,104.615,106.048
281.886,114.591,104.615,106.048
279.813,118.323,104.615,106.048
283.545,115.420,104.615,106.048
280.642,119.152,104.615,106.048
284.374,115.420,104.615,106.048
282.301,118.323,104.615,106.048
286.033,114.591,104.615,106.048
288.107,113.347,104.615,106.048
287.692,115.420,104.615,106.048
290.595,114.176,104.615,106.048
287.692,113.761,104.615,106.048
288.936,119.152,104.615,106.048
287.692,116.250,104.615,106.048
288.107,110.029,104.615,106.048
292.668,105.468,104.615,106.048
291.424,110.859,104.615,106.048
291.009,115.420,104.615,106.048
293.912,113.347,104.615,106.048
291.839,114.591,104.615,106.048
295.571,110.859,104.615,106.048
292.668,113.761,104.615,106.048
297.230,110.859,104.615,106.048
295.156,114.591,104.615,106.048
300.547,112.517,104.615,106.048
299.303,116.250,104.615,106.048
303.865,114.176,104.615,106.048
305.109,117.908,104.615,106.048
308.841,115.005,104.615,106.048
307.597,118.738,104.615,106.048
312.158,116.664,104.615,106.048
314.232,119.567,104.615,106.048
314.647,116.664,104.615,106.048
316.720,118.738,104.615,106.048
317.964,115.005,104.615,106.048
315.891,117.908,104.615,106.048
318.793,113.347,104.615,106.048
315.061,115.420,104.615,106.048
317.135,110.859,104.615,106.048
312.573,112.932,104.615,106.048
313.817,109.200,104.615,106.048
309.256,111.273,104.615,106.048
308.012,107.541,104.615,106.048
306.767,104.638,104.615,106.048
303.035,105.882,104.615,106.048
303.450,102.150,104.615,106.048
298.888,102.565,104.615,106.048
300.132,98.833,104.615,106.048
296.400,99.247,104.615,106.048
294.327,98.003,104.615,106.048
292.253,98.418,104.615,106.048
291.009,99.662,104.615,106.048
291.424,97.589,104.615,106.048
287.692,101.321,104.615,106.048
287.277,100.077,104.615,106.048
284.374,103.809,104.615,106.048
286.448,100.906,104.615,106.048
282.716,105.468,104.615,106.048
283.960,102.565,104.615,106.048
281.057,107.126,104.615,106.048
283.130,104.224,104.615,106.048
280.227,108.785,104.615,106.048
282.301,105.053,104.615,106.048
281.057,111.273,104.615,106.048
284.789,110.859,104.615,106.048
286.033,105.468,104.615,106.048
279.813,113.347,104.615,106.048
285.204,115.420,104.615,106.048
289.765,110.029,104.615,106.048
291.839,113.761,104.615,106.048
291.424,115.835,104.615,106.048
294.327,112.103,104.615,106.048
294.742,116.664,104.615,106.048
297.644,114.591,104.615,106.048
296.400,118.323,104.615,106.048
299.303,117.079,104.615,106.048
296.400,120.811,104.615,106.048
299.303,116.250,104.615,106.048
296.400,120.811,104.615,106.048
299.303,116.250,104.615,106.048
296.400,119.982,104.615,106.048
300.962,116.250,104.615,106.048
299.718,119.152,104.615,106.048
302.621,115.420,104.615,106.048
299.718,119.152,104.615,106.048
303.450,115.420,104.615,106.048
299.718,119.982,104.615,106.048
302.621,116.250,104.615,106.048
298.888,120.811,104.615,106.048
300.962,117.079,104.615,106.048
297.230,120.811,104.615,106.048
295.986,117.908,104.615,106.048
293.083,121.640,104.615,106.048
295.156,117.079,104.615,106.048
291.424,120.811,104.615,106.048
291.009,117.079,104.615,106.048
291.424,119.152,104.615,106.048
291.839,116.250,104.615,106.048
292.253,119.982,104.615,106.048
293.497,116.250,104.615,106.048
293.912,119.982,104.615,106.048
295.156,118.738,104.615,106.048
294.742,121.640,104.615,106.048
295.156,118.738,104.615,106.048
293.912,122.470,104.615,106.048
295.986,119.567,104.615,106.048
293.912,122.470,104.615,106.048
296.815,120.396,104.615,106.048
293.912,124.129,104.615,106.048
295.986,121.226,104.615,106.048
293.912,124.129,104.615,106.048
295.986,122.055,104.615,106.048
293.083,124.958,104.615,106.048
295.986,122.055,104.615,106.048
293.083,124.958,104.615,106.048
295.986,122.055,104.615,106.048
293.083,124.958,104.615,106.048
295.986,122.885,104.615,106.048
293.083,124.958,104.615,106.048
295.156,122.885,104.615,106.048
292.253,125.787,104.615,106.048
293.497,122.885,104.615,106.048
292.253,125.787,104.615,106.048
293.497,122.885,104.615,106.048
291.424,124.958,104.615,106.048
293.497,122.885,104.615,106.048
290.595,124.958,104.615,106.048
291.839,123.714,104.615,106.048
289.765,126.617,104.615,106.048
289.351,127.031,104.615,106.048
285.618,129.934,104.615,106.048
285.204,131.178,104.615,106.048
281.471,133.252,104.615,106.048
281.057,136.155,104.615,106.048
281.471,138.228,104.615,106.048
282.716,138.643,104.615,106.048
283.130,141.546,104.615,106.048
281.886,144.448,104.615,106.048
279.813,148.181,104.615,106.048
278.569,148.595,104.615,106.048
278.983,147.351,104.615,106.048
278.569,151.083,104.615,106.048
277.325,149.010,104.615,106.048
277.739,150.254,104.615,106.048
278.154,149.839,104.615,106.048
277.739,148.595,104.615,106.048
275.666,148.181,104.615,106.048
275.251,149.425,104.615,106.048
273.178,150.669,104.615,106.048
273.592,148.595,104.615,106.048
271.519,149.010,104.615,106.048
270.275,148.595,104.615,106.048
269.031,148.181,104.615,106.048
270.275,148.595,104.615,106.048
267.372,149.010,104.615,106.048
267.787,150.254,104.615,106.048
265.713,151.498,104.615,106.048
266.128,150.254,104.615,106.048
265.713,152.327,104.615,106.048
264.469,153.571,104.615,106.048
264.055,151.498,104.615,106.048
266.128,153.571,104.615,106.048
264.884,153.157,104.615,106.048
267.787,153.571,104.615,106.048
266.543,150.669,104.615,106.048
269.446,150.254,104.615,106.048
267.372,149.839,104.615,106.048
269.446,148.595,104.615,106.048
269.031,146.522,104.615,106.048
271.934,145.278,104.615,106.048
268.201,148.181,104.615,106.048
267.787,150.254,104.615,106.048
269.860,148.181,104.615,106.048
267.787,150.254,104.615,106.048
272.348,147.351,104.615,106.048
269.446,146.936,104.615,106.048
272.348,145.692,104.615,106.048
269.446,144.448,104.615,106.048
268.201,144.034,104.615,106.048
266.957,142.790,104.615,106.048
265.713,141.546,104.615,106.048
263.640,140.301,104.615,106.048
260.737,139.887,104.615,106.048
258.664,138.643,104.615,106.048
256.590,137.399,104.615,106.048
261.152,141.131,104.615,106.048
259.078,137.399,104.615,106.048
257.834,137.813,104.615,106.048
256.590,135.740,104.615,106.048
261.152,134.496,104.615,106.048
259.078,132.422,104.615,106.048
262.811,135.325,104.615,106.048
261.566,132.422,104.615,106.048
260.322,131.178,104.615,106.048
259.078,136.569,104.615,106.048
265.299,132.837,104.615,106.048
264.055,129.105,104.615,106.048
271.104,132.837,104.615,106.048
269.860,135.740,104.615,106.048
276.081,131.178,104.615,106.048
274.836,134.911,104.615,106.048
273.592,136.155,104.615,106.048
278.154,130.764,104.615,106.048
276.081,132.008,104.615,106.048
280.642,127.446,104.615,106.048
276.910,127.861,104.615,106.048
283.960,122.470,104.615,106.048
279.398,122.055,104.615,106.048
285.618,116.664,104.615,106.048
281.057,117.079,104.615,106.048
286.448,114.176,104.615,106.048
281.886,116.250,104.615,106.048
286.448,116.664,104.615,106.048
283.545,117.079,104.615,106.048
288.107,115.835,104.615,106.048
284.374,117.079,104.615,106.048
288.107,115.835,104.615,106.048
284.374,117.079,104.615,106.048
288.936,116.664,104.615,106.048
286.033,117.908,104.615,106.048
293.083,115.835,104.615,106.048
290.180,117.908,104.615,106.048
296.400,118.323,104.615,106.048
293.497,120.396,104.615,106.048
291.424,123.299,104.615,106.048
296.815,122.055,104.615,106.048
292.253,124.958,104.615,106.048
288.521,126.202,104.615,106.048
285.618,126.617,104.615,106.048
283.545,122.055,104.615,106.048
280.642,124.129,104.615,106.048
276.359,124.090,105.530,106.976
282.634,121.162,105.530,106.976
279.705,124.090,105.530,106.976
276.777,126.181,105.530,106.976
272.176,128.273,105.530,106.976
279.287,125.345,105.530,106.976
276.359,128.273,105.530,106.976
282.634,126.181,105.530,106.976
279.705,128.273,105.530,106.976
283.470,129.528,105.530,106.976
282.215,130.783,105.530,106.976
286.817,131.201,105.530,106.976
283.889,130.783,105.530,106.976
288.490,131.201,105.530,106.976
285.562,129.110,105.530,106.976
290.163,130.364,105.530,106.976
287.235,130.783,105.530,106.976
286.817,132.038,105.530,106.976
285.562,134.129,105.530,106.976
289.327,137.894,105.530,106.976
286.399,141.659,105.530,106.976
291.000,137.058,105.530,106.976
288.908,141.659,105.530,106.976
288.490,137.894,105.530,106.976
290.582,141.659,105.530,106.976
289.327,138.731,105.530,106.976
288.908,142.496,105.530,106.976
289.767,139.279,104.629,106.063
288.523,142.182,104.629,106.063
287.279,140.109,104.629,106.063
286.034,143.012,104.629,106.063
287.279,138.450,104.629,106.063
283.546,142.182,104.629,106.063
285.620,139.279,104.629,106.063
282.716,143.012,104.629,106.063
283.131,139.279,104.629,106.063
281.057,143.012,104.629,106.063
283.131,140.938,104.629,106.063
281.057,143.841,104.629,106.063
283.961,140.938,104.629,106.063
283.546,143.841,104.629,106.063
284.790,140.938,104.629,106.063
286.034,143.012,104.629,106.063
288.504,139.014,103.736,105.157
286.448,140.247,103.736,105.157
286.490,137.086,102.851,104.259
284.144,135.542,101.973,103.369
283.740,138.371,101.973,103.369
282.527,136.350,101.973,103.369
283.740,139.180,101.973,103.369
282.527,134.733,101.973,103.369
281.315,134.329,101.973,103.369
280.911,133.925,101.973,103.369
281.315,132.712,101.973,103.369
280.911,130.691,101.973,103.369
281.315,131.095,101.973,103.369
280.102,129.883,101.973,103.369
280.506,128.670,101.973,103.369
280.102,127.458,101.973,103.369
280.506,126.245,101.973,103.369
279.294,124.224,101.973,103.369
278.081,123.011,101.973,103.369
279.294,122.607,101.973,103.369
278.081,120.586,101.973,103.369
278.485,120.182,101.973,103.369
277.273,120.586,101.973,103.369
276.868,120.990,101.973,103.369
276.464,121.394,101.973,103.369
275.252,120.990,101.973,103.369
274.847,121.394,101.973,103.369
276.060,120.182,101.973,103.369
274.847,118.969,101.973,103.369
275.252,117.756,101.973,103.369
274.039,117.352,101.973,103.369
275.252,116.140,101.973,103.369
272.422,114.927,101.973,103.369
274.443,114.523,101.973,103.369
272.422,112.502,101.973,103.369
272.826,112.906,101.973,103.369
273.231,113.310,101.973,103.369
271.209,112.097,101.973,103.369
274.039,114.118,101.973,103.369
273.635,114.523,101.973,103.369
274.847,115.735,101.973,103.369
276.060,117.756,101.973,103.369
275.656,118.969,101.973,103.369
277.677,120.990,101.973,103.369
276.464,122.203,101.973,103.369
279.294,124.224,101.973,103.369
278.081,125.436,101.973,103.369
280.102,127.458,101.973,103.369
278.890,127.053,101.973,103.369
279.294,127.458,101.973,103.369
277.273,127.053,101.973,103.369
276.060,126.649,101.973,103.369
275.656,127.862,101.973,103.369
276.868,128.266,101.973,103.369
277.273,128.670,101.973,103.369
278.485,128.266,101.973,103.369
280.506,128.670,101.973,103.369
281.719,129.074,101.973,103.369
282.932,129.479,101.973,103.369
284.953,128.266,101.973,103.369
286.974,129.479,101.973,103.369
285.761,129.883,101.973,103.369
286.165,127.862,101.973,103.369
283.336,127.458,101.973,103.369
282.932,125.436,101.973,103.369
281.719,122.607,101.973,103.369
280.506,119.777,101.973,103.369
278.485,117.756,101.973,103.369
277.273,114.927,101.973,103.369
276.868,113.714,101.973,103.369
277.273,111.693,101.973,103.369
274.443,111.289,101.973,103.369
275.656,110.076,101.973,103.369
273.635,110.481,101.973,103.369
273.231,108.459,101.973,103.369
268.227,109.250,102.865,104.274
265.373,107.211,102.865,104.274
261.161,106.337,103.765,105.186
257.459,100.168,103.765,105.186
252.112,98.934,103.765,105.186
247.588,96.054,103.765,105.186
242.240,92.352,103.765,105.186
238.539,88.651,103.765,105.186
234.837,84.949,103.765,105.186
231.957,82.070,103.765,105.186
229.078,77.545,103.765,105.186
227.844,72.198,103.765,105.186
226.610,66.851,103.765,105.186
227.022,62.326,103.765,105.186
229.078,58.624,103.765,105.186
231.135,56.568,103.765,105.186
234.014,52.866,103.765,105.186
236.071,49.987,103.765,105.186
237.305,47.930,103.765,105.186
239.361,45.873,103.765,105.186
240.595,45.462,103.765,105.186
242.249,47.110,104.673,106.107
245.983,53.334,104.673,106.107
249.718,58.728,104.673,106.107
252.622,65.781,104.673,106.107
253.037,70.345,104.673,106.107
209.471,75.739,104.673,106.107
204.335,79.953,105.589,107.035
204.753,76.186,105.589,107.035
200.986,73.256,105.589,107.035
202.242,66.141,105.589,107.035
203.497,59.026,105.589,107.035
206.039,52.122,106.513,107.972
208.150,47.478,106.513,107.972
211.950,42.834,106.513,107.972
216.244,38.466,107.445,108.916
220.576,34.061,108.385,109.869
224.946,28.736,109.333,110.831
227.980,26.569,109.333,110.831
231.013,24.402,109.333,110.831
234.047,22.235,109.333,110.831
237.948,18.335,109.333,110.831
241.848,14.434,109.333,110.831
248.349,10.534,109.333,110.831
250.092,4.274,110.290,111.801
246.157,-3.158,110.290,111.801
239.599,1.651,110.290,111.801
248.780,-6.656,110.290,111.801
241.348,-3.595,110.290,111.801
248.780,-11.027,110.290,111.801
294.453,10.441,111.255,112.779
297.540,13.528,111.255,112.779
299.745,8.677,111.255,112.779
300.186,14.410,111.255,112.779
