162.000,188.000,34.000,84.000
161.365,186.911,34.000,84.000
161.138,186.230,34.000,84.000
160.911,186.457,34.000,84.000
160.684,187.138,34.000,84.000
160.911,186.457,34.000,84.000
160.684,185.776,34.000,84.000
161.365,186.003,34.000,84.000
160.684,185.322,34.000,84.000
160.911,184.187,34.000,84.000
160.230,183.506,34.000,84.000
159.549,182.825,34.000,84.000
160.230,183.960,34.000,84.000
160.003,184.641,34.000,84.000
159.776,183.960,34.000,84.000
159.549,184.641,34.000,84.000
159.322,185.322,34.000,84.000
158.187,186.003,34.000,84.000
158.110,188.355,33.710,83.283
158.336,188.580,33.710,83.283
159.011,189.705,33.710,83.283
159.236,189.480,33.710,83.283
160.361,189.705,33.710,83.283
159.686,190.380,33.710,83.283
156.760,188.805,33.710,83.283
155.635,187.679,33.710,83.283
156.310,187.454,33.710,83.283
156.393,187.782,34.005,84.012
154.350,189.826,34.005,84.012
154.899,188.294,34.302,84.747
169.122,189.773,34.009,84.023
167.717,188.581,33.719,83.306
167.041,187.005,33.719,83.306
165.465,189.482,33.719,83.306
164.340,190.607,33.719,83.306
162.068,192.061,33.431,82.595
160.505,192.731,33.431,82.595
159.389,192.508,33.431,82.595
172.112,194.517,33.431,82.595
168.318,194.293,33.431,82.595
164.077,193.624,33.431,82.595
161.621,192.508,33.431,82.595
157.380,194.070,33.431,82.595
151.800,192.061,33.431,82.595
163.484,192.632,33.146,81.890
163.263,193.295,33.146,81.890
161.271,193.959,33.146,81.890
157.952,192.410,33.146,81.890
153.304,190.861,33.146,81.890
151.755,192.853,33.146,81.890
152.112,194.714,32.863,81.191
156.720,193.178,32.863,81.191
156.062,191.642,32.863,81.191
154.087,190.545,32.863,81.191
151.674,189.009,32.863,81.191
147.505,189.667,32.863,81.191
143.774,189.009,32.863,81.191
140.922,188.351,32.863,81.191
145.091,187.692,32.863,81.191
151.015,187.473,32.863,81.191
147.724,186.376,32.863,81.191
145.749,185.279,32.863,81.191
145.091,185.937,32.863,81.191
144.433,186.156,32.863,81.191
143.774,186.376,32.863,81.191
142.239,187.034,32.863,81.191
143.774,188.131,32.863,81.191
142.677,188.789,32.863,81.191
141.580,188.131,32.863,81.191
140.483,187.034,32.863,81.191
136.314,185.498,32.863,81.191
132.584,185.279,32.863,81.191
130.171,184.620,32.863,81.191
141.800,182.646,32.863,81.191
145.530,181.987,32.863,81.191
151.454,186.595,32.863,81.191
153.868,188.570,32.863,81.191
157.159,186.595,32.863,81.191
160.011,185.059,32.863,81.191
165.936,188.351,32.863,81.191
167.910,188.570,32.863,81.191
169.008,185.718,32.863,81.191
170.543,184.182,32.863,81.191
175.590,183.962,32.863,81.191
181.076,183.743,32.863,81.191
184.367,183.085,32.863,81.191
188.975,182.426,32.863,81.191
191.827,183.962,32.863,81.191
192.485,185.498,32.863,81.191
194.899,184.840,32.863,81.191
197.751,184.182,32.863,81.191
199.726,185.279,32.863,81.191
199.946,185.498,32.863,81.191
199.726,185.279,32.863,81.191
199.357,185.598,33.150,81.901
198.078,185.921,33.441,82.618
195.872,186.703,33.733,83.341
194.295,184.676,33.733,83.341
198.124,183.100,33.733,83.341
197.449,183.325,33.733,83.341
198.691,182.582,33.445,82.629
198.021,181.912,33.445,82.629
200.924,181.689,33.445,82.629
200.254,181.019,33.445,82.629
200.478,180.796,33.445,82.629
202.041,181.019,33.445,82.629
200.292,179.513,33.738,83.352
196.012,177.486,33.738,83.352
196.688,177.260,33.738,83.352
197.364,176.585,33.738,83.352
198.040,175.008,33.738,83.352
199.166,173.881,33.738,83.352
211.555,174.107,33.738,83.352
214.934,172.079,33.738,83.352
215.160,170.953,33.738,83.352
217.187,170.277,33.738,83.352
219.665,168.250,33.738,83.352
220.340,167.574,33.738,83.352
221.467,165.997,33.738,83.352
222.593,167.574,33.738,83.352
223.719,165.096,33.738,83.352
225.296,167.124,33.738,83.352
226.423,164.646,33.738,83.352
224.846,166.223,33.738,83.352
223.269,165.096,33.738,83.352
224.395,166.673,33.738,83.352
227.836,165.051,33.450,82.641
232.526,166.614,33.450,82.641
230.962,164.158,33.450,82.641
234.312,165.274,33.450,82.641
232.494,165.845,33.164,81.935
231.124,166.411,32.881,81.236
229.765,165.686,32.600,80.542
233.030,165.904,32.600,80.542
231.506,165.251,32.600,80.542
230.583,166.657,32.322,79.855
234.300,165.945,32.046,79.173
232.976,166.492,31.773,78.497
231.915,166.704,31.773,78.497
235.097,164.794,31.773,78.497
232.764,166.279,31.773,78.497
222.369,168.189,31.773,78.497
218.763,169.249,31.773,78.497
219.823,168.613,31.773,78.497
220.884,168.401,31.773,78.497
222.793,167.764,31.773,78.497
224.703,167.128,31.773,78.497
227.036,165.219,31.773,78.497
229.794,166.279,31.773,78.497
227.885,166.492,31.773,78.497
229.370,164.582,31.773,78.497
233.400,162.673,31.773,78.497
229.794,164.158,31.773,78.497
232.127,165.219,31.773,78.497
234.461,167.552,31.773,78.497
233.400,170.310,31.773,78.497
232.340,173.068,31.773,78.497
231.026,176.921,31.501,77.827
229.134,178.394,31.501,77.827
227.661,179.025,31.501,77.827
227.451,180.918,31.501,77.827
227.791,181.865,31.233,77.163
225.686,182.398,30.966,76.504
225.479,179.710,30.966,76.504
225.272,178.677,30.966,76.504
224.501,176.435,31.237,77.173
223.876,173.723,31.237,77.173
224.380,171.889,31.510,77.849
224.591,169.996,31.510,77.849
222.878,169.302,31.241,77.184
221.418,167.007,31.241,77.184
219.540,165.547,31.241,77.184
219.749,164.087,31.241,77.184
221.307,165.841,30.975,76.525
221.514,163.980,30.975,76.525
221.307,164.600,30.975,76.525
219.032,165.634,30.975,76.525
216.565,167.207,31.246,77.195
205.925,175.761,31.246,77.195
208.220,179.724,31.246,77.195
212.184,182.854,31.246,77.195
216.998,167.104,30.979,76.536
220.928,171.448,30.979,76.536
222.790,174.137,30.979,76.536
218.684,168.611,30.714,75.883
215.414,166.734,30.452,75.235
216.536,166.064,30.192,74.592
218.753,165.459,30.192,74.592
215.730,166.467,30.192,74.592
212.706,168.684,30.192,74.592
210.085,170.902,30.192,74.592
209.077,172.313,30.192,74.592
208.069,173.321,30.192,74.592
205.449,175.538,30.192,74.592
204.038,176.143,30.192,74.592
203.836,175.941,30.192,74.592
201.215,174.127,30.192,74.592
200.754,173.462,29.934,73.956
200.554,172.063,29.934,73.956
198.356,171.064,29.934,73.956
199.355,170.464,29.934,73.956
197.956,169.865,29.934,73.956
199.755,169.265,29.934,73.956
199.955,168.266,29.934,73.956
197.756,168.865,29.934,73.956
194.758,170.264,29.934,73.956
193.359,169.665,29.934,73.956
192.760,171.464,29.934,73.956
192.160,170.864,29.934,73.956
191.161,172.663,29.934,73.956
190.161,171.663,29.934,73.956
189.562,173.062,29.934,73.956
190.561,172.863,29.934,73.956
192.360,173.462,29.934,73.956
191.360,171.264,29.934,73.956
192.760,170.664,29.934,73.956
194.558,170.464,29.934,73.956
194.101,169.805,29.679,73.324
195.885,169.210,29.679,73.324
196.875,169.409,29.679,73.324
195.324,166.854,29.939,73.966
195.524,168.653,29.939,73.966
194.524,167.653,29.939,73.966
193.525,168.653,29.939,73.966
196.123,170.052,29.939,73.966
194.324,171.851,29.939,73.966
192.925,170.052,29.939,73.966
195.124,169.052,29.939,73.966
193.886,167.613,29.683,73.335
192.499,168.604,29.683,73.335
191.508,167.613,29.683,73.335
190.517,168.604,29.683,73.335
189.923,167.217,29.683,73.335
187.536,165.403,29.430,72.709
190.090,167.171,29.430,72.709
191.073,167.761,29.430,72.709
191.269,165.599,29.430,72.709
190.287,164.224,29.430,72.709
192.448,165.992,29.430,72.709
191.466,163.438,29.430,72.709
193.234,165.599,29.430,72.709
192.252,163.045,29.430,72.709
194.413,165.206,29.430,72.709
197.361,164.224,29.430,72.709
197.164,165.992,29.430,72.709
195.003,163.045,29.430,72.709
195.985,164.027,29.430,72.709
198.147,162.259,29.430,72.709
200.308,163.241,29.430,72.709
199.719,159.901,29.430,72.709
199.915,157.739,29.430,72.709
199.719,159.115,29.430,72.709
199.522,157.346,29.430,72.709
200.898,157.936,29.430,72.709
200.448,157.671,29.178,72.088
201.523,160.070,28.929,71.472
202.589,162.447,28.682,70.862
198.950,165.703,28.682,70.862
194.928,165.129,28.682,70.862
195.611,164.123,28.438,70.257
198.511,166.461,28.195,69.658
202.121,164.370,27.954,69.063
203.879,166.304,27.715,68.473
207.025,168.340,27.715,68.473
203.879,167.044,27.715,68.473
205.545,166.859,27.715,68.473
206.840,164.454,27.715,68.473
207.667,163.206,27.958,69.073
209.347,165.632,27.958,69.073
210.654,166.192,27.958,69.073
209.721,165.259,27.958,69.073
211.774,164.326,27.958,69.073
218.307,165.259,27.958,69.073
220.361,167.312,27.958,69.073
223.534,169.366,27.958,69.073
230.814,168.432,27.958,69.073
233.945,171.383,28.203,69.677
237.488,174.359,28.449,70.287
240.760,175.586,28.207,69.687
238.125,173.862,27.966,69.092
236.444,169.568,27.966,69.092
246.583,172.595,27.727,68.502
247.508,174.631,27.727,68.502
243.621,172.595,27.727,68.502
237.511,170.929,27.727,68.502
239.477,169.301,27.970,69.101
247.507,176.957,27.970,69.101
253.297,177.518,27.970,69.101
252.363,179.572,27.970,69.101
247.199,177.863,27.731,68.511
249.235,179.159,27.731,68.511
252.383,181.195,27.731,68.511
254.049,181.010,27.731,68.511
254.975,178.974,27.731,68.511
256.641,178.048,27.731,68.511
254.975,178.233,27.731,68.511
254.790,175.826,27.731,68.511
256.534,174.493,27.494,67.927
252.312,167.333,27.494,67.927
254.331,157.971,27.494,67.927
252.679,158.522,27.494,67.927
251.185,160.782,27.259,67.347
251.367,158.780,27.259,67.347
251.549,159.690,27.259,67.347
252.095,156.960,27.259,67.347
253.099,154.229,27.027,66.772
272.768,174.259,27.027,66.772
269.875,176.001,27.263,67.356
267.328,177.887,27.030,66.781
262.094,179.872,27.030,66.781
259.201,182.725,27.267,67.365
256.834,180.722,27.267,67.365
255.196,181.268,27.267,67.365
253.557,183.271,27.267,67.365
251.190,190.735,27.267,67.365
252.101,205.118,27.267,67.365
252.647,210.761,27.267,67.365
253.296,213.003,27.034,66.790
250.066,215.929,26.803,66.220
245.592,218.256,26.803,66.220
243.623,220.224,26.803,66.220
236.286,196.065,26.803,66.220
236.465,193.738,26.803,66.220
235.212,179.958,26.803,66.220
234.675,177.990,26.803,66.220
233.780,177.811,26.803,66.220
231.454,180.137,26.803,66.220
233.422,183.180,26.803,66.220
232.388,181.606,27.038,66.800
230.974,178.908,27.275,67.384
232.334,180.439,27.042,66.809
235.765,178.092,27.042,66.809
236.668,180.439,27.042,66.809
236.487,181.342,27.042,66.809
251.112,182.967,27.042,66.809
253.098,185.314,27.042,66.809
254.645,183.356,27.278,67.393
249.485,182.875,27.517,67.983
245.410,181.259,27.758,68.578
242.439,166.712,28.001,69.178
242.892,152.420,28.246,69.783
244.121,145.349,28.493,70.394
296.060,162.006,28.742,71.010
302.393,169.490,28.742,71.010
301.050,173.136,28.742,71.010
292.748,172.129,28.497,70.404
294.460,157.098,28.497,70.404
296.553,148.155,28.497,70.404
311.835,148.822,28.746,71.020
314.330,150.550,28.746,71.020
314.795,157.912,28.998,71.641
317.312,165.462,28.998,71.641
325.718,160.585,29.251,72.268
324.742,159.999,29.251,72.268
328.062,163.319,29.251,72.268
325.132,167.030,29.251,72.268
319.078,176.209,29.251,72.268
320.155,177.851,29.002,71.651
325.002,177.590,28.754,71.040
325.962,180.470,28.754,71.040
324.234,179.894,28.754,71.040
324.919,177.762,28.509,70.433
321.302,171.481,28.509,70.433
327.583,178.143,28.509,70.433
326.777,184.200,28.265,69.832
326.588,187.786,28.265,69.832
311.956,186.127,28.513,70.443
261.127,143.674,28.513,70.443
242.280,184.604,28.513,70.443
237.902,185.175,28.513,70.443
235.808,176.989,28.513,70.443
233.333,168.041,28.513,70.443
228.954,177.369,28.513,70.443
226.683,181.159,28.762,71.059
223.034,183.656,28.762,71.059
218.233,180.775,28.762,71.059
223.034,181.351,28.762,71.059
238.459,180.056,29.014,71.681
205.720,162.428,29.014,71.681
203.202,163.009,29.014,71.681
195.955,161.614,28.766,71.069
191.922,168.720,28.766,71.069
188.449,180.024,29.018,71.691
180.445,183.922,28.770,71.079
176.795,181.809,28.770,71.079
173.732,185.298,28.524,70.472
171.439,185.785,28.281,69.871
166.718,182.575,28.281,69.871
162.375,179.742,28.281,69.871
158.410,172.000,28.281,69.871
155.577,171.812,28.281,69.871
147.776,179.294,28.040,69.274
145.343,182.851,28.040,69.274
138.041,180.418,28.040,69.274
131.489,174.614,28.040,69.274
123.813,169.559,28.040,69.274
116.137,168.623,28.040,69.274
104.020,169.832,27.800,68.683
100.493,170.018,27.800,68.683
93.996,164.264,27.800,68.683
