142.000,125.000,91.000,40.000
144.776,125.753,91.000,40.000
140.982,126.006,91.000,40.000
136.682,125.247,91.000,40.000
131.876,126.512,91.000,40.000
127.576,124.741,91.000,40.000
123.276,125.500,91.000,40.000
118.471,123.729,91.000,40.000
114.171,124.488,91.000,40.000
109.365,122.718,91.000,40.000
104.559,121.959,91.000,40.000
99.247,121.706,91.000,40.000
94.441,120.441,91.000,40.000
90.141,120.694,91.000,40.000
84.829,118.924,91.000,40.000
80.024,119.176,91.000,40.000
75.218,117.406,91.000,40.000
70.918,118.165,91.000,40.000
65.606,116.900,91.000,40.000
57.259,117.153,91.000,40.000
53.465,115.888,91.000,40.000
49.165,115.635,91.000,40.000
39.806,115.888,91.000,40.000
35.506,114.624,91.000,40.000
27.159,116.394,91.000,40.000
23.365,116.141,91.000,40.000
19.065,117.406,91.000,40.000
8.694,118.671,91.000,40.000
1.359,120.441,91.000,40.000
-3.447,122.212,91.000,40.000
-7.747,122.971,91.000,40.000
-11.035,125.753,91.000,40.000
-14.829,125.500,91.000,40.000
-19.129,126.765,91.000,40.000
-21.912,128.029,91.000,40.000
-23.682,127.271,91.000,40.000
-21.912,129.041,91.000,40.000
-24.188,127.271,91.000,40.000
-23.429,129.041,91.000,40.000
-25.200,126.765,91.000,40.000
-24.441,129.041,91.000,40.000
-24.694,126.765,91.000,40.000
-21.406,127.018,91.000,40.000
-22.671,124.741,91.000,40.000
-19.888,124.994,91.000,40.000
-17.612,123.729,91.000,40.000
-16.347,122.465,91.000,40.000
-15.588,120.694,91.000,40.000
-13.312,120.947,91.000,40.000
-12.047,118.671,91.000,40.000
-10.277,118.418,91.000,40.000
-11.035,115.635,91.000,40.000
-7.747,114.876,91.000,40.000
-6.988,113.612,91.000,40.000
-5.218,111.841,91.000,40.000
-1.929,110.576,91.000,40.000
1.561,109.105,91.796,40.350
8.961,106.809,91.796,40.350
12.788,106.043,91.796,40.350
17.636,104.768,91.796,40.350
22.994,104.002,91.796,40.350
26.822,103.237,91.796,40.350
33.201,102.471,91.796,40.350
37.538,103.747,91.796,40.350
41.876,102.471,91.796,40.350
49.275,103.237,91.796,40.350
52.082,104.002,91.796,40.350
56.420,104.257,91.796,40.350
59.226,106.554,91.796,40.350
59.992,108.340,91.796,40.350
59.226,109.615,91.796,40.350
61.523,111.402,91.796,40.350
59.226,112.167,91.796,40.350
61.523,112.932,91.796,40.350
63.309,115.229,91.796,40.350
61.012,115.994,91.796,40.350
62.798,117.270,91.796,40.350
61.523,118.546,91.796,40.350
61.778,119.822,91.796,40.350
63.564,119.566,91.796,40.350
62.798,121.353,91.796,40.350
64.074,122.118,91.796,40.350
61.778,121.863,91.796,40.350
65.095,124.159,91.796,40.350
62.798,123.394,91.796,40.350
66.115,125.180,91.796,40.350
63.819,125.945,91.796,40.350
61.523,126.200,91.796,40.350
64.840,127.987,91.796,40.350
62.033,128.242,91.796,40.350
62.288,129.518,91.796,40.350
64.074,130.793,91.796,40.350
61.268,131.559,91.796,40.350
63.054,133.345,91.796,40.350
61.268,133.600,91.796,40.350
62.033,135.386,91.796,40.350
62.798,135.641,91.796,40.350
66.115,137.427,91.796,40.350
66.881,138.193,91.796,40.350
70.708,138.448,91.796,40.350
73.005,140.234,91.796,40.350
74.791,140.489,91.796,40.350
76.577,142.275,91.796,40.350
76.322,142.530,91.796,40.350
78.618,144.316,91.796,40.350
82.445,145.592,91.796,40.350
86.783,145.847,91.796,40.350
90.610,147.633,91.796,40.350
93.417,148.909,91.796,40.350
97.755,149.675,91.796,40.350
101.072,151.461,91.796,40.350
105.920,151.716,91.796,40.350
110.257,152.992,91.796,40.350
114.595,153.757,91.796,40.350
119.443,154.523,91.796,40.350
123.780,156.309,91.796,40.350
128.628,156.564,91.796,40.350
131.945,158.350,91.796,40.350
135.262,158.605,91.796,40.350
138.069,159.881,91.796,40.350
141.896,160.136,91.796,40.350
146.234,160.902,91.796,40.350
150.572,161.667,91.796,40.350
154.399,162.432,91.796,40.350
158.226,163.198,91.796,40.350
162.054,161.412,91.796,40.350
165.881,163.198,91.796,40.350
170.219,162.432,91.796,40.350
174.046,164.219,91.796,40.350
178.383,164.474,91.796,40.350
182.211,165.239,91.796,40.350
187.569,164.984,91.796,40.350
192.927,166.770,91.796,40.350
196.755,167.536,91.796,40.350
199.051,167.791,91.796,40.350
200.327,169.577,91.796,40.350
202.113,169.832,91.796,40.350
205.430,171.108,91.796,40.350
206.706,171.873,91.796,40.350
209.512,172.128,91.796,40.350
212.319,173.914,91.796,40.350
216.146,173.149,91.796,40.350
211.809,174.425,91.796,40.350
213.084,175.700,91.796,40.350
215.381,175.956,91.796,40.350
217.167,177.742,91.796,40.350
219.974,178.507,91.796,40.350
217.167,179.783,91.796,40.350
214.360,181.059,91.796,40.350
214.743,181.667,92.599,40.703
209.338,181.924,92.599,40.703
209.595,181.667,92.599,40.703
208.309,183.468,92.599,40.703
208.695,183.027,93.410,41.059
208.955,184.325,93.410,41.059
206.618,184.584,93.410,41.059
206.877,187.440,93.410,41.059
203.009,188.059,94.227,41.418
203.795,188.845,94.227,41.418
203.114,188.932,95.052,41.781
204.435,189.725,95.052,41.781
201.529,192.103,95.052,41.781
201.925,191.649,95.883,42.146
200.140,191.738,96.722,42.515
197.788,192.379,97.569,42.887
196.432,192.650,97.569,42.887
192.364,192.921,97.569,42.887
192.093,193.735,97.569,42.887
187.496,192.157,98.422,43.263
188.317,192.978,98.422,43.263
190.779,191.063,98.422,43.263
188.317,190.242,98.422,43.263
185.308,191.063,98.422,43.263
183.940,189.148,98.422,43.263
184.760,188.874,98.422,43.263
183.393,188.601,98.422,43.263
180.383,186.686,98.422,43.263
181.751,185.318,98.422,43.263
181.478,183.403,98.422,43.263
180.110,183.676,98.422,43.263
178.742,181.214,98.422,43.263
179.563,179.846,98.422,43.263
177.100,178.478,98.422,43.263
177.921,176.563,98.422,43.263
176.006,176.290,98.422,43.263
175.733,174.375,98.422,43.263
174.365,173.007,98.422,43.263
172.997,171.092,98.422,43.263
171.082,170.271,98.422,43.263
171.355,168.356,98.422,43.263
168.346,166.988,98.422,43.263
167.525,165.621,98.422,43.263
167.252,165.347,98.422,43.263
165.884,165.073,98.422,43.263
163.422,162.611,98.422,43.263
162.150,160.459,99.283,43.641
161.433,158.854,100.152,44.023
161.711,160.246,100.152,44.023
158.705,158.626,101.029,44.408
157.863,156.661,101.029,44.408
154.830,157.906,101.913,44.797
153.414,155.923,101.913,44.797
149.193,154.856,102.804,45.189
148.907,152.284,102.804,45.189
149.765,150.284,102.804,45.189
146.621,152.855,102.804,45.189
144.050,150.855,102.804,45.189
142.621,151.141,102.804,45.189
140.621,148.569,102.804,45.189
137.477,149.998,102.804,45.189
132.048,147.750,103.704,45.584
127.725,145.732,103.704,45.584
130.319,147.173,103.704,45.584
132.337,144.579,103.704,45.584
129.742,146.597,103.704,45.584
123.112,144.003,103.704,45.584
122.248,144.867,103.704,45.584
117.347,145.156,103.704,45.584
116.483,143.714,103.704,45.584
119.077,145.156,103.704,45.584
117.059,144.291,103.704,45.584
116.771,142.850,103.704,45.584
114.753,141.985,103.704,45.584
112.735,144.003,103.704,45.584
112.447,143.138,103.704,45.584
112.159,143.426,103.704,45.584
112.447,141.985,103.704,45.584
115.041,142.850,103.704,45.584
111.871,140.832,103.704,45.584
105.241,139.967,103.704,45.584
102.070,141.408,103.704,45.584
99.476,139.967,103.704,45.584
98.611,140.255,103.704,45.584
96.593,139.391,103.704,45.584
93.999,140.832,103.704,45.584
92.558,139.967,103.704,45.584
89.963,141.408,103.704,45.584
91.405,139.967,103.704,45.584
89.387,141.985,103.704,45.584
88.522,140.544,103.704,45.584
92.269,139.679,103.704,45.584
91.405,142.273,103.704,45.584
90.540,139.102,103.704,45.584
94.864,141.120,103.704,45.584
98.611,139.102,103.704,45.584
103.511,137.661,103.704,45.584
107.835,136.796,103.704,45.584
112.159,135.355,103.704,45.584
115.906,134.490,103.704,45.584
120.806,133.049,103.704,45.584
124.554,132.761,103.704,45.584
128.301,130.166,103.704,45.584
131.472,128.725,103.704,45.584
132.913,127.284,103.704,45.584
137.237,125.266,103.704,45.584
138.102,124.978,103.704,45.584
141.272,125.266,103.704,45.584
145.596,123.248,103.704,45.584
144.731,125.266,103.704,45.584
150.208,122.672,103.704,45.584
154.532,124.690,103.704,45.584
158.279,122.672,103.704,45.584
162.027,121.807,103.704,45.584
165.774,122.095,103.704,45.584
169.521,120.654,103.704,45.584
171.539,119.213,103.704,45.584
173.557,118.925,103.704,45.584
173.268,120.366,103.704,45.584
175.863,118.348,103.704,45.584
176.727,120.942,103.704,45.584
177.592,121.231,103.704,45.584
179.610,119.213,103.704,45.584
178.745,122.384,103.704,45.584
176.151,120.942,103.704,45.584
175.863,124.113,103.704,45.584
172.692,126.131,103.704,45.584
170.674,126.996,103.704,45.584
168.656,129.590,103.704,45.584
165.486,129.302,103.704,45.584
164.621,132.472,103.704,45.584
160.874,134.490,103.704,45.584
160.585,135.932,103.704,45.584
155.108,138.526,103.704,45.584
153.091,139.391,103.704,45.584
148.767,142.561,103.704,45.584
147.326,144.579,103.704,45.584
143.578,145.444,103.704,45.584
141.561,147.462,103.704,45.584
138.966,146.020,103.704,45.584
137.525,149.191,103.704,45.584
135.507,147.750,103.704,45.584
134.643,145.732,103.704,45.584
132.625,145.444,103.704,45.584
130.031,144.003,103.704,45.584
129.166,144.291,103.704,45.584
125.995,141.120,103.704,45.584
123.977,140.832,103.704,45.584
121.383,138.814,103.704,45.584
118.789,136.796,103.704,45.584
118.500,135.355,103.704,45.584
114.177,133.914,103.704,45.584
112.159,132.472,103.704,45.584
110.141,131.031,103.704,45.584
108.123,129.590,103.704,45.584
106.682,128.149,103.704,45.584
104.088,129.590,103.704,45.584
102.070,126.996,103.704,45.584
100.629,128.437,103.704,45.584
103.223,127.572,103.704,45.584
101.782,127.860,103.704,45.584
105.529,129.302,103.704,45.584
104.088,127.860,103.704,45.584
107.259,129.878,103.704,45.584
106.394,128.437,103.704,45.584
108.988,127.572,103.704,45.584
111.582,127.860,103.704,45.584
115.330,126.996,103.704,45.584
115.618,127.860,103.704,45.584
119.942,126.419,103.704,45.584
123.689,126.131,103.704,45.584
126.283,125.266,103.704,45.584
131.184,122.672,103.704,45.584
133.201,122.960,103.704,45.584
136.949,121.519,103.704,45.584
141.272,118.925,103.704,45.584
141.561,119.213,103.704,45.584
145.308,114.889,103.704,45.584
148.479,112.295,103.704,45.584
150.496,109.701,103.704,45.584
152.514,106.530,103.704,45.584
154.532,105.089,103.704,45.584
153.667,104.800,103.704,45.584
156.838,102.783,103.704,45.584
154.244,104.800,103.704,45.584
152.802,104.512,103.704,45.584
154.820,105.953,103.704,45.584
155.685,107.395,103.704,45.584
157.703,106.530,103.704,45.584
156.838,108.548,103.704,45.584
159.432,109.989,103.704,45.584
159.721,110.277,103.704,45.584
160.585,111.142,103.704,45.584
159.144,112.583,103.704,45.584
161.738,111.142,103.704,45.584
160.874,113.736,103.704,45.584
164.044,112.295,103.704,45.584
165.486,114.889,103.704,45.584
164.044,115.754,103.704,45.584
166.062,116.619,103.704,45.584
163.468,117.483,103.704,45.584
159.144,117.772,103.704,45.584
160.009,119.213,103.704,45.584
164.333,117.772,103.704,45.584
160.009,118.636,103.704,45.584
163.756,118.925,103.704,45.584
166.927,119.789,103.704,45.584
165.486,121.231,103.704,45.584
168.656,119.213,103.704,45.584
163.180,121.807,103.704,45.584
165.197,120.366,103.704,45.584
165.486,120.654,103.704,45.584
168.080,121.519,103.704,45.584
169.521,120.078,103.704,45.584
167.503,122.672,103.704,45.584
170.674,120.078,103.704,45.584
168.656,123.248,103.704,45.584
171.827,120.654,103.704,45.584
169.233,123.248,103.704,45.584
170.674,121.231,103.704,45.584
167.503,122.672,103.704,45.584
165.486,124.113,103.704,45.584
164.621,123.248,103.704,45.584
161.450,124.690,103.704,45.584
160.009,123.248,103.704,45.584
156.838,125.843,103.704,45.584
154.244,125.554,103.704,45.584
151.649,125.266,103.704,45.584
149.055,126.707,103.704,45.584
150.496,124.690,103.704,45.584
146.749,126.707,103.704,45.584
144.731,125.843,103.704,45.584
143.290,126.707,103.704,45.584
142.425,125.266,103.704,45.584
139.831,124.401,103.704,45.584
141.272,125.266,103.704,45.584
137.525,122.095,103.704,45.584
132.625,125.266,103.704,45.584
130.031,122.095,103.704,45.584
125.707,125.266,103.704,45.584
122.536,126.707,103.704,45.584
121.671,125.266,103.704,45.584
119.653,127.860,103.704,45.584
118.212,126.419,103.704,45.584
115.041,127.860,103.704,45.584
112.447,129.302,103.704,45.584
111.006,126.707,103.704,45.584
108.988,129.302,103.704,45.584
106.970,126.707,103.704,45.584
105.529,129.302,103.704,45.584
101.205,127.284,103.704,45.584
98.611,128.725,103.704,45.584
94.864,130.743,103.704,45.584
92.269,128.149,103.704,45.584
91.405,131.319,103.704,45.584
87.081,128.725,103.704,45.584
85.640,130.166,103.704,45.584
82.469,131.031,103.704,45.584
80.451,129.013,103.704,45.584
76.704,131.608,103.704,45.584
74.110,129.590,103.704,45.584
72.668,132.184,103.704,45.584
69.498,131.319,103.704,45.584
68.056,129.878,103.704,45.584
64.886,132.472,103.704,45.584
61.715,129.878,103.704,45.584
60.273,132.472,103.704,45.584
54.220,131.031,103.704,45.584
51.626,133.049,103.704,45.584
50.185,132.184,103.704,45.584
47.590,133.626,103.704,45.584
45.573,131.608,103.704,45.584
42.402,134.202,103.704,45.584
39.808,132.184,103.704,45.584
37.790,134.779,103.704,45.584
34.619,132.761,103.704,45.584
33.178,133.049,103.704,45.584
31.736,132.761,103.704,45.584
30.295,131.896,103.704,45.584
27.124,133.337,103.704,45.584
24.530,131.319,103.704,45.584
22.512,132.761,103.704,45.584
21.071,130.743,103.704,45.584
19.053,131.031,103.704,45.584
17.612,129.013,103.704,45.584
15.018,129.878,103.704,45.584
13.000,128.437,103.704,45.584
10.406,126.419,103.704,45.584
7.235,127.284,103.704,45.584
3.488,125.266,103.704,45.584
1.470,124.401,103.704,45.584
1.182,122.960,103.704,45.584
3.199,120.942,103.704,45.584
4.064,120.654,103.704,45.584
4.929,118.636,103.704,45.584
6.947,116.619,103.704,45.584
8.388,114.601,103.704,45.584
9.829,112.583,103.704,45.584
11.271,110.565,103.704,45.584
12.712,109.124,103.704,45.584
11.271,109.989,103.704,45.584
13.288,106.818,103.704,45.584
15.306,105.953,103.704,45.584
13.865,105.089,103.704,45.584
16.459,105.953,103.704,45.584
14.441,106.818,103.704,45.584
16.459,104.224,103.704,45.584
13.937,106.683,104.611,45.983
16.554,105.230,104.611,45.983
15.100,107.265,104.611,45.983
17.136,108.137,104.611,45.983
18.008,107.265,104.611,45.983
19.462,109.882,104.611,45.983
18.008,109.010,104.611,45.983
19.462,111.627,104.611,45.983
18.008,113.662,104.611,45.983
20.625,112.790,104.611,45.983
22.079,115.407,104.611,45.983
19.462,113.371,104.611,45.983
23.824,115.988,104.611,45.983
26.440,115.116,104.611,45.983
26.150,117.733,104.611,45.983
29.348,119.187,104.611,45.983
27.894,120.641,104.611,45.983
31.093,121.513,104.611,45.983
29.639,121.222,104.611,45.983
31.674,123.258,104.611,45.983
33.710,124.711,104.611,45.983
34.001,125.584,104.611,45.983
36.036,126.456,104.611,45.983
35.745,129.073,104.611,45.983
36.036,130.527,104.611,45.983
38.653,130.818,104.611,45.983
37.199,132.853,104.611,45.983
39.235,133.144,104.611,45.983
41.852,135.179,104.611,45.983
43.305,135.470,104.611,45.983
45.341,136.924,104.611,45.983
44.469,138.378,104.611,45.983
46.504,138.669,104.611,45.983
49.121,139.541,104.611,45.983
48.830,140.995,104.611,45.983
51.447,141.286,104.611,45.983
54.646,142.740,104.611,45.983
54.936,142.449,104.611,45.983
57.553,142.740,104.611,45.983
61.333,141.867,104.611,45.983
57.001,143.752,105.527,46.385
59.054,146.979,105.527,46.385
61.108,148.445,105.527,46.385
57.339,145.537,106.450,46.791
53.492,147.608,106.450,46.791
57.122,148.096,105.541,46.392
60.721,149.153,104.640,45.996
63.920,151.771,104.640,45.996
67.701,153.225,104.640,45.996
72.404,154.840,103.747,45.603
69.809,156.282,103.747,45.603
63.753,155.417,103.747,45.603
66.349,156.859,103.747,45.603
62.600,156.570,103.747,45.603
67.502,158.012,103.747,45.603
72.981,158.877,103.747,45.603
79.614,162.049,103.747,45.603
90.283,163.491,103.747,45.603
96.916,163.779,103.747,45.603
100.665,162.914,103.747,45.603
112.921,167.149,104.655,46.002
119.612,170.348,104.655,46.002
132.120,172.385,104.655,46.002
145.792,175.003,104.655,46.002
151.319,174.712,104.655,46.002
166.155,177.912,104.655,46.002
168.380,179.201,105.570,46.405
173.369,176.560,105.570,46.405
180.118,175.680,105.570,46.405
187.777,177.582,106.494,46.811
208.853,177.074,107.426,47.220
215.124,177.970,107.426,47.220
220.200,178.866,107.426,47.220
225.276,175.581,107.426,47.220
229.755,173.491,107.426,47.220
227.068,169.609,107.426,47.220
224.380,164.533,107.426,47.220
228.501,160.348,108.366,47.633
233.622,156.432,108.366,47.633
237.538,157.938,108.366,47.633
240.851,158.239,108.366,47.633
225.249,165.749,109.314,48.050
216.361,162.736,110.271,48.471
219.963,164.095,111.236,48.895
224.230,161.663,112.209,49.323
223.295,155.113,112.209,49.323
228.338,150.759,111.251,48.902
232.976,151.687,111.251,48.902
235.759,147.048,111.251,48.902
235.450,143.028,111.251,48.902
232.049,139.008,111.251,48.902
229.808,136.502,110.301,48.484
220.408,134.017,109.360,48.070
217.126,136.611,110.317,48.491
223.565,134.464,110.317,48.491
229.054,138.338,111.282,48.915
236.787,134.935,111.282,48.915
243.283,140.194,111.282,48.915
221.321,146.071,111.282,48.915
215.444,146.999,111.282,48.915
215.135,144.215,111.282,48.915
219.775,142.668,111.282,48.915
215.800,143.405,112.256,49.343
207.953,137.753,113.238,49.775
205.199,135.922,114.229,50.210
206.787,134.334,114.229,50.210
209.644,135.922,114.229,50.210
211.867,133.064,114.229,50.210
216.630,134.652,114.229,50.210
220.122,135.604,114.229,50.210
223.615,133.382,114.229,50.210
226.472,135.604,114.229,50.210
229.965,131.477,114.229,50.210
233.458,133.064,114.229,50.210
180.434,128.937,114.229,50.210
182.212,127.090,115.228,50.650
188.938,129.332,115.228,50.650
195.664,126.449,115.228,50.650
201.109,125.488,115.228,50.650
207.194,127.730,115.228,50.650
212.639,125.488,115.228,50.650
215.522,125.168,115.228,50.650
221.607,122.926,115.228,50.650
225.130,121.325,115.228,50.650
223.529,122.285,115.228,50.650
228.974,121.965,115.228,50.650
230.575,122.926,115.228,50.650
228.333,120.043,115.228,50.650
227.372,122.285,115.228,50.650
226.412,123.887,115.228,50.650
223.529,122.926,115.228,50.650
225.130,123.887,115.228,50.650
228.013,120.364,115.228,50.650
231.317,118.393,114.245,50.217
230.875,115.819,113.269,49.789
229.931,117.393,113.269,49.789
232.764,114.559,113.269,49.789
231.190,116.133,113.269,49.789
230.875,114.559,113.269,49.789
231.820,116.763,113.269,49.789
230.875,113.930,113.269,49.789
231.190,116.133,113.269,49.789
230.875,113.300,113.269,49.789
229.931,116.133,113.269,49.789
231.505,112.670,113.269,49.789
230.560,114.244,113.269,49.789
230.875,113.300,113.269,49.789
229.931,111.096,113.269,49.789
229.616,113.930,113.269,49.789
231.820,110.466,113.269,49.789
229.616,112.041,113.269,49.789
232.449,109.207,113.269,49.789
230.875,110.781,113.269,49.789
231.190,107.948,113.269,49.789
230.246,108.892,113.269,49.789
231.820,108.577,113.269,49.789
231.505,108.892,113.269,49.789
144.845,165.149,114.260,50.224
139.446,162.926,114.260,50.224
156.914,161.338,114.260,50.224
174.382,161.020,114.260,50.224
196.296,161.338,114.260,50.224
215.034,163.561,114.260,50.224
228.691,163.243,114.260,50.224
235.360,160.385,114.260,50.224
235.678,158.162,114.260,50.224
236.475,164.263,113.285,49.796
232.382,101.601,113.285,49.796
230.178,99.397,113.285,49.796
230.492,99.712,113.285,49.796
231.437,97.508,113.285,49.796
230.492,100.342,113.285,49.796
230.965,99.156,114.276,50.231
230.647,99.473,114.276,50.231
232.236,98.520,114.276,50.231
230.108,100.580,115.276,50.671
230.428,98.337,115.276,50.671
229.595,99.757,116.285,51.114
230.081,98.540,117.302,51.561
229.902,98.648,118.329,52.013
229.721,98.758,119.364,52.468
230.219,98.868,120.408,52.927
227.977,96.235,121.462,53.390
135.049,110.882,122.525,53.857
119.043,107.817,122.525,53.857
117.340,109.520,122.525,53.857
118.362,107.817,122.525,53.857
121.427,108.158,122.525,53.857
123.130,108.498,122.525,53.857
126.876,106.795,122.525,53.857
129.941,106.455,122.525,53.857
130.963,106.795,122.525,53.857
127.898,107.136,122.525,53.857
124.151,107.477,122.525,53.857
119.724,105.774,122.525,53.857
112.572,106.114,122.525,53.857
106.782,104.411,122.525,53.857
103.036,103.390,122.525,53.857
98.609,101.687,122.525,53.857
94.181,100.665,122.525,53.857
88.392,101.006,122.525,53.857
72.634,102.897,121.479,53.397
68.244,104.585,121.479,53.397
66.556,102.222,121.479,53.397
70.270,103.910,121.479,53.397
77.361,102.222,121.479,53.397
95.932,100.533,121.479,53.397
113.153,98.845,121.479,53.397
127.673,97.832,121.479,53.397
141.517,95.468,121.479,53.397
148.607,97.832,121.479,53.397
163.802,94.793,121.479,53.397
172.919,95.806,121.479,53.397
178.659,92.767,121.479,53.397
184.399,92.429,121.479,53.397
189.859,92.328,120.442,52.941
195.550,89.985,120.442,52.941
199.233,89.650,120.442,52.941
202.916,87.976,120.442,52.941
209.276,86.972,120.442,52.941
212.959,85.298,120.442,52.941
209.276,82.285,120.442,52.941
213.383,77.611,119.414,52.490
211.060,73.296,119.414,52.490
217.366,68.982,119.414,52.490
222.345,71.969,119.414,52.490
223.341,68.318,119.414,52.490
226.992,67.986,119.414,52.490
229.315,65.662,119.414,52.490
159.944,94.539,119.414,52.490
164.259,92.880,119.414,52.490
172.557,92.548,119.414,52.490
180.191,90.224,119.414,52.490
181.187,92.548,119.414,52.490
184.174,91.552,119.414,52.490
185.834,93.212,119.414,52.490
188.821,90.888,119.414,52.490
185.834,93.212,119.414,52.490
184.838,90.224,119.414,52.490
182.515,91.884,119.414,52.490
186.830,90.888,119.414,52.490
185.834,92.548,119.414,52.490
185.502,89.561,119.414,52.490
187.161,91.220,119.414,52.490
183.510,93.544,119.414,52.490
185.834,89.892,119.414,52.490
182.847,92.880,119.414,52.490
181.187,91.220,119.414,52.490
181.519,90.888,119.414,52.490
179.859,93.875,119.414,52.490
180.191,90.888,119.414,52.490
179.859,92.548,119.414,52.490
178.863,90.224,119.414,52.490
178.532,91.884,119.414,52.490
179.527,90.224,119.414,52.490
177.204,90.556,119.414,52.490
174.880,91.552,119.414,52.490
172.557,90.556,119.414,52.490
170.234,91.552,119.414,52.490
166.582,91.220,119.414,52.490
162.931,92.880,119.414,52.490
160.608,91.884,119.414,52.490
156.293,92.216,119.414,52.490
153.306,93.212,119.414,52.490
149.655,93.544,119.414,52.490
148.659,93.875,119.414,52.490
143.016,95.535,119.414,52.490
138.037,93.875,119.414,52.490
133.059,96.199,119.414,52.490
126.088,95.203,119.414,52.490
119.118,96.199,119.414,52.490
112.148,98.522,119.414,52.490
105.177,96.863,119.414,52.490
100.862,98.522,119.414,52.490
92.564,100.182,119.414,52.490
86.258,99.850,119.414,52.490
79.288,101.510,119.414,52.490
67.007,103.833,119.414,52.490
62.692,102.173,119.414,52.490
57.713,105.161,119.414,52.490
54.726,106.157,119.414,52.490
53.730,107.152,119.414,52.490
52.734,108.812,119.414,52.490
55.721,107.816,119.414,52.490
58.045,107.484,119.414,52.490
56.385,109.144,119.414,52.490
60.700,108.148,119.414,52.490
59.704,109.808,119.414,52.490
63.356,108.812,119.414,52.490
63.024,109.808,119.414,52.490
66.011,109.476,119.414,52.490
67.670,110.471,119.414,52.490
70.658,108.812,119.414,52.490
69.662,111.135,119.414,52.490
73.977,109.476,119.414,52.490
76.300,111.799,119.414,52.490
75.968,114.123,119.414,52.490
80.947,110.471,119.414,52.490
79.288,114.786,119.414,52.490
82.275,112.463,119.414,52.490
85.926,114.123,119.414,52.490
84.930,115.782,119.414,52.490
90.573,113.459,119.414,52.490
89.577,117.110,119.414,52.490
93.228,114.786,119.414,52.490
96.879,116.446,119.414,52.490
99.203,116.114,119.414,52.490
102.190,116.446,119.414,52.490
106.505,114.786,119.414,52.490
110.820,115.782,119.414,52.490
113.807,113.459,119.414,52.490
112.812,115.782,119.414,52.490
115.799,113.459,119.414,52.490
114.803,115.118,119.414,52.490
119.782,114.123,119.414,52.490
124.097,113.127,119.414,52.490
127.084,114.123,119.414,52.490
128.080,111.135,119.414,52.490
131.731,111.467,119.414,52.490
138.037,107.816,119.414,52.490
141.689,104.829,119.414,52.490
137.374,105.825,119.414,52.490
135.050,101.510,119.414,52.490
130.055,98.819,118.394,52.041
126.501,98.929,119.430,52.497
128.360,96.317,120.475,52.956
132.714,93.973,120.475,52.956
138.022,96.144,121.529,53.420
143.089,92.428,121.529,53.420
149.507,90.739,121.529,53.420
155.925,92.428,121.529,53.420
161.668,89.388,121.529,53.420
166.735,91.753,121.529,53.420
171.802,87.361,121.529,53.420
174.842,85.672,121.529,53.420
181.260,83.983,121.529,53.420
194.434,86.348,121.529,53.420
201.528,83.983,121.529,53.420
205.920,86.348,121.529,53.420
208.960,83.308,121.529,53.420
212.676,83.646,121.529,53.420
216.391,81.281,121.529,53.420
219.432,82.970,121.529,53.420
221.796,80.605,121.529,53.420
226.188,82.970,121.529,53.420
229.013,80.232,120.492,52.964
233.635,83.090,121.546,53.427
227.892,78.022,121.546,53.427
223.551,80.213,122.610,53.894
219.172,81.723,123.683,54.366
216.078,84.130,123.683,54.366
217.299,89.882,124.765,54.842
220.876,179.775,123.700,54.374
222.097,175.661,124.782,54.849
224.525,174.620,124.782,54.849
226.259,177.742,124.782,54.849
228.687,180.170,124.782,54.849
224.872,206.183,124.782,54.849
221.057,210.692,124.782,54.849
217.935,215.894,124.782,54.849
221.750,212.079,124.782,54.849
220.710,213.120,124.782,54.849
224.525,208.611,124.782,54.849
222.097,212.426,124.782,54.849
223.831,208.611,124.782,54.849
222.097,208.264,124.782,54.849
224.999,208.160,123.717,54.381
222.695,207.569,124.800,54.857
223.042,205.835,124.800,54.857
220.718,209.506,125.892,55.337
224.328,205.304,124.817,54.865
221.899,204.957,124.817,54.865
221.552,203.916,124.817,54.865
223.777,206.520,123.751,54.396
222.058,203.424,123.751,54.396
224.465,205.144,123.751,54.396
223.987,203.698,122.695,53.932
223.646,204.039,122.695,53.932
223.987,203.016,122.695,53.932
221.600,202.675,122.695,53.932
222.623,203.698,122.695,53.932
223.646,201.311,122.695,53.932
224.669,200.288,122.695,53.932
227.522,202.847,121.648,53.471
225.831,199.804,121.648,53.471
228.874,198.789,121.648,53.471
229.723,200.007,120.609,53.015
221.342,195.649,120.609,53.015
216.314,195.314,120.609,53.015
220.672,194.979,120.609,53.015
224.359,191.961,120.609,53.015
222.114,198.258,121.664,53.479
225.834,202.655,121.664,53.479
225.648,202.767,122.729,53.947
226.505,200.668,121.681,53.486
228.674,203.866,120.643,53.030
229.009,200.848,120.643,53.030
231.160,202.710,119.613,52.577
231.346,201.313,118.592,52.128
229.698,202.961,118.592,52.128
228.709,199.994,118.592,52.128
227.720,202.961,118.592,52.128
226.072,200.653,118.592,52.128
228.829,203.770,117.579,51.683
225.888,200.829,117.579,51.683
227.522,203.770,117.579,51.683
225.888,200.829,117.579,51.683
228.176,203.770,117.579,51.683
225.888,201.482,117.579,51.683
228.829,203.770,117.579,51.683
227.195,202.136,117.579,51.683
229.929,203.951,116.575,51.242
229.478,202.589,115.580,50.805
232.165,205.000,114.594,50.371
231.847,201.496,114.594,50.371
234.511,204.508,113.615,49.941
232.840,201.948,112.646,49.515
234.237,203.687,111.684,49.092
232.685,203.376,111.684,49.092
229.891,202.445,111.684,49.092
232.487,204.169,110.731,48.673
231.564,202.015,110.731,48.673
234.334,204.785,110.731,48.673
230.949,202.015,110.731,48.673
233.719,204.785,110.731,48.673
229.717,202.015,110.731,48.673
232.487,204.785,110.731,48.673
232.795,202.015,110.731,48.673
232.487,204.169,110.731,48.673
232.795,202.630,110.731,48.673
232.487,204.169,110.731,48.673
233.411,202.630,110.731,48.673
233.103,204.785,110.731,48.673
232.180,201.399,110.731,48.673
233.719,204.785,110.731,48.673
232.180,202.015,110.731,48.673
234.334,204.169,110.731,48.673
234.026,204.477,110.731,48.673
232.487,203.553,110.731,48.673
234.642,205.708,110.731,48.673
232.487,202.938,110.731,48.673
235.062,205.848,109.785,48.257
235.233,203.970,108.848,47.845
235.535,205.483,108.848,47.845
235.705,205.392,107.919,47.437
237.043,204.131,106.998,47.032
235.556,206.808,106.998,47.032
237.043,202.941,106.998,47.032
234.962,206.808,106.998,47.032
235.854,203.536,106.998,47.032
234.962,206.808,106.998,47.032
237.638,204.131,106.998,47.032
234.962,207.403,106.998,47.032
237.043,205.321,106.998,47.032
235.556,207.403,106.998,47.032
237.638,204.726,106.998,47.032
236.151,207.997,106.998,47.032
237.638,204.726,106.998,47.032
235.556,207.997,106.998,47.032
237.638,205.321,106.998,47.032
234.962,208.592,106.998,47.032
237.043,206.510,106.998,47.032
236.151,207.997,106.998,47.032
237.043,207.105,106.998,47.032
233.832,210.253,107.934,47.443
235.932,208.753,107.934,47.443
235.632,209.053,107.934,47.443
234.732,211.153,107.934,47.443
235.632,210.853,107.934,47.443
234.132,212.353,107.934,47.443
234.432,210.853,107.934,47.443
234.732,213.553,107.934,47.443
235.632,212.053,107.934,47.443
236.385,214.304,107.012,47.038
236.088,212.222,107.012,47.038
236.980,215.494,107.012,47.038
237.278,214.007,107.012,47.038
236.980,217.279,107.012,47.038
236.088,215.196,107.012,47.038
236.385,217.873,107.012,47.038
235.493,216.386,107.012,47.038
238.170,217.873,107.012,47.038
236.683,216.981,107.012,47.038
236.980,219.658,107.012,47.038
236.683,218.171,107.012,47.038
236.385,220.848,107.012,47.038
235.002,218.508,107.949,47.450
235.903,221.208,107.949,47.450
236.803,220.308,107.949,47.450
