232.000,88.000,76.000,84.000
240.372,91.334,76.000,84.000
252.021,95.427,76.000,84.000
258.634,100.150,76.000,84.000
265.875,104.243,76.000,84.000
278.155,105.817,76.000,84.000
286.027,107.392,76.000,84.000
293.898,110.225,76.000,84.000
299.251,113.689,76.000,84.000
305.233,116.523,76.000,84.000
310.586,116.208,76.000,84.000
314.679,114.004,76.000,84.000
314.364,110.540,76.000,84.000
309.012,105.188,76.000,84.000
299.881,99.835,76.000,84.000
287.601,93.853,76.000,84.000
275.951,89.130,76.000,84.000
263.042,85.666,76.000,84.000
253.281,84.092,76.000,84.000
246.039,85.666,76.000,84.000
236.278,87.241,76.000,84.000
228.407,90.074,76.000,84.000
221.165,91.649,76.000,84.000
216.442,93.223,76.000,84.000
222.424,97.316,76.000,84.000
230.296,99.520,76.000,84.000
238.168,101.724,76.000,84.000
250.447,105.188,76.000,84.000
263.356,109.281,76.000,84.000
276.266,102.669,76.000,84.000
289.805,116.208,76.000,84.000
298.306,123.450,76.000,84.000
304.918,124.394,76.000,84.000
307.122,102.039,76.000,84.000
303.029,110.540,76.000,84.000
299.566,115.263,76.000,84.000
297.362,115.578,76.000,84.000
293.898,112.744,76.000,84.000
287.916,109.911,76.000,84.000
280.160,105.348,76.665,84.735
267.773,99.313,76.665,84.735
254.751,91.372,76.665,84.735
249.987,84.067,76.665,84.735
251.575,77.397,76.665,84.735
265.868,74.539,76.665,84.735
283.972,75.492,76.665,84.735
307.158,75.174,76.665,84.735
329.073,72.951,76.665,84.735
344.637,75.174,76.665,84.735
355.753,78.033,76.665,84.735
354.165,82.797,76.665,84.735
348.130,86.926,76.665,84.735
333.838,92.325,76.665,84.735
316.369,98.995,76.665,84.735
291.912,104.395,76.665,84.735
266.820,108.524,76.665,84.735
243.634,106.300,76.665,84.735
227.436,104.712,76.665,84.735
211.873,106.300,76.665,84.735
199.486,104.077,76.665,84.735
195.992,102.489,76.665,84.735
192.498,98.360,76.665,84.735
195.357,87.879,76.665,84.735
204.567,81.209,76.665,84.735
220.131,70.092,76.665,84.735
241.411,58.340,76.665,84.735
263.962,47.859,76.665,84.735
289.054,44.365,76.665,84.735
310.334,47.859,76.665,84.735
315.098,51.353,76.665,84.735
311.604,56.752,76.665,84.735
314.850,61.916,77.336,85.476
320.095,67.125,78.013,86.224
332.011,71.717,78.695,86.979
346.682,73.999,78.695,86.979
360.039,75.289,79.384,87.740
372.839,69.849,80.078,88.508
384.450,61.555,80.078,88.508
384.782,50.607,80.078,88.508
378.479,44.967,80.078,88.508
353.597,44.635,80.078,88.508
352.226,48.669,80.779,89.282
335.751,52.738,81.486,90.063
319.884,59.152,81.486,90.063
297.941,64.891,81.486,90.063
282.074,71.980,81.486,90.063
268.233,79.070,81.486,90.063
254.392,84.133,81.486,90.063
240.550,84.471,81.486,90.063
227.384,84.133,81.486,90.063
220.970,85.146,81.486,90.063
215.906,82.783,81.486,90.063
211.744,119.414,82.199,90.851
199.167,131.234,82.918,91.646
191.953,138.448,82.918,91.646
186.113,147.036,82.918,91.646
185.770,150.127,82.918,91.646
189.548,147.723,82.918,91.646
202.946,150.814,82.918,91.646
211.534,154.593,82.918,91.646
220.122,154.250,82.918,91.646
228.023,153.906,82.918,91.646
230.428,157.685,82.918,91.646
234.206,155.280,82.918,91.646
229.266,158.048,83.644,92.448
222.862,162.972,84.375,93.257
219.471,160.300,83.655,92.461
214.486,163.093,84.387,93.270
209.459,168.060,85.126,94.086
202.758,98.585,85.126,94.086
210.869,94.705,85.126,94.086
221.097,95.763,85.126,94.086
234.851,94.000,85.126,94.086
260.331,95.434,84.399,93.283
280.136,94.808,83.678,92.487
303.363,94.462,83.678,92.487
323.675,90.460,82.964,91.697
339.829,90.803,82.964,91.697
354.603,88.177,82.256,90.914
361.078,89.199,82.256,90.914
364.145,90.903,82.256,90.914
361.759,89.199,82.256,90.914
359.374,92.948,82.256,90.914
357.670,96.696,82.256,90.914
359.374,99.082,82.256,90.914
359.714,93.970,82.256,90.914
363.463,88.177,82.256,90.914
362.441,81.020,82.256,90.914
357.329,75.227,82.256,90.914
352.217,69.434,82.256,90.914
344.379,65.004,82.256,90.914
330.407,68.752,82.256,90.914
305.530,67.049,82.256,90.914
282.698,70.116,82.256,90.914
265.318,73.864,82.256,90.914
248.542,78.007,82.976,91.710
233.072,81.789,82.976,91.710
219.672,84.559,83.702,92.512
205.455,82.131,83.702,92.512
190.543,81.091,83.702,92.512
172.858,82.825,83.702,92.512
155.867,83.865,83.702,92.512
138.875,87.680,83.702,92.512
123.964,90.107,83.702,92.512
117.375,89.067,83.702,92.512
112.174,87.333,83.702,92.512
116.682,86.292,83.702,92.512
128.125,86.639,83.702,92.512
145.117,83.518,83.702,92.512
166.788,80.192,82.987,91.723
204.950,88.099,82.987,91.723
219.734,86.380,82.987,91.723
228.329,86.036,82.987,91.723
243.113,78.129,82.987,91.723
266.836,68.846,82.987,91.723
290.559,60.938,82.987,91.723
308.781,53.718,82.987,91.723
322.877,47.874,82.987,91.723
328.034,43.404,82.987,91.723
330.441,43.748,82.987,91.723
329.409,45.467,82.987,91.723
324.252,46.498,82.987,91.723
319.783,39.278,82.987,91.723
304.999,73.316,82.987,91.723
298.466,79.848,82.987,91.723
292.622,60.938,82.987,91.723
275.087,68.846,82.987,91.723
252.052,74.003,82.987,91.723
236.581,76.410,82.987,91.723
224.588,78.475,83.713,92.525
218.179,78.426,84.446,93.335
201.736,75.277,84.446,93.335
183.194,71.429,84.446,93.335
170.249,73.878,84.446,93.335
164.302,73.528,84.446,93.335
163.252,75.977,84.446,93.335
168.500,77.726,84.446,93.335
194.308,83.414,85.185,94.151
217.953,85.885,85.185,94.151
234.540,78.473,85.185,94.151
251.127,67.533,85.185,94.151
262.773,61.534,85.185,94.151
259.597,57.652,85.185,94.151
247.245,55.887,85.185,94.151
235.599,56.240,85.185,94.151
230.305,48.829,85.185,94.151
239.834,43.535,85.185,94.151
253.598,40.359,85.185,94.151
261.009,45.652,85.185,94.151
267.714,59.416,85.185,94.151
268.773,76.003,85.185,94.151
263.479,90.472,85.185,94.151
256.774,93.649,85.185,94.151
260.656,90.472,85.185,94.151
273.759,89.153,84.457,93.348
283.206,83.904,84.457,93.348
290.554,77.256,84.457,93.348
283.906,72.008,84.457,93.348
276.558,68.859,84.457,93.348
274.109,63.610,84.457,93.348
277.258,56.262,84.457,93.348
264.311,49.614,84.457,93.348
248.566,52.763,84.457,93.348
236.319,63.610,84.457,93.348
234.570,75.157,84.457,93.348
239.818,77.606,84.457,93.348
245.067,74.457,84.457,93.348
248.216,67.809,84.457,93.348
244.367,61.161,84.457,93.348
239.119,55.212,84.457,93.348
231.071,59.061,84.457,93.348
218.125,74.107,84.457,93.348
213.576,86.354,84.457,93.348
217.425,94.401,84.457,93.348
231.771,101.749,84.457,93.348
248.916,96.501,84.457,93.348
271.659,84.254,84.457,93.348
288.105,71.308,84.457,93.348
303.150,62.560,84.457,93.348
318.896,51.014,84.457,93.348
331.842,45.765,84.457,93.348
336.391,51.014,84.457,93.348
322.745,62.560,84.457,93.348
313.997,78.306,84.457,93.348
296.771,88.298,85.196,94.164
271.711,92.181,85.196,94.164
256.534,86.180,85.196,94.164
252.651,80.180,85.196,94.164
258.651,73.474,85.196,94.164
265.358,71.709,85.196,94.164
267.828,79.121,85.196,94.164
263.946,85.828,85.196,94.164
254.416,89.004,85.196,94.164
235.003,87.239,85.196,94.164
217.708,91.122,85.196,94.164
210.296,92.181,85.196,94.164
206.413,91.828,85.196,94.164
203.942,94.299,85.196,94.164
221.237,89.710,85.196,94.164
239.944,81.592,85.196,94.164
257.240,74.886,85.196,94.164
274.535,78.768,85.196,94.164
291.124,84.063,85.196,94.164
304.184,87.239,85.196,94.164
299.595,90.416,85.196,94.164
282.300,95.005,85.196,94.164
265.005,101.711,85.196,94.164
247.004,106.299,85.196,94.164
226.885,110.182,85.196,94.164
218.061,106.299,85.196,94.164
216.296,100.299,85.196,94.164
219.473,95.005,85.196,94.164
224.767,92.534,85.196,94.164
239.944,87.945,85.196,94.164
265.005,74.180,85.196,94.164
291.477,63.238,85.196,94.164
298.889,55.826,85.196,94.164
295.712,52.649,85.196,94.164
289.712,55.120,85.196,94.164
291.797,58.621,84.469,93.361
296.347,63.170,84.469,93.361
307.195,66.320,84.469,93.361
320.843,61.071,84.469,93.361
327.492,54.422,84.469,93.361
329.242,40.773,84.469,93.361
327.213,36.051,83.748,92.564
326.866,39.173,83.748,92.564
330.682,45.766,83.748,92.564
333.111,53.746,83.748,92.564
327.213,58.256,83.748,92.564
319.785,61.698,83.033,91.773
316.001,60.666,83.033,91.773
317.033,56.882,83.033,91.773
320.817,50.346,83.033,91.773
326.665,36.242,83.033,91.773
331.137,23.514,83.033,91.773
329.417,10.098,83.033,91.773
324.945,3.562,83.033,91.773
320.473,-0.910,83.033,91.773
309.121,2.874,83.033,91.773
303.273,10.098,83.033,91.773
302.929,18.698,83.033,91.773
298.457,58.946,83.033,91.773
295.791,61.016,82.324,90.990
292.721,64.085,82.324,90.990
286.241,76.022,82.324,90.990
273.621,83.867,82.324,90.990
265.095,88.301,82.324,90.990
252.476,91.370,82.324,90.990
239.856,88.983,82.324,90.990
225.190,90.688,82.324,90.990
216.664,84.890,82.324,90.990
218.052,78.549,83.045,91.786
223.900,72.700,83.045,91.786
232.502,66.851,83.045,91.786
248.672,64.443,83.045,91.786
258.649,64.787,83.045,91.786
263.122,67.195,83.045,91.786
259.337,70.292,83.045,91.786
256.241,75.453,83.045,91.786
260.714,81.989,83.045,91.786
256.241,65.819,83.045,91.786
253.145,53.778,83.045,91.786
250.736,38.984,83.045,91.786
249.016,33.823,83.045,91.786
241.791,35.543,83.045,91.786
226.997,39.328,83.045,91.786
223.212,78.893,83.045,91.786
222.868,84.054,83.045,91.786
230.093,84.398,83.045,91.786
237.136,86.465,83.771,92.589
231.236,91.671,83.771,92.589
255.877,90.629,83.771,92.589
281.906,92.365,83.771,92.589
285.724,95.488,83.771,92.589
279.130,99.306,83.771,92.589
264.900,105.900,83.771,92.589
256.918,118.741,83.771,92.589
239.218,136.441,83.771,92.589
234.012,143.035,83.771,92.589
240.606,130.888,83.771,92.589
263.859,105.553,83.771,92.589
289.888,78.830,83.771,92.589
305.506,52.800,83.771,92.589
309.324,34.406,83.771,92.589
300.647,27.118,83.771,92.589
283.641,28.853,83.771,92.589
266.636,37.530,83.771,92.589
253.794,41.347,83.771,92.589
258.306,37.530,83.771,92.589
257.959,43.430,83.771,92.589
254.836,59.741,83.771,92.589
247.547,83.688,83.771,92.589
239.565,93.059,83.771,92.589
234.359,95.488,83.771,92.589
246.568,90.805,83.056,91.799
262.029,86.832,82.347,91.015
273.287,86.491,82.347,91.015
265.440,80.009,82.347,91.015
238.489,75.574,82.347,91.015
212.902,82.738,82.347,91.015
196.185,88.538,82.347,91.015
200.620,92.973,82.347,91.015
205.055,98.091,82.347,91.015
197.352,136.508,83.068,91.812
199.072,134.787,83.068,91.812
200.105,136.508,83.068,91.812
201.825,123.086,83.068,91.812
201.481,115.171,83.068,91.812
195.631,110.009,83.068,91.812
185.651,100.028,83.068,91.812
170.164,87.983,83.068,91.812
156.054,74.562,83.068,91.812
139.880,63.205,83.068,91.812
