32.000,60.000,68.000,78.000
37.957,63.660,68.000,78.000
42.266,67.394,68.000,78.000
48.872,74.000,68.000,78.000
55.479,78.308,68.000,78.000
67.255,80.894,68.000,78.000
77.883,82.330,68.000,78.000
83.915,84.340,68.000,78.000
92.819,86.925,68.000,78.000
102.298,90.085,68.000,78.000
112.925,92.670,68.000,78.000
118.383,88.936,68.000,78.000
124.415,86.925,68.000,78.000
128.723,84.340,68.000,78.000
132.457,81.755,68.000,78.000
138.489,78.021,68.000,78.000
145.095,74.862,68.000,78.000
152.851,72.277,68.000,78.000
164.630,70.087,67.420,77.334
178.532,68.473,66.844,76.674
195.191,71.014,66.844,76.674
210.155,69.037,66.844,76.674
227.378,71.579,66.844,76.674
242.908,69.037,66.844,76.674
257.308,67.061,66.844,76.674
272.192,69.867,66.273,76.019
285.350,67.348,66.273,76.019
295.738,66.307,65.708,75.370
298.235,64.364,65.708,75.370
298.513,63.531,65.708,75.370
293.240,66.029,65.708,75.370
279.640,64.642,65.708,75.370
265.485,65.474,65.708,75.370
252.440,63.531,65.708,75.370
240.505,62.699,65.708,75.370
228.015,64.642,65.708,75.370
214.415,67.695,65.708,75.370
199.705,72.413,65.708,75.370
185.550,77.131,65.708,75.370
174.726,77.964,65.708,75.370
164.987,91.012,65.147,74.727
157.007,94.590,65.147,74.727
148.477,96.516,65.147,74.727
139.396,95.140,65.147,74.727
135.818,90.462,65.147,74.727
130.590,91.838,65.147,74.727
126.462,91.563,65.147,74.727
122.885,89.636,65.147,74.727
120.408,88.811,65.147,74.727
117.931,87.985,65.147,74.727
117.656,87.710,65.147,74.727
121.784,89.086,65.147,74.727
128.113,89.361,65.147,74.727
140.496,87.435,65.147,74.727
157.833,87.160,65.147,74.727
177.921,86.334,65.147,74.727
194.707,83.307,65.147,74.727
213.694,83.582,65.147,74.727
227.729,82.207,65.147,74.727
247.817,81.381,65.147,74.727
261.301,78.904,65.147,74.727
275.335,76.428,65.147,74.727
293.600,74.330,64.591,74.089
305.332,70.238,64.591,74.089
312.698,66.146,64.591,74.089
317.882,62.599,64.591,74.089
320.338,61.780,64.591,74.089
317.337,62.599,64.591,74.089
307.788,65.600,64.591,74.089
294.964,70.784,64.591,74.089
275.593,77.059,64.591,74.089
257.314,83.334,64.591,74.089
238.294,87.764,65.156,74.737
216.552,90.241,65.156,74.737
194.259,92.718,65.156,74.737
172.253,94.930,65.726,75.391
151.192,90.331,66.301,76.051
129.946,85.693,66.881,76.717
110.253,79.855,67.466,77.388
91.729,74.441,67.466,77.388
73.205,70.736,67.466,77.388
51.262,69.881,67.466,77.388
29.319,74.726,67.466,77.388
12.505,78.430,67.466,77.388
2.531,81.565,67.466,77.388
-0.604,84.130,67.466,77.388
1.391,82.135,67.466,77.388
2.246,80.710,67.466,77.388
4.811,77.006,67.466,77.388
14.785,71.021,67.466,77.388
20.199,70.166,67.466,77.388
23.904,71.021,67.466,77.388
27.609,71.306,67.466,77.388
25.044,77.291,67.466,77.388
32.169,80.995,67.466,77.388
47.272,92.109,67.466,77.388
54.397,95.244,67.466,77.388
59.811,96.099,67.466,77.388
66.366,95.814,67.466,77.388
76.910,92.109,67.466,77.388
91.444,90.684,67.466,77.388
106.548,94.959,67.466,77.388
124.502,98.664,67.466,77.388
146.114,102.123,68.057,78.065
166.525,100.685,68.057,78.065
185.210,98.098,68.057,78.065
209.071,101.835,68.057,78.065
234.656,109.597,68.057,78.065
254.491,106.435,68.057,78.065
278.351,108.447,68.057,78.065
302.787,110.459,68.057,78.065
323.197,107.872,68.057,78.065
340.158,104.710,68.057,78.065
353.669,102.123,68.057,78.065
359.131,97.811,68.057,78.065
362.868,92.349,68.057,78.065
360.281,88.611,68.057,78.065
357.119,84.299,68.057,78.065
351.812,80.717,68.652,78.748
340.502,77.527,68.652,78.748
325.043,74.507,69.253,79.437
311.247,72.660,69.859,80.132
299.750,75.032,70.470,80.833
295.285,69.376,70.470,80.833
279.509,103.013,70.470,80.833
272.067,108.668,70.470,80.833
279.509,76.223,70.470,80.833
273.404,81.666,71.087,81.541
266.629,83.464,71.709,82.254
254.828,85.898,72.336,82.974
239.792,83.343,72.969,83.700
224.073,84.884,72.969,83.700
208.273,81.674,73.608,84.432
194.282,78.254,73.608,84.432
183.399,81.674,73.608,84.432
188.495,84.811,74.252,85.171
197.591,82.615,74.252,85.171
212.959,85.438,74.252,85.171
228.955,90.142,74.252,85.171
241.187,93.592,74.252,85.171
250.282,93.279,74.252,85.171
255.614,92.965,74.252,85.171
259.691,92.652,74.252,85.171
256.869,93.592,74.252,85.171
252.791,95.788,74.252,85.171
248.087,98.611,74.252,85.171
240.246,101.433,74.252,85.171
234.914,102.374,74.252,85.171
230.836,98.924,74.252,85.171
227.386,93.592,74.252,85.171
225.191,88.261,74.252,85.171
230.523,85.438,74.252,85.171
244.009,81.988,74.252,85.171
258.123,78.538,74.252,85.171
274.046,76.759,73.618,84.444
289.832,75.603,72.989,83.723
303.089,72.828,72.989,83.723
310.797,65.737,72.989,83.723
316.038,54.946,72.989,83.723
319.057,50.792,72.366,83.008
316.682,50.848,71.748,82.300
312.742,56.606,71.748,82.300
306.378,65.395,71.748,82.300
295.164,80.245,71.748,82.300
290.012,93.883,71.748,82.300
284.254,102.066,71.748,82.300
280.920,105.400,71.748,82.300
277.586,102.066,71.748,82.300
266.979,96.914,71.748,82.300
260.614,89.337,71.748,82.300
253.644,81.761,71.748,82.300
243.037,76.609,71.748,82.300
236.820,71.589,72.376,83.020
235.564,66.525,73.010,83.746
238.956,63.133,73.010,83.746
236.181,65.292,73.010,83.746
224.153,69.301,73.010,83.746
207.315,74.773,72.386,83.031
198.448,87.921,72.386,83.031
194.684,91.005,73.020,83.758
195.609,90.080,73.020,83.758
197.151,88.537,73.020,83.758
194.992,87.612,73.020,83.758
192.216,88.537,73.020,83.758
196.843,91.313,73.020,83.758
200.236,93.472,73.020,83.758
205.479,88.229,73.020,83.758
210.106,84.219,73.020,83.758
212.882,79.593,73.020,83.758
223.677,75.583,73.020,83.758
228.920,66.638,73.020,83.758
224.294,61.395,73.020,83.758
220.901,61.704,73.020,83.758
222.443,64.479,73.020,83.758
228.920,66.022,73.020,83.758
234.781,67.564,73.020,83.758
237.199,71.231,72.396,83.043
234.446,75.207,72.396,83.043
234.141,79.182,72.396,83.043
239.339,78.265,72.396,83.043
244.538,75.513,72.396,83.043
252.795,73.372,72.396,83.043
267.167,70.620,72.396,83.043
279.705,69.091,72.396,83.043
286.127,66.338,72.396,83.043
281.540,66.033,72.396,83.043
271.449,68.785,72.396,83.043
265.803,73.123,73.030,83.769
254.417,77.500,73.669,84.502
256.328,79.363,74.313,85.242
254.758,75.282,74.313,85.242
250.677,75.596,74.313,85.242
242.830,79.049,74.313,85.242
227.449,83.130,74.313,85.242
208.928,84.071,74.313,85.242
191.036,86.896,74.313,85.242
175.027,92.233,74.313,85.242
162.785,99.452,74.313,85.242
157.449,106.044,74.313,85.242
156.507,109.497,74.313,85.242
163.099,103.533,74.313,85.242
174.713,96.313,74.313,85.242
181.933,89.094,74.313,85.242
188.525,80.618,74.313,85.242
195.117,69.004,74.313,85.242
211.126,59.901,74.313,85.242
225.879,53.937,74.313,85.242
232.471,51.112,74.313,85.242
238.435,55.192,74.313,85.242
242.516,59.273,74.313,85.242
238.435,62.726,74.313,85.242
233.099,67.434,74.313,85.242
222.740,80.304,74.313,85.242
216.148,86.269,74.313,85.242
207.045,90.349,74.313,85.242
201.081,93.174,74.313,85.242
197.000,95.999,74.313,85.242
198.570,95.058,74.313,85.242
202.023,92.233,74.313,85.242
208.615,88.152,74.313,85.242
221.485,83.443,74.313,85.242
231.843,76.851,74.313,85.242
234.041,67.121,74.313,85.242
238.121,69.318,74.313,85.242
241.574,75.282,74.313,85.242
246.910,85.013,74.313,85.242
251.619,90.349,74.313,85.242
251.305,95.058,74.313,85.242
247.224,93.488,74.313,85.242
240.632,90.663,74.313,85.242
229.018,93.488,74.313,85.242
224.310,97.569,74.313,85.242
217.090,99.138,74.313,85.242
211.126,101.336,74.313,85.242
207.045,104.789,74.313,85.242
209.242,109.497,74.313,85.242
213.323,112.950,74.313,85.242
219.915,109.497,74.313,85.242
227.763,104.161,74.313,85.242
234.354,100.080,74.313,85.242
237.807,94.116,74.313,85.242
235.610,86.896,74.313,85.242
231.529,82.816,74.313,85.242
227.021,86.625,74.964,85.988
224.805,108.474,74.964,85.988
221.322,113.224,74.964,85.988
216.572,107.208,74.964,85.988
220.055,91.692,74.964,85.988
224.805,80.609,74.964,85.988
227.655,73.960,74.964,85.988
229.238,67.943,74.964,85.988
228.288,63.193,74.964,85.988
226.337,61.194,75.620,86.740
223.715,63.107,76.281,87.499
207.858,64.375,76.949,88.265
208.833,70.551,76.949,88.265
227.360,92.978,76.949,88.265
228.335,95.253,76.949,88.265
228.010,96.879,76.949,88.265
224.435,92.653,76.949,88.265
222.160,89.078,76.949,88.265
225.735,91.353,76.949,88.265
227.731,88.635,77.622,89.037
231.993,91.586,77.622,89.037
229.698,78.143,77.622,89.037
235.272,65.356,77.622,89.037
249.383,70.007,78.301,89.816
258.313,72.322,78.301,89.816
270.551,66.700,78.301,89.816
276.835,67.692,78.301,89.816
273.858,65.377,78.301,89.816
272.866,63.061,78.301,89.816
269.228,57.439,78.301,89.816
260.298,91.506,78.301,89.816
263.936,65.377,78.301,89.816
258.975,70.338,78.301,89.816
255.337,73.315,78.301,89.816
251.037,74.968,78.301,89.816
245.414,73.976,78.301,89.816
238.469,76.291,78.301,89.816
229.539,80.591,78.301,89.816
224.577,84.891,78.301,89.816
224.247,88.529,78.301,89.816
231.854,88.860,78.301,89.816
243.430,90.513,78.301,89.816
249.714,91.506,78.301,89.816
256.660,91.836,78.301,89.816
254.344,86.875,78.301,89.816
250.706,82.575,78.301,89.816
249.714,78.937,78.301,89.816
252.691,79.268,78.301,89.816
248.391,74.968,78.301,89.816
244.753,70.669,78.301,89.816
226.443,76.717,78.986,90.602
220.967,78.714,79.677,91.395
219.284,83.090,79.677,91.395
218.591,83.725,80.375,92.194
216.499,77.406,81.078,93.001
221.410,74.541,81.787,93.815
248.011,61.759,81.787,93.815
287.050,64.177,81.787,93.815
303.978,58.304,81.787,93.815
304.323,53.813,81.787,93.815
278.413,50.704,81.787,93.815
246.975,57.268,81.787,93.815
219.683,72.123,81.787,93.815
214.722,84.815,82.503,94.636
211.146,90.473,83.225,95.464
198.842,97.152,83.225,95.464
204.603,102.140,83.953,96.299
214.178,93.274,83.953,96.299
227.299,81.572,83.953,96.299
241.838,67.032,83.953,96.299
245.739,63.841,83.953,96.299
232.605,69.441,83.236,95.477
218.892,82.450,83.236,95.477
213.416,87.317,82.526,94.662
208.885,96.729,82.526,94.662
219.691,101.261,82.526,94.662
231.892,105.095,82.526,94.662
267.099,105.444,82.526,94.662
303.004,98.123,82.526,94.662
329.149,81.740,82.526,94.662
342.084,65.479,81.821,93.854
317.819,58.799,81.123,93.053
290.063,61.883,81.123,93.053
263.678,66.338,81.123,93.053
234.551,72.848,81.123,93.053
200.628,77.303,81.123,93.053
166.704,84.499,81.123,93.053
140.319,91.010,81.123,93.053
134.493,96.150,81.123,93.053
140.319,100.604,81.123,93.053
126.269,103.003,81.123,93.053
68.359,101.975,81.123,93.053
63.219,100.947,81.123,93.053
63.562,103.345,81.123,93.053
63.219,101.632,81.123,93.053
60.135,102.660,81.123,93.053
60.478,101.632,81.123,93.053
91.915,106.375,80.430,92.258
128.946,93.805,80.430,92.258
140.837,90.747,80.430,92.258
152.728,85.651,80.430,92.258
155.786,79.876,80.430,92.258
