692.000,439.000,24.000,79.000
689.178,440.477,24.000,79.000
686.247,439.109,24.000,79.000
683.316,440.477,24.000,79.000
680.776,438.718,24.000,79.000
677.455,439.305,24.000,79.000
674.133,437.155,24.000,79.000
671.202,435.397,24.000,79.000
668.271,433.247,24.000,79.000
665.731,434.615,24.000,79.000
663.191,432.075,24.000,79.000
661.041,430.707,24.000,79.000
657.720,431.293,24.000,79.000
654.789,429.926,24.000,79.000
652.248,429.339,24.000,79.000
650.099,429.535,24.000,79.000
647.168,430.121,24.000,79.000
644.628,429.535,24.000,79.000
641.697,428.949,24.000,79.000
638.375,428.362,24.000,79.000
635.054,427.385,24.000,79.000
632.514,425.627,24.000,79.000
629.583,424.650,24.000,79.000
627.042,424.064,24.000,79.000
624.893,422.305,24.000,79.000
622.744,421.328,24.000,79.000
619.813,420.351,24.000,79.000
617.273,421.328,24.000,79.000
614.733,421.524,24.000,79.000
611.802,421.328,24.000,79.000
609.261,421.914,24.000,79.000
606.721,421.328,24.000,79.000
603.400,420.742,24.000,79.000
600.469,421.719,24.000,79.000
597.928,419.179,24.000,79.000
595.388,417.029,24.000,79.000
593.239,416.443,24.000,79.000
591.480,414.294,24.000,79.000
588.940,414.099,24.000,79.000
586.400,415.076,24.000,79.000
583.860,413.317,24.000,79.000
581.320,412.731,24.000,79.000
579.170,414.099,24.000,79.000
577.021,413.903,24.000,79.000
574.481,413.317,24.000,79.000
571.550,412.731,24.000,79.000
568.619,412.535,24.000,79.000
566.079,410.386,24.000,79.000
563.539,409.800,24.000,79.000
560.999,409.214,24.000,79.000
559.240,407.064,24.000,79.000
557.091,405.697,24.000,79.000
554.551,405.892,24.000,79.000
552.010,406.869,24.000,79.000
549.080,406.283,24.000,79.000
546.930,407.260,24.000,79.000
544.390,406.283,24.000,79.000
541.850,406.869,24.000,79.000
538.919,405.501,24.000,79.000
536.770,404.915,24.000,79.000
534.229,403.547,24.000,79.000
532.862,402.570,24.000,79.000
530.712,400.421,24.000,79.000
528.172,399.053,24.000,79.000
526.023,398.858,24.000,79.000
523.483,398.272,24.000,79.000
521.333,397.295,24.000,79.000
519.184,397.881,24.000,79.000
517.035,398.858,24.000,79.000
514.495,398.662,24.000,79.000
511.954,398.858,24.000,79.000
509.805,397.490,24.000,79.000
507.265,397.685,24.000,79.000
505.506,396.708,24.000,79.000
502.966,395.341,24.000,79.000
500.426,393.973,24.000,79.000
498.667,392.996,24.000,79.000
496.518,392.019,24.000,79.000
494.760,390.651,24.000,79.000
492.610,391.237,24.000,79.000
490.852,391.823,24.000,79.000
488.311,392.410,24.000,79.000
486.553,391.433,24.000,79.000
485.185,390.846,24.000,79.000
483.427,390.651,24.000,79.000
480.496,389.283,24.000,79.000
477.956,390.260,24.000,79.000
475.415,388.502,24.000,79.000
472.875,386.743,24.000,79.000
471.117,386.157,24.000,79.000
469.358,385.180,24.000,79.000
467.209,385.375,24.000,79.000
465.450,384.008,24.000,79.000
463.301,384.985,24.000,79.000
461.542,385.180,24.000,79.000
459.393,385.766,24.000,79.000
457.244,385.962,24.000,79.000
455.485,384.594,24.000,79.000
453.726,385.180,24.000,79.000
451.186,383.421,24.000,79.000
449.428,382.835,24.000,79.000
447.278,381.858,24.000,79.000
445.520,380.100,24.000,79.000
444.152,379.123,24.000,79.000
442.539,378.507,23.795,78.326
440.795,379.088,23.795,78.326
439.052,378.894,23.795,78.326
436.533,379.863,23.795,78.326
434.402,379.282,23.795,78.326
432.271,379.863,23.795,78.326
430.528,378.507,23.795,78.326
428.784,378.700,23.795,78.326
427.041,377.344,23.795,78.326
425.685,377.926,23.795,78.326
423.941,375.020,23.795,78.326
422.197,374.051,23.795,78.326
420.454,373.470,23.795,78.326
418.854,373.615,23.592,77.657
416.742,373.807,23.592,77.657
414.781,372.827,23.391,76.994
413.067,373.779,23.391,76.994
411.353,374.350,23.391,76.994
408.878,375.303,23.391,76.994
406.783,373.970,23.391,76.994
405.450,374.160,23.391,76.994
403.355,372.827,23.391,76.994
401.260,372.256,23.391,76.994
399.165,371.684,23.391,76.994
397.451,369.970,23.391,76.994
395.738,368.637,23.391,76.994
394.405,367.685,23.391,76.994
393.072,367.114,23.391,76.994
391.738,368.066,23.391,76.994
389.263,368.637,23.391,76.994
387.168,368.828,23.391,76.994
385.454,369.018,23.391,76.994
382.978,369.209,23.391,76.994
381.645,369.018,23.391,76.994
379.932,367.685,23.391,76.994
378.599,367.495,23.391,76.994
376.885,366.543,23.391,76.994
375.312,364.828,23.191,76.337
373.753,364.601,22.993,75.685
371.694,365.537,22.993,75.685
369.635,365.724,22.993,75.685
367.950,363.290,22.993,75.685
366.266,364.601,22.993,75.685
364.206,365.911,22.993,75.685
362.147,364.975,22.993,75.685
360.236,366.577,22.797,75.039
358.937,365.277,22.797,75.039
358.009,364.349,22.797,75.039
356.339,364.164,22.797,75.039
354.297,362.493,22.797,75.039
352.627,363.050,22.797,75.039
351.457,361.379,22.602,74.398
350.297,359.722,22.409,73.763
349.146,360.570,22.218,73.134
347.518,360.751,22.218,73.134
346.252,361.294,22.218,73.134
344.262,361.475,22.218,73.134
342.273,362.379,22.218,73.134
340.645,361.475,22.218,73.134
339.017,361.294,22.218,73.134
337.750,360.028,22.218,73.134
336.122,360.209,22.218,73.134
334.629,358.932,22.028,72.509
333.015,357.677,22.028,72.509
331.534,357.112,21.840,71.890
329.578,357.290,21.840,71.890
327.978,357.467,21.840,71.890
326.022,355.511,21.840,71.890
324.422,355.334,21.840,71.890
323.177,356.934,21.840,71.890
321.221,357.467,21.840,71.890
319.621,356.223,21.840,71.890
318.021,357.112,21.840,71.890
316.420,355.511,21.840,71.890
314.820,354.622,21.840,71.890
313.220,353.733,21.840,71.890
311.975,353.200,21.840,71.890
310.730,351.955,21.840,71.890
309.609,350.701,21.654,71.277
308.728,349.467,21.654,71.277
307.141,349.643,21.654,71.277
305.342,351.839,21.469,70.668
303.769,350.965,21.469,70.668
301.846,351.839,21.469,70.668
299.923,352.713,21.469,70.668
298.350,353.238,21.469,70.668
296.777,352.014,21.469,70.668
295.204,351.490,21.469,70.668
293.980,352.364,21.469,70.668
292.757,349.742,21.469,70.668
290.973,348.509,21.286,70.065
289.066,349.029,21.286,70.065
287.636,349.497,21.104,69.467
286.089,349.668,21.104,69.467
284.199,348.122,21.104,69.467
282.309,349.668,21.104,69.467
280.220,351.474,20.924,68.874
278.346,350.281,20.924,68.874
276.813,350.792,20.924,68.874
275.280,349.259,20.924,68.874
273.747,350.111,20.924,68.874
271.873,348.578,20.924,68.874
270.340,347.385,20.924,68.874
269.148,346.874,20.924,68.874
267.614,345.341,20.924,68.874
266.540,344.472,20.745,68.286
265.358,344.303,20.745,68.286
264.176,345.147,20.745,68.286
262.318,344.641,20.745,68.286
260.798,345.823,20.745,68.286
258.940,345.654,20.745,68.286
257.082,346.161,20.745,68.286
255.562,345.316,20.745,68.286
253.704,345.823,20.745,68.286
252.184,344.303,20.745,68.286
251.340,343.120,20.745,68.286
249.820,341.938,20.745,68.286
247.766,341.735,20.568,67.703
246.594,343.242,20.568,67.703
244.417,342.405,20.568,67.703
242.708,343.838,20.392,67.125
240.881,343.340,20.392,67.125
239.055,343.838,20.392,67.125
237.229,343.672,20.392,67.125
235.403,343.838,20.392,67.125
233.576,342.343,20.392,67.125
231.882,342.144,20.218,66.552
231.059,341.650,20.218,66.552
229.700,341.774,20.046,65.984
228.557,340.958,20.046,65.984
227.528,340.443,19.875,65.421
226.396,339.634,19.875,65.421
225.060,339.756,19.705,64.862
223.295,339.595,19.705,64.862
221.344,340.968,19.537,64.308
219.595,341.445,19.537,64.308
217.845,342.876,19.537,64.308
216.414,342.081,19.537,64.308
214.664,340.968,19.537,64.308
213.232,341.445,19.537,64.308
212.437,340.013,19.537,64.308
211.324,337.946,19.537,64.308
209.700,338.996,19.370,63.759
208.398,338.806,19.205,63.215
206.802,339.839,19.041,62.676
204.917,338.443,18.878,62.140
203.648,339.758,18.717,61.610
201.972,340.520,18.717,61.610
200.296,340.063,18.717,61.610
198.924,340.824,18.717,61.610
197.666,341.236,18.557,61.084
197.213,340.783,18.557,61.084
195.551,339.725,18.557,61.084
194.191,339.272,18.557,61.084
192.832,339.725,18.557,61.084
191.472,338.365,18.557,61.084
190.414,337.610,18.557,61.084
189.357,336.250,18.557,61.084
188.299,335.797,18.557,61.084
186.939,337.761,18.557,61.084
185.278,336.704,18.557,61.084
183.918,337.761,18.557,61.084
182.256,337.308,18.557,61.084
180.896,337.761,18.557,61.084
179.234,336.401,18.557,61.084
178.479,334.740,18.557,61.084
177.723,333.380,18.557,61.084
176.364,333.229,18.557,61.084
175.004,331.869,18.557,61.084
173.040,332.020,18.557,61.084
171.680,331.869,18.557,61.084
170.018,331.114,18.557,61.084
168.356,331.869,18.557,61.084
167.299,331.416,18.557,61.084
165.939,332.775,18.557,61.084
164.277,333.229,18.557,61.084
162.917,333.380,18.557,61.084
161.558,332.927,18.557,61.084
160.500,332.171,18.557,61.084
158.838,332.020,18.557,61.084
156.874,330.962,18.557,61.084
155.514,331.416,18.557,61.084
154.759,329.754,18.557,61.084
153.511,329.277,18.399,60.563
152.163,328.828,18.399,60.563
151.414,330.176,18.399,60.563
149.467,329.727,18.399,60.563
147.520,330.775,18.399,60.563
145.872,331.524,18.399,60.563
145.123,330.476,18.399,60.563
144.074,330.925,18.399,60.563
143.026,330.775,18.399,60.563
141.977,329.427,18.399,60.563
140.929,328.079,18.399,60.563
139.581,327.929,18.399,60.563
137.933,327.180,18.399,60.563
136.585,327.929,18.399,60.563
135.237,327.180,18.399,60.563
133.888,327.031,18.399,60.563
132.840,327.780,18.399,60.563
131.791,328.229,18.399,60.563
130.144,327.780,18.399,60.563
128.615,329.061,18.242,60.046
127.678,328.593,18.086,59.533
126.750,328.991,17.932,59.025
125.436,328.553,17.932,59.025
123.946,327.808,17.779,58.521
122.643,327.373,17.779,58.521
121.730,327.200,17.627,58.021
121.300,325.908,17.627,58.021
120.675,326.016,17.476,57.526
119.964,325.589,17.476,57.526
118.683,326.016,17.476,57.526
117.972,326.158,17.476,57.526
116.797,327.097,17.327,57.035
115.245,327.521,17.327,57.035
114.540,326.815,17.327,57.035
113.270,325.546,17.327,57.035
112.283,325.687,17.327,57.035
111.393,325.242,17.179,56.548
110.414,324.543,17.179,56.548
109.156,323.284,17.179,56.548
107.617,323.983,17.179,56.548
106.918,323.843,17.179,56.548
105.939,323.144,17.179,56.548
104.680,323.004,17.179,56.548
103.421,323.983,17.179,56.548
102.442,323.564,17.179,56.548
101.463,323.704,17.179,56.548
100.764,323.284,17.179,56.548
99.505,323.704,17.179,56.548
98.806,323.284,17.179,56.548
97.547,322.864,17.179,56.548
96.665,322.696,17.033,56.065
95.417,321.726,17.033,56.065
94.724,321.310,17.033,56.065
94.030,321.171,17.033,56.065
93.060,320.478,17.033,56.065
92.185,320.582,16.887,55.587
91.498,321.269,16.887,55.587
90.363,321.909,16.743,55.112
89.503,322.011,16.600,54.642
88.557,321.876,16.600,54.642
87.611,322.011,16.600,54.642
86.935,320.795,16.600,54.642
85.719,320.930,16.600,54.642
84.773,319.984,16.600,54.642
83.921,320.349,16.458,54.175
82.983,319.411,16.458,54.175
81.777,320.081,16.458,54.175
80.839,319.679,16.458,54.175
79.901,319.009,16.458,54.175
79.056,319.371,16.318,53.713
77.861,320.035,16.318,53.713
76.665,319.371,16.318,53.713
75.469,320.567,16.318,53.713
74.539,319.105,16.318,53.713
74.141,319.238,16.318,53.713
72.945,318.839,16.318,53.713
72.281,318.441,16.318,53.713
71.085,317.777,16.318,53.713
70.155,317.644,16.318,53.713
69.225,316.980,16.318,53.713
68.295,316.050,16.318,53.713
67.631,315.651,16.318,53.713
67.312,315.491,16.179,53.254
66.738,316.361,16.040,52.800
65.563,316.492,16.040,52.800
64.649,317.145,16.040,52.800
63.474,317.014,16.040,52.800
62.559,316.100,16.040,52.800
61.906,316.753,16.040,52.800
61.338,315.832,15.903,52.349
60.173,316.220,15.903,52.349
59.266,315.055,15.903,52.349
58.360,314.408,15.903,52.349
57.195,315.314,15.903,52.349
56.029,314.408,15.903,52.349
55.382,314.796,15.903,52.349
54.476,314.149,15.903,52.349
53.569,314.796,15.903,52.349
52.922,315.184,15.903,52.349
52.274,315.055,15.903,52.349
51.109,314.408,15.903,52.349
49.944,315.055,15.903,52.349
50.591,313.631,15.903,52.349
49.426,314.278,15.903,52.349
48.002,312.854,15.903,52.349
47.095,312.206,15.903,52.349
45.930,312.077,15.903,52.349
45.542,311.171,15.903,52.349
44.376,311.300,15.903,52.349
43.470,310.912,15.903,52.349
43.411,311.514,15.768,51.902
42.513,312.413,15.768,51.902
41.614,312.284,15.768,51.902
40.716,312.156,15.768,51.902
39.817,311.514,15.768,51.902
39.175,311.899,15.768,51.902
38.533,310.487,15.768,51.902
38.148,309.845,15.768,51.902
36.993,308.947,15.768,51.902
35.837,309.588,15.768,51.902
34.682,308.433,15.768,51.902
33.527,309.332,15.768,51.902
32.968,308.677,15.633,51.459
32.586,308.804,15.633,51.459
31.695,309.440,15.633,51.459
