213.000,121.000,21.000,95.000
211.985,119.119,21.000,95.000
210.470,116.739,21.000,95.000
211.119,116.090,21.000,95.000
210.037,113.709,21.000,95.000
209.388,113.925,21.000,95.000
208.306,112.410,21.000,95.000
209.821,113.060,21.000,95.000
210.903,113.276,21.000,95.000
210.687,112.627,21.000,95.000
213.933,112.843,21.000,95.000
216.313,111.328,21.000,95.000
219.993,108.948,21.000,95.000
222.373,110.463,21.000,95.000
223.888,109.813,21.000,95.000
225.403,110.895,21.000,95.000
223.022,110.246,21.000,95.000
221.940,109.597,21.000,95.000
219.560,109.381,21.000,95.000
217.612,108.731,21.000,95.000
218.694,110.246,21.000,95.000
219.343,108.731,21.000,95.000
217.699,107.650,21.184,95.831
218.790,106.559,21.184,95.831
218.572,105.904,21.184,95.831
220.537,104.812,21.184,95.831
221.628,103.721,21.184,95.831
219.663,102.192,21.184,95.831
219.445,101.537,21.184,95.831
218.790,100.446,21.184,95.831
219.882,99.791,21.184,95.831
221.847,100.882,21.184,95.831
224.248,101.537,21.184,95.831
226.649,102.192,21.184,95.831
226.868,100.664,21.184,95.831
226.213,98.263,21.184,95.831
227.304,100.664,21.184,95.831
228.833,99.573,21.184,95.831
229.488,98.918,21.184,95.831
230.961,99.170,21.369,96.670
227.658,98.069,21.369,96.670
226.557,100.491,21.369,96.670
225.456,102.913,21.369,96.670
226.116,107.538,21.369,96.670
225.015,110.401,21.369,96.670
223.474,111.502,21.369,96.670
225.896,111.722,21.369,96.670
223.914,113.704,21.369,96.670
224.134,112.603,21.369,96.670
221.271,111.062,21.369,96.670
218.849,109.520,21.369,96.670
215.546,108.860,21.369,96.670
211.802,107.758,21.369,96.670
208.058,106.657,21.369,96.670
203.874,105.556,21.369,96.670
201.451,105.336,21.369,96.670
202.112,104.235,21.369,96.670
199.690,102.693,21.369,96.670
201.672,103.794,21.369,96.670
203.654,104.455,21.369,96.670
205.636,105.997,21.369,96.670
207.618,107.538,21.369,96.670
209.159,109.520,21.369,96.670
209.820,110.181,21.369,96.670
210.040,109.080,21.369,96.670
207.618,108.860,21.369,96.670
208.278,108.199,21.369,96.670
210.260,107.098,21.369,96.670
209.600,108.199,21.369,96.670
213.343,108.860,21.369,96.670
218.409,108.199,21.369,96.670
226.997,106.217,21.369,96.670
231.181,103.794,21.369,96.670
232.723,101.372,21.369,96.670
229.860,100.271,21.369,96.670
225.676,100.051,21.369,96.670
218.409,100.271,21.369,96.670
208.939,101.372,21.369,96.670
205.195,100.271,21.369,96.670
202.773,97.848,21.369,96.670
200.791,92.783,21.369,96.670
202.332,85.075,21.369,96.670
205.636,79.129,21.369,96.670
208.939,75.386,21.369,96.670
211.802,72.523,21.369,96.670
212.903,70.100,21.369,96.670
214.004,68.559,21.369,96.670
212.463,67.458,21.369,96.670
214.004,71.201,21.369,96.670
211.582,77.588,21.369,96.670
212.683,83.534,21.369,96.670
210.701,91.242,21.369,96.670
212.683,97.188,21.369,96.670
210.701,99.170,21.369,96.670
211.802,101.592,21.369,96.670
214.224,105.336,21.369,96.670
217.087,108.639,21.369,96.670
218.629,112.824,21.369,96.670
218.935,119.037,21.187,95.845
216.533,122.749,21.187,95.845
214.568,125.587,21.187,95.845
212.603,127.989,21.187,95.845
210.201,130.828,21.187,95.845
212.603,132.793,21.187,95.845
210.638,131.264,21.187,95.845
209.109,131.046,21.187,95.845
211.074,129.954,21.187,95.845
209.109,128.426,21.187,95.845
211.511,126.461,21.187,95.845
213.040,124.059,21.187,95.845
214.131,121.657,21.187,95.845
213.476,119.255,21.187,95.845
213.695,116.854,21.187,95.845
212.603,114.015,21.187,95.845
215.441,112.924,21.187,95.845
213.476,111.395,21.187,95.845
217.625,114.234,21.187,95.845
220.463,114.015,21.187,95.845
223.749,117.194,21.006,95.026
221.801,115.678,21.006,95.026
225.481,119.252,20.827,94.215
222.847,118.188,20.649,93.411
226.050,119.210,20.472,92.613
229.636,118.577,20.472,92.613
231.165,122.060,20.298,91.823
231.047,121.023,20.124,91.039
233.743,120.401,20.124,91.039
235.568,122.341,20.301,91.836
224.062,119.203,20.301,91.836
222.901,120.302,20.478,92.639
223.028,121.411,20.657,93.450
226.647,120.347,20.657,93.450
227.647,121.029,20.838,94.267
229.978,121.717,21.020,95.092
231.494,123.233,21.020,95.092
229.404,124.372,21.204,95.924
226.563,126.775,21.204,95.924
223.722,127.431,21.204,95.924
227.437,125.901,21.204,95.924
230.715,124.809,21.204,95.924
232.244,125.027,21.204,95.924
232.026,123.060,21.204,95.924
234.430,122.405,21.204,95.924
235.959,121.312,21.204,95.924
237.052,120.657,21.204,95.924
239.488,119.574,21.023,95.105
238.838,118.924,21.023,95.105
240.788,118.707,21.023,95.105
239.704,118.490,21.023,95.105
239.488,118.274,21.023,95.105
240.138,119.357,21.023,95.105
244.254,116.540,21.023,95.105
241.871,113.291,21.023,95.105
236.454,110.041,21.023,95.105
234.071,107.224,21.023,95.105
234.795,105.728,20.844,94.294
235.932,105.921,20.666,93.489
237.423,104.856,20.666,93.489
237.303,107.125,20.489,92.691
239.245,106.078,20.315,91.899
238.616,105.450,20.315,91.899
240.501,106.078,20.315,91.899
242.385,105.450,20.315,91.899
243.493,106.864,20.141,91.115
241.625,108.317,20.141,91.115
243.493,105.618,20.141,91.115
242.870,107.902,20.141,91.115
243.493,109.355,20.141,91.115
244.946,108.732,20.141,91.115
244.323,108.524,20.141,91.115
242.870,109.562,20.141,91.115
241.002,109.355,20.141,91.115
238.719,107.902,20.141,91.115
236.851,108.939,20.141,91.115
234.567,108.317,20.141,91.115
231.869,108.109,20.141,91.115
229.171,107.487,20.141,91.115
226.887,105.618,20.141,91.115
228.755,104.581,20.141,91.115
229.378,105.618,20.141,91.115
228.340,103.335,20.141,91.115
228.548,103.543,20.141,91.115
227.510,102.090,20.141,91.115
225.227,101.882,20.141,91.115
222.944,101.259,20.141,91.115
224.812,103.543,20.141,91.115
222.944,102.505,20.141,91.115
224.397,104.373,20.141,91.115
221.698,102.920,20.141,91.115
223.151,103.958,20.141,91.115
221.698,104.581,20.141,91.115
223.566,108.109,20.141,91.115
224.189,108.732,20.141,91.115
222.736,107.279,20.141,91.115
225.019,110.392,20.141,91.115
221.491,108.109,20.141,91.115
219.622,106.241,20.141,91.115
221.491,106.864,20.141,91.115
222.944,105.411,20.141,91.115
223.981,103.958,20.141,91.115
222.944,103.335,20.141,91.115
224.397,102.297,20.141,91.115
222.113,104.996,20.141,91.115
222.736,103.958,20.141,91.115
220.038,107.487,20.141,91.115
217.339,106.034,20.141,91.115
215.056,105.411,20.141,91.115
216.509,106.864,20.141,91.115
213.395,104.165,20.141,91.115
211.942,103.128,20.141,91.115
210.489,104.581,20.141,91.115
211.942,107.279,20.141,91.115
212.636,111.110,19.969,90.337
212.842,116.667,19.969,90.337
212.636,121.400,19.969,90.337
211.195,124.899,19.969,90.337
210.578,127.574,19.969,90.337
209.549,130.661,19.969,90.337
208.520,133.336,19.969,90.337
209.549,134.777,19.969,90.337
210.990,137.452,19.969,90.337
211.195,134.777,19.969,90.337
212.224,134.160,19.969,90.337
214.077,132.719,19.969,90.337
213.459,134.571,19.969,90.337
215.311,135.600,19.969,90.337
216.752,135.394,19.969,90.337
217.781,135.600,19.969,90.337
219.221,136.218,19.969,90.337
216.546,134.777,19.969,90.337
216.752,134.983,19.969,90.337
215.311,134.365,19.969,90.337
213.871,133.748,19.969,90.337
212.149,132.728,19.799,89.566
209.496,134.565,19.799,89.566
205.212,133.136,19.799,89.566
199.921,133.319,19.630,88.801
198.101,135.949,19.630,88.801
197.089,137.365,19.630,88.801
197.292,138.782,19.630,88.801
198.708,138.175,19.630,88.801
199.315,137.163,19.630,88.801
200.731,136.152,19.630,88.801
202.147,136.759,19.630,88.801
204.372,136.152,19.630,88.801
207.002,137.163,19.630,88.801
210.846,135.747,19.630,88.801
213.475,136.354,19.630,88.801
216.510,134.533,19.630,88.801
219.544,134.736,19.630,88.801
221.365,134.533,19.630,88.801
222.376,134.736,19.630,88.801
224.602,133.319,19.630,88.801
223.995,130.285,19.630,88.801
226.625,128.464,19.630,88.801
224.804,125.834,19.630,88.801
226.220,123.205,19.630,88.801
223.590,121.384,19.630,88.801
224.197,121.182,19.630,88.801
223.995,118.956,19.630,88.801
224.197,119.159,19.630,88.801
222.376,120.170,19.630,88.801
220.151,121.182,19.630,88.801
218.735,121.384,19.630,88.801
217.319,121.991,19.630,88.801
218.331,121.789,19.630,88.801
215.701,122.395,19.630,88.801
214.285,123.407,19.630,88.801
212.987,122.010,19.462,88.043
213.187,123.013,19.462,88.043
213.075,122.019,19.296,87.292
214.069,121.422,19.296,87.292
214.733,122.377,19.131,86.546
214.142,122.179,19.131,86.546
213.156,123.560,19.131,86.546
211.776,124.545,19.131,86.546
210.396,122.771,19.131,86.546
208.621,121.785,19.131,86.546
206.847,120.405,19.131,86.546
204.043,119.813,18.968,85.808
200.720,118.053,18.968,85.808
196.615,117.467,18.968,85.808
193.683,115.708,18.968,85.808
191.285,114.357,18.806,85.075
189.540,113.388,18.806,85.075
187.796,113.195,18.806,85.075
185.664,112.226,18.806,85.075
186.246,111.644,18.806,85.075
183.490,110.684,18.646,84.349
180.060,110.118,18.809,85.087
175.989,108.761,18.809,85.087
173.469,106.241,18.809,85.087
174.826,103.721,18.809,85.087
176.230,99.735,18.648,84.361
175.654,96.468,18.648,84.361
177.383,93.585,18.648,84.361
175.401,92.633,18.489,83.640
175.210,93.966,18.489,83.640
172.733,92.633,18.489,83.640
170.637,94.347,18.489,83.640
167.779,92.633,18.489,83.640
165.683,92.061,18.489,83.640
169.303,89.965,18.489,83.640
167.207,88.631,18.489,83.640
166.255,86.916,18.489,83.640
163.778,87.107,18.489,83.640
165.530,86.906,18.331,82.926
161.737,88.182,18.175,82.219
158.553,90.617,18.175,82.219
157.617,92.677,18.175,82.219
155.556,94.363,18.175,82.219
154.355,96.724,18.019,81.517
152.312,97.281,18.019,81.517
151.012,97.838,18.019,81.517
150.455,96.167,18.019,81.517
151.755,97.095,18.019,81.517
153.426,96.167,18.019,81.517
152.498,94.124,18.019,81.517
153.426,93.567,18.019,81.517
152.126,94.124,18.019,81.517
151.569,94.681,18.019,81.517
150.641,94.867,18.019,81.517
150.455,95.424,18.019,81.517
148.784,94.867,18.019,81.517
147.484,95.052,18.019,81.517
146.184,93.752,18.019,81.517
148.227,93.938,18.019,81.517
146.184,93.752,18.019,81.517
145.998,94.681,18.019,81.517
147.298,93.752,18.019,81.517
148.969,95.795,18.019,81.517
147.298,98.952,18.019,81.517
148.969,102.109,18.019,81.517
149.155,104.523,18.019,81.517
150.455,108.794,18.019,81.517
151.755,111.951,18.019,81.517
153.055,113.994,18.019,81.517
155.098,115.294,18.019,81.517
162.340,115.108,18.019,81.517
171.068,113.808,18.019,81.517
179.796,112.508,18.019,81.517
182.953,110.094,18.019,81.517
181.282,106.937,18.019,81.517
182.210,108.980,18.019,81.517
180.539,107.680,18.019,81.517
178.496,108.609,18.019,81.517
176.082,109.166,18.019,81.517
173.297,109.723,18.019,81.517
169.768,110.280,18.019,81.517
166.834,109.733,18.177,82.230
164.259,109.949,18.336,82.949
160.498,109.393,18.497,83.675
159.164,109.202,18.497,83.675
157.324,110.594,18.658,84.407
155.594,110.402,18.658,84.407
152.710,109.056,18.658,84.407
154.008,110.855,18.822,85.146
153.038,109.497,18.822,85.146
154.395,111.243,18.822,85.146
154.202,110.273,18.822,85.146
151.680,109.303,18.822,85.146
153.387,107.937,18.986,85.891
153.191,104.610,18.986,85.891
156.126,100.501,18.986,85.891
153.974,97.566,18.986,85.891
152.604,96.196,18.986,85.891
155.931,95.609,18.986,85.891
163.170,96.196,18.986,85.891
166.105,97.957,18.986,85.891
168.649,100.501,18.986,85.891
170.830,103.731,18.824,85.158
172.614,108.448,18.664,84.431
170.254,111.623,18.504,83.710
170.147,114.399,18.346,82.995
171.516,117.889,18.190,82.287
173.240,120.618,18.034,81.585
172.410,122.598,17.881,80.888
174.824,123.842,17.728,80.198
177.573,125.788,17.577,79.513
176.305,127.056,17.577,79.513
174.675,128.324,17.577,79.513
173.407,130.679,17.577,79.513
171.777,131.947,17.577,79.513
169.784,131.766,17.577,79.513
167.792,130.498,17.577,79.513
166.161,127.419,17.577,79.513
164.531,123.615,17.577,79.513
163.016,115.648,17.426,78.834
164.316,110.203,17.278,78.161
164.911,106.194,17.130,77.494
166.879,100.152,16.984,76.832
169.505,95.076,16.984,76.832
171.430,92.100,16.984,76.832
174.055,89.475,16.984,76.832
175.981,87.199,16.984,76.832
177.590,90.089,16.839,76.177
179.152,91.998,16.839,76.177
176.896,92.865,16.839,76.177
178.458,95.468,16.839,76.177
176.549,98.766,16.839,76.177
173.599,105.186,16.839,76.177
170.301,109.525,16.839,76.177
168.393,112.475,16.839,76.177
165.789,116.813,16.839,76.177
159.369,122.887,16.839,76.177
156.271,125.934,16.986,76.843
152.595,129.260,16.986,76.843
149.969,131.535,16.986,76.843
148.744,133.461,16.986,76.843
151.019,134.336,16.986,76.843
153.995,133.462,17.135,77.515
156.635,130.770,17.285,78.194
157.108,127.324,17.436,78.878
159.803,122.831,17.436,78.878
157.826,119.777,17.436,78.878
159.803,117.081,17.436,78.878
162.139,114.026,17.436,78.878
164.116,111.690,17.436,78.878
162.498,110.433,17.436,78.878
165.194,108.456,17.436,78.878
167.530,106.479,17.436,78.878
165.912,103.065,17.436,78.878
168.248,101.448,17.436,78.878
169.866,99.471,17.436,78.878
169.327,97.854,17.436,78.878
171.663,99.831,17.436,78.878
171.034,98.565,17.589,79.568
172.257,101.004,17.743,80.264
170.977,102.284,17.743,80.264
168.600,101.735,17.743,80.264
166.589,101.186,17.743,80.264
164.825,101.772,17.898,80.967
162.796,100.850,17.898,80.967
160.398,100.297,17.898,80.967
157.862,98.997,18.054,81.675
155.071,98.067,18.054,81.675
153.275,96.756,18.212,82.390
151.464,95.049,18.372,83.111
149.382,92.966,18.372,83.111
151.086,90.505,18.372,83.111
149.760,86.529,18.372,83.111
152.222,83.689,18.372,83.111
154.304,81.606,18.372,83.111
151.843,81.038,18.372,83.111
154.304,80.092,18.372,83.111
156.387,80.660,18.372,83.111
158.091,80.092,18.372,83.111
160.552,79.145,18.372,83.111
164.150,80.849,18.372,83.111
171.912,83.689,18.372,83.111
175.131,86.150,18.372,83.111
176.078,91.641,18.372,83.111
178.160,97.510,18.372,83.111
177.214,101.108,18.372,83.111
175.510,104.705,18.372,83.111
177.214,107.166,18.372,83.111
175.510,107.356,18.372,83.111
177.592,109.060,18.372,83.111
175.888,108.113,18.372,83.111
174.563,109.060,18.372,83.111
175.131,108.492,18.372,83.111
176.835,108.681,18.372,83.111
175.131,109.628,18.372,83.111
173.048,111.332,18.372,83.111
170.208,113.414,18.372,83.111
168.883,115.118,18.372,83.111
166.800,116.444,18.372,83.111
165.854,118.526,18.372,83.111
164.528,117.580,18.372,83.111
162.067,119.284,18.372,83.111
159.984,118.716,18.372,83.111
157.661,120.363,18.215,82.401
158.600,120.927,18.215,82.401
160.289,120.739,18.215,82.401
161.979,120.927,18.215,82.401
161.416,122.241,18.215,82.401
163.856,123.179,18.215,82.401
163.384,124.447,18.060,81.698
161.464,125.340,17.905,81.000
159.560,124.426,17.752,80.309
159.011,122.047,17.752,80.309
161.051,119.713,17.601,79.623
161.958,118.443,17.601,79.623
160.794,116.482,17.451,78.944
162.447,114.187,17.302,78.270
161.556,111.513,17.302,78.270
163.517,109.908,17.302,78.270
165.479,107.233,17.302,78.270
168.153,104.202,17.302,78.270
171.184,101.884,17.302,78.270
173.502,99.923,17.302,78.270
172.611,97.962,17.302,78.270
175.285,96.357,17.302,78.270
174.394,95.465,17.302,78.270
176.355,94.574,17.302,78.270
175.107,94.039,17.302,78.270
175.642,93.504,17.302,78.270
175.107,94.752,17.302,78.270
176.712,96.000,17.302,78.270
175.820,95.465,17.302,78.270
177.069,97.070,17.302,78.270
178.673,96.535,17.302,78.270
177.782,97.427,17.302,78.270
179.743,96.179,17.302,78.270
178.852,95.287,17.302,78.270
177.960,94.395,17.302,78.270
177.069,93.147,17.302,78.270
176.177,91.543,17.302,78.270
174.929,91.364,17.302,78.270
174.751,90.473,17.302,78.270
173.146,90.294,17.302,78.270
171.184,90.473,17.302,78.270
168.866,91.364,17.302,78.270
166.548,91.186,17.302,78.270
163.874,91.364,17.302,78.270
161.556,92.256,17.302,78.270
158.525,91.721,17.302,78.270
156.207,91.186,17.302,78.270
154.245,89.225,17.302,78.270
152.284,88.333,17.302,78.270
149.966,87.442,17.302,78.270
148.005,87.620,17.302,78.270
147.113,88.868,17.302,78.270
146.222,87.620,17.302,78.270
144.973,88.868,17.302,78.270
144.439,89.403,17.302,78.270
143.547,89.225,17.302,78.270
142.656,88.690,17.302,78.270
141.764,89.225,17.302,78.270
140.872,88.333,17.302,78.270
140.694,88.868,17.302,78.270
140.159,90.116,17.302,78.270
142.121,92.077,17.302,78.270
140.516,95.465,17.302,78.270
143.547,99.923,17.302,78.270
145.865,104.024,17.302,78.270
148.540,110.265,17.302,78.270
152.284,114.722,17.302,78.270
160.664,118.823,17.302,78.270
163.696,121.141,17.302,78.270
162.447,120.963,17.302,78.270
164.409,120.071,17.302,78.270
163.161,117.397,17.302,78.270
161.199,113.652,17.302,78.270
160.308,110.978,17.302,78.270
161.913,107.233,17.302,78.270
162.091,102.776,17.302,78.270
161.556,99.031,17.302,78.270
161.734,96.713,17.302,78.270
161.913,95.109,17.302,78.270
160.664,92.791,17.302,78.270
160.129,91.899,17.302,78.270
159.595,90.651,17.302,78.270
156.563,89.760,17.302,78.270
148.896,89.225,17.302,78.270
142.656,87.263,17.302,78.270
138.911,84.232,17.302,78.270
134.810,79.774,17.302,78.270
130.709,75.673,17.302,78.270
129.104,68.719,17.302,78.270
142.121,59.626,17.302,78.270
148.807,49.231,17.453,78.955
172.370,41.137,17.453,78.955
208.163,38.080,17.453,78.955
231.725,37.180,17.453,78.955
227.229,39.159,17.453,78.955
233.524,43.296,17.453,78.955
240.179,46.354,17.453,78.955
264.254,45.455,17.606,79.645
267.339,45.636,17.606,79.645
264.980,47.632,17.606,79.645
261.170,49.991,17.606,79.645
253.731,56.341,17.606,79.645
255.727,69.224,17.606,79.645
258.811,71.219,17.606,79.645
256.815,74.667,17.606,79.645
250.102,87.912,17.606,79.645
239.796,101.512,17.760,80.342
225.337,114.141,17.760,80.342
216.735,122.377,17.760,80.342
212.891,124.024,17.760,80.342
209.780,125.671,17.760,80.342
203.008,126.220,17.760,80.342
200.994,124.573,17.760,80.342
204.472,120.730,17.760,80.342
208.682,117.618,17.760,80.342
207.291,108.824,17.915,81.045
210.808,104.874,18.072,81.754
216.209,101.336,18.072,81.754
220.493,100.777,18.072,81.754
220.306,99.846,18.072,81.754
219.375,102.267,18.072,81.754
216.581,106.178,18.072,81.754
208.200,110.089,18.072,81.754
204.662,113.255,18.072,81.754
202.241,113.441,18.072,81.754
198.702,117.353,18.072,81.754
