82.000,218.000,69.000,73.000
83.897,221.574,69.000,73.000
85.854,222.972,69.000,73.000
87.810,221.574,69.000,73.000
91.444,223.531,69.000,73.000
95.636,224.369,69.000,73.000
99.803,229.652,70.527,74.615
107.618,230.308,72.087,76.266
113.750,231.768,72.087,76.266
111.122,237.316,72.087,76.266
125.430,232.936,72.087,76.266
130.995,233.607,73.682,77.953
131.890,232.115,73.682,77.953
133.383,234.204,73.682,77.953
130.697,236.293,73.682,77.953
144.724,230.623,73.682,77.953
151.589,228.533,73.682,77.953
153.678,226.444,73.682,77.953
156.961,232.115,73.682,77.953
165.020,234.801,73.682,77.953
170.094,236.890,73.682,77.953
175.168,236.592,73.682,77.953
179.048,238.681,73.682,77.953
182.331,237.189,73.682,77.953
187.432,240.609,72.111,76.291
191.229,240.901,72.111,76.291
195.026,241.193,72.111,76.291
198.240,243.822,72.111,76.291
199.700,242.362,72.111,76.291
202.329,243.238,72.111,76.291
202.037,241.777,72.111,76.291
207.003,244.406,72.111,76.291
211.384,245.283,72.111,76.291
214.597,246.159,72.111,76.291
217.739,246.830,73.706,77.979
222.190,247.516,75.337,79.704
225.547,245.991,75.337,79.704
229.514,242.634,75.337,79.704
232.260,241.108,75.337,79.704
235.617,240.803,75.337,79.704
239.584,240.498,75.337,79.704
244.162,242.634,75.337,79.704
246.298,239.277,75.337,79.704
244.162,245.685,75.337,79.704
249.350,247.211,75.337,79.704
253.317,240.803,75.337,79.704
256.674,239.887,75.337,79.704
264.913,232.868,75.337,79.704
271.322,228.291,75.337,79.704
275.289,229.817,75.337,79.704
277.425,233.784,75.337,79.704
276.510,234.699,75.337,79.704
273.153,234.394,75.337,79.704
269.796,227.986,75.337,79.704
263.387,230.122,75.337,79.704
269.779,230.089,73.730,78.004
273.662,233.972,73.730,78.004
276.350,237.854,73.730,78.004
269.481,236.958,73.730,78.004
268.585,233.673,73.730,78.004
264.702,232.777,73.730,78.004
261.417,231.284,73.730,78.004
258.729,233.972,73.730,78.004
254.846,235.465,73.730,78.004
249.769,237.556,73.730,78.004
235.732,240.244,73.730,78.004
231.624,236.757,72.158,76.341
234.255,240.557,72.158,76.341
235.717,242.019,72.158,76.341
223.148,236.465,72.158,76.341
218.179,230.327,72.158,76.341
202.688,217.174,72.158,76.341
199.231,219.960,70.619,74.713
194.368,218.530,70.619,74.713
189.882,220.154,69.113,73.120
186.243,219.874,69.113,73.120
182.044,220.713,69.113,73.120
178.964,222.113,69.113,73.120
175.653,225.321,67.639,71.560
172.092,226.143,67.639,71.560
169.908,228.755,66.197,70.034
171.906,230.794,64.785,68.541
170.594,233.681,64.785,68.541
166.479,234.665,63.404,67.079
162.113,237.490,63.404,67.079
152.096,232.096,63.404,67.079
147.730,229.271,63.404,67.079
143.364,227.473,63.404,67.079
140.539,230.812,63.404,67.079
138.227,229.014,63.404,67.079
135.916,228.244,63.404,67.079
132.577,226.446,63.404,67.079
128.211,223.621,63.404,67.079
120.718,223.593,62.052,65.649
109.339,219.477,63.424,67.101
89.958,218.954,62.072,65.670
79.649,222.223,62.072,65.670
106.050,216.943,62.072,65.670
152.565,178.976,62.072,65.670
