228.000,236.000,80.000,64.000
231.613,236.783,80.000,64.000
234.161,239.330,80.000,64.000
234.744,245.376,81.770,65.416
232.140,253.765,81.770,65.416
229.135,255.743,83.579,66.863
226.473,247.168,83.579,66.863
225.586,233.271,83.579,66.863
227.065,228.244,83.579,66.863
222.038,240.367,83.579,66.863
219.968,260.178,83.579,66.863
222.418,265.267,85.428,68.343
225.138,250.458,85.428,68.343
229.672,227.791,85.428,68.343
232.392,219.630,85.428,68.343
233.299,231.417,85.428,68.343
241.459,240.787,85.428,68.343
248.410,231.417,85.428,68.343
251.735,217.213,85.428,68.343
237.306,209.245,87.318,69.855
211.662,214.561,89.250,71.400
185.454,226.876,89.250,71.400
198.400,236.664,89.250,71.400
230.291,243.926,89.250,71.400
236.290,248.031,89.250,71.400
218.924,247.715,89.250,71.400
193.979,241.716,89.250,71.400
175.350,235.717,89.250,71.400
168.719,239.190,89.250,71.400
182.928,241.400,89.250,71.400
199.663,233.507,89.250,71.400
203.136,221.192,89.250,71.400
196.505,218.982,89.250,71.400
194.927,224.981,89.250,71.400
205.347,224.665,89.250,71.400
215.825,219.617,91.225,72.980
214.211,214.776,91.225,72.980
204.852,220.908,91.225,72.980
203.238,241.240,91.225,72.980
211.307,265.446,91.225,72.980
216.793,270.932,91.225,72.980
209.370,262.218,91.225,72.980
193.556,261.250,91.225,72.980
182.260,269.319,91.225,72.980
183.228,274.805,91.225,72.980
196.461,275.128,91.225,72.980
210.984,278.033,91.225,72.980
217.116,283.519,91.225,72.980
216.148,278.678,91.225,72.980
217.761,259.636,91.225,72.980
231.639,241.886,91.225,72.980
247.037,237.395,93.243,74.595
260.562,250.261,93.243,74.595
258.913,255.209,93.243,74.595
235.492,249.601,93.243,74.595
212.070,238.715,93.243,74.595
203.163,234.426,93.243,74.595
207.452,236.735,93.243,74.595
215.039,243.663,93.243,74.595
228.564,247.951,93.243,74.595
235.492,235.746,93.243,74.595
238.460,223.540,93.243,74.595
234.172,222.551,93.243,74.595
240.440,220.901,93.243,74.595
257.264,215.953,93.243,74.595
275.407,211.665,93.243,74.595
281.675,219.252,93.243,74.595
277.563,234.512,95.306,76.245
263.739,246.988,95.306,76.245
254.635,243.953,95.306,76.245
262.390,230.803,95.306,76.245
270.145,222.374,95.306,76.245
275.203,220.688,95.306,76.245
278.237,206.864,95.306,76.245
270.482,184.947,95.306,76.245
245.194,171.123,95.306,76.245
219.905,168.763,95.306,76.245
206.081,168.425,95.306,76.245
211.139,167.414,95.306,76.245
220.243,161.682,95.306,76.245
227.323,155.950,95.306,76.245
231.032,165.054,95.306,76.245
229.346,182.250,95.306,76.245
225.637,196.074,95.306,76.245
221.254,205.178,95.306,76.245
214.173,202.818,95.306,76.245
195.629,195.737,95.306,76.245
187.873,183.936,95.306,76.245
199.675,164.717,95.306,76.245
218.894,168.425,95.306,76.245
236.764,198.434,95.306,76.245
244.519,228.443,95.306,76.245
244.182,245.639,95.306,76.245
239.125,239.907,95.306,76.245
229.346,222.711,95.306,76.245
225.488,210.200,93.274,74.619
228.907,209.716,95.338,76.270
233.291,214.101,95.338,76.270
241.049,208.367,95.338,76.270
244.085,196.562,95.338,76.270
230.782,191.869,97.447,77.958
217.337,203.246,97.447,77.958
223.887,218.070,97.447,77.958
252.497,220.427,99.603,79.682
281.744,213.027,99.603,79.682
283.506,204.217,99.603,79.682
259.192,208.798,99.603,79.682
233.468,219.017,99.603,79.682
219.570,219.233,101.807,81.445
214.168,206.627,101.807,81.445
213.087,193.300,101.807,81.445
217.049,197.262,101.807,81.445
221.011,209.868,101.807,81.445
249.522,217.333,99.636,79.709
279.484,218.390,99.636,79.709
288.296,215.218,99.636,79.709
275.254,205.700,99.636,79.709
220.257,192.620,97.511,78.009
159.886,186.066,97.511,78.009
134.013,183.651,97.511,78.009
141.947,182.616,97.511,78.009
159.541,184.341,97.511,78.009
166.096,180.546,97.511,78.009
174.030,177.441,97.511,78.009
192.314,172.956,97.511,78.009
208.528,176.751,97.511,78.009
216.550,189.886,95.431,76.345
220.264,197.651,95.431,76.345
226.679,198.664,95.431,76.345
231.068,192.924,95.431,76.345
236.808,191.912,95.431,76.345
233.769,200.352,95.431,76.345
237.483,205.416,95.431,76.345
253.351,207.104,95.431,76.345
271.920,218.921,95.431,76.345
279.685,244.243,95.431,76.345
277.997,264.162,95.431,76.345
276.984,280.031,95.431,76.345
280.698,285.770,95.431,76.345
277.660,278.005,95.431,76.345
281.374,269.564,95.431,76.345
280.361,255.722,95.431,76.345
278.673,229.725,95.431,76.345
283.737,199.677,95.431,76.345
279.348,198.664,95.431,76.345
315.836,186.787,93.396,74.717
310.880,220.820,93.396,74.717
251.911,297.126,95.463,76.370
250.223,296.788,95.463,76.370
244.481,267.406,95.463,76.370
231.310,256.261,95.463,76.370
224.217,262.002,95.463,76.370
221.853,253.559,95.463,76.370
220.164,237.685,95.463,76.370
224.555,231.269,95.463,76.370
231.647,230.255,95.463,76.370
236.713,222.487,95.463,76.370
234.349,197.833,95.463,76.370
229.283,171.152,95.463,76.370
226.244,167.437,95.463,76.370
233.336,177.231,95.463,76.370
241.104,185.675,95.463,76.370
246.845,186.688,95.463,76.370
239.077,187.026,95.463,76.370
215.246,187.933,97.575,78.060
195.569,183.445,97.575,78.060
188.320,175.505,97.575,78.060
201.092,157.900,97.575,78.060
217.317,138.223,97.575,78.060
213.520,123.380,97.575,78.060
208.501,122.874,99.734,79.787
204.619,138.752,99.734,79.787
212.735,146.162,99.734,79.787
229.318,142.986,99.734,79.787
234.611,144.751,99.734,79.787
232.141,148.632,99.734,79.787
228.783,166.147,97.607,78.085
223.603,192.736,97.607,78.085
216.352,215.872,97.607,78.085
211.172,215.527,97.607,78.085
208.064,195.153,97.607,78.085
280.235,123.673,97.607,78.085
275.056,88.796,97.607,78.085
286.451,81.544,97.607,78.085
279.199,86.724,97.607,78.085
285.070,109.860,97.607,78.085
236.380,155.787,97.607,78.085
245.704,155.442,97.607,78.085
243.977,148.881,97.607,78.085
241.560,140.939,97.607,78.085
246.262,151.424,95.525,76.420
245.248,160.548,95.525,76.420
239.426,165.598,93.488,74.791
233.803,175.189,93.488,74.791
233.473,184.781,93.488,74.791
238.434,184.450,93.488,74.791
244.718,181.473,93.488,74.791
250.341,175.189,93.488,74.791
250.671,160.967,93.488,74.791
239.235,171.010,91.495,73.196
282.286,166.802,91.495,73.196
243.325,255.659,93.519,74.815
256.890,270.547,93.519,74.815
265.162,274.187,93.519,74.815
259.537,261.283,93.519,74.815
247.296,244.410,93.519,74.815
246.965,252.019,93.519,74.815
262.515,267.570,93.519,74.815
268.139,269.886,93.519,74.815
265.824,258.306,93.519,74.815
259.537,246.726,93.519,74.815
250.604,240.440,93.519,74.815
254.905,233.492,93.519,74.815
263.838,215.956,93.519,74.815
269.463,193.789,93.519,74.815
264.500,187.503,93.519,74.815
260.199,205.038,93.519,74.815
264.500,227.867,93.519,74.815
262.184,230.183,93.519,74.815
250.604,218.603,93.519,74.815
236.377,207.685,93.519,74.815
224.136,222.573,93.519,74.815
229.760,253.343,93.519,74.815
243.325,270.878,93.519,74.815
246.965,254.005,93.519,74.815
234.723,217.941,93.519,74.815
229.760,207.685,93.519,74.815
251.928,215.956,93.519,74.815
282.697,220.257,93.519,74.815
296.262,206.031,93.519,74.815
278.727,181.217,93.519,74.815
241.340,172.284,93.519,74.815
198.660,182.540,93.519,74.815
184.433,192.135,93.519,74.815
180.794,181.217,93.519,74.815
185.095,166.328,93.519,74.815
201.969,160.704,93.519,74.815
231.415,157.726,93.519,74.815
259.537,153.425,93.519,74.815
261.192,152.432,93.519,74.815
245.641,158.718,93.519,74.815
220.922,156.861,95.588,76.470
198.264,168.021,95.588,76.470
191.162,187.973,95.588,76.470
184.737,203.191,95.588,76.470
167.490,206.235,95.588,76.470
144.833,190.340,95.588,76.470
143.818,169.712,95.588,76.470
169.181,176.813,95.588,76.470
193.868,201.500,95.588,76.470
200.293,225.511,95.588,76.470
197.926,235.318,95.588,76.470
186.766,225.511,95.588,76.470
178.312,217.056,95.588,76.470
177.701,222.109,93.550,74.840
193.918,226.411,93.550,74.840
222.050,223.433,93.550,74.840
259.449,211.187,93.550,74.840
295.524,198.280,93.550,74.840
292.545,199.272,93.550,74.840
270.371,219.461,93.550,74.840
258.125,227.073,93.550,74.840
252.499,218.799,93.550,74.840
238.929,195.301,93.550,74.840
218.741,180.408,93.550,74.840
193.918,181.400,93.550,74.840
192.264,200.265,93.550,74.840
227.015,236.340,93.550,74.840
252.499,251.896,93.550,74.840
245.549,243.621,93.550,74.840
222.712,224.757,93.550,74.840
206.495,217.144,93.550,74.840
210.798,226.742,93.550,74.840
240.915,246.269,93.550,74.840
275.666,253.219,93.550,74.840
283.940,241.636,93.550,74.840
270.371,224.095,93.550,74.840
246.211,209.863,93.550,74.840
241.246,198.280,93.550,74.840
264.083,206.554,93.550,74.840
283.609,216.152,93.550,74.840
270.040,209.201,93.550,74.840
245.880,192.984,93.550,74.840
244.887,187.358,93.550,74.840
262.428,183.055,93.550,74.840
279.307,181.400,93.550,74.840
274.342,173.788,93.550,74.840
258.125,164.852,93.550,74.840
251.837,167.831,93.550,74.840
256.801,179.415,93.550,74.840
263.090,179.084,93.550,74.840
275.335,167.500,93.550,74.840
287.581,167.831,93.550,74.840
296.517,186.696,93.550,74.840
302.143,206.223,93.550,74.840
298.503,208.539,93.550,74.840
294.715,200.724,91.555,73.244
282.731,194.570,91.555,73.244
239.004,196.838,91.555,73.244
195.276,209.470,91.555,73.244
203.374,207.850,91.555,73.244
229.610,188.740,91.555,73.244
246.129,180.642,91.555,73.244
242.566,180.966,91.555,73.244
226.695,191.007,91.555,73.244
233.497,208.822,91.555,73.244
265.564,213.033,91.555,73.244
289.857,198.457,91.555,73.244
306.376,179.347,91.555,73.244
309.291,166.067,91.555,73.244
286.941,170.925,91.555,73.244
278.196,198.457,91.555,73.244
304.432,223.398,91.555,73.244
320.952,206.231,91.555,73.244
337.471,184.529,91.555,73.244
330.021,179.671,91.555,73.244
308.967,190.359,91.555,73.244
296.335,200.400,91.555,73.244
296.659,203.316,91.555,73.244
296.335,197.161,91.555,73.244
291.476,191.655,91.555,73.244
287.913,185.501,91.555,73.244
288.885,184.529,91.555,73.244
284.026,184.205,91.555,73.244
273.337,185.825,91.555,73.244
267.831,188.740,91.555,73.244
266.212,193.598,91.555,73.244
268.895,199.173,93.580,74.864
268.564,200.166,93.580,74.864
281.476,207.781,93.580,74.864
295.050,217.382,93.580,74.864
290.746,223.672,93.580,74.864
277.834,222.017,93.580,74.864
268.895,212.416,93.580,74.864
271.213,213.409,93.580,74.864
286.773,219.700,93.580,74.864
282.469,220.031,93.580,74.864
244.396,219.037,93.580,74.864
220.347,208.935,95.651,76.521
235.575,198.445,95.651,76.521
241.328,196.076,95.651,76.521
246.404,197.768,95.651,76.521
250.126,198.106,95.651,76.521
247.080,203.182,95.651,76.521
242.681,206.905,95.651,76.521
255.879,201.829,95.651,76.521
258.248,202.167,95.651,76.521
245.727,201.829,95.651,76.521
250.803,193.369,95.651,76.521
259.263,184.232,95.651,76.521
253.510,177.126,95.651,76.521
248.434,174.757,95.651,76.521
254.864,183.894,95.651,76.521
259.774,191.122,97.767,78.214
254.586,193.543,97.767,78.214
238.329,184.205,97.767,78.214
223.456,167.948,97.767,78.214
