250.000,168.000,106.000,105.000
250.620,175.526,108.345,107.323
241.705,185.291,108.345,107.323
225.148,200.999,108.345,107.323
219.629,213.310,108.345,107.323
223.449,211.188,108.345,107.323
222.691,200.751,110.742,109.698
218.786,201.185,110.742,109.698
187.397,207.625,113.193,112.125
150.583,242.664,113.193,112.125
166.107,240.446,113.193,112.125
244.613,220.487,113.193,112.125
235.299,211.173,113.193,112.125
222.436,203.633,113.193,112.125
213.122,203.189,113.193,112.125
197.598,210.729,113.193,112.125
199.816,218.270,113.193,112.125
208.243,210.729,113.193,112.125
221.106,181.012,113.193,112.125
217.114,149.521,113.193,112.125
206.912,144.642,113.193,112.125
207.041,155.827,115.697,114.605
224.721,178.041,115.697,114.605
256.003,214.762,115.697,114.605
274.590,238.790,115.697,114.605
265.070,242.870,115.697,114.605
247.389,247.857,115.697,114.605
242.402,249.217,115.697,114.605
235.602,240.603,115.697,114.605
229.708,225.643,115.697,114.605
231.068,217.936,115.697,114.605
236.962,209.322,115.697,114.605
243.762,195.268,115.697,114.605
246.029,176.681,115.697,114.605
234.695,159.000,115.697,114.605
225.419,131.863,118.257,117.141
232.370,118.425,118.257,117.141
249.263,128.160,115.735,114.643
256.972,130.427,115.735,114.643
259.518,140.829,113.267,112.198
265.288,170.566,113.267,112.198
270.170,208.291,113.267,112.198
278.602,232.701,113.267,112.198
282.597,238.471,113.267,112.198
277.715,236.252,113.267,112.198
272.833,224.269,113.267,112.198
269.726,215.836,113.267,112.198
270.775,196.636,115.773,114.681
274.858,170.779,115.773,114.681
275.312,163.974,115.773,114.681
277.326,179.178,118.334,117.218
270.370,180.569,118.334,117.218
267.125,177.323,118.334,117.218
273.152,177.787,118.334,117.218
280.108,184.742,118.334,117.218
287.990,195.407,118.334,117.218
283.817,206.999,118.334,117.218
262.024,209.318,118.334,117.218
229.102,206.999,118.334,117.218
207.309,206.536,118.334,117.218
212.410,205.145,118.334,117.218
234.677,206.841,115.811,114.718
269.648,204.160,118.373,117.256
308.147,207.407,118.373,117.256
332.730,214.364,118.373,117.256
335.977,218.539,118.373,117.256
325.309,212.509,118.373,117.256
302.581,190.709,118.373,117.256
269.648,168.908,118.373,117.256
248.776,156.385,118.373,117.256
243.674,166.125,118.373,117.256
251.559,180.504,118.373,117.256
258.516,195.811,118.373,117.256
276.937,210.394,120.992,119.851
298.272,218.454,120.992,119.851
310.124,226.514,120.992,119.851
307.754,237.418,120.992,119.851
301.590,244.529,120.992,119.851
294.479,245.952,120.992,119.851
269.352,234.099,120.992,119.851
234.743,222.247,120.992,119.851
216.383,225.809,118.412,117.295
218.703,232.769,118.412,117.295
224.735,229.521,118.412,117.295
238.191,206.786,118.412,117.295
256.286,182.195,118.412,117.295
266.030,150.179,118.412,117.295
300.829,138.580,118.412,117.295
322.637,140.900,118.412,117.295
330.524,151.571,118.412,117.295
328.204,166.883,118.412,117.295
320.317,179.411,118.412,117.295
298.509,189.154,118.412,117.295
273.918,207.250,118.412,117.295
253.038,221.634,118.412,117.295
243.295,225.809,118.412,117.295
226.127,212.354,118.412,117.295
219.167,203.538,118.412,117.295
212.207,202.146,118.412,117.295
218.239,193.330,118.412,117.295
234.479,176.163,118.412,117.295
252.574,165.491,118.412,117.295
261.390,166.883,118.412,117.295
280.414,185.906,118.412,117.295
299.437,209.570,118.412,117.295
308.253,219.314,118.412,117.295
299.437,205.858,118.412,117.295
264.638,191.474,118.412,117.295
216.633,191.621,121.032,119.890
180.116,206.323,121.032,119.890
171.105,227.664,121.032,119.890
166.837,231.932,121.032,119.890
175.848,212.488,121.032,119.890
200.035,186.404,121.032,119.890
224.222,167.908,121.032,119.890
232.284,170.279,121.032,119.890
234.655,189.724,121.032,119.890
227.541,202.529,121.032,119.890
223.273,199.209,121.032,119.890
233.249,191.802,118.451,117.333
241.139,192.266,118.451,117.333
236.962,202.013,118.451,117.333
228.143,216.402,118.451,117.333
216.433,222.574,115.925,114.831
208.081,207.636,118.490,117.372
202.045,189.529,118.490,117.372
196.938,186.279,118.490,117.372
201.117,197.886,118.490,117.372
206.224,220.637,118.490,117.372
211.331,248.030,118.490,117.372
203.438,244.780,118.490,117.372
205.760,221.101,118.490,117.372
209.010,200.208,118.490,117.372
198.546,179.159,121.111,119.969
176.242,168.244,121.111,119.969
168.174,179.159,121.111,119.969
173.394,190.074,121.111,119.969
189.780,199.130,118.528,117.410
209.752,199.594,118.528,117.410
229.160,203.596,121.151,120.008
249.573,215.464,121.151,120.008
273.784,228.281,121.151,120.008
296.096,236.351,121.151,120.008
288.975,233.028,121.151,120.008
257.169,223.059,121.151,120.008
216.818,214.989,121.151,120.008
179.315,212.615,121.151,120.008
145.610,216.888,121.151,120.008
116.652,219.261,121.151,120.008
120.729,202.666,123.831,122.663
175.239,188.723,126.571,125.377
215.412,182.276,126.571,125.377
231.778,178.804,126.571,125.377
227.869,179.663,123.872,122.703
236.121,189.856,123.872,122.703
243.402,202.961,123.872,122.703
238.641,211.287,121.230,120.087
212.514,213.662,121.230,120.087
179.737,216.987,121.230,120.087
184.962,218.413,121.230,120.087
221.539,213.187,121.230,120.087
264.062,204.466,123.913,122.744
282.027,206.894,123.913,122.744
275.715,208.350,123.913,122.744
266.489,200.096,123.913,122.744
258.570,188.160,126.654,125.459
253.111,185.678,126.654,125.459
259.562,179.226,126.654,125.459
267.999,180.715,126.654,125.459
278.421,192.130,126.654,125.459
271.356,190.227,129.456,128.235
246.500,197.836,129.456,128.235
209.470,215.590,129.456,128.235
190.670,230.487,132.321,131.072
182.586,238.381,129.499,128.277
187.153,235.844,129.499,128.277
207.958,230.262,129.499,128.277
215.569,226.710,129.499,128.277
201.868,223.158,129.499,128.277
181.064,218.591,129.499,128.277
175.946,209.275,132.364,131.115
198.696,200.829,135.292,134.016
239.517,196.058,135.292,134.016
280.337,185.986,135.292,134.016
282.988,181.214,135.292,134.016
255.951,178.564,135.292,134.016
217.251,169.551,135.292,134.016
200.810,168.426,132.407,131.158
182.719,171.324,129.584,128.361
175.780,179.055,126.820,125.624
180.253,179.552,126.820,125.624
215.535,181.043,126.820,125.624
268.707,183.528,126.820,125.624
294.051,183.031,126.820,125.624
299.517,182.534,126.820,125.624
278.149,184.025,126.820,125.624
256.781,187.503,126.820,125.624
235.413,198.933,126.820,125.624
214.044,202.411,126.820,125.624
178.762,194.957,126.820,125.624
154.412,182.534,126.820,125.624
146.958,179.055,126.820,125.624
166.338,177.564,126.820,125.624
188.701,183.031,126.820,125.624
197.148,184.522,126.820,125.624
192.676,181.043,126.820,125.624
199.136,169.613,126.820,125.624
208.578,162.159,126.820,125.624
217.026,161.663,126.820,125.624
222.492,174.086,126.820,125.624
213.050,184.522,126.820,125.624
204.945,196.021,129.626,128.403
212.564,216.846,129.626,128.403
222.215,234.624,129.626,128.403
214.596,239.195,129.626,128.403
192.755,229.545,129.626,128.403
184.120,204.656,129.626,128.403
178.158,167.349,126.862,125.665
189.592,148.956,126.862,125.665
207.984,151.442,126.862,125.665
219.418,162.875,126.862,125.665
242.781,177.291,126.862,125.665
250.238,178.782,126.862,125.665
241.787,178.285,126.862,125.665
219.418,184.747,126.862,125.665
196.054,193.198,126.862,125.665
189.592,203.637,126.862,125.665
196.054,209.105,126.862,125.665
189.592,199.660,126.862,125.665
185.674,178.481,124.157,122.985
205.620,159.508,124.157,122.985
237.243,154.156,124.157,122.985
271.784,160.481,124.157,122.985
291.731,176.535,124.157,122.985
299.028,198.427,124.157,122.985
295.623,211.563,124.157,122.985
301.947,215.941,124.157,122.985
306.326,212.536,124.157,122.985
294.989,217.130,121.509,120.363
270.706,221.415,121.509,120.363
247.376,224.748,121.509,120.363
238.330,230.937,121.509,120.363
226.317,236.351,118.918,117.796
213.736,227.497,118.918,117.796
216.066,213.984,118.918,117.796
221.191,204.199,118.918,117.796
227.249,199.073,118.918,117.796
239.830,196.743,118.918,117.796
254.275,189.754,118.918,117.796
261.265,175.309,118.918,117.796
268.371,165.337,116.382,115.284
271.564,174.913,116.382,115.284
281.140,209.116,116.382,115.284
280.684,243.318,116.382,115.284
268.371,254.719,116.382,115.284
257.883,233.286,116.382,115.284
250.130,191.787,116.382,115.284
244.202,162.144,116.382,115.284
240.608,155.901,113.900,112.825
230.343,162.596,113.900,112.825
213.920,170.252,111.471,110.419
223.110,166.764,113.937,112.862
251.236,156.496,113.937,112.862
272.220,145.334,113.937,112.862
282.488,139.530,113.937,112.862
280.256,152.478,113.937,112.862
268.201,171.675,113.937,112.862
250.790,182.837,113.937,112.862
244.093,185.962,113.937,112.862
247.218,183.729,113.937,112.862
253.022,185.069,113.937,112.862
246.325,196.230,113.937,112.862
223.556,210.963,113.937,112.862
212.395,211.410,113.937,112.862
218.199,201.141,113.937,112.862
235.610,187.301,113.937,112.862
244.093,180.604,113.937,112.862
247.218,190.873,113.937,112.862
244.560,198.531,111.507,110.455
243.249,202.463,111.507,110.455
235.216,205.321,113.975,112.899
217.799,215.593,113.975,112.899
211.100,229.438,113.975,112.899
220.478,232.564,113.975,112.899
226.284,228.545,113.975,112.899
223.625,224.152,111.544,110.492
220.566,221.967,111.544,110.492
229.744,212.788,111.544,110.492
252.909,181.756,111.544,110.492
277.823,162.962,111.544,110.492
284.379,159.028,111.544,110.492
282.193,168.207,111.544,110.492
277.386,188.749,111.544,110.492
269.081,211.914,111.544,110.492
263.951,225.309,109.165,108.135
248.124,223.171,109.165,108.135
228.020,227.020,109.165,108.135
221.603,236.003,109.165,108.135
231.442,244.986,109.165,108.135
242.136,242.847,109.165,108.135
245.986,227.020,109.165,108.135
249.835,212.049,109.165,108.135
266.518,209.910,109.165,108.135
296.033,212.049,109.165,108.135
305.016,209.055,109.165,108.135
300.311,203.494,109.165,108.135
290.671,201.854,111.581,110.528
274.494,208.412,111.581,110.528
268.810,224.589,111.581,110.528
262.251,236.394,111.581,110.528
258.316,238.580,111.581,110.528
266.624,234.645,111.581,110.528
273.182,226.338,111.581,110.528
267.498,216.282,111.581,110.528
262.689,209.724,111.581,110.528
261.377,204.914,111.581,110.528
267.935,203.603,111.581,110.528
273.619,196.170,111.581,110.528
278.429,189.612,111.581,110.528
274.494,195.296,111.581,110.528
281.052,207.975,111.581,110.528
287.610,218.905,111.581,110.528
295.964,228.091,109.201,108.171
286.978,228.519,109.201,108.171
258.860,237.508,106.872,105.864
236.992,239.848,104.593,103.606
220.189,223.864,104.593,103.606
213.009,201.662,102.363,101.397
213.125,175.988,104.628,103.640
219.274,165.739,104.628,103.640
229.524,171.888,104.628,103.640
246.333,181.318,104.628,103.640
253.302,183.368,104.628,103.640
260.272,187.878,104.628,103.640
266.421,198.947,104.628,103.640
282.948,223.366,102.396,101.430
300.669,252.679,100.213,99.267
294.779,248.360,100.213,99.267
284.177,222.050,100.213,99.267
272.004,205.165,100.213,99.267
255.284,199.789,98.076,97.150
237.222,204.785,98.076,97.150
227.614,221.310,98.076,97.150
235.684,232.455,98.076,97.150
253.747,228.228,98.076,97.150
272.199,228.349,100.246,99.300
280.448,234.241,100.246,99.300
282.412,243.276,100.246,99.300
277.635,254.811,102.463,101.497
279.114,263.246,100.278,99.332
279.507,259.709,100.278,99.332
280.686,255.387,100.278,99.332
283.437,245.564,100.278,99.332
286.187,236.526,100.278,99.332
279.507,236.919,100.278,99.332
269.684,243.599,100.278,99.332
262.218,245.564,100.278,99.332
259.468,237.312,100.278,99.332
262.218,227.489,100.278,99.332
257.110,220.809,100.278,99.332
252.002,224.345,100.278,99.332
256.324,227.882,100.278,99.332
270.077,230.632,100.278,99.332
284.615,223.167,100.278,99.332
296.010,207.842,100.278,99.332
301.904,198.019,100.278,99.332
296.796,194.482,100.278,99.332
291.688,201.162,100.278,99.332
287.366,208.628,100.278,99.332
272.041,211.379,100.278,99.332
252.002,208.628,100.278,99.332
232.748,197.233,100.278,99.332
228.426,201.555,100.278,99.332
231.176,216.880,100.278,99.332
237.070,239.277,100.278,99.332
277.951,276.906,102.497,101.530
300.040,260.440,102.497,101.530
318.114,242.367,102.497,101.530
321.728,233.129,102.497,101.530
306.065,221.482,102.497,101.530
284.779,229.113,102.497,101.530
255.727,236.740,104.765,103.776
235.082,239.825,102.531,101.563
251.554,234.602,102.531,101.563
292.131,236.611,102.531,101.563
319.169,236.532,100.344,99.398
335.778,231.907,98.204,97.278
344.628,233.062,98.204,97.278
352.709,240.373,98.204,97.278
356.942,239.988,98.204,97.278
359.636,233.447,98.204,97.278
350.785,236.140,98.204,97.278
326.542,251.148,98.204,97.278
307.687,263.846,98.204,97.278
302.684,257.305,98.204,97.278
312.304,246.145,98.204,97.278
322.694,241.143,98.204,97.278
334.623,250.763,98.204,97.278
353.479,258.844,98.204,97.278
362.329,250.763,98.204,97.278
359.636,229.598,98.204,97.278
349.246,213.821,98.204,97.278
295.061,165.236,100.377,99.430
289.948,172.709,100.377,99.430
285.621,188.049,100.377,99.430
276.575,208.108,100.377,99.430
258.089,228.954,100.377,99.430
238.029,239.574,100.377,99.430
229.770,242.327,100.377,99.430
226.230,244.293,100.377,99.430
235.276,245.473,100.377,99.430
250.616,237.214,100.377,99.430
254.810,206.325,102.598,101.630
249.584,185.018,102.598,101.630
242.750,174.163,102.598,101.630
235.111,179.389,102.598,101.630
217.020,191.852,102.598,101.630
200.537,205.119,102.598,101.630
194.507,207.933,102.598,101.630
190.085,212.355,102.598,101.630
184.054,224.818,102.598,101.630
190.085,234.064,102.598,101.630
209.784,232.054,102.598,101.630
241.599,226.342,104.868,103.879
272.418,218.534,104.868,103.879
300.865,216.077,102.632,101.663
316.549,223.718,102.632,101.663
314.930,237.594,100.443,99.495
293.810,243.435,102.665,101.697
262.030,239.010,102.665,101.697
219.790,217.688,102.665,101.697
196.859,215.677,102.665,101.697
188.411,226.539,102.665,101.697
208.928,226.136,102.665,101.697
231.054,215.275,102.665,101.697
249.961,201.195,102.665,101.697
268.868,191.942,102.665,101.697
295.822,194.758,102.665,101.697
326.798,201.597,102.665,101.697
336.050,204.413,102.665,101.697
331.993,202.036,104.937,103.947
311.845,197.513,104.937,103.947
283.473,188.878,104.937,103.947
253.456,167.085,104.937,103.947
257.349,147.188,102.699,101.730
285.116,140.347,102.699,101.730
300.811,131.091,102.699,101.730
308.457,120.226,102.699,101.730
304.835,126.262,102.699,101.730
303.990,153.335,100.509,99.561
308.479,191.218,98.365,97.437
312.718,225.521,98.365,97.437
315.229,229.642,100.542,99.593
310.896,219.005,100.542,99.593
305.774,208.368,100.542,99.593
301.150,197.658,98.398,97.469
296.909,177.224,98.398,97.469
293.439,145.993,98.398,97.469
292.282,102.424,98.398,97.469
311.175,78.905,98.398,97.469
318.501,89.315,98.398,97.469
330.453,131.341,98.398,97.469
325.441,163.343,98.398,97.469
308.861,183.778,98.398,97.469
298.451,202.671,98.398,97.469
288.041,218.479,98.398,97.469
280.715,228.889,98.398,97.469
274.426,232.211,100.575,99.626
279.550,235.758,100.575,99.626
286.249,234.576,100.575,99.626
292.949,224.723,100.575,99.626
299.649,214.083,100.575,99.626
311.077,197.925,100.575,99.626
317.777,188.073,100.575,99.626
324.476,190.831,100.575,99.626
333.541,199.107,100.575,99.626
337.088,216.841,100.575,99.626
324.082,235.364,100.575,99.626
304.772,253.886,100.575,99.626
283.885,266.103,100.575,99.626
267.727,260.980,100.575,99.626
270.486,262.951,100.575,99.626
263.786,245.216,100.575,99.626
245.263,202.260,100.575,99.626
264.574,180.585,100.575,99.626
282.679,172.532,102.800,101.830
298.388,180.185,102.800,101.830
309.191,194.860,100.608,99.659
324.565,211.023,100.608,99.659
338.363,230.340,100.608,99.659
346.642,252.022,100.608,99.659
350.978,265.820,100.608,99.659
335.604,268.580,100.608,99.659
304.633,271.158,102.834,101.863
264.742,273.979,102.834,101.863
231.297,270.352,102.834,101.863
222.029,254.638,102.834,101.863
226.462,226.028,102.834,101.863
230.088,203.866,102.834,101.863
239.356,185.734,102.834,101.863
271.245,181.681,105.109,104.117
301.311,182.916,105.109,104.117
316.550,184.152,105.109,104.117
321.904,189.506,105.109,104.117
328.082,202.274,105.109,104.117
324.042,214.102,102.867,101.897
319.311,231.894,100.674,99.724
291.107,237.901,98.527,97.597
259.784,243.779,96.426,95.516
210.287,235.844,96.426,95.516
189.228,231.260,98.559,97.629
204.290,233.963,98.559,97.629
237.116,235.894,98.559,97.629
254.858,228.804,100.740,99.789
261.569,224.462,100.740,99.789
292.753,228.014,100.740,99.789
345.952,221.088,98.591,97.661
371.836,211.430,98.591,97.661
366.557,220.291,96.489,95.579
316.932,231.150,94.431,93.540
243.297,241.140,94.431,93.540
176.323,220.789,94.431,93.540
170.773,215.239,94.431,93.540
197.044,188.227,94.431,93.540
222.576,168.616,94.431,93.540
225.906,160.845,94.431,93.540
221.836,170.096,94.431,93.540
231.046,196.415,92.417,91.546
237.926,226.472,92.417,91.546
239.013,251.459,92.417,91.546
245.893,264.858,92.417,91.546
254.946,269.566,92.417,91.546
247.537,262.166,94.462,93.571
228.660,258.094,94.462,93.571
223.848,267.348,94.462,93.571
249.388,284.004,94.462,93.571
277.866,289.640,92.448,91.576
276.054,276.237,92.448,91.576
275.692,251.966,92.448,91.576
284.748,208.858,92.448,91.576
277.141,168.649,92.448,91.576
260.709,152.978,94.493,93.602
243.307,165.937,94.493,93.602
231.088,184.080,94.493,93.602
225.534,216.293,94.493,93.602
228.126,245.544,94.493,93.602
238.123,255.541,94.493,93.602
245.158,249.987,94.493,93.602
250.712,236.288,94.493,93.602
252.563,229.993,94.493,93.602
266.263,227.401,94.493,93.602
283.666,216.664,94.493,93.602
288.479,206.666,94.493,93.602
280.704,195.929,94.493,93.602
286.258,183.710,94.493,93.602
299.957,182.599,94.493,93.602
295.884,198.521,94.493,93.602
281.394,227.833,96.584,95.673
275.717,253.190,96.584,95.673
291.234,261.894,96.584,95.673
295.397,259.245,96.584,95.673
288.963,249.027,96.584,95.673
277.988,238.051,96.584,95.673
281.394,239.187,96.584,95.673
282.529,236.537,96.584,95.673
276.095,230.861,96.584,95.673
268.905,222.156,96.584,95.673
263.228,222.535,96.584,95.673
258.057,229.026,94.524,93.632
251.019,232.360,94.524,93.632
246.945,226.804,94.524,93.632
273.983,220.507,94.524,93.632
290.998,221.393,96.615,95.704
285.609,230.154,98.753,97.821
266.648,239.828,98.753,97.821
262.107,241.244,96.647,95.735
268.545,231.776,96.647,95.735
274.983,219.279,96.647,95.735
274.604,212.841,96.647,95.735
279.527,220.036,96.647,95.735
286.722,221.172,96.647,95.735
289.373,223.823,96.647,95.735
281.625,222.371,98.785,97.854
277.367,215.791,98.785,97.854
281.625,220.049,98.785,97.854
282.786,229.726,98.785,97.854
277.754,244.048,98.785,97.854
272.722,247.532,98.785,97.854
280.851,238.629,98.785,97.854
290.485,224.375,96.679,95.767
293.137,219.451,96.679,95.767
285.939,232.710,96.679,95.767
277.226,241.423,96.679,95.767
272.301,234.983,96.679,95.767
277.349,218.842,94.617,93.725
283.651,209.574,94.617,93.725
281.798,215.135,94.617,93.725
282.910,231.077,94.617,93.725
277.349,238.863,94.617,93.725
272.529,240.717,94.617,93.725
275.866,238.121,94.617,93.725
276.978,232.560,94.617,93.725
270.675,235.155,94.617,93.725
257.699,243.683,94.617,93.725
252.421,250.723,96.711,95.798
257.470,253.571,94.648,93.755
260.808,245.783,94.648,93.755
258.953,238.736,94.648,93.755
255.616,245.041,94.648,93.755
259.695,258.763,94.648,93.755
261.777,265.125,92.630,91.756
262.140,266.940,92.630,91.756
258.873,266.577,92.630,91.756
261.414,264.762,92.630,91.756
255.243,257.140,92.630,91.756
249.323,248.217,94.679,93.786
253.404,238.942,94.679,93.786
249.323,225.215,94.679,93.786
247.468,224.102,94.679,93.786
252.291,226.699,94.679,93.786
255.630,225.586,94.679,93.786
258.969,217.795,94.679,93.786
261.566,212.972,94.679,93.786
264.163,224.473,94.679,93.786
263.050,238.200,94.679,93.786
263.702,245.994,92.660,91.786
266.244,247.810,92.660,91.786
266.607,239.459,92.660,91.786
272.053,228.929,92.660,91.786
273.868,232.923,92.660,91.786
269.874,239.096,92.660,91.786
262.250,243.089,92.660,91.786
263.862,243.958,94.710,93.817
266.459,234.680,94.710,93.817
260.893,227.628,94.710,93.817
250.872,238.391,94.710,93.817
243.821,252.122,94.710,93.817
247.904,256.947,94.710,93.817
264.604,257.318,94.710,93.817
281.653,245.114,96.806,95.892
287.342,232.596,96.806,95.892
278.618,237.527,96.806,95.892
257.755,251.562,96.806,95.892
274.825,255.735,96.806,95.892
290.377,252.321,96.806,95.892
286.963,240.562,96.806,95.892
269.893,230.320,96.806,95.892
252.065,232.975,96.806,95.892
244.688,235.095,94.741,93.848
247.287,233.239,94.741,93.848
249.143,229.897,94.741,93.848
243.574,229.526,94.741,93.848
239.933,231.600,92.721,91.846
244.656,237.777,92.721,91.846
247.199,247.586,92.721,91.846
263.549,255.216,92.721,91.846
255.361,228.945,94.772,93.878
268.359,212.234,94.772,93.878
294.665,241.633,96.869,95.955
263.271,257.505,99.012,98.078
231.069,273.412,99.012,98.078
234.742,274.832,96.901,95.987
254.107,264.580,96.901,95.987
261.362,260.845,94.835,93.940
253.558,263.447,94.835,93.940
237.019,265.523,92.812,91.937
225.039,268.957,90.833,89.976
233.225,270.025,90.833,89.976
247.818,271.092,90.833,89.976
251.733,266.465,90.833,89.976
250.665,259.703,90.833,89.976
244.614,254.364,90.833,89.976
241.411,250.449,90.833,89.976
250.309,242.975,90.833,89.976
254.224,234.788,90.833,89.976
252.105,231.288,88.896,88.057
249.667,224.670,88.896,88.057
256.322,219.230,87.000,86.179
255.300,225.707,87.000,86.179
250.186,256.047,87.000,86.179
239.614,290.153,85.145,84.342
237.278,291.821,85.145,84.342
246.225,269.245,83.329,82.543
254.388,251.940,83.329,82.543
263.204,234.634,83.329,82.543
268.755,219.288,83.329,82.543
263.204,204.595,83.329,82.543
258.307,190.554,83.329,82.543
261.398,176.013,81.552,80.783
264.143,167.494,83.356,82.570
269.042,171.740,83.356,82.570
275.248,186.438,83.356,82.570
279.600,212.190,81.579,80.809
284.395,245.115,81.579,80.809
287.911,244.156,81.579,80.809
283.755,220.821,81.579,80.809
285.354,207.075,81.579,80.809
297.386,202.533,83.384,82.597
315.356,208.741,83.384,82.597
323.524,221.484,83.384,82.597
315.356,226.385,83.384,82.597
301.960,229.979,83.384,82.597
299.019,234.880,83.384,82.597
303.267,250.890,83.384,82.597
312.089,274.088,83.384,82.597
320.910,283.563,83.384,82.597
314.702,276.048,83.384,82.597
303.267,258.078,83.384,82.597
298.366,234.226,83.384,82.597
296.079,212.988,83.384,82.597
293.792,208.087,83.384,82.597
292.811,214.295,83.384,82.597
302.287,226.385,83.384,82.597
315.683,234.553,83.384,82.597
319.277,239.454,83.384,82.597
314.376,245.662,83.384,82.597
308.168,255.137,83.384,82.597
302.161,255.918,85.229,84.425
299.823,247.569,85.229,84.425
299.489,232.541,85.229,84.425
302.495,217.513,85.229,84.425
305.500,208.496,85.229,84.425
303.162,203.486,85.229,84.425
306.836,202.484,85.229,84.425
313.849,208.830,85.229,84.425
328.498,221.409,87.114,86.292
332.847,238.516,89.042,88.202
317.844,254.914,89.042,88.202
289.583,258.054,89.042,88.202
271.091,256.310,89.042,88.202
251.645,245.560,91.012,90.153
232.508,219.773,93.025,92.148
228.498,188.790,93.025,92.148
249.276,176.761,93.025,92.148
265.679,184.416,93.025,92.148
278.437,197.903,93.025,92.148
284.633,208.473,93.025,92.148
290.101,211.025,93.025,92.148
296.298,213.577,93.025,92.148
301.765,216.128,93.025,92.148
299.595,218.867,91.042,90.183
302.659,219.720,93.056,92.178
