57.000,156.000,198.000,173.000
50.931,154.310,198.000,173.000
52.527,154.668,202.381,176.828
53.273,153.922,202.381,176.828
55.511,154.668,202.381,176.828
56.257,155.414,202.381,176.828
56.340,152.684,206.858,180.740
57.103,154.972,206.858,180.740
56.340,158.785,206.858,180.740
58.628,154.972,206.858,180.740
59.391,160.310,206.858,180.740
60.153,161.072,206.858,180.740
57.865,161.835,206.858,180.740
59.533,159.044,211.435,184.739
60.312,161.383,211.435,184.739
61.092,160.603,211.435,184.739
52.518,161.383,211.435,184.739
55.840,160.148,216.113,188.826
53.450,160.944,216.113,188.826
53.538,161.335,220.895,193.004
51.940,154.976,225.782,197.274
49.443,152.479,225.782,197.274
50.275,156.640,225.782,197.274
49.443,154.143,225.782,197.274
46.946,149.982,225.782,197.274
49.443,154.143,225.782,197.274
46.946,148.317,225.782,197.274
47.778,154.143,225.782,197.274
43.617,146.653,225.782,197.274
47.778,150.814,225.782,197.274
46.946,151.646,225.782,197.274
42.133,146.530,220.967,193.067
46.206,152.232,220.967,193.067
43.762,148.159,220.967,193.067
39.689,144.086,220.967,193.067
38.120,143.789,216.255,188.950
42.106,152.558,216.255,188.950
39.714,145.384,216.255,188.950
39.715,149.704,211.643,184.921
39.716,147.915,207.130,180.977
40.479,151.733,207.130,180.977
39.716,147.915,207.130,180.977
40.479,150.206,207.130,180.977
39.716,146.388,207.130,180.977
40.479,148.679,207.130,180.977
36.661,144.861,207.130,180.977
38.952,148.679,207.130,180.977
36.661,144.861,207.130,180.977
38.952,148.679,207.130,180.977
35.134,143.334,207.130,180.977
35.898,145.625,207.130,180.977
35.134,143.334,207.130,180.977
34.371,142.570,207.130,180.977
35.134,143.334,207.130,180.977
34.371,142.570,207.130,180.977
36.661,144.861,207.130,180.977
35.898,142.570,207.130,180.977
36.661,144.861,207.130,180.977
35.898,142.570,207.130,180.977
36.661,143.334,207.130,180.977
35.898,142.570,207.130,180.977
36.661,144.861,207.130,180.977
35.898,142.570,207.130,180.977
36.661,144.861,207.130,180.977
35.898,142.570,207.130,180.977
35.134,143.334,207.130,180.977
34.371,141.043,207.130,180.977
38.189,144.861,207.130,180.977
35.898,142.570,207.130,180.977
36.661,143.334,207.130,180.977
35.898,142.570,207.130,180.977
36.661,143.334,207.130,180.977
35.898,141.043,207.130,180.977
36.661,146.388,207.130,180.977
33.578,140.425,211.713,184.981
35.919,144.327,211.713,184.981
35.139,140.425,211.713,184.981
35.919,142.767,211.713,184.981
33.578,138.864,211.713,184.981
35.919,142.767,211.713,184.981
33.578,138.864,211.713,184.981
35.919,142.767,211.713,184.981
33.578,138.864,211.713,184.981
35.919,142.767,211.713,184.981
33.578,138.864,211.713,184.981
35.919,142.767,211.713,184.981
33.578,138.864,211.713,184.981
35.919,142.767,211.713,184.981
33.578,138.864,211.713,184.981
35.919,142.767,211.713,184.981
35.139,138.864,211.713,184.981
39.041,142.767,211.713,184.981
37.537,142.482,207.198,181.036
38.301,143.246,207.198,181.036
37.537,142.482,207.198,181.036
38.301,143.246,207.198,181.036
37.537,142.482,207.198,181.036
38.301,143.246,207.198,181.036
37.537,142.482,207.198,181.036
38.301,143.246,207.198,181.036
37.537,142.482,207.198,181.036
38.301,143.246,207.198,181.036
36.010,140.955,207.198,181.036
38.301,146.301,207.198,181.036
36.010,140.955,207.198,181.036
39.265,144.499,211.782,185.042
36.255,141.205,207.266,181.096
39.512,143.165,211.851,185.103
35.607,139.260,211.851,185.103
36.388,141.603,211.851,185.103
35.607,139.260,211.851,185.103
36.388,141.603,211.851,185.103
35.607,139.260,211.851,185.103
36.388,141.603,211.851,185.103
35.607,139.260,211.851,185.103
36.388,141.603,211.851,185.103
35.607,139.260,211.851,185.103
36.388,143.165,211.851,185.103
35.607,140.822,211.851,185.103
34.826,140.041,211.851,185.103
37.169,142.384,211.851,185.103
34.826,138.479,211.851,185.103
37.169,142.384,211.851,185.103
34.826,138.479,211.851,185.103
37.169,142.384,211.851,185.103
36.388,140.041,211.851,185.103
35.607,142.384,211.851,185.103
33.264,138.479,211.851,185.103
37.169,143.946,211.851,185.103
36.388,141.603,211.851,185.103
34.045,139.260,211.851,185.103
36.388,143.165,211.851,185.103
35.607,140.822,211.851,185.103
34.826,140.041,211.851,185.103
37.169,143.946,211.851,185.103
35.664,142.156,207.334,181.155
37.957,145.977,207.334,181.155
35.664,142.156,207.334,181.155
36.428,144.449,207.334,181.155
37.192,143.684,207.334,181.155
36.428,142.920,207.334,181.155
37.192,143.684,207.334,181.155
36.428,142.920,207.334,181.155
37.192,143.684,207.334,181.155
36.428,142.920,207.334,181.155
37.192,143.684,207.334,181.155
36.428,142.920,207.334,181.155
37.192,143.684,207.334,181.155
36.428,142.920,207.334,181.155
37.192,145.213,207.334,181.155
34.106,139.244,211.921,185.163
36.450,143.150,211.921,185.163
35.668,140.807,211.921,185.163
36.450,143.150,211.921,185.163
35.668,140.807,211.921,185.163
34.887,141.588,211.921,185.163
35.668,140.807,211.921,185.163
34.887,141.588,211.921,185.163
34.106,139.244,211.921,185.163
36.450,143.150,211.921,185.163
34.106,140.807,211.921,185.163
36.450,144.713,211.921,185.163
34.944,141.416,207.402,181.215
35.709,145.239,207.402,181.215
33.415,142.945,207.402,181.215
34.180,142.181,207.402,181.215
34.944,142.945,207.402,181.215
34.180,142.181,207.402,181.215
36.473,142.945,207.402,181.215
35.709,142.181,207.402,181.215
34.944,144.474,207.402,181.215
32.651,140.652,207.402,181.215
34.944,144.474,207.402,181.215
34.180,140.652,207.402,181.215
36.473,144.474,207.402,181.215
35.709,142.181,207.402,181.215
36.473,144.474,207.402,181.215
35.709,142.181,207.402,181.215
36.473,144.474,207.402,181.215
35.709,143.710,207.402,181.215
34.944,142.945,207.402,181.215
35.709,143.710,207.402,181.215
36.473,142.945,207.402,181.215
37.238,143.710,207.402,181.215
36.473,142.945,207.402,181.215
37.238,143.710,207.402,181.215
36.473,142.945,207.402,181.215
37.238,143.710,207.402,181.215
36.473,142.945,207.402,181.215
37.238,142.181,207.402,181.215
38.003,144.474,207.402,181.215
35.709,142.181,207.402,181.215
36.473,144.474,207.402,181.215
35.709,142.181,207.402,181.215
36.473,144.474,207.402,181.215
35.709,142.181,207.402,181.215
36.473,144.474,207.402,181.215
35.709,142.181,207.402,181.215
36.473,144.474,207.402,181.215
35.709,142.181,207.402,181.215
36.473,144.474,207.402,181.215
35.709,142.181,207.402,181.215
36.473,144.474,207.402,181.215
35.709,142.181,207.402,181.215
36.473,144.474,207.402,181.215
35.709,142.181,207.402,181.215
36.473,144.474,207.402,181.215
35.709,142.181,207.402,181.215
36.473,144.474,207.402,181.215
35.709,142.181,207.402,181.215
36.473,144.474,207.402,181.215
35.709,142.181,207.402,181.215
36.473,144.474,207.402,181.215
35.709,142.181,207.402,181.215
36.473,144.474,207.402,181.215
35.709,142.181,207.402,181.215
36.473,144.474,207.402,181.215
35.709,142.181,207.402,181.215
36.473,144.474,207.402,181.215
35.709,142.181,207.402,181.215
36.473,144.474,207.402,181.215
35.709,142.181,207.402,181.215
38.003,146.004,207.402,181.215
35.709,142.181,207.402,181.215
38.003,146.004,207.402,181.215
35.709,143.710,207.402,181.215
34.944,141.416,207.402,181.215
37.238,145.239,207.402,181.215
34.150,139.268,211.990,185.224
38.058,143.175,211.990,185.224
35.045,142.891,207.470,181.274
35.810,142.126,207.470,181.274
36.575,144.420,207.470,181.274
35.810,142.126,207.470,181.274
36.575,144.420,207.470,181.274
35.810,142.126,207.470,181.274
36.575,144.420,207.470,181.274
35.810,142.126,207.470,181.274
36.575,144.420,207.470,181.274
36.660,141.622,212.060,185.285
34.315,137.713,212.060,185.285
38.224,143.185,212.060,185.285
35.211,141.393,207.538,181.333
37.506,145.219,207.538,181.333
35.211,141.393,207.538,181.333
37.506,145.219,207.538,181.333
35.211,141.393,207.538,181.333
35.976,143.688,207.538,181.333
35.211,141.393,207.538,181.333
35.976,143.688,207.538,181.333
35.211,141.393,207.538,181.333
35.976,143.688,207.538,181.333
35.211,141.393,207.538,181.333
35.976,143.688,207.538,181.333
35.211,141.393,207.538,181.333
35.976,143.688,207.538,181.333
35.211,141.393,207.538,181.333
35.976,142.158,207.538,181.333
36.741,141.393,207.538,181.333
39.036,145.219,207.538,181.333
36.741,141.393,207.538,181.333
39.036,145.219,207.538,181.333
36.741,142.923,207.538,181.333
37.506,143.688,207.538,181.333
36.741,142.923,207.538,181.333
37.506,143.688,207.538,181.333
36.741,142.923,207.538,181.333
37.506,143.688,207.538,181.333
36.741,142.923,207.538,181.333
37.506,143.688,207.538,181.333
36.741,142.923,207.538,181.333
37.506,143.688,207.538,181.333
36.741,142.923,207.538,181.333
37.506,143.688,207.538,181.333
36.741,142.923,207.538,181.333
37.506,143.688,207.538,181.333
36.741,144.454,207.538,181.333
35.976,143.688,207.538,181.333
35.211,142.923,207.538,181.333
35.976,145.219,207.538,181.333
35.211,141.393,207.538,181.333
35.976,145.219,207.538,181.333
35.211,142.923,207.538,181.333
34.446,142.158,207.538,181.333
33.681,139.863,207.538,181.333
37.506,145.219,207.538,181.333
35.211,142.923,207.538,181.333
34.446,143.688,207.538,181.333
33.681,141.393,207.538,181.333
37.506,143.688,207.538,181.333
35.211,142.923,207.538,181.333
34.446,143.688,207.538,181.333
33.681,141.393,207.538,181.333
37.506,145.219,207.538,181.333
35.211,142.923,207.538,181.333
35.976,145.219,207.538,181.333
35.211,142.923,207.538,181.333
35.976,145.219,207.538,181.333
35.211,142.923,207.538,181.333
35.976,145.219,207.538,181.333
35.211,142.923,207.538,181.333
35.976,145.219,207.538,181.333
35.211,142.923,207.538,181.333
35.976,145.219,207.538,181.333
35.211,142.923,207.538,181.333
35.976,145.219,207.538,181.333
35.211,142.923,207.538,181.333
35.976,145.219,207.538,181.333
35.211,142.923,207.538,181.333
35.976,145.219,207.538,181.333
35.211,144.454,207.538,181.333
35.976,145.219,207.538,181.333
35.211,142.923,207.538,181.333
35.976,145.219,207.538,181.333
35.211,142.923,207.538,181.333
35.976,145.219,207.538,181.333
35.211,142.923,207.538,181.333
35.976,146.749,207.538,181.333
34.502,142.046,203.112,177.466
36.748,148.784,203.112,177.466
35.999,143.543,203.112,177.466
38.245,145.789,203.112,177.466
38.329,146.157,207.606,181.393
37.564,145.391,207.606,181.393
36.798,147.687,207.606,181.393
37.564,145.391,207.606,181.393
38.329,149.218,207.606,181.393
36.033,145.391,207.606,181.393
38.329,152.279,207.606,181.393
37.564,146.922,207.606,181.393
39.860,153.810,207.606,181.393
40.625,148.452,207.606,181.393
41.390,153.810,207.606,181.393
40.625,148.452,207.606,181.393
42.921,153.810,207.606,181.393
42.155,148.452,207.606,181.393
45.417,155.180,212.199,185.406
44.635,149.704,212.199,185.406
46.981,153.615,212.199,185.406
46.199,151.269,212.199,185.406
48.546,155.180,212.199,185.406
46.199,152.833,212.199,185.406
46.981,153.615,212.199,185.406
44.635,149.704,212.199,185.406
45.417,152.051,212.199,185.406
41.506,148.140,212.199,185.406
42.288,150.486,212.199,185.406
36.812,143.446,212.199,185.406
39.159,150.486,212.199,185.406
36.144,144.170,207.674,181.452
36.909,147.997,207.674,181.452
36.144,144.170,207.674,181.452
35.378,143.404,207.674,181.452
33.082,142.639,207.674,181.452
35.378,144.935,207.674,181.452
33.082,142.639,207.674,181.452
33.847,143.404,207.674,181.452
34.613,142.639,207.674,181.452
35.378,144.935,207.674,181.452
33.082,141.107,207.674,181.452
36.909,144.935,207.674,181.452
36.144,144.170,207.674,181.452
35.378,143.404,207.674,181.452
34.613,142.639,207.674,181.452
35.378,144.935,207.674,181.452
34.613,142.639,207.674,181.452
35.378,144.935,207.674,181.452
33.082,141.107,207.674,181.452
36.909,144.935,207.674,181.452
34.613,142.639,207.674,181.452
35.378,144.935,207.674,181.452
34.613,142.639,207.674,181.452
35.378,144.935,207.674,181.452
33.082,141.107,207.674,181.452
36.909,144.935,207.674,181.452
34.613,142.639,207.674,181.452
35.378,144.935,207.674,181.452
33.082,141.107,207.674,181.452
35.378,144.935,207.674,181.452
33.082,141.107,207.674,181.452
35.378,144.935,207.674,181.452
33.082,142.639,207.674,181.452
35.378,144.935,207.674,181.452
33.082,141.107,207.674,181.452
36.909,144.935,207.674,181.452
36.144,144.170,207.674,181.452
35.378,143.404,207.674,181.452
36.144,145.701,207.674,181.452
36.909,147.997,207.674,181.452
37.675,147.232,207.674,181.452
39.972,151.060,207.674,181.452
39.206,147.232,207.674,181.452
39.972,147.997,207.674,181.452
37.675,145.701,207.674,181.452
41.503,152.591,207.674,181.452
42.268,151.825,207.674,181.452
43.942,150.612,212.269,185.467
46.290,143.570,212.269,185.467
48.637,147.482,212.269,185.467
50.348,136.500,216.965,189.570
52.748,140.499,216.965,189.570
50.348,136.500,216.965,189.570
51.148,137.300,216.965,189.570
47.149,138.100,216.965,189.570
46.349,138.900,216.965,189.570
45.549,139.700,216.965,189.570
43.150,140.499,216.965,189.570
46.234,138.666,212.338,185.528
45.451,142.580,212.338,185.528
46.234,141.797,212.338,185.528
47.017,142.580,212.338,185.528
46.234,143.363,212.338,185.528
47.017,144.145,212.338,185.528
47.800,144.928,212.338,185.528
48.582,145.711,212.338,185.528
47.800,144.928,212.338,185.528
47.017,145.711,212.338,185.528
47.800,141.797,212.338,185.528
47.017,142.580,212.338,185.528
46.234,140.232,212.338,185.528
45.451,141.014,212.338,185.528
46.234,140.232,212.338,185.528
45.451,139.449,212.338,185.528
46.234,138.666,212.338,185.528
47.017,141.014,212.338,185.528
49.365,141.797,212.338,185.528
48.582,137.883,212.338,185.528
52.496,140.232,212.338,185.528
53.279,141.014,212.338,185.528
55.627,141.797,212.338,185.528
55.715,137.308,217.036,189.633
55.804,136.041,221.838,193.828
51.715,141.765,221.838,193.828
45.991,147.490,221.838,193.828
45.173,145.036,221.838,193.828
45.991,150.761,221.838,193.828
45.173,146.672,221.838,193.828
42.719,147.490,221.838,193.828
45.173,148.307,221.838,193.828
41.084,142.583,221.838,193.828
36.995,143.401,221.838,193.828
37.813,142.583,221.838,193.828
35.359,141.765,221.838,193.828
36.177,144.218,221.838,193.828
34.602,140.768,217.107,189.695
35.402,146.370,217.107,189.695
33.860,141.450,212.477,185.649
36.210,143.800,212.477,185.649
35.426,143.017,212.477,185.649
36.210,145.366,212.477,185.649
34.700,142.061,207.946,181.690
38.533,145.894,207.946,181.690
36.233,143.594,207.946,181.690
35.467,144.361,207.946,181.690
34.700,143.594,207.946,181.690
35.467,142.828,207.946,181.690
36.233,146.661,207.946,181.690
34.756,143.426,203.512,177.816
35.507,145.676,203.512,177.816
34.756,143.426,203.512,177.816
35.507,145.676,203.512,177.816
36.257,144.926,203.512,177.816
37.007,144.176,203.512,177.816
36.257,144.926,203.512,177.816
37.007,144.176,203.512,177.816
34.756,144.926,203.512,177.816
35.507,145.676,203.512,177.816
36.257,144.926,203.512,177.816
37.007,144.176,203.512,177.816
36.257,144.926,203.512,177.816
37.007,144.176,203.512,177.816
36.257,144.926,203.512,177.816
37.007,144.176,203.512,177.816
36.257,144.926,203.512,177.816
37.007,144.176,203.512,177.816
36.257,144.926,203.512,177.816
37.007,144.176,203.512,177.816
36.257,144.926,203.512,177.816
35.507,142.676,203.512,177.816
37.757,146.427,203.512,177.816
35.507,144.176,203.512,177.816
34.756,143.426,203.512,177.816
35.507,145.676,203.512,177.816
34.756,143.426,203.512,177.816
35.507,145.676,203.512,177.816
34.756,143.426,203.512,177.816
35.507,145.676,203.512,177.816
34.756,143.426,203.512,177.816
35.507,145.676,203.512,177.816
34.756,143.426,203.512,177.816
35.507,145.676,203.512,177.816
34.756,143.426,203.512,177.816
35.507,145.676,203.512,177.816
34.756,143.426,203.512,177.816
37.007,147.177,203.512,177.816
34.756,143.426,203.512,177.816
35.507,145.676,203.512,177.816
36.257,144.926,203.512,177.816
37.007,144.176,203.512,177.816
34.756,143.426,203.512,177.816
37.007,147.177,203.512,177.816
34.756,143.426,203.512,177.816
35.507,145.676,203.512,177.816
36.257,144.926,203.512,177.816
35.507,142.676,203.512,177.816
37.757,146.427,203.512,177.816
35.507,144.176,203.512,177.816
36.257,144.926,203.512,177.816
37.007,144.176,203.512,177.816
34.756,143.426,203.512,177.816
35.507,145.676,203.512,177.816
36.257,144.926,203.512,177.816
37.007,144.176,203.512,177.816
34.756,143.426,203.512,177.816
35.507,145.676,203.512,177.816
36.257,144.926,203.512,177.816
37.007,144.176,203.512,177.816
36.257,144.926,203.512,177.816
37.007,144.176,203.512,177.816
34.756,144.926,203.512,177.816
35.507,145.676,203.512,177.816
36.257,144.926,203.512,177.816
37.007,144.176,203.512,177.816
36.257,144.926,203.512,177.816
37.007,144.176,203.512,177.816
34.756,144.926,203.512,177.816
35.507,145.676,203.512,177.816
36.257,144.926,203.512,177.816
37.007,144.176,203.512,177.816
34.756,144.926,203.512,177.816
35.507,145.676,203.512,177.816
36.257,144.926,203.512,177.816
37.007,144.176,203.512,177.816
34.756,143.426,203.512,177.816
37.007,147.177,203.512,177.816
34.756,143.426,203.512,177.816
35.507,145.676,203.512,177.816
36.257,144.926,203.512,177.816
37.007,144.176,203.512,177.816
34.756,143.426,203.512,177.816
35.507,145.676,203.512,177.816
36.257,144.926,203.512,177.816
37.007,144.176,203.512,177.816
36.257,144.926,203.512,177.816
37.007,144.176,203.512,177.816
36.257,143.426,203.512,177.816
38.508,145.676,203.512,177.816
37.757,144.926,203.512,177.816
37.007,144.176,203.512,177.816
36.257,144.926,203.512,177.816
37.007,142.676,203.512,177.816
36.257,146.427,203.512,177.816
37.007,144.176,203.512,177.816
36.257,144.926,203.512,177.816
37.007,142.676,203.512,177.816
36.257,146.427,203.512,177.816
37.007,144.176,203.512,177.816
36.257,144.926,203.512,177.816
37.007,144.176,203.512,177.816
36.257,144.926,203.512,177.816
37.007,144.176,203.512,177.816
36.257,144.926,203.512,177.816
37.007,144.176,203.512,177.816
36.257,144.926,203.512,177.816
37.007,144.176,203.512,177.816
36.257,144.926,203.512,177.816
37.007,144.176,203.512,177.816
36.257,144.926,203.512,177.816
37.007,144.176,203.512,177.816
36.257,144.926,203.512,177.816
37.007,144.176,203.512,177.816
36.257,144.926,203.512,177.816
37.007,144.176,203.512,177.816
36.257,144.926,203.512,177.816
37.007,144.176,203.512,177.816
36.257,144.926,203.512,177.816
37.007,144.176,203.512,177.816
36.257,144.926,203.512,177.816
37.007,144.176,203.512,177.816
36.257,144.926,203.512,177.816
37.007,144.176,203.512,177.816
36.257,144.926,203.512,177.816
35.507,142.676,203.512,177.816
37.757,146.427,203.512,177.816
35.507,144.176,203.512,177.816
36.257,144.926,203.512,177.816
37.007,144.176,203.512,177.816
36.257,144.926,203.512,177.816
37.007,144.176,203.512,177.816
36.257,144.926,203.512,177.816
37.007,144.176,203.512,177.816
36.257,144.926,203.512,177.816
37.007,144.176,203.512,177.816
36.257,144.926,203.512,177.816
37.007,144.176,203.512,177.816
34.756,143.426,203.512,177.816
35.507,145.676,203.512,177.816
36.257,144.926,203.512,177.816
35.507,142.676,203.512,177.816
36.257,144.926,203.512,177.816
35.507,142.676,203.512,177.816
37.757,146.427,203.512,177.816
37.007,145.676,203.512,177.816
37.091,144.488,208.014,181.750
36.324,143.721,208.014,181.750
37.091,146.021,208.014,181.750
36.324,145.255,208.014,181.750
35.557,144.488,208.014,181.750
36.324,145.255,208.014,181.750
38.001,147.222,212.617,185.771
36.491,143.914,208.083,181.810
38.792,147.750,208.083,181.810
36.491,143.914,208.083,181.810
37.258,147.750,208.083,181.810
36.491,145.449,208.083,181.810
37.258,147.750,208.083,181.810
36.491,143.914,208.083,181.810
37.258,146.216,208.083,181.810
36.491,145.449,208.083,181.810
37.258,146.216,208.083,181.810
35.780,144.457,203.645,177.932
35.029,143.707,203.645,177.932
35.780,147.460,203.645,177.932
35.029,143.707,203.645,177.932
35.780,147.460,203.645,177.932
35.029,143.707,203.645,177.932
35.780,147.460,203.645,177.932
36.530,145.208,203.645,177.932
38.172,148.692,208.151,181.869
35.870,144.855,208.151,181.869
36.637,148.692,208.151,181.869
35.870,146.390,208.151,181.869
38.172,151.761,208.151,181.869
38.939,147.925,208.151,181.869
41.241,151.761,208.151,181.869
39.763,150.002,203.712,177.991
42.015,153.757,203.712,177.991
41.264,150.002,203.712,177.991
39.012,150.753,203.712,177.991
41.264,150.002,203.712,177.991
39.012,150.753,203.712,177.991
42.766,154.508,203.712,177.991
42.015,149.251,203.712,177.991
44.268,154.508,203.712,177.991
45.019,153.757,203.712,177.991
48.774,157.512,203.712,177.991
46.521,153.757,203.712,177.991
48.774,160.516,203.712,177.991
49.525,161.267,203.712,177.991
49.609,164.752,208.219,181.929
49.694,160.350,212.826,185.954
51.410,160.735,217.535,190.068
53.163,161.128,222.348,194.274
53.983,160.308,222.348,194.274
54.074,160.710,227.267,198.572
54.912,159.873,227.267,198.572
49.048,155.684,227.267,198.572
49.886,156.521,227.267,198.572
50.723,155.684,227.267,198.572
51.561,154.846,227.267,198.572
54.074,159.035,227.267,198.572
54.912,153.170,227.267,198.572
52.399,154.008,227.267,198.572
53.237,156.521,227.267,198.572
50.723,154.008,227.267,198.572
49.886,153.170,227.267,198.572
46.656,151.250,222.421,194.337
45.836,155.350,222.421,194.337
43.377,151.250,222.421,194.337
40.917,152.070,222.421,194.337
38.457,149.610,222.421,194.337
37.637,150.430,222.421,194.337
35.177,149.610,222.421,194.337
34.357,150.430,222.421,194.337
33.537,147.970,222.421,194.337
37.637,148.790,222.421,194.337
35.177,147.970,222.421,194.337
35.997,152.070,222.421,194.337
33.537,149.610,222.421,194.337
35.997,153.710,222.421,194.337
35.998,151.831,217.677,190.193
38.405,155.843,217.677,190.193
35.998,151.831,217.677,190.193
36.800,155.843,217.677,190.193
37.603,151.831,217.677,190.193
36.800,155.843,217.677,190.193
37.603,151.831,217.677,190.193
38.405,155.843,217.677,190.193
39.208,153.435,217.677,190.193
41.615,157.448,217.677,190.193
42.417,153.435,217.677,190.193
40.010,159.053,217.677,190.193
44.022,155.040,217.677,190.193
41.615,159.053,217.677,190.193
44.022,156.645,217.677,190.193
43.220,159.053,217.677,190.193
45.627,159.855,217.677,190.193
44.825,157.448,217.677,190.193
