73.000,126.000,29.000,23.000
73.807,125.989,29.000,23.000
74.318,126.296,29.000,23.000
75.442,126.193,29.000,23.000
75.544,126.296,29.000,23.000
76.259,125.785,29.000,23.000
77.179,125.478,29.000,23.000
77.690,125.376,29.000,23.000
77.792,125.682,29.000,23.000
78.099,124.558,29.000,23.000
78.610,125.069,29.000,23.000
78.916,124.967,29.000,23.000
79.427,124.047,29.000,23.000
80.347,124.354,29.000,23.000
81.062,123.434,29.000,23.000
81.573,122.310,29.000,23.000
82.084,122.821,29.000,23.000
82.595,122.310,29.000,23.000
82.697,122.821,29.000,23.000
83.413,122.106,29.000,23.000
83.719,122.412,29.000,23.000
83.821,122.310,29.000,23.000
84.537,122.617,29.000,23.000
85.252,122.310,29.000,23.000
85.763,123.025,29.000,23.000
86.070,122.719,29.000,23.000
86.785,122.412,29.000,23.000
87.500,122.719,29.000,23.000
88.420,123.025,29.000,23.000
89.135,123.128,29.000,23.000
89.442,123.025,29.000,23.000
89.748,122.719,29.000,23.000
89.646,122.617,29.000,23.000
90.362,123.128,29.000,23.000
91.163,122.683,28.382,22.510
91.463,123.384,28.382,22.510
91.963,122.883,28.382,22.510
91.863,123.183,28.382,22.510
91.763,123.083,28.382,22.510
92.464,123.584,28.382,22.510
92.564,124.284,28.382,22.510
92.664,124.984,28.382,22.510
92.964,125.084,28.382,22.510
92.664,125.584,28.382,22.510
93.564,126.284,28.382,22.510
93.464,126.584,28.382,22.510
93.564,127.084,28.382,22.510
94.064,126.784,28.382,22.510
94.564,126.684,28.382,22.510
94.769,127.576,29.010,23.008
94.666,127.679,29.010,23.008
94.769,126.963,29.010,23.008
95.075,127.474,29.010,23.008
95.791,126.759,29.010,23.008
96.302,127.065,29.010,23.008
96.813,126.963,29.010,23.008
97.120,126.452,29.010,23.008
97.631,125.941,29.010,23.008
97.733,126.452,29.010,23.008
98.244,125.941,29.010,23.008
98.755,126.043,29.010,23.008
98.449,125.941,29.010,23.008
99.164,125.634,29.010,23.008
99.471,125.123,29.010,23.008
99.573,125.430,29.010,23.008
99.675,125.123,29.010,23.008
99.369,125.430,29.010,23.008
99.880,125.123,29.010,23.008
99.778,125.021,29.010,23.008
99.880,124.714,29.010,23.008
100.391,124.612,29.010,23.008
100.084,124.714,29.010,23.008
100.800,124.407,29.010,23.008
100.289,124.305,29.010,23.008
101.209,125.430,29.010,23.008
101.515,124.918,29.010,23.008
101.618,124.816,29.010,23.008
101.720,124.714,29.010,23.008
101.822,124.816,29.010,23.008
101.924,124.510,29.010,23.008
102.231,124.816,29.010,23.008
102.538,124.510,29.010,23.008
102.640,125.021,29.010,23.008
102.129,124.714,29.010,23.008
102.844,124.816,29.010,23.008
103.151,124.714,29.010,23.008
103.253,124.612,29.010,23.008
103.764,124.918,29.010,23.008
102.640,125.021,29.010,23.008
102.947,124.918,29.010,23.008
103.458,124.612,29.010,23.008
103.356,125.327,29.010,23.008
103.049,124.612,29.010,23.008
103.764,124.918,29.010,23.008
102.844,124.407,29.010,23.008
103.560,124.305,29.010,23.008
103.253,124.816,29.010,23.008
103.969,124.101,29.010,23.008
104.071,124.816,29.010,23.008
103.560,124.101,29.010,23.008
103.867,124.816,29.010,23.008
103.764,124.101,29.010,23.008
104.071,124.612,29.010,23.008
104.173,124.510,29.010,23.008
104.480,124.407,29.010,23.008
104.173,124.510,29.010,23.008
104.276,124.203,29.010,23.008
104.582,124.918,29.010,23.008
104.684,124.203,29.010,23.008
104.378,124.918,29.010,23.008
104.480,124.407,29.010,23.008
104.582,124.101,29.010,23.008
104.684,124.407,29.010,23.008
104.378,123.692,29.010,23.008
104.684,123.794,29.010,23.008
104.378,123.692,29.010,23.008
104.276,123.590,29.010,23.008
104.787,123.692,29.010,23.008
104.276,122.976,29.010,23.008
104.787,123.078,29.010,23.008
104.889,122.976,29.010,23.008
104.787,122.669,29.010,23.008
105.093,122.158,29.010,23.008
105.196,122.874,29.010,23.008
105.298,122.363,29.010,23.008
105.400,122.465,29.010,23.008
106.202,122.218,28.391,22.517
105.702,122.918,28.391,22.517
106.002,122.018,28.391,22.517
105.502,122.518,28.391,22.517
105.202,122.818,28.391,22.517
105.502,122.518,28.391,22.517
106.287,124.012,27.785,22.037
106.189,123.522,27.785,22.037
105.895,123.228,27.785,22.037
106.776,123.522,27.785,22.037
106.091,123.816,27.785,22.037
106.189,124.109,27.785,22.037
105.895,123.424,27.785,22.037
106.580,123.522,27.785,22.037
106.091,123.228,27.785,22.037
106.189,122.739,27.785,22.037
106.391,123.823,27.193,21.567
106.678,123.152,27.193,21.567
106.199,123.248,27.193,21.567
106.678,123.152,27.193,21.567
106.007,123.056,27.193,21.567
106.103,123.536,27.193,21.567
105.816,123.056,27.193,21.567
106.103,123.536,27.193,21.567
106.007,122.865,27.193,21.567
106.295,123.536,27.193,21.567
105.816,122.865,27.193,21.567
106.295,123.536,27.193,21.567
105.816,122.673,27.193,21.567
105.911,122.961,27.193,21.567
105.816,123.440,27.193,21.567
105.911,122.769,27.193,21.567
106.391,123.631,27.193,21.567
106.103,123.152,27.193,21.567
106.391,123.631,27.193,21.567
106.486,123.152,27.193,21.567
106.391,123.631,27.193,21.567
106.103,123.727,27.193,21.567
106.391,123.823,27.193,21.567
106.295,124.110,27.193,21.567
106.582,124.015,27.193,21.567
106.486,124.494,27.193,21.567
106.582,124.015,27.193,21.567
106.580,123.677,27.795,22.044
106.090,123.775,27.795,22.044
106.384,124.068,27.795,22.044
106.090,123.187,27.795,22.044
106.188,123.481,27.795,22.044
106.090,123.383,27.795,22.044
106.697,123.037,28.409,22.532
106.597,122.937,28.409,22.532
106.697,123.238,28.409,22.532
106.597,123.137,28.409,22.532
106.897,123.438,28.409,22.532
105.796,123.938,28.409,22.532
106.297,122.837,28.409,22.532
106.997,123.137,28.409,22.532
106.697,123.638,28.409,22.532
107.598,123.938,28.409,22.532
107.698,124.239,28.409,22.532
107.798,124.139,28.409,22.532
107.298,124.439,28.409,22.532
107.598,124.939,28.409,22.532
107.498,124.439,28.409,22.532
107.398,124.939,28.409,22.532
107.898,124.439,28.409,22.532
107.198,124.939,28.409,22.532
107.498,124.239,28.409,22.532
107.798,124.139,28.409,22.532
108.198,124.089,27.804,22.051
107.904,123.599,27.804,22.051
108.981,123.697,27.804,22.051
109.471,123.403,27.804,22.051
108.981,122.914,27.804,22.051
108.883,123.795,27.804,22.051
109.177,123.501,27.804,22.051
109.079,123.208,27.804,22.051
109.765,123.110,27.804,22.051
109.667,122.620,27.804,22.051
109.569,123.501,27.804,22.051
110.059,123.012,27.804,22.051
110.353,122.914,27.804,22.051
110.059,123.795,27.804,22.051
110.941,123.893,27.804,22.051
110.843,123.599,27.804,22.051
111.529,123.697,27.804,22.051
111.235,123.599,27.804,22.051
110.745,123.697,27.804,22.051
111.431,124.187,27.804,22.051
111.333,123.697,27.804,22.051
111.627,125.167,27.804,22.051
112.117,124.285,27.804,22.051
111.823,124.775,27.804,22.051
112.704,125.657,27.804,22.051
111.823,124.775,27.804,22.051
112.704,125.461,27.804,22.051
112.215,123.991,27.804,22.051
111.529,124.481,27.804,22.051
111.729,123.729,28.419,22.539
111.229,123.028,28.419,22.539
110.603,121.844,29.048,23.038
110.175,120.845,29.690,23.547
109.652,120.950,29.690,23.547
108.083,119.799,29.690,23.547
110.280,120.741,29.690,23.547
104.316,118.753,29.690,23.547
102.577,117.950,30.347,24.068
102.042,117.629,30.347,24.068
102.790,117.522,30.347,24.068
104.181,118.484,30.347,24.068
104.929,118.377,30.347,24.068
103.539,118.698,30.347,24.068
102.790,118.164,30.347,24.068
103.539,118.698,30.347,24.068
103.004,117.736,30.347,24.068
103.753,119.126,30.347,24.068
103.004,118.591,30.347,24.068
103.753,119.126,30.347,24.068
103.432,119.875,30.347,24.068
102.897,118.912,30.347,24.068
103.646,118.805,30.347,24.068
103.753,118.484,30.347,24.068
103.218,118.377,30.347,24.068
103.967,118.698,30.347,24.068
103.646,117.950,30.347,24.068
103.753,118.484,30.347,24.068
103.860,118.164,30.347,24.068
104.395,117.629,30.347,24.068
103.726,116.808,31.019,24.601
104.273,117.792,31.019,24.601
103.816,117.179,31.705,25.145
103.257,116.844,31.705,25.145
102.699,116.509,31.705,25.145
103.704,116.844,31.705,25.145
102.922,116.285,31.705,25.145
103.704,117.067,31.705,25.145
102.699,116.062,31.705,25.145
103.257,116.397,31.705,25.145
102.699,117.403,31.705,25.145
102.810,116.397,31.705,25.145
103.146,117.179,31.705,25.145
102.364,116.174,31.705,25.145
101.582,116.732,31.705,25.145
101.693,116.174,31.705,25.145
101.582,116.956,31.705,25.145
101.470,115.950,31.705,25.145
101.358,116.732,31.705,25.145
100.576,116.174,31.705,25.145
100.911,115.392,31.705,25.145
100.576,115.727,31.705,25.145
100.464,114.274,31.705,25.145
100.353,113.716,31.705,25.145
99.347,114.051,31.705,25.145
99.235,113.269,31.705,25.145
99.347,114.051,31.705,25.145
98.788,113.045,31.705,25.145
99.124,113.381,31.705,25.145
99.682,113.716,31.705,25.145
98.453,113.604,31.705,25.145
98.118,113.045,31.705,25.145
97.188,114.042,32.406,25.702
97.074,114.385,32.406,25.702
96.959,114.271,32.406,25.702
96.975,113.774,31.715,25.153
96.863,113.886,31.715,25.153
96.751,113.327,31.715,25.153
95.969,114.110,31.715,25.153
96.081,113.104,31.715,25.153
96.192,113.663,31.715,25.153
94.963,113.104,31.715,25.153
95.075,113.663,31.715,25.153
96.167,113.177,31.039,24.617
94.964,112.849,31.039,24.617
94.417,113.395,31.039,24.617
94.414,113.691,31.726,25.162
91.859,111.904,32.428,25.718
92.659,113.161,32.428,25.718
90.048,112.284,33.145,26.287
90.045,112.841,33.878,26.869
88.254,113.200,33.878,26.869
88.851,114.035,33.878,26.869
87.256,114.437,33.156,26.296
85.737,115.956,33.156,26.296
85.387,117.241,33.156,26.296
84.569,117.825,33.156,26.296
83.751,118.176,33.156,26.296
83.167,118.760,33.156,26.296
82.732,118.928,32.449,25.735
82.527,120.194,31.757,25.186
82.111,121.002,31.080,24.649
81.703,120.948,30.417,24.124
80.524,120.626,30.417,24.124
78.916,120.519,30.417,24.124
78.380,119.769,30.417,24.124
77.416,119.662,30.417,24.124
76.880,118.697,30.417,24.124
76.068,118.231,29.768,23.609
74.704,118.546,29.768,23.609
73.130,118.441,29.768,23.609
72.186,117.916,29.768,23.609
71.032,116.343,29.768,23.609
69.039,115.818,29.768,23.609
68.095,114.664,29.768,23.609
66.102,115.189,29.768,23.609
64.739,114.455,29.768,23.609
63.375,115.609,29.768,23.609
62.066,114.803,30.427,24.132
60.458,113.838,30.427,24.132
59.278,113.517,30.427,24.132
58.099,114.910,30.427,24.132
57.134,114.589,30.427,24.132
55.311,115.983,30.427,24.132
54.346,116.948,30.427,24.132
52.952,115.983,30.427,24.132
51.837,116.494,31.100,24.666
50.632,116.166,31.100,24.666
49.207,117.152,31.100,24.666
47.782,116.166,31.100,24.666
47.234,117.371,31.100,24.666
46.248,117.919,31.100,24.666
45.042,117.152,31.100,24.666
43.220,118.130,31.788,25.211
41.988,118.914,31.788,25.211
39.428,118.519,32.491,25.769
37.940,119.091,32.491,25.769
36.680,118.977,32.491,25.769
36.108,119.549,32.491,25.769
34.204,119.858,33.210,26.339
32.501,119.931,33.945,26.922
30.761,120.502,34.696,27.518
28.981,121.085,35.464,28.126
28.107,119.961,35.464,28.126
27.482,120.336,35.464,28.126
26.607,119.461,35.464,28.126
23.733,119.086,35.464,28.126
23.509,119.747,34.707,27.527
21.919,119.380,34.707,27.527
20.818,119.013,34.707,27.527
19.717,117.423,34.707,27.527
18.372,118.769,34.707,27.527
17.209,117.058,33.967,26.940
15.653,117.657,33.967,26.940
15.055,115.622,33.967,26.940
13.561,116.193,34.719,27.536
12.705,116.805,34.719,27.536
8.178,115.459,34.719,27.536
5.609,114.603,34.719,27.536
3.040,113.991,34.719,27.536
1.170,113.459,33.978,26.948
2.726,115.016,33.978,26.948
2.127,114.417,33.978,26.948
3.067,114.358,33.254,26.374
2.481,115.647,33.254,26.374
1.426,115.061,33.254,26.374
0.606,116.116,33.254,26.374
0.489,116.936,33.254,26.374
-1.035,115.178,33.254,26.374
-2.558,117.170,33.254,26.374
-3.047,117.973,33.990,26.957
7.613,123.602,33.990,26.957
7.972,123.003,33.990,26.957
7.133,123.363,33.990,26.957
5.816,123.962,33.990,26.957
5.696,122.405,33.990,26.957
4.618,123.962,33.990,26.957
3.780,123.123,33.990,26.957
3.900,123.962,33.990,26.957
