123.000,87.000,132.000,176.000
125.314,89.314,132.000,176.000
125.919,89.919,132.000,176.000
125.314,89.314,132.000,176.000
127.129,88.710,132.000,176.000
128.943,88.105,132.000,176.000
130.757,88.710,132.000,176.000
131.362,85.686,132.000,176.000
134.294,85.621,134.921,179.894
133.675,85.003,134.921,179.894
135.530,85.621,134.921,179.894
136.148,82.530,134.921,179.894
138.002,85.621,134.921,179.894
137.384,83.767,134.921,179.894
141.711,86.857,134.921,179.894
139.857,83.767,134.921,179.894
141.711,85.621,134.921,179.894
142.329,85.003,134.921,179.894
144.184,86.857,134.921,179.894
142.329,82.530,134.921,179.894
144.184,85.621,134.921,179.894
142.329,85.003,134.921,179.894
142.947,85.621,134.921,179.894
141.093,86.239,134.921,179.894
136.766,84.385,134.921,179.894
134.912,85.003,134.921,179.894
133.057,85.621,134.921,179.894
129.967,82.530,134.921,179.894
131.821,84.385,134.921,179.894
127.494,81.294,134.921,179.894
130.585,84.385,134.921,179.894
128.730,82.530,134.921,179.894
130.585,85.621,134.921,179.894
129.967,83.767,134.921,179.894
133.057,85.621,134.921,179.894
133.675,86.239,134.921,179.894
133.057,85.621,134.921,179.894
136.148,87.475,134.921,179.894
134.294,84.385,134.921,179.894
136.148,86.239,134.921,179.894
134.294,85.621,134.921,179.894
133.442,86.838,137.906,183.874
131.547,83.678,137.906,183.874
134.706,86.838,137.906,183.874
131.547,84.942,137.906,183.874
134.706,86.838,137.906,183.874
130.283,83.678,137.906,183.874
134.706,86.838,137.906,183.874
131.547,84.942,137.906,183.874
135.969,88.101,137.906,183.874
132.810,83.678,137.906,183.874
133.251,86.233,140.957,187.942
136.480,84.296,140.957,187.942
134.543,82.358,140.957,187.942
139.063,85.587,140.957,187.942
137.126,82.358,140.957,187.942
141.647,84.296,140.957,187.942
138.418,81.067,140.957,187.942
141.647,83.004,140.957,187.942
138.418,81.067,140.957,187.942
141.647,83.004,140.957,187.942
137.126,79.775,140.957,187.942
140.355,83.004,140.957,187.942
134.543,78.483,140.957,187.942
139.063,84.296,140.957,187.942
131.960,79.775,140.957,187.942
136.480,84.296,140.957,187.942
129.377,79.775,140.957,187.942
129.827,82.386,144.075,192.101
126.527,79.086,144.075,192.101
128.507,82.386,144.075,192.101
123.489,78.206,147.263,196.351
126.863,78.881,147.263,196.351
124.839,78.206,147.263,196.351
121.110,75.334,150.521,200.695
121.799,73.265,150.521,200.695
123.868,75.334,150.521,200.695
120.420,74.645,150.521,200.695
121.110,76.713,150.521,200.695
119.041,73.265,150.521,200.695
122.489,79.472,150.521,200.695
118.677,72.243,153.852,205.135
116.244,78.018,157.256,209.674
119.846,75.857,157.256,209.674
119.126,73.696,157.256,209.674
119.846,80.180,157.256,209.674
119.126,76.577,157.256,209.674
121.287,81.621,157.256,209.674
122.008,78.018,157.256,209.674
124.169,80.180,157.256,209.674
120.187,75.618,160.735,214.313
122.396,77.827,160.735,214.313
120.187,74.145,160.735,214.313
123.869,80.773,160.735,214.313
123.132,75.618,160.735,214.313
125.342,80.773,160.735,214.313
124.605,75.618,160.735,214.313
126.814,80.773,160.735,214.313
123.132,74.145,160.735,214.313
125.342,80.773,160.735,214.313
123.132,74.145,160.735,214.313
125.342,79.300,160.735,214.313
123.132,72.672,160.735,214.313
126.814,77.827,160.735,214.313
123.132,72.672,160.735,214.313
128.287,77.827,160.735,214.313
124.605,71.199,160.735,214.313
125.342,76.354,160.735,214.313
124.605,69.727,160.735,214.313
128.287,74.881,160.735,214.313
131.969,71.199,160.735,214.313
135.651,73.409,160.735,214.313
131.969,69.727,160.735,214.313
144.330,74.141,157.307,209.743
143.609,70.538,157.307,209.743
155.706,74.858,153.953,205.270
159.233,72.742,153.953,205.270
166.993,76.970,150.669,200.893
167.934,74.455,147.456,196.608
175.367,78.505,144.312,192.416
177.543,77.370,141.234,188.312
183.366,80.605,141.234,188.312
186.601,76.076,141.234,188.312
188.731,74.966,138.222,184.297
195.697,76.865,138.222,184.297
198.863,73.699,138.222,184.297
202.168,72.612,135.275,180.366
208.985,74.472,135.275,180.366
212.084,70.133,135.275,180.366
216.422,69.513,135.275,180.366
222.000,67.654,135.275,180.366
226.338,65.795,135.275,180.366
230.677,65.175,135.275,180.366
235.015,62.076,135.275,180.366
240.591,62.010,138.268,184.357
243.759,60.110,138.268,184.357
246.830,60.042,141.327,188.436
250.067,59.394,141.327,188.436
254.599,63.927,141.327,188.436
255.247,61.984,141.327,188.436
258.484,63.927,141.327,188.436
263.017,64.574,141.327,188.436
266.254,65.222,141.327,188.436
269.492,64.574,141.327,188.436
274.024,66.517,141.327,188.436
279.851,68.459,141.327,188.436
285.677,68.390,144.454,192.605
290.259,68.319,147.650,196.866
293.641,67.643,147.650,196.866
299.729,68.319,147.650,196.866
305.817,68.996,147.650,196.866
310.552,68.319,147.650,196.866
316.640,67.643,147.650,196.866
325.387,67.786,144.501,192.668
332.669,67.124,144.501,192.668
339.951,65.138,144.501,192.668
348.558,67.124,144.501,192.668
355.840,63.814,144.501,192.668
363.122,64.476,144.501,192.668
371.728,61.166,144.501,192.668
379.011,67.124,144.501,192.668
382.321,61.166,144.501,192.668
390.927,63.152,144.501,192.668
394.237,59.841,144.501,192.668
400.195,65.800,144.501,192.668
403.506,58.517,144.501,192.668
409.464,64.476,144.501,192.668
408.802,59.841,144.501,192.668
414.809,67.639,141.420,188.559
415.693,67.776,138.404,184.538
417.595,68.410,138.404,184.538
420.765,71.580,138.404,184.538
422.668,73.483,138.404,184.538
422.033,72.848,138.404,184.538
426.472,78.555,138.404,184.538
423.302,76.653,138.404,184.538
423.936,78.555,138.404,184.538
424.800,79.912,135.452,180.603
422.939,83.015,135.452,180.603
422.318,82.394,135.452,180.603
422.939,83.015,135.452,180.603
419.836,84.876,135.452,180.603
416.733,83.015,135.452,180.603
416.112,83.635,135.452,180.603
413.010,84.256,135.452,180.603
409.907,82.394,135.452,180.603
410.527,84.256,135.452,180.603
407.424,82.394,135.452,180.603
405.563,81.773,135.452,180.603
407.424,83.635,135.452,180.603
403.080,83.015,135.452,180.603
401.219,82.394,135.452,180.603
400.598,83.015,135.452,180.603
397.495,82.394,135.452,180.603
395.634,81.773,135.452,180.603
396.254,84.876,135.452,180.603
394.393,84.256,135.452,180.603
392.531,83.635,135.452,180.603
396.875,87.979,135.452,180.603
392.531,91.082,135.452,180.603
391.910,90.461,135.452,180.603
390.049,93.564,135.452,180.603
386.946,97.908,135.452,180.603
383.007,99.236,132.564,176.752
378.755,102.272,132.564,176.752
375.719,104.094,132.564,176.752
371.467,102.272,132.564,176.752
369.645,107.738,132.564,176.752
369.038,113.204,132.564,176.752
364.787,119.885,132.564,176.752
358.909,128.642,135.497,180.662
368.221,151.610,135.497,180.662
367.600,155.956,135.497,180.662
362.013,146.644,135.497,180.662
356.426,141.057,135.497,180.662
353.323,142.919,135.497,180.662
352.702,146.023,135.497,180.662
350.839,147.886,135.497,180.662
353.943,144.782,135.497,180.662
353.323,147.886,135.497,180.662
351.460,147.265,135.497,180.662
353.323,150.369,135.497,180.662
352.702,150.989,135.497,180.662
352.081,154.093,135.497,180.662
353.943,155.956,135.497,180.662
352.081,157.818,135.497,180.662
352.702,160.922,135.497,180.662
349.598,157.818,135.497,180.662
355.185,162.163,135.497,180.662
352.081,164.026,135.497,180.662
350.219,162.163,135.497,180.662
355.806,166.509,135.497,180.662
352.702,167.129,135.497,180.662
352.081,167.750,135.497,180.662
353.943,169.612,135.497,180.662
349.598,166.509,135.497,180.662
355.185,168.371,135.497,180.662
352.081,167.750,135.497,180.662
351.460,169.612,135.497,180.662
350.839,167.750,135.497,180.662
350.219,169.612,135.497,180.662
349.598,168.992,135.497,180.662
350.444,172.713,132.607,176.810
348.930,172.842,129.779,173.039
348.336,174.625,129.779,173.039
346.552,170.463,129.779,173.039
349.525,173.436,129.779,173.039
345.363,168.085,129.779,173.039
344.768,169.869,129.779,173.039
342.985,165.707,129.779,173.039
344.768,168.680,129.779,173.039
341.796,164.518,129.779,173.039
340.012,161.545,129.779,173.039
341.796,164.518,129.779,173.039
338.823,161.545,129.779,173.039
337.039,162.139,129.779,173.039
334.066,159.166,129.779,173.039
332.282,160.950,129.779,173.039
330.499,159.166,129.779,173.039
328.715,162.139,129.779,173.039
324.553,159.166,129.779,173.039
322.769,162.139,129.779,173.039
318.607,163.923,129.779,173.039
314.445,164.518,129.779,173.039
311.159,164.454,132.651,176.868
308.120,167.493,132.651,176.868
305.081,169.316,132.651,176.868
302.043,171.139,132.651,176.868
297.789,172.962,132.651,176.868
293.534,173.570,132.651,176.868
288.914,172.244,135.586,180.781
284.566,174.107,135.586,180.781
278.976,169.759,135.586,180.781
275.870,172.865,135.586,180.781
270.279,167.274,135.586,180.781
267.173,170.380,135.586,180.781
261.583,166.032,135.586,180.781
255.992,167.896,135.586,180.781
249.159,163.547,135.586,180.781
243.568,164.168,135.586,180.781
237.978,161.063,135.586,180.781
233.630,161.684,135.586,180.781
229.281,157.336,135.586,180.781
226.175,157.957,135.586,180.781
221.827,153.608,135.586,180.781
217.479,151.745,135.586,180.781
213.131,149.881,135.586,180.781
208.782,145.533,135.586,180.781
211.794,146.756,138.585,184.781
204.810,139.772,138.585,184.781
198.666,134.434,141.652,188.869
201.812,135.711,144.786,193.048
194.515,129.741,144.786,193.048
192.525,130.404,144.786,193.048
189.208,125.761,144.786,193.048
187.218,126.424,144.786,193.048
185.228,123.108,144.786,193.048
188.545,126.424,144.786,193.048
183.902,121.781,144.786,193.048
179.259,122.444,144.786,193.048
183.902,124.434,144.786,193.048
177.932,119.791,144.786,193.048
174.615,121.781,144.786,193.048
169.972,118.464,144.786,193.048
175.942,121.781,144.786,193.048
171.299,118.464,144.786,193.048
167.982,120.454,144.786,193.048
163.339,115.811,144.786,193.048
167.982,117.801,144.786,193.048
163.339,113.158,144.786,193.048
160.022,115.148,144.786,193.048
158.032,111.831,144.786,193.048
156.042,111.168,144.786,193.048
160.685,111.831,144.786,193.048
156.042,107.188,144.786,193.048
152.725,107.851,144.786,193.048
152.062,107.188,144.786,193.048
155.379,107.851,144.786,193.048
150.735,104.534,144.786,193.048
147.419,103.871,144.786,193.048
150.735,105.861,144.786,193.048
146.092,101.218,144.786,193.048
145.429,103.208,144.786,193.048
147.419,101.218,144.786,193.048
146.755,101.881,144.786,193.048
146.092,101.218,144.786,193.048
145.429,97.901,144.786,193.048
148.745,99.891,144.786,193.048
146.755,95.248,144.786,193.048
146.092,94.585,144.786,193.048
145.429,91.268,144.786,193.048
144.765,91.931,144.786,193.048
144.102,92.595,144.786,193.048
143.439,91.931,144.786,193.048
145.429,93.921,144.786,193.048
143.439,91.931,144.786,193.048
142.776,95.248,144.786,193.048
143.680,100.503,141.698,188.931
143.031,97.257,141.698,188.931
143.916,103.652,138.676,184.902
147.093,105.558,138.676,184.902
144.899,97.580,141.745,188.993
148.146,103.424,141.745,188.993
146.198,98.879,141.745,188.993
154.595,104.023,138.722,184.962
150.146,99.574,138.722,184.962
155.866,102.752,138.722,184.962
150.146,103.388,138.722,184.962
148.239,106.566,138.722,184.962
146.655,110.375,135.763,181.018
154.741,113.485,135.763,181.018
151.631,109.131,135.763,181.018
160.961,112.241,135.763,181.018
157.851,112.863,135.763,181.018
165.937,114.729,135.763,181.018
161.583,114.107,135.763,181.018
165.937,117.217,135.763,181.018
161.583,116.595,135.763,181.018
168.425,118.461,135.763,181.018
160.339,114.107,135.763,181.018
157.229,114.729,135.763,181.018
164.071,116.595,135.763,181.018
160.961,109.753,135.763,181.018
167.803,110.375,135.763,181.018
165.937,106.021,135.763,181.018
172.779,109.131,135.763,181.018
170.913,106.021,135.763,181.018
170.291,102.912,135.763,181.018
173.401,108.509,135.763,181.018
171.535,109.131,135.763,181.018
172.157,107.265,135.763,181.018
176.511,112.863,135.763,181.018
173.401,110.997,135.763,181.018
177.755,114.107,135.763,181.018
174.645,109.753,135.763,181.018
174.023,106.643,135.763,181.018
178.377,109.753,135.763,181.018
175.267,105.399,135.763,181.018
178.377,106.021,135.763,181.018
176.511,102.912,135.763,181.018
179.621,106.021,135.763,181.018
178.999,101.668,135.763,181.018
183.353,104.777,135.763,181.018
181.487,100.424,135.763,181.018
182.109,103.533,135.763,181.018
183.975,105.399,135.763,181.018
182.109,102.290,135.763,181.018
185.219,106.643,135.763,181.018
183.353,103.533,135.763,181.018
186.463,107.887,135.763,181.018
184.597,103.533,135.763,181.018
186.463,107.887,135.763,181.018
184.597,104.777,135.763,181.018
188.951,109.131,135.763,181.018
187.085,106.021,135.763,181.018
187.707,110.375,135.763,181.018
187.085,107.265,135.763,181.018
187.707,110.375,135.763,181.018
187.085,107.265,135.763,181.018
188.951,111.619,135.763,181.018
187.085,107.265,135.763,181.018
187.707,111.619,135.763,181.018
187.085,108.509,135.763,181.018
187.707,111.619,135.763,181.018
187.085,108.509,135.763,181.018
187.707,111.619,135.763,181.018
187.085,109.753,135.763,181.018
188.951,110.375,135.763,181.018
185.841,107.265,135.763,181.018
190.195,111.619,135.763,181.018
187.085,107.265,135.763,181.018
191.439,111.619,135.763,181.018
187.085,107.265,135.763,181.018
191.439,110.375,135.763,181.018
187.085,106.021,135.763,181.018
191.439,109.131,135.763,181.018
188.329,106.021,135.763,181.018
191.439,107.887,135.763,181.018
189.889,108.019,132.868,177.158
192.933,109.845,132.868,177.158
189.889,108.019,132.868,177.158
190.498,108.628,132.868,177.158
189.889,108.019,132.868,177.158
191.715,109.845,132.868,177.158
189.889,109.237,132.868,177.158
190.498,109.845,132.868,177.158
189.889,109.237,132.868,177.158
189.280,108.628,132.868,177.158
190.110,113.450,130.035,173.380
189.515,112.855,130.035,173.380
190.110,114.642,130.035,173.380
188.323,114.046,130.035,173.380
191.302,115.833,130.035,173.380
188.323,114.046,130.035,173.380
191.302,115.833,130.035,173.380
189.515,115.238,130.035,173.380
191.302,118.216,130.035,173.380
189.515,114.046,130.035,173.380
191.302,117.025,130.035,173.380
189.515,116.429,130.035,173.380
191.302,119.408,130.035,173.380
189.515,115.238,130.035,173.380
191.302,118.216,130.035,173.380
188.323,116.429,130.035,173.380
192.493,119.408,130.035,173.380
189.515,117.621,130.035,173.380
192.493,120.599,130.035,173.380
189.515,116.429,130.035,173.380
191.302,119.408,130.035,173.380
189.515,118.812,130.035,173.380
192.493,121.791,130.035,173.380
189.515,118.812,130.035,173.380
192.493,124.174,130.035,173.380
189.515,120.004,130.035,173.380
193.685,125.365,130.035,173.380
190.706,121.195,130.035,173.380
192.493,126.557,130.035,173.380
190.706,121.195,130.035,173.380
191.302,125.365,130.035,173.380
189.515,122.387,130.035,173.380
193.685,126.557,130.035,173.380
190.706,121.195,130.035,173.380
192.493,126.557,130.035,173.380
190.706,122.387,130.035,173.380
194.876,127.748,130.035,173.380
191.898,122.387,130.035,173.380
194.876,126.557,130.035,173.380
191.898,122.387,130.035,173.380
194.876,126.557,130.035,173.380
193.089,122.387,130.035,173.380
194.876,126.557,130.035,173.380
193.089,122.387,130.035,173.380
196.068,126.557,130.035,173.380
194.281,122.387,130.035,173.380
198.451,127.748,130.035,173.380
196.663,123.578,130.035,173.380
200.834,126.557,130.035,173.380
199.046,124.770,130.035,173.380
202.025,127.748,130.035,173.380
200.238,123.578,130.035,173.380
200.834,126.557,130.035,173.380
200.238,124.770,130.035,173.380
204.408,127.748,130.035,173.380
202.621,123.578,130.035,173.380
206.791,126.557,130.035,173.380
206.195,124.770,130.035,173.380
210.366,127.748,130.035,173.380
208.578,124.770,130.035,173.380
213.940,128.940,130.035,173.380
215.727,127.153,130.035,173.380
219.898,128.940,130.035,173.380
220.493,127.153,130.035,173.380
224.664,128.940,130.035,173.380
224.068,127.153,130.035,173.380
229.430,128.940,130.035,173.380
228.834,128.344,130.035,173.380
234.196,128.940,130.035,173.380
232.408,129.536,130.035,173.380
237.770,128.940,130.035,173.380
237.174,129.536,130.035,173.380
237.770,127.748,130.035,173.380
241.940,129.536,130.035,173.380
240.153,130.131,130.035,173.380
244.323,130.727,130.035,173.380
242.536,127.748,130.035,173.380
247.898,129.536,130.035,173.380
246.111,127.748,130.035,173.380
251.472,130.727,130.035,173.380
249.685,126.557,130.035,173.380
255.047,129.536,130.035,173.380
253.259,127.748,130.035,173.380
258.621,129.536,130.035,173.380
256.834,124.174,130.035,173.380
261.004,125.961,130.035,173.380
261.600,122.982,130.035,173.380
265.770,123.578,130.035,173.380
263.983,120.599,130.035,173.380
269.345,122.387,130.035,173.380
266.366,119.408,130.035,173.380
272.919,122.387,130.035,173.380
271.132,118.216,130.035,173.380
276.494,120.004,130.035,173.380
274.706,117.025,130.035,173.380
280.068,120.004,130.035,173.380
281.855,114.642,130.035,173.380
283.643,116.429,130.035,173.380
287.813,112.259,130.035,173.380
289.600,114.046,130.035,173.380
290.196,109.876,130.035,173.380
295.558,112.855,130.035,173.380
294.962,107.493,130.035,173.380
297.941,109.280,130.035,173.380
298.536,106.301,130.035,173.380
302.661,106.238,132.912,177.216
300.834,103.193,132.912,177.216
306.314,107.456,132.912,177.216
303.269,103.193,132.912,177.216
306.314,106.238,132.912,177.216
305.705,103.193,132.912,177.216
307.532,106.238,132.912,177.216
305.705,103.193,132.912,177.216
308.750,105.020,132.912,177.216
305.705,103.193,132.912,177.216
303.878,105.020,132.912,177.216
302.052,105.629,132.912,177.216
299.007,106.238,132.912,177.216
297.180,108.064,132.912,177.216
294.136,109.891,132.912,177.216
291.091,111.718,132.912,177.216
286.828,113.545,132.912,177.216
282.566,115.372,132.912,177.216
278.303,117.198,132.912,177.216
275.259,117.807,132.912,177.216
272.214,119.634,132.912,177.216
269.170,121.461,132.912,177.216
264.907,123.288,132.912,177.216
260.278,116.905,135.853,181.137
255.921,122.506,135.853,181.137
252.809,128.108,135.853,181.137
245.963,129.975,135.853,181.137
241.606,133.087,135.853,181.137
234.759,134.954,135.853,181.137
227.445,134.888,138.858,185.144
220.447,136.796,138.858,185.144
219.811,137.433,138.858,185.144
215.358,127.890,138.858,185.144
212.177,119.620,138.858,185.144
215.497,113.623,135.897,181.196
217.365,104.284,135.897,181.196
221.723,89.964,135.897,181.196
214.170,67.291,132.999,177.332
209.905,52.058,132.999,177.332
204.863,39.267,130.163,173.550
201.881,26.744,130.163,173.550
198.900,16.606,130.163,173.550
200.689,12.432,130.163,173.550
201.285,14.221,130.163,173.550
203.074,6.468,130.163,173.550
207.202,10.117,133.043,177.390
211.469,0.974,133.043,177.390
203.545,2.802,133.043,177.390
207.812,7.069,133.043,177.390
198.669,10.117,133.043,177.390
204.155,15.602,133.043,177.390
195.727,18.067,135.986,181.315
200.088,23.674,135.986,181.315
190.743,20.559,135.986,181.315
196.396,27.896,133.086,177.448
187.250,22.409,133.086,177.448
183.380,24.889,130.248,173.664
188.750,27.872,130.248,173.664
179.800,22.502,130.248,173.664
181.454,27.391,133.130,177.507
176.407,23.992,130.291,173.721
176.824,32.599,133.174,177.565
171.775,29.199,130.334,173.778
173.566,34.574,130.334,173.778
167.474,35.851,127.554,170.072
169.094,39.426,130.376,173.835
161.329,36.440,130.376,173.835
160.507,42.573,133.261,177.681
156.631,42.702,130.419,173.892
152.449,48.080,130.419,173.892
149.461,54.652,130.419,173.892
146.474,57.640,130.419,173.892
145.876,61.822,130.419,173.892
142.889,60.030,130.419,173.892
142.291,65.407,130.419,173.892
142.889,64.810,130.419,173.892
143.486,68.992,130.419,173.892
143.149,70.271,127.638,170.184
142.564,74.364,127.638,170.184
144.319,77.288,127.638,170.184
141.395,76.703,127.638,170.184
143.016,80.281,130.462,173.949
136.442,85.660,130.462,173.949
139.430,89.844,130.462,173.949
135.246,95.223,130.462,173.949
131.943,92.679,133.348,177.798
134.904,95.149,136.299,181.731
129.737,100.096,133.392,177.856
131.432,101.299,136.343,181.791
135.804,105.671,136.343,181.791
128.933,103.797,136.343,181.791
133.306,100.674,136.343,181.791
138.927,103.797,136.343,181.791
143.300,105.671,136.343,181.791
146.423,106.296,136.343,181.791
150.796,106.920,136.343,181.791
146.047,104.261,139.360,185.813
154.347,110.007,139.360,185.813
157.539,113.200,139.360,185.813
160.732,112.561,139.360,185.813
160.372,112.696,136.388,181.851
163.496,110.822,136.388,181.851
160.372,107.698,136.388,181.851
163.496,105.823,136.388,181.851
161.621,102.699,136.388,181.851
164.746,98.325,136.388,181.851
162.871,91.451,136.388,181.851
161.314,89.174,133.479,177.973
161.925,84.894,133.479,177.973
158.044,80.308,130.633,174.177
158.642,84.497,130.633,174.177
156.576,80.708,133.523,178.031
153.873,79.658,130.676,174.234
156.997,84.401,127.889,170.519
155.537,83.395,125.162,166.882
160.741,91.254,122.493,163.324
157.935,95.183,122.493,163.324
163.027,100.711,119.881,159.841
163.576,97.964,119.881,159.841
168.519,100.711,119.881,159.841
169.268,97.650,117.324,156.432
176.256,99.263,117.324,156.432
182.168,101.951,117.324,156.432
188.081,101.413,117.324,156.432
192.919,105.176,117.324,156.432
192.615,101.145,114.822,153.096
172.099,102.723,114.822,153.096
150.531,100.093,114.822,153.096
142.166,105.494,117.363,156.483
138.402,123.238,117.363,156.483
147.427,103.658,114.860,153.146
150.059,107.341,114.860,153.146
146.375,101.553,114.860,153.146
147.954,108.394,114.860,153.146
149.532,101.553,114.860,153.146
151.111,104.184,114.860,153.146
155.886,107.339,112.410,149.880
155.596,111.419,110.013,146.684
159.124,112.931,110.013,146.684
155.596,111.419,110.013,146.684
158.226,116.383,107.667,143.556
163.652,121.809,107.667,143.556
168.091,114.410,107.667,143.556
167.598,107.998,107.667,143.556
174.997,113.424,107.667,143.556
180.423,109.971,107.667,143.556
189.654,117.682,105.371,140.495
197.861,112.372,105.371,140.495
205.033,130.156,103.124,137.499
212.052,155.757,100.925,134.566
220.705,166.551,98.773,131.697
229.303,173.339,98.773,131.697
238.643,180.413,96.666,128.888
247.784,187.337,94.605,126.140
256.019,192.104,94.605,126.140
262.521,195.138,94.605,126.140
255.153,189.504,94.605,126.140
247.784,183.869,94.605,126.140
213.012,165.836,96.698,128.931
197.506,160.962,96.698,128.931
191.747,157.861,96.698,128.931
185.988,159.190,96.698,128.931
181.115,158.747,96.698,128.931
177.127,160.076,96.698,128.931
174.912,164.949,96.698,128.931
171.811,163.620,96.698,128.931
179.343,170.266,96.698,128.931
181.558,176.025,96.698,128.931
179.343,172.038,96.698,128.931
187.633,177.256,94.636,126.181
193.239,181.526,92.618,123.490
175.841,180.253,92.618,123.490
171.735,174.925,94.667,126.222
180.843,171.889,94.667,126.222
197.758,180.997,94.667,126.222
217.275,194.442,94.667,126.222
234.588,200.386,92.648,123.531
246.048,205.904,92.648,123.531
249.868,202.933,92.648,123.531
255.386,206.753,92.648,123.531
262.728,210.231,94.698,126.264
281.936,212.885,96.793,129.057
289.475,208.894,96.793,129.057
296.226,205.166,98.935,131.913
302.118,200.180,98.935,131.913
309.018,202.953,101.124,134.831
313.187,218.285,103.361,137.815
324.078,236.753,103.361,137.815
332.269,241.615,105.648,140.864
338.562,246.939,105.648,140.864
328.856,238.853,107.985,143.980
325.393,247.263,107.985,143.980
329.844,254.396,110.374,147.166
323.271,247.823,110.374,147.166
303.549,234.169,110.374,147.166
280.794,227.596,110.374,147.166
273.802,223.344,112.816,150.422
278.453,212.564,115.312,153.750
281.094,207.810,115.312,153.750
286.907,208.940,112.853,150.471
293.704,201.374,115.350,153.800
305.859,195.561,115.350,153.800
316.767,194.654,112.890,150.521
324.451,201.743,110.483,147.311
336.851,199.899,108.127,144.169
345.272,194.449,108.127,144.169
356.666,200.889,108.127,144.169
367.069,197.422,108.127,144.169
372.554,201.480,110.519,147.359
380.149,197.936,110.519,147.359
390.782,200.468,110.519,147.359
398.490,196.211,112.964,150.619
407.288,198.798,112.964,150.619
415.051,195.176,112.964,150.619
418.634,198.342,115.464,153.952
428.533,203.553,113.001,150.669
433.192,198.893,113.001,150.669
438.887,204.588,113.001,150.669
442.511,206.141,113.001,150.669
445.100,203.553,113.001,150.669
452.792,211.646,110.592,147.456
448.940,205.284,113.039,150.718
455.636,212.382,110.628,147.504
457.156,207.820,110.628,147.504
457.663,211.368,110.628,147.504
457.156,212.889,110.628,147.504
457.663,209.341,110.628,147.504
461.211,213.902,110.628,147.504
459.691,214.409,110.628,147.504
463.239,215.930,110.628,147.504
458.677,216.436,110.628,147.504
462.225,216.943,110.628,147.504
460.962,219.982,108.269,144.358
460.466,218.493,108.269,144.358
461.954,220.974,108.269,144.358
456.498,219.486,108.269,144.358
458.978,220.974,108.269,144.358
455.506,223.454,108.269,144.358
455.010,224.942,108.269,144.358
453.521,228.414,108.269,144.358
452.033,226.926,108.269,144.358
451.537,230.398,108.269,144.358
447.766,226.228,110.664,147.552
449.287,228.763,110.664,147.552
446.485,229.761,113.113,150.817
443.894,226.133,113.113,150.817
443.376,231.834,113.113,150.817
444.931,228.206,113.113,150.817
444.412,229.761,113.113,150.817
449.115,229.870,110.701,147.601
449.806,229.000,108.340,144.453
454.310,232.932,106.029,141.373
451.882,229.532,106.029,141.373
456.290,234.317,103.768,138.358
452.675,235.252,106.064,141.419
453.161,231.851,106.064,141.419
452.675,236.224,106.064,141.419
452.190,232.823,106.064,141.419
453.647,236.224,106.064,141.419
453.161,233.795,106.064,141.419
455.591,237.196,106.064,141.419
449.880,233.111,108.411,144.548
449.384,237.581,108.411,144.548
445.608,231.344,110.809,147.746
442.802,233.397,113.261,151.015
437.780,227.958,115.767,154.356
435.950,230.102,118.328,157.771
432.155,226.307,118.328,157.771
441.371,232.270,118.328,157.771
437.576,226.307,118.328,157.771
433.781,221.428,118.328,157.771
431.910,222.495,120.946,161.262
426.547,216.687,123.622,164.830
426.943,220.152,126.357,168.477
421.341,211.681,129.153,172.204
421.754,215.302,132.011,176.014
417.520,208.649,132.011,176.014
414.177,202.309,134.931,179.908
418.504,206.636,134.931,179.908
412.941,201.073,134.931,179.908
420.977,207.873,134.931,179.908
418.245,205.620,132.054,176.072
414.010,200.175,132.054,176.072
422.999,207.301,129.238,172.317
418.854,201.972,129.238,172.317
425.368,208.946,126.482,168.642
431.744,216.888,123.785,165.046
425.505,209.515,123.785,165.046
433.931,217.288,121.145,161.526
430.408,213.125,118.561,158.082
438.479,220.570,116.033,154.711
444.327,227.856,113.559,151.411
437.134,220.243,116.071,154.761
444.009,228.557,113.596,151.461
435.733,220.942,116.109,154.812
436.459,227.207,113.633,151.511
430.341,217.429,116.147,154.863
435.169,224.722,113.670,151.560
425.807,217.102,116.185,154.914
419.552,219.254,118.756,158.341
412.479,212.181,118.756,158.341
411.123,218.589,116.223,154.964
410.822,225.887,113.745,151.660
406.510,220.974,111.319,148.426
403.273,226.981,108.945,145.260
392.791,223.487,108.945,145.260
391.548,230.328,106.622,142.163
385.197,224.955,106.622,142.163
381.778,230.328,106.622,142.163
375.428,223.978,106.622,142.163
375.152,230.673,104.348,139.131
373.961,236.303,102.123,136.164
367.878,231.157,102.123,136.164
365.539,229.753,102.123,136.164
363.200,232.093,102.123,136.164
359.925,228.817,102.123,136.164
362.264,233.964,102.123,136.164
360.196,232.259,99.945,133.260
356.991,229.054,99.945,133.260
354.701,226.764,99.945,133.260
353.328,224.475,99.945,133.260
347.946,219.675,102.156,136.209
344.670,216.399,102.156,136.209
341.394,212.187,102.156,136.209
333.952,207.281,104.417,139.222
329.646,202.019,104.417,139.222
331.081,207.281,104.417,139.222
323.474,202.267,106.727,142.302
319.073,195.910,106.727,142.302
314.342,200.931,109.088,145.451
307.431,192.581,111.502,148.669
299.308,185.106,113.969,151.958
294.255,188.301,116.490,155.320
288.384,183.498,116.490,155.320
292.198,190.812,114.006,152.008
285.408,186.111,114.006,152.008
276.019,178.469,116.529,155.371
272.281,186.477,116.529,155.371
267.115,191.959,119.107,158.809
262.204,190.322,119.107,158.809
256.637,187.281,116.567,155.422
253.247,193.571,114.081,152.108
247.498,186.777,114.081,152.108
245.188,190.917,111.648,148.864
238.538,183.245,111.648,148.864
234.957,186.825,111.648,148.864
230.354,177.107,111.648,148.864
224.727,170.457,111.648,148.864
222.170,173.015,111.648,148.864
216.543,165.342,111.648,148.864
216.255,160.520,109.267,145.690
210.371,160.466,111.685,148.913
205.766,152.791,111.685,148.913
206.278,149.209,111.685,148.913
208.836,145.628,111.685,148.913
209.193,136.017,114.156,152.208
209.716,130.264,114.156,152.208
219.653,130.787,114.156,152.208
229.590,134.448,114.156,152.208
237.361,139.600,111.721,148.962
244.090,138.483,114.193,152.258
239.382,132.728,114.193,152.258
230.488,110.232,114.193,152.258
237.289,100.292,114.193,152.258
241.998,91.398,114.193,152.258
240.694,88.483,111.758,149.011
245.302,90.019,111.758,149.011
236.598,86.435,111.758,149.011
231.990,82.851,111.758,149.011
227.382,80.291,111.758,149.011
222.774,78.755,111.758,149.011
217.142,77.219,111.758,149.011
205.365,74.659,111.758,149.011
201.128,73.780,109.375,145.833
191.608,75.283,109.375,145.833
178.767,81.185,107.042,142.723
170.430,84.618,107.042,142.723
159.579,80.495,109.411,145.881
149.053,76.986,109.411,145.881
141.082,68.612,111.831,149.108
132.934,62.178,114.306,152.407
155.857,71.375,111.868,149.157
160.470,75.987,111.868,149.157
181.034,83.377,114.343,152.457
199.878,89.843,116.873,155.830
220.251,94.230,119.459,159.278
261.516,99.849,122.102,162.802
278.157,106.754,124.803,166.404
283.303,115.331,124.803,166.404
288.491,141.905,122.142,162.856
282.336,137.988,122.142,162.856
276.180,93.781,122.142,162.856
268.906,87.625,122.142,162.856
266.432,92.058,119.537,159.383
266.123,94.286,116.988,155.984
264.788,95.432,114.493,152.657
264.263,91.760,114.493,152.657
265.718,91.704,117.026,156.035
268.399,92.241,117.026,156.035
273.223,95.521,119.615,159.487
271.857,98.806,117.065,156.086
270.248,100.415,117.065,156.086
266.171,99.245,119.655,159.539
274.394,101.985,119.655,159.539
284.809,105.823,119.655,159.539
295.068,111.223,117.103,156.137
306.141,118.576,114.606,152.808
317.991,125.772,112.162,149.549
326.880,131.048,114.643,152.858
331.606,136.441,117.180,156.240
331.069,138.052,117.180,156.240
312.279,135.368,117.180,156.240
351.643,144.222,119.772,159.696
374.141,151.355,119.772,159.696
395.019,160.406,122.422,163.230
420.258,169.940,122.422,163.230
422.977,176.863,125.131,166.841
426.990,180.876,125.131,166.841
434.442,183.743,125.131,166.841
455.654,190.049,125.131,166.841
467.949,193.556,127.899,170.533
475.567,200.002,127.899,170.533
469.897,196.291,130.729,174.306
478.880,202.879,130.729,174.306
481.875,208.270,130.729,174.306
483.672,214.858,130.729,174.306
479.479,219.050,130.729,174.306
474.089,226.837,130.729,174.306
447.137,219.050,130.729,174.306
436.955,224.441,130.729,174.306
430.367,228.633,130.729,174.306
418.357,233.540,133.622,178.162
409.893,241.096,136.578,182.104
401.241,250.118,139.600,186.133
392.397,263.321,142.688,190.251
387.821,274.434,142.688,190.251
381.495,281.146,145.845,194.460
372.809,285.824,145.845,194.460
365.459,287.828,145.845,194.460
358.109,295.178,145.845,194.460
353.432,301.192,145.845,194.460
351.427,309.878,145.845,194.460
347.186,317.748,142.735,190.314
347.840,323.633,142.735,190.314
343.262,321.672,142.735,190.314
347.936,331.895,139.691,186.255
349.856,329.975,139.691,186.255
354.336,335.735,139.691,186.255
356.442,334.636,136.712,182.283
359.574,332.757,136.712,182.283
362.705,334.636,136.712,182.283
363.332,330.252,136.712,182.283
363.958,327.120,136.712,182.283
367.090,322.736,136.712,182.283
371.474,315.846,136.712,182.283
369.595,307.704,136.712,182.283
372.727,298.309,136.712,182.283
379.616,290.166,136.712,182.283
372.727,280.771,136.712,182.283
382.033,276.074,133.797,178.396
378.968,271.783,133.797,178.396
385.710,268.718,133.797,178.396
382.646,261.975,133.797,178.396
389.390,262.105,130.944,174.592
387.895,259.919,128.151,170.868
386.432,260.043,125.418,167.224
394.969,263.488,122.744,163.658
393.567,263.607,120.126,160.168
392.196,263.723,117.565,156.753
398.160,261.430,120.166,160.221
396.788,262.608,117.603,156.804
394.094,259.914,117.603,156.804
401.061,265.221,115.095,153.460
400.533,261.530,115.095,153.460
396.842,258.894,115.095,153.460
403.660,266.121,112.641,150.188
403.144,261.476,112.641,150.188
400.564,258.896,112.641,150.188
403.144,257.348,112.641,150.188
401.596,254.767,112.641,150.188
399.016,250.123,112.641,150.188
402.628,252.703,112.641,150.188
399.352,249.828,110.239,146.985
397.837,249.323,110.239,146.985
396.579,251.377,107.888,143.850
394.394,249.576,105.587,140.783
392.256,249.678,103.335,137.780
388.942,249.205,103.335,137.780
385.628,249.678,103.335,137.780
382.623,248.866,101.132,134.842
379.380,248.402,101.132,134.842
376.137,247.012,101.132,134.842
371.967,244.696,101.132,134.842
367.797,245.159,101.132,134.842
365.749,244.364,98.975,131.967
363.482,242.097,98.975,131.967
362.352,244.815,96.864,129.152
359.245,240.821,96.864,129.152
357.914,241.265,96.864,129.152
355.695,239.046,96.864,129.152
361.464,241.265,96.864,129.152
358.358,236.383,96.864,129.152
363.240,239.899,94.799,126.398
360.200,235.990,94.799,126.398
364.109,237.293,94.799,126.398
361.937,233.384,94.799,126.398
364.977,232.081,94.799,126.398
363.895,230.499,92.777,123.703
368.571,231.774,92.777,123.703
365.595,227.098,92.777,123.703
365.170,225.823,92.777,123.703
368.146,225.398,92.777,123.703
366.020,220.723,92.777,123.703
365.595,218.597,92.777,123.703
365.170,216.472,92.777,123.703
363.895,214.347,92.777,123.703
361.770,213.072,92.777,123.703
360.495,210.096,92.777,123.703
359.220,211.371,92.777,123.703
357.094,208.396,92.777,123.703
355.819,207.121,92.777,123.703
354.544,204.996,92.777,123.703
353.269,203.720,92.777,123.703
351.994,201.595,92.777,123.703
350.719,200.320,92.777,123.703
349.443,198.195,92.777,123.703
348.168,196.069,92.777,123.703
347.743,194.794,92.777,123.703
346.468,193.519,92.777,123.703
345.193,191.394,92.777,123.703
344.768,190.119,92.777,123.703
343.493,188.844,92.777,123.703
342.217,189.269,92.777,123.703
340.092,187.143,92.777,123.703
337.967,186.718,92.777,123.703
335.842,185.443,92.777,123.703
332.866,184.168,92.777,123.703
329.891,183.743,92.777,123.703
326.065,184.168,92.777,123.703
322.240,184.593,92.777,123.703
317.564,184.168,92.777,123.703
314.589,182.893,92.777,123.703
311.614,183.318,92.777,123.703
309.488,182.893,92.777,123.703
306.513,183.318,92.777,123.703
304.388,183.743,92.777,123.703
301.412,182.468,92.777,123.703
298.437,182.043,92.777,123.703
296.312,182.468,92.777,123.703
293.336,180.343,92.777,123.703
290.361,179.917,92.777,123.703
287.386,179.492,92.777,123.703
284.410,177.367,92.777,123.703
281.435,176.942,92.777,123.703
277.609,175.667,92.777,123.703
274.634,174.392,92.777,123.703
271.659,173.117,92.777,123.703
269.533,175.242,92.777,123.703
265.708,173.117,92.777,123.703
261.882,171.841,92.777,123.703
256.887,172.678,94.830,126.440
252.977,173.981,94.830,126.440
249.067,172.678,94.830,126.440
246.309,171.095,92.807,123.743
242.483,173.221,92.807,123.743
237.805,175.347,92.807,123.743
233.128,173.221,92.807,123.743
228.451,174.496,92.807,123.743
226.325,172.370,92.807,123.743
224.199,171.945,92.807,123.743
227.176,172.370,92.807,123.743
222.499,168.544,92.807,123.743
220.373,168.969,92.807,123.743
219.097,167.693,92.807,123.743
217.821,167.268,92.807,123.743
215.696,166.843,92.807,123.743
214.420,165.567,92.807,123.743
212.294,165.142,92.807,123.743
211.018,164.717,92.807,123.743
211.444,163.441,92.807,123.743
210.168,163.016,92.807,123.743
214.876,164.735,94.861,126.481
221.395,163.431,94.861,126.481
222.699,165.604,94.861,126.481
222.454,162.345,92.838,123.784
227.132,166.173,92.838,123.784
229.259,168.300,92.838,123.784
232.236,165.323,92.838,123.784
236.064,168.300,92.838,123.784
239.042,163.621,92.838,123.784
241.168,166.599,92.838,123.784
242.444,163.621,92.838,123.784
244.571,165.748,92.838,123.784
242.444,163.621,92.838,123.784
244.571,164.897,92.838,123.784
242.444,166.173,92.838,123.784
241.384,162.164,90.858,121.144
243.466,163.412,90.858,121.144
243.049,164.661,90.858,121.144
243.466,165.910,90.858,121.144
242.217,162.996,90.858,121.144
242.633,166.743,90.858,121.144
238.887,161.331,90.858,121.144
235.973,155.920,90.858,121.144
232.227,150.508,90.858,121.144
229.313,144.264,90.858,121.144
225.066,140.340,88.921,118.561
220.585,136.674,88.921,118.561
216.103,133.822,88.921,118.561
212.437,134.230,88.921,118.561
207.649,136.722,90.888,121.184
202.236,142.135,90.888,121.184
