125.000,86.000,15.000,16.000
126.537,85.585,15.000,16.000
127.941,84.670,15.000,16.000
129.588,83.876,15.000,16.000
131.113,83.083,15.000,16.000
132.639,82.168,15.000,16.000
133.432,81.619,15.000,16.000
134.469,82.168,15.000,16.000
136.849,82.107,15.000,16.000
139.106,83.022,15.000,16.000
141.486,83.449,15.000,16.000
143.012,83.388,15.000,16.000
145.025,83.327,15.000,16.000
146.550,83.510,15.000,16.000
147.588,83.449,15.000,16.000
148.625,82.900,15.000,16.000
149.540,82.473,15.000,16.000
150.944,81.680,15.000,16.000
152.225,80.765,15.000,16.000
153.506,79.849,15.000,16.000
154.299,78.934,15.000,16.000
155.459,77.897,15.000,16.000
156.618,76.615,15.000,16.000
158.265,75.578,15.000,16.000
159.682,74.705,15.332,16.354
160.742,74.144,15.332,16.354
160.805,74.705,15.332,16.354
161.116,74.393,15.332,16.354
162.177,74.954,15.332,16.354
163.107,73.932,15.671,16.716
164.318,74.761,15.671,16.716
165.005,73.849,16.018,17.086
165.591,72.611,16.018,17.086
164.400,71.948,16.372,17.464
164.999,72.281,16.372,17.464
164.799,72.082,16.372,17.464
164.466,72.148,16.372,17.464
165.465,71.149,16.372,17.464
166.731,72.947,16.372,17.464
167.863,74.079,16.372,17.464
167.264,75.345,16.372,17.464
168.263,72.348,16.372,17.464
167.397,78.142,16.372,17.464
169.994,78.475,16.372,17.464
165.875,79.733,16.734,17.850
164.445,82.524,16.734,17.850
167.372,77.963,16.734,17.850
170.789,79.107,17.105,18.245
170.094,76.090,17.483,18.649
186.238,95.078,17.483,18.649
187.731,96.714,17.483,18.649
174.432,77.726,17.483,18.649
174.930,78.224,17.483,18.649
175.855,77.584,17.483,18.649
176.779,78.366,17.483,18.649
177.704,79.290,17.483,18.649
178.344,79.930,17.483,18.649
178.557,80.713,17.483,18.649
179.197,81.495,17.483,18.649
179.837,82.135,17.483,18.649
180.751,85.839,17.870,19.061
179.806,85.476,17.870,19.061
181.332,84.385,17.870,19.061
182.859,85.476,17.870,19.061
183.820,85.048,17.489,18.655
184.887,84.408,17.489,18.655
187.519,85.048,17.489,18.655
188.444,83.555,17.489,18.655
187.438,103.055,17.876,19.068
187.657,101.091,17.876,19.068
188.311,101.455,17.876,19.068
187.366,100.364,17.876,19.068
186.857,99.565,17.876,19.068
186.885,98.675,18.271,19.489
189.845,77.871,18.676,19.921
189.769,76.275,18.676,19.921
189.085,75.136,18.676,19.921
189.211,73.518,18.277,19.496
190.051,72.221,17.888,19.080
190.415,70.984,17.888,19.080
189.469,69.747,17.888,19.080
188.959,68.656,17.888,19.080
189.032,69.747,17.888,19.080
188.668,70.547,17.888,19.080
187.868,71.493,17.888,19.080
187.213,72.439,17.888,19.080
185.249,73.676,17.888,19.080
183.012,74.597,18.283,19.502
180.881,75.539,18.688,19.934
177.599,75.871,19.101,20.375
176.122,77.036,19.101,20.375
173.558,77.735,19.101,20.375
171.771,78.124,19.101,20.375
169.207,78.668,19.101,20.375
166.332,77.968,19.101,20.375
164.912,77.179,19.524,20.825
163.403,76.464,19.524,20.825
162.053,75.590,19.524,20.825
160.862,75.193,19.524,20.825
159.988,74.320,19.524,20.825
159.273,73.605,19.524,20.825
159.670,73.526,19.524,20.825
157.049,72.811,19.524,20.825
157.764,73.526,19.524,20.825
156.891,72.652,19.524,20.825
156.176,72.414,19.524,20.825
155.461,71.858,19.524,20.825
155.382,72.573,19.524,20.825
154.349,72.493,19.524,20.825
153.317,73.367,19.524,20.825
152.126,73.923,19.524,20.825
150.617,75.114,19.524,20.825
149.267,75.352,19.524,20.825
147.281,76.702,19.524,20.825
144.819,78.052,19.524,20.825
142.357,79.561,19.524,20.825
141.325,81.547,19.524,20.825
138.386,83.056,19.524,20.825
137.195,86.629,19.524,20.825
135.686,89.568,19.524,20.825
134.336,92.983,19.524,20.825
132.668,97.033,19.524,20.825
131.318,100.766,19.524,20.825
129.809,106.087,19.524,20.825
128.141,109.502,19.524,20.825
126.854,112.979,19.956,21.286
125.312,114.359,19.956,21.286
123.996,117.408,20.397,21.757
122.918,119.151,20.397,21.757
122.005,120.395,20.397,21.757
121.092,121.806,20.397,21.757
121.341,123.050,20.397,21.757
121.922,123.631,20.397,21.757
122.171,122.386,20.397,21.757
123.084,121.142,20.397,21.757
124.660,119.068,20.397,21.757
124.079,114.836,20.397,21.757
120.678,107.950,20.397,21.757
116.778,101.395,20.397,21.757
115.533,96.831,20.397,21.757
116.778,92.766,20.397,21.757
114.704,81.399,20.397,21.757
113.015,80.039,20.849,22.239
111.743,79.615,20.849,22.239
112.480,78.225,21.310,22.731
113.233,76.085,21.781,23.234
116.512,74.933,21.781,23.234
120.321,72.364,21.781,23.234
105.171,68.377,21.781,23.234
103.487,67.757,21.781,23.234
102.158,67.491,21.781,23.234
101.184,67.757,21.781,23.234
99.855,66.959,21.781,23.234
98.293,66.268,21.317,22.738
95.261,65.256,20.862,22.253
92.121,64.493,20.862,22.253
91.450,65.743,21.324,22.746
87.345,58.562,21.796,23.249
77.858,62.907,21.796,23.249
69.063,70.284,22.278,23.763
65.347,74.906,22.278,23.763
66.525,81.340,22.278,23.763
91.382,64.624,22.771,24.289
92.401,65.642,22.771,24.289
93.804,64.919,22.285,23.771
95.164,65.916,22.285,23.771
96.342,65.282,22.285,23.771
98.071,66.618,22.778,24.297
100.017,67.637,22.778,24.297
102.148,66.988,22.778,24.297
105.205,67.822,22.778,24.297
107.151,66.803,22.778,24.297
109.097,65.969,22.778,24.297
110.671,64.835,23.282,24.834
113.039,65.498,23.282,24.834
115.785,64.835,23.282,24.834
118.343,66.066,23.282,24.834
122.036,67.108,23.282,24.834
124.235,68.504,23.797,25.384
127.817,71.117,23.797,25.384
129.462,73.150,23.797,25.384
133.431,77.313,23.797,25.384
135.679,81.551,24.324,25.946
137.954,85.212,24.324,25.946
139.020,89.339,24.862,26.520
141.346,94.295,24.862,26.520
144.885,95.812,24.862,26.520
143.166,99.958,24.862,26.520
147.613,106.275,25.412,27.106
152.158,109.729,25.974,27.706
153.514,109.970,26.549,28.319
159.022,104.895,26.549,28.319
160.242,104.260,25.983,27.715
159.195,104.046,25.429,27.124
159.712,105.391,25.429,27.124
164.071,104.384,24.887,26.546
162.350,103.068,24.887,26.546
160.956,103.058,24.356,25.980
152.772,110.480,24.895,26.554
150.711,105.248,25.446,27.142
151.435,102.867,25.446,27.142
153.195,100.487,25.446,27.142
132.184,86.307,25.446,27.142
129.596,82.270,25.446,27.142
123.696,77.612,25.446,27.142
119.659,66.123,25.446,27.142
117.982,70.655,26.008,27.742
116.395,69.068,26.008,27.742
114.596,67.481,26.008,27.742
113.221,65.683,26.008,27.742
110.999,64.308,26.008,27.742
109.201,62.932,26.008,27.742
107.826,63.250,26.008,27.742
106.662,61.874,26.008,27.742
105.710,61.980,26.008,27.742
104.546,61.239,26.008,27.742
103.805,59.864,26.008,27.742
102.642,59.335,26.008,27.742
101.478,58.383,26.008,27.742
99.891,57.431,26.008,27.742
98.516,57.113,26.008,27.742
97.352,58.066,26.008,27.742
95.765,59.229,26.008,27.742
94.178,59.547,26.008,27.742
90.475,61.134,26.008,27.742
86.984,63.144,26.008,27.742
85.397,66.635,26.008,27.742
83.387,70.549,26.008,27.742
79.684,72.983,26.008,27.742
77.462,77.744,26.008,27.742
74.606,81.446,26.008,27.742
71.115,83.456,26.008,27.742
69.105,86.736,26.008,27.742
66.460,89.169,26.008,27.742
64.450,92.661,26.008,27.742
60.535,96.152,26.008,27.742
58.737,97.739,26.008,27.742
57.150,99.114,26.008,27.742
59.160,113.185,26.008,27.742
50.420,128.574,26.584,28.356
59.179,149.877,26.584,28.356
60.801,151.066,26.584,28.356
62.423,149.877,26.584,28.356
64.262,152.364,26.584,28.356
65.066,154.021,26.017,27.751
63.351,149.652,26.593,28.365
64.757,146.082,26.593,28.365
66.596,151.382,26.593,28.365
65.406,150.409,26.593,28.365
63.878,148.636,27.181,28.993
62.219,147.420,27.181,28.993
60.271,143.573,26.601,28.375
57.350,134.159,26.601,28.375
55.860,131.645,26.034,27.770
54.484,130.269,26.034,27.770
52.471,130.798,26.034,27.770
55.150,130.161,26.610,28.384
53.526,131.785,26.610,28.384
49.077,131.359,27.199,29.012
45.677,132.989,27.801,29.654
43.302,134.459,27.801,29.654
41.234,134.014,28.416,30.310
39.269,130.200,28.416,30.310
40.079,125.692,28.416,30.310
41.384,127.018,27.810,29.664
64.033,108.907,27.217,29.031
59.734,111.031,26.636,28.412
50.525,112.873,26.636,28.412
45.216,114.498,26.636,28.412
43.460,114.746,27.226,29.041
44.652,120.054,27.828,29.683
46.350,121.300,27.828,29.683
48.508,123.672,28.444,30.340
50.013,125.639,28.444,30.340
50.822,125.061,28.444,30.340
51.864,124.251,28.444,30.340
52.725,125.578,27.837,29.693
55.750,129.715,27.243,29.060
59.703,131.808,27.846,29.703
62.098,133.007,28.462,30.360
64.545,137.356,29.092,31.032
67.030,139.131,29.092,31.032
69.052,140.944,28.472,30.370
