326.000,414.000,15.000,42.000
326.609,416.789,15.000,42.000
325.846,417.770,15.000,42.000
326.391,416.789,15.000,42.000
324.974,416.026,15.000,42.000
323.993,417.661,15.000,42.000
323.261,418.893,15.332,42.929
321.590,420.342,15.332,42.929
319.696,421.345,15.332,42.929
318.247,420.342,15.332,42.929
317.913,420.453,15.332,42.929
316.464,420.565,15.332,42.929
315.239,421.567,15.332,42.929
314.459,421.010,15.332,42.929
315.907,422.013,15.332,42.929
315.127,421.010,15.332,42.929
316.353,422.459,15.332,42.929
316.242,422.570,15.332,42.929
316.799,423.350,15.332,42.929
317.133,423.016,15.332,42.929
316.576,424.019,15.332,42.929
315.127,423.907,15.332,42.929
317.022,422.682,15.332,42.929
318.470,423.016,15.332,42.929
318.359,423.796,15.332,42.929
318.470,424.576,15.332,42.929
319.473,425.802,15.332,42.929
321.590,427.919,15.332,42.929
323.261,430.927,15.332,42.929
322.036,433.044,15.332,42.929
321.033,431.818,15.332,42.929
320.030,430.593,15.332,42.929
320.810,429.813,15.332,42.929
319.584,428.364,15.332,42.929
318.581,427.361,15.332,42.929
317.356,428.810,15.332,42.929
315.907,429.590,15.332,42.929
314.682,431.261,15.332,42.929
313.456,434.047,15.332,42.929
312.453,437.055,15.332,42.929
311.673,439.841,15.332,42.929
311.116,441.512,15.332,42.929
309.445,440.955,15.332,42.929
308.219,437.055,15.332,42.929
309.668,434.270,15.332,42.929
307.996,430.147,15.332,42.929
305.656,426.916,15.332,42.929
300.865,422.125,15.332,42.929
300.308,423.127,15.332,42.929
299.082,423.907,15.332,42.929
299.194,424.464,15.332,42.929
301.088,428.587,15.332,42.929
301.645,427.361,15.332,42.929
300.196,427.027,15.332,42.929
298.971,425.356,15.332,42.929
298.191,424.353,15.332,42.929
296.965,425.579,15.332,42.929
294.848,425.022,15.332,42.929
292.954,424.464,15.332,42.929
291.951,424.130,15.332,42.929
290.725,423.127,15.332,42.929
286.826,421.010,15.332,42.929
285.823,419.339,15.332,42.929
284.820,419.005,15.332,42.929
285.377,418.893,15.332,42.929
284.374,420.119,15.332,42.929
285.823,421.567,15.332,42.929
287.271,422.793,15.332,42.929
288.051,422.905,15.332,42.929
288.608,422.570,15.332,42.929
287.828,422.013,15.332,42.929
288.831,423.016,15.332,42.929
287.606,422.236,15.332,42.929
286.603,420.565,15.332,42.929
286.046,418.670,15.332,42.929
287.271,416.553,15.332,42.929
285.823,414.659,15.332,42.929
285.266,413.211,15.332,42.929
285.154,411.094,15.332,42.929
284.374,408.085,15.332,42.929
283.149,404.854,15.332,42.929
282.369,400.285,15.332,42.929
281.811,396.608,15.332,42.929
281.254,392.486,15.332,42.929
280.252,389.477,15.332,42.929
279.249,386.692,15.332,42.929
278.469,385.912,15.332,42.929
278.357,384.463,15.332,42.929
277.379,381.792,15.671,43.879
276.809,379.628,15.671,43.879
277.834,378.603,15.671,43.879
277.037,378.033,15.671,43.879
278.973,377.236,15.671,43.879
279.998,378.261,15.671,43.879
279.656,378.831,15.671,43.879
279.315,380.083,15.671,43.879
279.429,381.108,15.671,43.879
278.859,382.817,15.671,43.879
279.429,385.436,15.671,43.879
279.087,386.689,15.671,43.879
278.290,385.892,15.671,43.879
279.087,386.689,15.671,43.879
278.062,386.347,15.671,43.879
277.265,385.322,15.671,43.879
276.012,386.347,15.671,43.879
274.531,386.689,15.671,43.879
272.823,387.486,15.671,43.879
269.292,386.461,15.671,43.879
267.128,386.803,15.671,43.879
265.420,385.778,15.671,43.879
263.484,385.436,15.671,43.879
262.915,386.461,15.671,43.879
263.028,387.714,15.671,43.879
262.915,388.284,15.671,43.879
261.662,387.486,15.671,43.879
262.231,388.056,15.671,43.879
261.434,387.942,15.671,43.879
260.637,389.195,15.671,43.879
260.295,388.170,15.671,43.879
259.270,388.056,15.671,43.879
258.701,387.031,15.671,43.879
259.953,388.284,15.671,43.879
258.701,387.486,15.671,43.879
259.042,388.967,15.671,43.879
259.840,390.675,15.671,43.879
260.865,392.611,15.671,43.879
260.523,395.003,15.671,43.879
262.003,396.939,15.671,43.879
261.712,397.044,16.018,44.850
261.595,398.092,16.018,44.850
262.876,399.373,16.018,44.850
261.828,397.859,16.018,44.850
262.410,398.441,16.018,44.850
262.061,396.695,16.018,44.850
262.876,396.346,16.018,44.850
262.992,394.600,16.018,44.850
262.178,394.018,16.018,44.850
263.458,394.600,16.018,44.850
262.178,395.182,16.018,44.850
261.595,395.531,16.018,44.850
260.548,396.579,16.018,44.850
259.267,395.997,16.018,44.850
259.849,397.277,16.018,44.850
258.569,396.230,16.018,44.850
257.987,396.579,16.018,44.850
256.939,395.764,16.018,44.850
257.754,395.415,16.018,44.850
256.473,394.134,16.018,44.850
254.960,393.552,16.018,44.850
253.680,392.505,16.018,44.850
251.934,390.293,16.018,44.850
249.722,389.711,16.018,44.850
248.208,388.896,16.018,44.850
246.928,386.917,16.018,44.850
243.552,384.705,16.018,44.850
240.409,380.398,16.018,44.850
238.663,378.419,16.018,44.850
236.451,379.932,16.018,44.850
235.636,385.636,16.018,44.850
233.890,388.779,16.018,44.850
233.075,391.922,16.018,44.850
235.287,395.066,16.018,44.850
241.457,400.304,16.018,44.850
248.325,401.584,16.018,44.850
256.357,399.838,16.018,44.850
265.088,398.791,16.018,44.850
272.887,399.838,16.018,44.850
277.427,400.188,16.018,44.850
276.147,397.976,16.018,44.850
274.633,392.737,16.018,44.850
275.215,386.335,16.018,44.850
275.797,384.123,16.018,44.850
270.093,387.033,16.018,44.850
261.828,392.970,16.018,44.850
252.110,396.460,16.372,45.842
242.472,396.341,16.372,45.842
237.832,391.462,16.372,45.842
233.905,386.108,16.372,45.842
228.551,382.181,16.372,45.842
222.721,383.252,16.372,45.842
217.842,386.227,16.372,45.842
214.154,388.488,16.372,45.842
209.275,388.607,16.372,45.842
206.301,390.391,16.372,45.842
200.946,392.652,16.372,45.842
197.496,395.389,16.372,45.842
193.982,394.264,16.734,46.856
191.399,392.610,17.105,47.893
189.286,394.724,17.105,47.893
186.676,397.085,17.105,47.893
185.308,399.696,17.105,47.893
183.941,401.312,17.105,47.893
183.319,400.442,17.105,47.893
184.935,399.820,17.105,47.893
186.551,400.442,17.105,47.893
188.664,401.561,17.105,47.893
191.524,400.690,17.105,47.893
195.626,398.577,17.105,47.893
198.733,394.972,17.105,47.893
201.095,392.113,17.105,47.893
203.208,390.497,17.105,47.893
205.188,389.929,16.740,46.872
207.401,391.304,17.110,47.909
209.018,393.916,17.110,47.909
213.121,395.781,17.110,47.909
215.732,397.646,17.110,47.909
218.095,397.273,17.110,47.909
219.712,396.154,17.110,47.909
218.619,394.721,17.489,48.969
215.696,395.610,17.489,48.969
210.485,398.025,17.489,48.969
208.578,399.932,17.489,48.969
207.180,400.822,17.489,48.969
207.053,402.728,17.489,48.969
205.655,403.872,17.489,48.969
204.257,402.982,17.489,48.969
205.655,404.635,17.489,48.969
206.036,406.795,17.489,48.969
204.392,404.803,17.876,50.052
206.601,403.894,17.876,50.052
209.069,406.102,17.876,50.052
210.893,404.066,18.271,51.160
211.292,403.402,18.271,51.160
212.487,405.394,18.271,51.160
214.213,405.792,18.271,51.160
216.077,404.262,18.676,52.292
216.856,403.261,19.089,53.449
218.228,404.829,19.511,54.631
219.221,408.090,19.511,54.631
218.228,410.784,19.511,54.631
217.236,414.612,19.511,54.631
219.227,416.803,19.943,55.840
217.632,420.717,19.943,55.840
215.748,423.470,19.943,55.840
213.272,425.710,20.384,57.075
211.050,429.709,20.384,57.075
209.717,435.487,20.384,57.075
208.087,434.746,20.384,57.075
206.754,433.117,20.384,57.075
208.383,431.783,20.384,57.075
207.939,430.154,20.384,57.075
208.482,427.832,20.835,58.338
209.351,426.401,21.296,59.629
207.339,424.079,21.296,59.629
208.870,422.938,21.767,60.948
207.152,420.787,22.249,62.297
208.751,421.607,22.741,63.675
207.264,423.425,22.741,63.675
209.241,424.607,23.244,65.084
211.099,426.127,23.244,65.084
212.420,426.284,23.758,66.524
213.769,427.877,24.284,67.995
216.247,428.406,24.821,69.500
218.592,430.390,24.821,69.500
219.628,431.306,25.371,71.038
221.834,431.476,25.932,72.609
220.960,433.606,26.506,74.216
220.467,435.383,27.092,75.858
219.146,435.974,27.691,77.536
217.796,436.578,28.304,79.252
214.710,439.252,28.304,79.252
212.050,441.576,28.930,81.005
208.458,442.643,29.570,82.797
208.243,444.148,29.570,82.797
209.922,445.238,30.225,84.629
207.067,446.337,30.225,84.629
205.137,447.907,30.893,86.502
202.233,450.445,31.577,88.415
201.169,448.276,32.276,90.372
201.542,444.599,32.990,92.371
202.421,440.344,33.720,94.415
199.726,436.178,33.720,94.415
197.030,431.522,33.720,94.415
196.295,425.885,33.720,94.415
195.667,419.502,34.466,96.504
192.912,413.741,34.466,96.504
192.161,411.487,34.466,96.504
193.413,412.238,34.466,96.504
195.890,409.871,35.228,98.639
198.707,412.175,35.228,98.639
201.523,412.431,35.228,98.639
202.803,411.663,35.228,98.639
204.595,414.479,35.228,98.639
201.779,413.711,35.228,98.639
203.059,417.040,35.228,98.639
201.267,413.199,35.228,98.639
199.987,410.383,35.228,98.639
194.098,413.199,35.228,98.639
182.065,413.967,35.228,98.639
177.713,417.296,35.228,98.639
172.337,419.088,35.228,98.639
169.008,420.880,35.228,98.639
163.120,424.720,35.228,98.639
152.623,421.904,35.228,98.639
149.295,423.696,35.228,98.639
148.015,427.536,35.228,98.639
149.295,430.353,35.228,98.639
151.599,433.169,35.228,98.639
150.831,436.497,35.228,98.639
155.183,438.289,35.228,98.639
159.536,439.057,35.228,98.639
165.424,439.825,35.228,98.639
168.240,439.569,35.228,98.639
171.569,439.313,35.228,98.639
174.897,443.154,35.228,98.639
175.304,446.047,36.008,100.821
177.659,447.879,36.008,100.821
175.827,445.523,36.008,100.821
174.519,443.168,36.008,100.821
178.968,446.047,36.008,100.821
177.136,442.645,36.008,100.821
175.827,439.243,36.008,100.821
172.986,433.512,36.804,103.052
167.306,425.435,37.619,105.332
163.752,419.693,37.619,105.332
162.931,416.139,37.619,105.332
163.752,411.492,37.619,105.332
170.586,413.952,37.619,105.332
179.608,418.053,37.619,105.332
190.271,421.060,37.619,105.332
195.465,421.880,37.619,105.332
206.674,424.888,37.619,105.332
213.509,429.535,37.619,105.332
219.797,433.636,37.619,105.332
224.992,437.190,37.619,105.332
231.826,440.198,37.619,105.332
237.568,436.644,37.619,105.332
243.309,435.277,37.619,105.332
247.957,431.723,37.619,105.332
250.417,427.622,37.619,105.332
252.331,424.068,37.619,105.332
256.432,421.060,37.619,105.332
258.892,418.600,37.619,105.332
256.978,416.686,37.619,105.332
258.345,416.959,37.619,105.332
257.525,416.686,37.619,105.332
260.533,420.787,37.619,105.332
258.619,418.326,37.619,105.332
256.158,418.600,37.619,105.332
254.791,417.780,37.619,105.332
251.784,414.772,37.619,105.332
249.870,412.859,37.619,105.332
252.331,415.319,37.619,105.332
255.338,410.671,37.619,105.332
259.439,408.758,37.619,105.332
256.978,409.578,37.619,105.332
254.009,410.398,38.451,107.662
253.730,409.001,38.451,107.662
251.774,405.368,38.451,107.662
252.053,402.294,38.451,107.662
252.333,398.103,38.451,107.662
249.818,393.352,38.451,107.662
247.862,391.396,38.451,107.662
248.700,390.558,38.451,107.662
250.884,385.018,39.302,110.044
254.026,379.591,39.302,110.044
257.168,375.307,39.302,110.044
259.167,372.736,39.302,110.044
258.310,370.737,39.302,110.044
259.950,372.186,40.171,112.479
258.597,367.610,41.060,114.968
262.476,370.296,41.060,114.968
263.371,374.175,41.060,114.968
264.863,376.264,41.060,114.968
263.371,372.982,41.060,114.968
264.863,377.458,41.060,114.968
261.581,382.530,41.060,114.968
260.686,388.797,41.060,114.968
257.403,393.870,41.060,114.968
255.911,398.346,41.060,114.968
255.613,401.628,41.060,114.968
254.718,404.314,41.060,114.968
255.016,404.015,41.060,114.968
259.492,407.298,41.060,114.968
258.597,405.209,41.060,114.968
260.089,407.895,41.060,114.968
258.706,403.836,41.968,117.511
260.457,406.017,42.897,120.111
263.886,401.341,42.897,120.111
265.675,397.101,43.846,122.769
264.199,401.363,44.816,125.485
263.221,404.946,44.816,125.485
262.244,402.666,44.816,125.485
261.267,399.735,44.816,125.485
257.685,400.712,44.816,125.485
255.405,397.781,44.816,125.485
258.336,402.015,44.816,125.485
254.799,398.261,45.808,128.261
254.638,401.332,46.821,131.099
254.473,404.472,47.857,134.000
251.417,405.515,48.916,136.965
251.245,402.893,49.998,139.995
251.069,407.000,51.104,143.092
246.984,403.657,51.104,143.092
247.574,406.313,52.235,146.258
251.329,411.390,53.391,149.494
251.141,417.385,54.572,152.802
250.948,421.867,55.779,156.182
251.593,423.924,57.014,159.638
252.252,429.466,58.275,163.170
251.168,435.131,59.564,166.780
251.856,439.124,60.882,170.470
247.051,433.107,62.229,174.242
242.077,430.846,62.229,174.242
238.006,425.871,62.229,174.242
233.936,422.705,62.229,174.242
229.025,411.863,63.606,178.097
223.940,396.608,63.606,178.097
220.704,385.977,63.606,178.097
222.399,378.731,65.013,182.037
223.816,382.038,65.013,182.037
221.626,372.671,66.452,186.065
226.938,374.120,66.452,186.065
223.558,371.706,66.452,186.065
225.973,376.052,66.452,186.065
228.387,377.501,66.452,186.065
228.870,372.188,66.452,186.065
231.285,375.569,66.452,186.065
229.836,379.915,66.452,186.065
229.353,373.637,66.452,186.065
231.768,380.881,66.452,186.065
231.285,385.228,66.452,186.065
231.768,382.813,66.452,186.065
236.114,386.194,66.452,186.065
241.893,390.649,67.922,190.182
243.374,402.002,67.922,190.182
241.893,417.305,67.922,190.182
243.702,422.883,69.425,194.389
243.198,416.324,69.425,194.389
241.684,421.874,69.425,194.389
238.152,418.342,69.425,194.389
231.593,417.837,69.425,194.389
221.926,418.304,70.961,198.690
218.316,408.506,70.961,198.690
214.706,398.707,70.961,198.690
218.316,393.034,70.961,198.690
215.738,389.425,70.961,198.690
215.222,387.877,70.961,198.690
214.706,385.299,70.961,198.690
217.285,392.003,70.961,198.690
217.800,395.613,70.961,198.690
216.253,401.286,70.961,198.690
213.863,401.763,72.531,203.086
221.770,400.182,72.531,203.086
228.622,402.817,72.531,203.086
224.933,398.073,72.531,203.086
234.343,404.811,70.984,198.755
228.668,400.168,70.984,198.755
226.939,395.824,69.470,194.517
222.395,389.260,69.470,194.517
226.939,389.765,69.470,194.517
220.376,383.202,69.470,194.517
215.764,379.923,67.989,190.369
214.107,385.286,66.539,186.309
208.758,383.078,65.120,182.336
206.259,380.005,63.731,178.448
211.354,384.173,63.731,178.448
206.259,386.489,63.731,178.448
200.238,381.394,63.731,178.448
194.217,382.784,63.731,178.448
200.700,380.669,62.372,174.642
196.559,379.472,61.042,170.918
200.551,376.367,61.042,170.918
194.784,372.374,61.042,170.918
198.251,373.705,62.393,174.699
193.264,368.718,62.393,174.699
199.610,375.388,61.062,170.974
194.729,372.282,61.062,170.974
200.941,370.255,59.760,167.328
204.849,375.032,59.760,167.328
202.556,372.212,58.486,163.759
208.082,371.787,58.486,163.759
204.348,372.180,59.780,167.383
207.743,367.173,61.102,171.086
209.075,366.729,61.102,171.086
213.072,370.726,61.102,171.086
217.069,373.834,61.102,171.086
221.572,377.798,59.799,167.438
220.268,377.364,59.799,167.438
223.310,382.144,59.799,167.438
222.876,384.317,59.799,167.438
225.918,389.967,59.799,167.438
227.812,389.658,58.524,163.867
224.958,392.699,59.819,167.492
227.691,398.256,58.543,163.921
229.819,400.383,58.543,163.921
230.033,406.642,57.295,160.425
232.115,410.390,57.295,160.425
234.197,413.304,57.295,160.425
233.780,417.052,57.295,160.425
232.531,419.134,57.295,160.425
232.948,422.049,57.295,160.425
230.866,419.967,57.295,160.425
345.576,467.872,58.562,163.974
355.968,464.734,59.858,167.602
356.403,460.818,59.858,167.602
356.838,455.163,59.858,167.602
356.403,447.768,59.858,167.602
355.968,437.763,59.858,167.602
358.143,432.107,59.858,167.602
355.968,425.582,59.858,167.602
358.143,419.927,59.858,167.602
358.578,415.142,59.858,167.602
358.143,411.226,59.858,167.602
362.058,413.402,59.858,167.602
357.245,410.576,58.581,164.028
360.225,405.893,58.581,164.028
359.800,401.210,58.581,164.028
361.077,399.081,58.581,164.028
363.206,400.359,58.581,164.028
364.483,399.081,58.581,164.028
362.354,396.953,58.581,164.028
364.483,400.784,58.581,164.028
364.277,394.995,59.878,167.657
361.230,399.781,59.878,167.657
358.184,395.865,59.878,167.657
356.879,398.911,59.878,167.657
351.222,393.254,59.878,167.657
342.954,392.819,59.878,167.657
342.743,387.804,61.202,171.367
338.740,390.917,61.202,171.367
341.293,383.945,62.556,175.158
339.929,382.581,62.556,175.158
342.202,379.399,62.556,175.158
339.020,378.944,62.556,175.158
334.928,376.671,62.556,175.158
330.836,376.217,62.556,175.158
333.110,372.125,62.556,175.158
333.833,367.829,63.941,179.034
331.509,366.435,63.941,179.034
329.186,364.111,63.941,179.034
327.792,362.717,63.941,179.034
330.115,364.111,63.941,179.034
324.074,359.929,63.941,179.034
319.892,356.676,63.941,179.034
324.488,352.285,65.355,182.995
326.863,351.810,65.355,182.995
325.438,347.536,65.355,182.995
324.013,345.161,65.355,182.995
328.711,344.615,66.801,187.043
325.312,341.216,66.801,187.043
326.769,339.760,66.801,187.043
325.312,336.362,66.801,187.043
322.749,335.080,65.377,183.055
325.125,336.506,65.377,183.055
323.699,330.329,65.377,183.055
321.324,328.904,65.377,183.055
325.600,326.528,65.377,183.055
327.671,329.854,63.982,179.151
325.346,323.809,63.982,179.151
326.085,318.450,65.398,183.115
318.005,314.173,65.398,183.115
312.747,310.170,64.003,179.210
316.934,304.123,64.003,179.210
322.981,296.216,64.003,179.210
326.237,289.238,64.003,179.210
329.493,289.704,64.003,179.210
322.515,288.308,64.003,179.210
322.050,291.564,64.003,179.210
324.376,290.169,64.003,179.210
318.329,286.913,64.003,179.210
314.143,283.657,64.003,179.210
312.747,276.679,64.003,179.210
316.003,269.702,64.003,179.210
312.747,264.586,64.003,179.210
312.282,260.399,64.003,179.210
310.723,256.482,62.639,175.388
313.910,254.206,62.639,175.388
313.454,249.198,62.639,175.388
315.731,246.012,62.639,175.388
318.007,242.825,62.639,175.388
313.910,238.728,62.639,175.388
318.917,235.542,62.639,175.388
320.283,230.534,62.639,175.388
324.380,225.527,62.639,175.388
320.221,223.448,61.303,171.648
323.022,223.990,59.995,167.987
317.358,221.999,58.716,164.405
320.040,228.276,57.464,160.899
314.615,226.369,56.238,157.468
311.669,225.290,55.039,154.110
312.869,224.090,55.039,154.110
309.269,221.290,55.039,154.110
304.844,220.235,53.865,150.823
301.321,217.494,53.865,150.823
296.232,213.188,53.865,150.823
291.143,208.882,53.865,150.823
286.054,203.793,53.865,150.823
287.228,199.487,53.865,150.823
284.407,196.190,52.717,147.607
286.322,191.976,52.717,147.607
283.561,188.011,51.593,144.459
288.809,184.130,50.492,141.379
292.112,183.029,50.492,141.379
294.681,180.460,50.492,141.379
290.644,175.690,50.492,141.379
286.584,173.307,49.416,138.364
290.535,173.666,49.416,138.364
286.584,168.279,49.416,138.364
291.253,172.948,49.416,138.364
284.430,168.997,49.416,138.364
288.380,172.948,49.416,138.364
285.866,168.997,49.416,138.364
281.916,165.047,49.416,138.364
282.993,168.997,49.416,138.364
277.603,164.113,50.509,141.425
281.641,168.151,50.509,141.425
282.008,164.848,50.509,141.425
279.362,162.464,49.432,138.409
282.595,163.541,49.432,138.409
280.080,158.153,49.432,138.409
283.314,154.920,49.432,138.409
286.265,153.279,48.378,135.457
288.726,150.818,48.378,135.457
283.452,146.951,48.378,135.457
287.319,150.818,48.378,135.457
282.046,145.544,48.378,135.457
285.913,149.412,48.378,135.457
286.265,146.247,48.378,135.457
289.429,150.115,48.378,135.457
284.858,147.654,48.378,135.457
280.991,143.083,48.378,135.457
284.858,144.841,48.378,135.457
279.584,140.270,48.378,135.457
282.749,144.138,48.378,135.457
278.178,140.270,48.378,135.457
282.046,144.138,48.378,135.457
276.768,137.897,49.448,138.454
277.128,134.663,49.448,138.454
274.612,129.991,49.448,138.454
277.564,126.965,48.393,135.502
272.317,123.325,47.361,132.612
265.723,117.215,48.409,135.546
267.482,113.345,48.409,135.546
269.944,108.772,48.409,135.546
273.814,102.791,48.409,135.546
268.566,97.793,47.377,132.656
272.353,91.940,47.377,132.656
268.566,86.087,47.377,132.656
270.287,82.988,47.377,132.656
273.386,84.710,47.377,132.656
269.599,81.611,47.377,132.656
272.698,84.710,47.377,132.656
268.222,80.234,47.377,132.656
268.566,77.823,47.377,132.656
264.090,74.725,47.377,132.656
265.811,73.003,47.377,132.656
266.156,68.527,47.377,132.656
263.010,64.963,46.367,129.827
263.347,61.257,46.367,129.827
262.336,58.224,46.367,129.827
264.021,62.605,46.367,129.827
259.641,58.898,46.367,129.827
259.978,55.865,46.367,129.827
262.336,58.224,46.367,129.827
257.282,52.496,46.367,129.827
258.293,48.789,46.367,129.827
256.608,44.408,46.367,129.827
256.945,40.702,46.367,129.827
255.260,36.321,46.367,129.827
256.945,31.940,46.367,129.827
258.630,27.560,46.367,129.827
259.641,22.505,46.367,129.827
259.978,16.777,46.367,129.827
256.945,11.048,46.367,129.827
255.260,4.646,46.367,129.827
254.249,-0.409,46.367,129.827
255.934,-6.137,46.367,129.827
257.619,-11.192,46.367,129.827
259.978,-15.572,46.367,129.827
262.745,-19.060,45.378,127.058
265.714,-23.347,45.378,127.058
288.469,-23.677,45.378,127.058
301.985,-25.183,44.410,124.349
307.125,-27.901,43.463,121.697
309.110,-30.561,42.536,119.102
309.266,-31.973,41.629,116.562
312.917,-35.104,40.741,114.076
317.633,-37.598,39.873,111.643
318.093,-37.330,40.755,114.113
310.820,-34.114,39.886,111.680
360.967,17.192,39.886,111.680
363.576,18.642,39.886,111.680
365.240,14.098,40.768,114.151
367.314,11.431,40.768,114.151
365.833,6.987,40.768,114.151
364.944,6.098,40.768,114.151
368.795,4.024,40.768,114.151
368.499,-1.012,40.768,114.151
371.758,-4.864,40.768,114.151
370.277,-9.308,40.768,114.151
373.536,-9.012,40.768,114.151
372.055,-12.271,40.768,114.151
374.721,-13.160,40.768,114.151
373.240,-15.826,40.768,114.151
376.499,-13.752,40.768,114.151
375.017,-17.604,40.768,114.151
378.869,-13.752,40.768,114.151
376.795,-17.604,40.768,114.151
381.832,-11.975,40.768,114.151
385.091,-9.901,40.768,114.151
387.406,-12.701,41.670,116.676
387.104,-15.426,41.670,116.676
390.435,-14.518,41.670,116.676
393.160,-19.060,41.670,116.676
393.313,-21.027,40.782,114.188
395.980,-23.694,40.782,114.188
399.833,-22.212,40.782,114.188
401.908,-23.102,40.782,114.188
402.057,-21.027,39.912,111.753
398.286,-20.737,39.912,111.753
397.996,-23.347,39.912,111.753
398.286,-21.897,39.912,111.753
