99.000,237.000,27.000,82.000
98.462,236.877,27.000,82.000
101.992,239.576,27.000,82.000
103.445,241.445,27.000,82.000
101.992,241.653,27.000,82.000
104.691,243.521,27.000,82.000
105.314,244.975,27.000,82.000
106.352,246.013,27.000,82.000
104.545,244.459,27.597,83.814
102.211,242.974,27.597,83.814
99.483,240.065,28.208,85.669
97.531,237.245,28.208,85.669
106.896,233.822,28.832,87.564
117.389,229.863,29.470,89.501
119.649,225.816,30.122,91.482
121.270,222.805,30.122,91.482
120.575,221.647,30.122,91.482
121.734,219.562,30.122,91.482
121.502,218.867,30.122,91.482
123.123,219.562,30.122,91.482
123.031,218.310,30.788,93.506
123.267,219.020,30.788,93.506
124.155,217.740,31.470,95.574
125.849,218.466,31.470,95.574
124.155,216.772,31.470,95.574
127.071,214.459,32.166,97.689
129.559,219.077,31.480,95.606
128.349,216.898,31.480,95.606
131.980,216.172,31.480,95.606
131.254,214.478,31.480,95.606
136.337,217.140,31.480,95.606
139.484,214.962,31.480,95.606
139.242,212.783,31.480,95.606
139.000,211.573,31.480,95.606
140.503,214.225,30.809,93.567
137.950,210.978,31.490,95.637
135.286,213.158,31.490,95.637
126.647,209.336,32.187,97.753
124.914,212.059,32.187,97.753
122.191,213.791,32.187,97.753
117.984,215.524,32.187,97.753
115.756,214.781,32.187,97.753
119.964,214.039,32.187,97.753
122.687,214.781,32.187,97.753
120.459,215.029,32.187,97.753
118.726,217.751,32.187,97.753
117.489,215.524,32.187,97.753
114.308,212.645,32.899,99.916
116.585,214.922,32.899,99.916
117.008,211.454,33.627,102.127
113.685,207.373,34.371,104.386
112.364,209.752,34.371,104.386
115.548,207.226,35.131,106.696
118.243,206.887,35.909,109.056
118.132,205.967,36.703,111.469
121.533,202.098,37.515,113.935
125.860,202.964,37.515,113.935
127.879,203.829,37.515,113.935
125.860,205.272,37.515,113.935
128.456,204.406,37.515,113.935
125.860,204.118,37.515,113.935
124.418,202.675,37.515,113.935
126.437,201.810,37.515,113.935
127.115,201.634,36.715,111.506
128.527,203.611,36.715,111.506
127.115,200.505,36.715,111.506
128.527,203.046,36.715,111.506
132.197,204.458,36.715,111.506
133.609,201.352,36.715,111.506
135.585,203.328,36.715,111.506
137.882,205.878,35.932,109.128
140.368,207.812,35.932,109.128
136.776,205.325,35.932,109.128
130.974,208.365,35.932,109.128
133.730,204.004,36.727,111.542
129.514,201.305,37.540,114.010
132.112,202.748,37.540,114.010
136.442,203.614,37.540,114.010
132.690,203.903,37.540,114.010
137.020,205.346,37.540,114.010
139.618,207.945,37.540,114.010
138.174,205.346,37.540,114.010
143.082,206.212,37.540,114.010
147.412,208.811,37.540,114.010
146.546,203.903,37.540,114.010
151.821,204.738,38.370,116.533
154.764,205.592,39.219,119.111
152.566,201.920,38.383,116.571
151.681,203.396,38.383,116.571
148.434,204.872,38.383,116.571
153.828,205.114,39.232,119.150
157.445,204.349,38.396,116.609
161.283,204.053,38.396,116.609
166.530,206.720,37.577,114.122
172.223,208.215,36.776,111.689
177.030,206.801,36.776,111.689
179.010,207.084,36.776,111.689
178.161,205.670,36.776,111.689
180.707,206.518,36.776,111.689
180.424,205.670,36.776,111.689
182.969,207.649,36.776,111.689
184.383,209.063,36.776,111.689
185.797,209.912,36.776,111.689
185.514,210.194,36.776,111.689
188.625,212.174,36.776,111.689
186.645,209.063,36.776,111.689
185.130,212.162,35.991,109.307
187.620,213.546,35.991,109.307
185.683,209.948,35.991,109.307
187.401,214.048,35.224,106.976
184.421,215.402,35.224,106.976
181.983,216.757,35.224,106.976
180.629,219.194,35.224,106.976
179.275,221.090,35.224,106.976
178.604,221.312,36.003,109.343
177.918,219.815,36.800,111.762
176.631,219.460,37.614,114.235
175.314,219.096,38.446,116.762
140.228,220.565,39.297,119.345
133.882,219.659,39.297,119.345
131.163,222.378,39.297,119.345
134.487,222.681,39.297,119.345
132.976,221.774,39.297,119.345
133.882,223.285,39.297,119.345
135.998,222.378,39.297,119.345
136.904,223.285,39.297,119.345
139.624,224.796,39.297,119.345
141.739,221.472,39.297,119.345
143.855,218.148,39.297,119.345
143.552,214.219,39.297,119.345
147.481,213.313,39.297,119.345
150.200,213.011,39.297,119.345
154.468,212.004,40.166,121.986
159.472,208.411,41.055,124.685
174.941,207.464,41.055,124.685
180.940,207.780,41.055,124.685
183.434,206.073,41.963,127.444
181.820,204.459,41.963,127.444
179.561,204.782,41.963,127.444
179.884,203.169,41.963,127.444
180.207,204.137,41.963,127.444
181.820,203.814,41.963,127.444
183.434,203.491,41.963,127.444
186.338,205.105,41.963,127.444
187.951,204.137,41.963,127.444
189.954,205.807,41.068,124.726
194.349,209.876,40.192,122.066
194.658,212.040,40.192,122.066
199.294,214.203,40.192,122.066
201.212,216.398,39.335,119.463
199.591,215.631,38.496,116.915
197.518,214.151,38.496,116.915
201.367,215.631,38.496,116.915
197.518,212.967,38.496,116.915
194.262,211.487,38.496,116.915
194.558,212.375,38.496,116.915
192.401,213.336,37.676,114.422
194.757,215.953,36.872,111.982
192.205,215.669,36.872,111.982
188.519,214.251,36.872,111.982
191.638,216.236,36.872,111.982
185.684,214.251,36.872,111.982
185.257,217.358,36.086,109.594
183.314,217.636,36.086,109.594
181.372,219.023,36.086,109.594
179.350,219.390,35.316,107.257
176.905,221.291,35.316,107.257
173.918,220.476,35.316,107.257
170.931,220.747,35.316,107.257
242.899,219.390,35.316,107.257
240.454,218.032,35.316,107.257
242.899,218.846,35.316,107.257
241.541,219.118,35.316,107.257
245.071,219.933,35.316,107.257
248.058,219.118,35.316,107.257
251.589,220.476,35.316,107.257
254.576,222.377,35.316,107.257
256.785,222.735,34.563,104.969
262.367,224.596,34.563,104.969
249.158,222.385,33.826,102.731
246.259,224.232,33.105,100.540
245.876,227.022,32.399,98.396
244.132,228.766,32.399,98.396
234.632,229.095,31.708,96.298
213.284,225.247,32.409,98.428
208.549,225.496,32.409,98.428
204.829,225.183,33.126,100.606
202.537,223.909,33.126,100.606
205.591,225.718,32.420,98.461
207.336,223.973,32.420,98.461
204.077,224.302,31.729,96.361
198.953,222.106,31.729,96.361
199.997,223.839,31.052,94.306
201.479,226.456,30.390,92.295
199.376,226.690,30.390,92.295
200.544,226.923,30.390,92.295
202.648,227.624,30.390,92.295
204.751,229.260,30.390,92.295
207.567,226.057,31.062,94.337
205.984,225.261,31.749,96.424
208.181,225.017,31.749,96.424
209.890,223.796,31.749,96.424
209.792,222.983,32.452,98.558
211.539,223.732,32.452,98.558
213.088,222.137,31.760,96.456
214.133,222.930,31.083,94.399
210.069,221.257,31.083,94.399
206.962,223.408,31.083,94.399
203.855,222.691,31.083,94.399
202.660,224.364,31.083,94.399
200.030,223.169,31.083,94.399
195.011,223.886,31.083,94.399
190.451,222.594,31.770,96.487
188.200,221.974,31.093,94.430
190.606,225.055,30.430,92.416
188.500,224.353,30.430,92.416
188.734,223.651,30.430,92.416
186.628,222.481,30.430,92.416
186.275,221.888,29.781,90.445
184.214,221.201,29.781,90.445
187.649,222.804,29.781,90.445
186.422,223.547,29.146,88.516
184.356,225.571,28.524,86.629
183.181,225.861,27.916,84.781
183.825,227.363,27.916,84.781
180.605,226.719,27.916,84.781
180.390,227.363,27.916,84.781
182.322,227.149,27.916,84.781
184.683,226.505,27.916,84.781
182.322,225.861,27.916,84.781
183.654,229.041,27.321,82.973
184.148,230.938,26.738,81.204
185.998,231.966,26.738,81.204
183.737,231.760,26.738,81.204
184.934,228.942,27.329,83.001
182.202,225.790,27.329,83.001
184.934,231.044,27.329,83.001
182.202,227.891,27.329,83.001
178.629,226.000,27.329,83.001
176.318,228.732,27.329,83.001
174.006,226.000,27.329,83.001
171.741,226.608,27.934,84.837
170.667,225.104,27.934,84.837
168.734,223.601,27.934,84.837
170.667,225.964,27.934,84.837
170.882,224.030,27.934,84.837
172.386,227.252,27.934,84.837
175.375,231.677,27.338,83.028
173.063,230.205,27.338,83.028
170.315,230.483,26.755,81.257
171.591,234.324,26.185,79.524
173.001,235.330,26.185,79.524
171.591,236.740,26.185,79.524
173.806,237.747,26.185,79.524
175.216,239.156,26.185,79.524
173.806,237.747,26.185,79.524
172.339,240.341,25.626,77.829
170.171,238.568,25.626,77.829
167.215,237.688,25.080,76.169
170.643,236.456,24.545,74.545
179.455,234.521,24.022,72.955
178.901,232.859,24.022,72.955
176.144,230.710,24.553,74.569
175.285,228.906,25.096,76.219
177.610,227.462,25.652,77.905
178.202,229.237,25.652,77.905
179.350,227.762,26.219,79.629
181.165,227.963,26.219,79.629
179.829,226.455,26.799,81.391
182.920,224.600,26.799,81.391
182.410,221.348,27.392,83.191
182.763,222.831,27.998,85.032
179.533,217.879,27.998,85.032
179.447,216.269,28.618,86.913
182.308,220.010,28.618,86.913
189.570,218.029,28.618,86.913
188.469,220.450,28.618,86.913
187.714,220.740,28.008,85.060
184.899,221.025,27.410,83.246
181.331,222.522,26.826,81.471
175.684,223.547,27.419,83.273
171.662,224.594,28.026,85.116
168.892,225.218,28.646,86.999
177.945,192.031,29.280,88.924
177.720,188.203,29.280,88.924
175.243,187.077,29.280,88.924
172.316,187.753,29.280,88.924
168.488,185.601,29.928,90.891
166.417,186.752,29.928,90.891
164.346,187.442,29.928,90.891
162.735,188.593,29.928,90.891
158.823,187.902,29.928,90.891
153.990,189.513,29.928,90.891
154.220,187.442,29.928,90.891
151.212,189.077,29.289,88.953
151.887,189.302,29.289,88.953
149.410,190.428,29.289,88.953
148.284,188.851,29.289,88.953
145.356,187.275,29.289,88.953
143.329,189.302,29.289,88.953
139.950,185.923,29.289,88.953
137.022,181.194,29.289,88.953
134.545,181.869,29.289,88.953
133.052,182.988,29.937,90.921
130.571,178.400,30.600,92.933
130.807,179.106,30.600,92.933
128.218,179.812,30.600,92.933
126.571,175.811,30.600,92.933
125.763,178.390,29.947,90.951
125.994,181.384,29.947,90.951
126.379,183.006,30.610,92.963
122.378,179.004,30.610,92.963
119.318,181.593,30.610,92.963
120.779,185.988,29.957,90.981
117.784,183.915,29.957,90.981
118.014,180.920,29.957,90.981
114.098,183.976,30.620,92.993
110.566,182.328,30.620,92.993
108.447,178.325,30.620,92.993
103.466,172.655,31.297,95.051
100.338,175.302,31.297,95.051
96.745,176.998,31.990,97.154
92.563,179.241,32.697,99.303
87.786,174.966,32.697,99.303
84.517,178.235,32.697,99.303
82.757,181.504,32.697,99.303
80.440,178.443,32.000,97.186
77.733,180.165,32.000,97.186
73.039,182.409,32.708,99.336
71.278,186.685,32.708,99.336
68.008,182.912,32.708,99.336
64.739,178.133,32.708,99.336
61.469,180.900,32.708,99.336
58.702,183.667,32.708,99.336
60.463,186.433,32.708,99.336
55.684,182.157,32.708,99.336
52.917,185.427,32.708,99.336
54.175,188.194,32.708,99.336
52.414,191.967,32.708,99.336
48.641,189.200,32.708,99.336
50.687,192.926,32.011,97.218
47.979,190.710,32.011,97.218
48.225,194.403,32.011,97.218
48.964,196.126,32.011,97.218
47.733,192.926,32.011,97.218
49.735,197.521,31.328,95.144
47.085,199.690,31.328,95.144
47.326,198.003,31.328,95.144
47.567,195.353,31.328,95.144
49.527,199.386,30.660,93.115
50.705,202.451,30.660,93.115
48.583,201.744,30.660,93.115
47.405,199.622,30.660,93.115
49.055,202.687,30.660,93.115
47.405,200.565,30.660,93.115
46.226,204.573,30.660,93.115
44.104,203.866,30.660,93.115
46.021,202.814,30.006,91.130
43.895,208.456,29.366,89.186
45.024,206.423,29.366,89.186
42.088,204.843,29.366,89.186
44.121,202.359,29.366,89.186
43.443,206.197,29.366,89.186
41.362,209.978,28.740,87.284
39.815,209.315,28.740,87.284
42.465,212.163,28.127,85.423
38.788,209.198,28.749,87.313
35.029,207.544,29.386,89.245
36.611,205.510,29.386,89.245
32.769,201.669,29.386,89.245
32.995,205.059,29.386,89.245
32.317,208.448,29.386,89.245
29.380,206.866,29.386,89.245
26.476,209.396,30.036,91.219
24.397,207.317,30.036,91.219
24.304,203.672,30.700,93.238
24.540,206.741,30.700,93.238
21.507,203.015,31.379,95.301
17.905,199.708,32.074,97.409
15.685,196.008,32.074,97.409
17.216,199.186,31.390,95.332
14.061,196.248,30.720,93.299
12.794,198.381,30.065,91.309
12.563,201.387,30.065,91.309
13.257,203.467,30.065,91.309
10.680,202.435,29.424,89.362
11.359,204.472,29.424,89.362
9.274,202.589,28.797,87.456
8.610,204.582,28.797,87.456
9.274,205.247,28.797,87.456
5.969,200.833,29.434,89.391
8.246,202.877,28.806,87.485
5.366,200.440,28.806,87.485
6.474,201.548,28.806,87.485
4.546,198.512,29.443,89.421
5.678,200.097,29.443,89.421
6.358,201.229,29.443,89.421
6.890,202.837,28.815,87.514
5.782,203.502,28.815,87.514
7.072,203.683,29.453,89.450
4.581,201.645,29.453,89.450
6.166,202.777,29.453,89.450
4.581,200.739,29.453,89.450
5.261,201.418,29.453,89.450
1.410,200.664,30.105,91.429
0.715,197.654,30.105,91.429
-0.442,197.886,30.105,91.429
0.252,198.580,30.105,91.429
-0.442,198.812,30.105,91.429
-0.674,199.043,30.105,91.429
-2.294,200.664,30.105,91.429
-0.211,201.821,30.105,91.429
0.780,204.804,29.463,89.479
1.913,206.390,29.463,89.479
-0.580,205.710,29.463,89.479
1.263,207.756,28.834,87.571
-0.289,209.308,28.834,87.571
-2.284,206.426,28.834,87.571
-4.214,205.227,29.472,89.509
-6.254,204.094,29.472,89.509
-10.107,200.517,30.124,91.489
-9.412,197.042,30.124,91.489
-1.304,196.348,30.124,91.489
-0.146,197.042,30.124,91.489
-2.694,194.958,30.124,91.489
0.530,190.351,29.482,89.538
3.732,187.714,30.134,91.519
5.082,183.095,30.801,93.544
2.950,187.122,30.801,93.544
2.855,183.384,31.482,95.613
-1.261,186.047,31.482,95.613
-1.018,186.289,31.482,95.613
-0.613,182.971,32.179,97.729
-0.366,184.208,32.179,97.729
0.871,184.456,32.179,97.729
3.099,185.198,32.179,97.729
12.254,186.435,32.179,97.729
16.263,183.557,32.891,99.891
18.261,184.814,33.619,102.101
16.451,187.140,33.619,102.101
17.744,188.433,33.619,102.101
19.553,189.209,33.619,102.101
19.812,189.984,33.619,102.101
17.485,190.760,33.619,102.101
17.918,190.435,34.363,104.360
21.881,191.228,34.363,104.360
16.292,186.509,35.123,106.669
18.183,188.400,35.123,106.669
23.679,190.302,35.900,109.029
19.558,189.955,36.694,111.442
14.197,186.287,36.694,111.442
9.985,187.689,37.506,113.907
5.681,188.523,38.336,116.427
6.174,189.376,39.184,119.003
11.899,192.088,39.184,119.003
24.856,196.005,39.184,119.003
26.726,200.469,38.348,116.466
28.556,203.132,37.531,113.982
27.113,205.152,37.531,113.982
29.710,207.172,37.531,113.982
27.050,205.328,36.730,111.551
28.695,205.559,37.543,114.019
30.716,205.848,37.543,114.019
29.169,209.011,36.742,111.588
26.565,206.116,35.959,109.208
20.205,208.052,35.959,109.208
15.504,207.704,36.754,111.624
17.258,206.443,35.971,109.244
13.642,207.874,35.203,106.914
2.861,203.040,35.982,109.280
4.244,204.424,35.982,109.280
6.735,204.701,35.982,109.280
1.518,204.532,35.215,106.949
17.704,208.125,35.994,109.316
20.196,211.724,35.994,109.316
21.913,215.824,35.227,106.984
23.491,218.294,36.006,109.351
28.551,220.244,36.803,111.771
35.626,221.659,36.803,111.771
34.211,219.112,36.803,111.771
33.928,221.093,36.803,111.771
32.513,221.376,36.803,111.771
29.966,221.659,36.803,111.771
37.041,224.206,36.803,111.771
36.758,221.093,36.803,111.771
25.421,219.830,36.018,109.387
22.868,222.331,35.250,107.055
19.325,219.554,34.498,104.772
21.182,222.472,34.498,104.772
15.611,218.492,34.498,104.772
13.303,219.260,35.261,107.090
17.912,222.243,35.261,107.090
17.241,218.526,36.041,109.459
11.954,213.002,36.839,111.881
4.429,209.007,36.053,109.495
5.468,211.535,36.851,111.918
1.784,215.786,36.851,111.918
-0.200,218.903,36.851,111.918
1.784,223.720,36.851,111.918
-2.467,219.470,36.851,111.918
0.084,220.320,36.851,111.918
8.868,215.502,36.851,111.918
17.575,209.854,37.666,114.394
16.581,209.120,36.863,111.954
16.154,212.773,36.077,109.567
87.399,227.578,35.308,107.230
84.956,229.479,35.308,107.230
83.598,230.836,35.308,107.230
82.241,231.108,35.308,107.230
81.969,231.379,35.308,107.230
78.982,228.936,35.308,107.230
75.996,229.750,35.308,107.230
74.638,231.651,35.308,107.230
74.367,233.008,35.308,107.230
71.441,233.231,36.089,109.603
69.498,234.063,36.089,109.603
69.221,234.341,36.089,109.603
70.053,235.728,36.089,109.603
70.886,237.116,36.089,109.603
69.498,237.948,36.089,109.603
70.886,239.336,36.089,109.603
68.328,237.562,35.319,107.265
66.427,238.377,35.319,107.265
65.612,238.649,35.319,107.265
67.758,238.871,36.101,109.639
64.149,235.817,36.101,109.639
61.650,234.429,36.101,109.639
59.707,233.596,36.101,109.639
61.095,233.874,36.101,109.639
58.041,229.710,36.101,109.639
57.764,230.543,36.101,109.639
53.600,226.379,36.101,109.639
49.991,226.656,36.101,109.639
49.713,226.934,36.101,109.639
48.325,226.656,36.101,109.639
45.272,226.934,36.101,109.639
40.552,226.656,36.101,109.639
38.054,229.710,36.101,109.639
31.669,233.319,36.101,109.639
27.525,233.546,36.899,112.064
22.112,233.189,37.716,114.544
17.182,234.640,37.716,114.544
12.251,231.868,38.550,117.078
7.212,232.164,38.550,117.078
2.172,229.496,38.550,117.078
-1.682,229.200,38.550,117.078
0.986,231.275,38.550,117.078
-3.460,232.164,38.550,117.078
-0.792,232.461,38.550,117.078
-2.868,232.757,38.550,117.078
-4.943,231.275,38.550,117.078
-2.601,233.363,39.403,119.668
-6.540,234.878,39.403,119.668
-3.207,235.181,39.403,119.668
0.126,234.272,39.403,119.668
3.759,231.751,38.563,117.116
7.021,230.862,38.563,117.116
3.166,231.158,38.563,117.116
7.021,231.455,38.563,117.116
10.876,232.344,38.563,117.116
9.286,230.449,37.740,114.619
11.898,233.061,37.740,114.619
8.706,232.190,37.740,114.619
13.639,234.222,37.740,114.619
16.832,232.190,37.740,114.619
11.898,233.061,37.740,114.619
16.832,234.512,37.740,114.619
20.605,235.383,37.740,114.619
16.832,234.512,37.740,114.619
20.024,235.383,37.740,114.619
17.993,233.932,37.740,114.619
21.765,234.802,37.740,114.619
24.377,235.673,37.740,114.619
20.605,236.544,37.740,114.619
24.377,235.673,37.740,114.619
21.852,232.297,38.575,117.155
26.657,233.156,39.429,119.747
23.929,231.640,39.429,119.747
29.083,233.762,39.429,119.747
26.354,231.640,39.429,119.747
31.509,232.549,39.429,119.747
34.844,233.459,39.429,119.747
36.966,235.581,39.429,119.747
37.474,230.796,40.301,122.396
39.643,233.586,40.301,122.396
36.854,230.176,40.301,122.396
42.122,232.966,40.301,122.396
44.912,232.036,40.301,122.396
47.360,234.219,41.193,125.104
45.142,234.536,41.193,125.104
44.192,230.418,41.193,125.104
48.310,234.536,41.193,125.104
46.093,232.318,41.193,125.104
49.252,233.235,42.104,127.872
46.986,229.673,42.104,127.872
50.887,231.954,43.036,130.701
47.246,228.313,43.036,130.701
50.887,231.954,43.036,130.701
47.246,227.652,43.036,130.701
51.549,229.968,43.036,130.701
48.570,226.328,43.036,130.701
51.871,227.285,43.988,133.593
48.753,225.123,43.050,130.744
53.057,229.427,43.050,130.744
50.078,226.448,43.050,130.744
55.705,228.765,43.050,130.744
53.388,225.123,43.050,130.744
57.692,227.441,43.050,130.744
57.361,230.420,43.050,130.744
55.705,226.779,43.050,130.744
54.712,224.461,43.050,130.744
57.692,228.103,43.050,130.744
55.917,227.263,42.132,127.956
53.649,229.531,42.132,127.956
52.677,225.967,42.132,127.956
50.941,230.767,41.233,125.227
56.077,233.658,42.146,127.998
53.160,230.093,42.146,127.998
50.243,233.010,42.146,127.998
48.623,234.630,42.146,127.998
52.836,236.251,42.146,127.998
49.271,232.686,42.146,127.998
48.158,236.237,41.247,125.268
52.638,239.129,42.160,128.040
49.072,234.915,42.160,128.040
51.633,235.853,43.092,130.873
47.988,232.208,43.092,130.873
52.296,234.527,43.092,130.873
51.158,231.771,42.173,128.082
56.023,234.041,42.173,128.082
54.284,231.968,41.274,125.351
56.506,236.094,41.274,125.351
55.417,234.066,40.394,122.678
60.448,236.898,41.288,125.392
58.861,234.676,41.288,125.392
57.273,237.533,41.288,125.392
56.184,234.892,40.407,122.718
55.251,237.067,40.407,122.718
56.184,239.242,40.407,122.718
54.518,237.256,39.545,120.101
55.430,238.777,39.545,120.101
53.302,240.297,39.545,120.101
55.430,240.601,39.545,120.101
53.910,241.513,39.545,120.101
54.214,241.817,39.545,120.101
55.126,243.946,39.545,120.101
56.647,243.642,39.545,120.101
54.518,245.163,39.545,120.101
57.255,246.683,39.545,120.101
54.518,244.554,39.545,120.101
58.471,246.683,39.545,120.101
56.951,243.338,39.545,120.101
61.246,244.849,40.420,122.758
59.070,241.430,40.420,122.758
57.516,243.606,40.420,122.758
59.070,241.430,40.420,122.758
58.138,242.362,40.420,122.758
58.868,242.173,39.558,120.140
58.564,242.477,39.558,120.140
57.651,243.390,39.558,120.140
59.172,241.261,39.558,120.140
57.651,239.131,39.558,120.140
60.389,239.435,39.558,120.140
58.260,238.523,39.558,120.140
57.956,238.219,39.558,120.140
60.085,238.523,39.558,120.140
57.956,237.002,39.558,120.140
