198.000,249.000,95.000,325.000
196.114,242.343,95.000,325.000
192.589,241.223,97.102,332.191
193.401,243.661,97.102,332.191
193.170,242.516,99.250,339.540
194.001,241.686,99.250,339.540
194.832,242.516,99.250,339.540
200.647,245.009,99.250,339.540
200.411,243.838,101.446,347.053
201.260,239.592,101.446,347.053
205.506,238.743,101.446,347.053
208.789,241.071,103.691,354.731
207.921,234.995,103.691,354.731
210.524,241.071,103.691,354.731
209.656,247.146,103.691,354.731
210.524,244.543,103.691,354.731
214.864,245.410,103.691,354.731
217.468,239.335,103.691,354.731
223.543,234.995,103.691,354.731
217.468,232.392,103.691,354.731
213.128,222.845,103.691,354.731
202.076,214.418,105.985,362.580
204.737,211.757,105.985,362.580
198.527,205.547,105.985,362.580
197.640,209.982,105.985,362.580
194.979,203.773,105.985,362.580
198.408,198.841,108.330,370.602
193.875,192.494,108.330,370.602
203.025,193.098,110.727,378.801
207.659,199.586,110.727,378.801
208.585,207.927,110.727,378.801
207.659,216.268,110.727,378.801
203.025,222.756,110.727,378.801
203.951,225.536,110.727,378.801
199.317,222.756,110.727,378.801
205.805,231.097,110.727,378.801
201.171,222.756,110.727,378.801
202.098,225.536,110.727,378.801
196.065,212.692,113.176,387.182
197.012,206.060,113.176,387.182
192.276,199.429,113.176,387.182
199.869,200.060,115.680,395.749
196.964,187.473,115.680,395.749
197.933,178.758,115.680,395.749
202.774,173.917,115.680,395.749
209.552,180.695,115.680,395.749
212.457,171.980,115.680,395.749
214.624,167.800,113.213,387.309
223.152,176.329,113.213,387.309
231.681,184.858,113.213,387.309
228.838,187.701,113.213,387.309
227.890,184.858,113.213,387.309
226.943,183.910,113.213,387.309
231.681,186.753,113.213,387.309
238.314,185.805,113.213,387.309
237.367,182.962,113.213,387.309
240.210,187.701,113.213,387.309
235.471,184.858,113.213,387.309
238.314,193.386,113.213,387.309
224.100,182.962,113.213,387.309
209.885,170.643,113.213,387.309
195.671,156.429,113.213,387.309
187.142,140.319,113.213,387.309
178.614,126.105,113.213,387.309
173.876,115.681,113.213,387.309
180.509,131.791,113.213,387.309
181.457,140.319,113.213,387.309
186.195,145.057,113.213,387.309
181.457,138.424,113.213,387.309
191.881,150.743,113.213,387.309
198.514,155.481,113.213,387.309
203.252,148.848,113.213,387.309
212.680,153.891,110.799,379.050
217.317,160.383,110.799,379.050
220.099,176.149,110.799,379.050
219.172,190.060,110.799,379.050
214.534,192.843,110.799,379.050
215.462,184.496,110.799,379.050
212.680,176.149,110.799,379.050
211.752,165.947,110.799,379.050
210.825,155.746,110.799,379.050
213.607,149.254,110.799,379.050
215.682,148.826,108.436,370.966
218.405,149.734,108.436,370.966
221.128,148.826,108.436,370.966
231.112,158.810,108.436,370.966
239.281,168.794,108.436,370.966
249.265,178.778,108.436,370.966
262.880,188.762,108.436,370.966
276.494,191.485,108.436,370.966
293.739,192.393,108.436,370.966
310.985,193.301,108.436,370.966
324.599,188.762,108.436,370.966
341.844,189.670,108.436,370.966
355.459,183.316,108.436,370.966
365.443,182.409,108.436,370.966
362.225,174.991,106.124,363.055
361.337,165.220,106.124,363.055
365.778,157.226,106.124,363.055
363.113,149.231,106.124,363.055
367.555,146.566,106.124,363.055
375.549,151.008,106.124,363.055
372.885,144.790,106.124,363.055
377.326,145.678,106.124,363.055
381.767,148.343,106.124,363.055
389.762,156.337,106.124,363.055
394.203,167.885,106.124,363.055
393.315,170.550,106.124,363.055
400.436,178.514,108.472,371.088
395.896,173.975,108.472,371.088
399.406,182.115,110.872,379.298
391.054,179.331,110.872,379.298
388.270,185.828,110.872,379.298
381.773,188.612,110.872,379.298
383.435,193.081,113.325,387.690
373.001,184.544,113.325,387.690
372.053,174.110,113.325,387.690
367.847,155.059,115.832,396.268
357.182,148.272,115.832,396.268
363.968,156.998,115.832,396.268
351.364,156.029,115.832,396.268
344.577,166.694,115.832,396.268
339.730,175.420,115.832,396.268
332.943,182.206,115.832,396.268
324.217,188.993,115.832,396.268
321.308,191.902,115.832,396.268
314.997,196.571,118.395,405.035
308.060,201.526,118.395,405.035
311.033,206.481,118.395,405.035
304.096,213.418,118.395,405.035
305.087,216.391,118.395,405.035
300.132,217.382,118.395,405.035
303.105,212.427,118.395,405.035
308.060,213.418,118.395,405.035
299.141,204.499,118.395,405.035
306.078,207.472,118.395,405.035
303.105,196.571,118.395,405.035
304.096,189.634,118.395,405.035
303.105,178.733,118.395,405.035
302.114,169.814,118.395,405.035
301.123,160.895,118.395,405.035
302.114,153.958,118.395,405.035
307.069,150.985,118.395,405.035
312.024,151.976,118.395,405.035
314.997,154.949,118.395,405.035
317.970,161.886,118.395,405.035
318.961,164.859,118.395,405.035
319.952,165.850,118.395,405.035
324.907,168.823,118.395,405.035
327.880,171.796,118.395,405.035
328.871,176.751,118.395,405.035
333.826,183.688,118.395,405.035
330.853,188.643,118.395,405.035
325.898,185.670,118.395,405.035
332.835,186.661,118.395,405.035
323.916,175.760,118.395,405.035
324.907,176.751,118.395,405.035
315.663,166.742,115.870,396.398
309.350,153.301,118.434,405.168
314.306,152.310,118.434,405.168
306.970,144.209,115.908,396.528
316.622,153.112,113.436,388.072
305.934,154.505,111.017,379.796
308.013,161.241,108.650,371.697
303.036,164.328,106.333,363.770
307.486,168.778,106.333,363.770
304.816,162.548,106.333,363.770
305.092,177.579,104.065,356.013
307.705,187.160,104.065,356.013
303.350,191.516,104.065,356.013
308.657,207.905,101.846,348.421
309.510,213.873,101.846,348.421
310.362,218.135,101.846,348.421
312.920,222.397,101.846,348.421
311.541,226.934,99.674,340.990
315.016,232.983,97.549,333.719
315.832,227.267,97.549,333.719
321.548,229.716,97.549,333.719
327.264,230.533,97.549,333.719
329.713,231.349,97.549,333.719
333.796,220.735,97.549,333.719
330.901,214.062,95.468,326.602
334.229,209.072,93.432,319.637
335.979,207.204,91.440,312.821
339.167,212.753,89.490,306.150
339.917,207.509,89.490,306.150
345.160,209.756,89.490,306.150
348.905,203.015,89.490,306.150
349.137,208.445,87.582,299.621
353.604,215.173,85.714,293.232
351.452,221.630,85.714,293.232
356.474,230.957,85.714,293.232
351.164,238.924,83.886,286.978
355.336,243.763,85.742,293.328
349.175,242.751,87.639,299.818
345.507,244.952,87.639,299.818
344.774,248.620,87.639,299.818
338.172,250.821,87.639,299.818
334.504,251.554,87.639,299.818
329.369,253.755,87.639,299.818
325.354,252.002,85.770,293.424
323.200,257.028,85.770,293.424
315.303,249.131,85.770,293.424
308.606,244.648,83.941,287.167
306.498,236.919,83.941,287.167
302.653,232.532,82.151,281.043
293.713,231.844,82.151,281.043
297.903,228.876,80.399,275.049
304.598,228.565,78.684,269.184
302.622,230.541,78.684,269.184
309.867,233.834,78.684,269.184
310.526,225.272,78.684,269.184
319.617,232.586,77.007,263.443
322.840,237.098,77.007,263.443
324.282,233.073,75.364,257.825
331.221,241.274,75.364,257.825
337.497,247.063,73.757,252.327
338.115,253.854,73.757,252.327
337.497,259.410,73.757,252.327
342.449,262.696,72.184,246.946
340.636,257.258,72.184,246.946
345.483,260.474,70.645,241.680
344.891,261.065,70.645,241.680
349.031,261.656,70.645,241.680
346.074,252.786,70.645,241.680
347.848,243.917,70.645,241.680
348.439,236.230,70.645,241.680
353.761,234.456,70.645,241.680
357.900,232.682,70.645,241.680
361.503,228.989,69.138,236.526
366.145,224.260,67.664,231.482
365.579,219.163,67.664,231.482
369.543,215.198,67.664,231.482
373.508,218.030,67.664,231.482
378.605,221.994,67.664,231.482
383.702,225.959,67.664,231.482
382.003,225.393,67.664,231.482
383.271,227.315,66.221,226.546
385.579,228.128,64.809,221.715
382.611,234.152,63.427,216.986
379.705,239.024,62.074,212.359
380.867,244.794,60.750,207.830
375.274,241.234,60.750,207.830
369.681,239.709,60.750,207.830
362.977,237.514,59.455,203.398
357.502,238.012,59.455,203.398
350.941,235.863,58.187,199.061
342.718,237.198,59.474,203.465
332.247,234.431,60.790,207.967
324.712,229.491,62.135,212.568
323.151,220.649,62.135,212.568
319.766,218.837,63.510,217.271
314.100,220.295,64.915,222.078
317.903,223.011,64.915,222.078
314.100,223.555,64.915,222.078
311.383,216.491,64.915,222.078
318.446,218.121,64.915,222.078
322.250,211.057,64.915,222.078
326.053,214.861,64.915,222.078
322.250,217.578,64.915,222.078
327.140,221.381,64.915,222.078
325.510,227.358,64.915,222.078
332.574,234.422,64.915,222.078
337.464,239.312,64.915,222.078
345.614,243.116,64.915,222.078
353.765,248.006,64.915,222.078
361.915,252.896,64.915,222.078
367.892,254.526,64.915,222.078
371.695,258.330,64.915,222.078
376.586,258.873,64.915,222.078
380.389,260.503,64.915,222.078
377.980,259.737,66.351,226.992
378.535,254.739,66.351,226.992
382.423,255.294,66.351,226.992
379.646,251.407,66.351,226.992
383.534,254.184,66.351,226.992
379.646,250.296,66.351,226.992
382.945,254.123,67.819,232.014
380.107,255.826,67.819,232.014
376.133,256.394,67.819,232.014
373.295,256.962,67.819,232.014
370.778,251.450,69.320,237.147
365.556,247.389,69.320,237.147
361.494,251.450,69.320,237.147
353.951,246.228,69.320,237.147
351.050,247.969,69.320,237.147
344.668,243.907,69.320,237.147
340.606,245.648,69.320,237.147
334.224,241.586,69.320,237.147
329.002,245.648,69.320,237.147
320.298,240.426,69.320,237.147
311.595,242.166,69.320,237.147
302.891,239.265,69.320,237.147
294.299,237.244,70.854,242.394
287.775,239.023,70.854,242.394
280.065,239.616,70.854,242.394
272.355,239.023,70.854,242.394
263.459,240.802,70.854,242.394
255.750,243.768,70.854,242.394
248.040,247.919,70.854,242.394
241.516,248.512,70.854,242.394
233.806,253.850,70.854,242.394
228.469,259.187,70.854,242.394
221.945,265.711,70.854,242.394
208.240,252.569,72.421,247.757
201.572,241.052,72.421,247.757
194.904,245.295,72.421,247.757
188.236,260.450,72.421,247.757
179.143,270.755,72.421,247.757
170.166,267.385,74.024,253.239
163.561,261.370,75.661,258.842
167.324,253.907,77.335,264.568
168.483,242.249,79.046,270.422
165.549,224.842,80.795,276.405
166.225,211.993,80.795,276.405
174.453,218.057,82.583,282.521
182.057,224.278,82.583,282.521
193.335,231.910,84.410,288.771
199.694,219.899,84.410,288.771
208.289,229.166,86.278,295.160
217.677,241.442,86.278,295.160
226.463,250.914,88.187,301.691
233.912,236.090,90.138,308.366
239.959,222.502,92.132,315.188
239.740,231.017,94.170,322.162
246.834,238.111,94.170,322.162
250.776,249.934,94.170,322.162
257.094,252.095,96.254,329.290
251.454,257.735,96.254,329.290
254.569,244.897,98.384,336.575
256.044,236.902,100.560,344.022
261.936,224.276,100.560,344.022
267.828,225.118,100.560,344.022
266.986,229.327,100.560,344.022
267.828,221.751,100.560,344.022
270.353,224.276,100.560,344.022
274.561,231.852,100.560,344.022
268.669,219.226,100.560,344.022
275.416,219.787,102.785,351.634
271.115,212.044,102.785,351.634
273.696,209.463,102.785,351.634
269.881,201.110,105.059,359.413
274.278,205.506,105.059,359.413
268.122,201.110,105.059,359.413
263.725,210.783,105.059,359.413
268.950,220.492,107.384,367.365
273.444,230.379,107.384,367.365
269.458,216.057,109.760,375.493
279.564,226.163,109.760,375.493
285.995,221.570,109.760,375.493
292.426,229.838,109.760,375.493
298.857,217.895,109.760,375.493
301.613,209.626,109.760,375.493
309.882,208.707,109.760,375.493
319.988,202.276,109.760,375.493
333.768,208.707,109.760,375.493
347.549,213.301,109.760,375.493
350.305,210.545,109.760,375.493
357.670,213.063,112.188,383.801
365.197,215.637,114.670,392.293
369.996,203.160,114.670,392.293
376.715,196.441,114.670,392.293
368.076,185.883,114.670,392.293
378.634,190.682,114.670,392.293
373.835,199.320,114.670,392.293
377.833,187.776,112.225,383.927
369.770,196.198,114.708,392.421
364.515,182.799,112.262,384.053
361.183,182.366,109.868,375.863
351.068,186.964,109.868,375.863
355.666,171.330,109.868,375.863
354.746,163.054,109.868,375.863
359.344,173.170,109.868,375.863
347.389,174.089,109.868,375.863
338.810,184.302,107.525,367.847
339.710,192.402,107.525,367.847
326.210,198.702,107.525,367.847
314.510,188.802,107.525,367.847
325.459,193.136,109.904,375.986
317.563,191.840,112.335,384.305
325.100,186.613,114.821,392.808
312.861,185.259,117.361,401.498
298.314,179.798,119.958,410.382
298.028,167.966,122.612,419.461
286.739,160.782,122.612,419.461
291.871,159.756,122.612,419.461
288.792,158.730,122.612,419.461
277.502,159.756,122.612,419.461
287.713,169.175,119.997,410.516
283.259,165.675,122.652,419.599
274.019,162.596,122.652,419.599
275.858,161.149,125.366,428.882
266.850,157.493,128.139,438.371
275.448,162.659,130.974,448.070
261.196,159.370,130.974,448.070
264.485,162.659,130.974,448.070
262.711,162.153,128.181,438.515
272.367,171.809,128.181,438.515
274.289,168.071,131.017,448.217
286.352,177.941,131.017,448.217
299.694,178.672,133.916,458.134
284.916,188.959,131.060,448.364
299.177,190.056,131.060,448.364
312.205,187.435,128.265,438.803
311.132,184.214,128.265,438.803
332.161,173.371,125.530,429.445
354.767,178.962,122.853,420.287
351.682,169.708,122.853,420.287
369.841,175.180,120.233,411.324
375.973,182.476,117.669,402.553
381.975,168.731,115.160,393.968
376.699,158.996,112.704,385.567
375.173,149.468,110.301,377.344
381.636,155.931,110.301,377.344
386.252,162.393,110.301,377.344
390.868,168.856,110.301,377.344
384.405,173.472,110.301,377.344
381.636,168.856,110.301,377.344
380.712,173.472,110.301,377.344
389.021,176.242,110.301,377.344
396.427,181.155,107.948,369.297
388.295,176.638,107.948,369.297
380.163,177.541,107.948,369.297
387.410,182.350,105.646,361.422
382.989,183.234,105.646,361.422
378.149,179.417,103.393,353.715
382.476,183.744,103.393,353.715
376.418,172.493,103.393,353.715
370.360,164.704,103.393,353.715
365.623,162.637,101.189,346.171
365.886,162.246,99.031,338.789
370.030,164.733,99.031,338.789
365.886,157.273,99.031,338.789
360.083,151.470,99.031,338.789
361.938,144.696,96.919,331.565
365.317,153.705,94.852,324.494
369.287,160.851,94.852,324.494
371.669,172.760,94.852,324.494
368.854,172.393,92.829,317.574
374.293,180.940,92.829,317.574
373.516,183.271,92.829,317.574
369.631,187.156,92.829,317.574
375.070,192.596,92.829,317.574
371.185,193.373,92.829,317.574
379.732,200.366,92.829,317.574
377.401,202.697,92.829,317.574
368.854,195.704,92.829,317.574
371.858,197.833,94.883,324.600
371.064,193.862,94.883,324.600
373.446,189.891,94.883,324.600
379.006,193.862,94.883,324.600
371.597,190.434,92.860,317.678
374.602,184.501,94.914,324.707
369.041,177.350,94.914,324.707
370.463,167.989,97.014,331.891
371.275,157.432,97.014,331.891
370.463,150.124,97.014,331.891
369.651,141.191,97.014,331.891
370.463,133.883,97.014,331.891
374.524,136.319,97.014,331.891
370.463,140.379,97.014,331.891
372.899,146.064,97.014,331.891
368.839,151.748,97.014,331.891
368.027,152.560,97.014,331.891
368.279,163.143,94.945,324.813
367.484,168.706,94.945,324.813
360.332,171.090,94.945,324.813
353.179,173.474,94.945,324.813
342.848,175.858,94.945,324.813
340.030,183.152,92.921,317.886
328.364,177.707,92.921,317.886
322.608,184.845,90.939,311.107
317.279,177.994,90.939,311.107
313.113,180.578,89.000,304.473
311.908,180.234,87.102,297.980
312.637,182.422,87.102,297.980
310.450,181.693,87.102,297.980
312.637,185.338,87.102,297.980
304.866,181.285,89.029,304.573
304.121,182.030,89.029,304.573
297.414,184.266,89.029,304.573
295.179,179.049,89.029,304.573
301.156,188.761,87.130,298.078
301.885,192.408,87.130,298.078
297.893,190.666,85.272,291.721
300.035,198.517,85.272,291.721
297.893,193.521,85.272,291.721
298.607,197.089,85.272,291.721
303.603,203.513,85.272,291.721
299.697,207.312,83.454,285.500
295.874,215.069,81.674,279.412
120.812,222.661,79.932,273.453
126.833,219.315,79.932,273.453
129.420,221.149,81.701,279.503
124.633,217.730,81.701,279.503
130.114,221.023,83.509,285.687
126.619,220.324,83.509,285.687
130.114,222.421,83.509,285.687
129.415,225.916,83.509,285.687
131.512,222.421,83.509,285.687
136.405,225.916,83.509,285.687
137.104,219.625,83.509,285.687
140.599,223.120,83.509,285.687
141.298,219.625,83.509,285.687
144.793,223.120,83.509,285.687
145.492,221.023,83.509,285.687
148.987,223.120,83.509,285.687
151.084,222.421,83.509,285.687
151.783,223.120,83.509,285.687
155.278,226.615,83.509,285.687
155.977,221.722,83.509,285.687
158.074,225.217,83.509,285.687
158.773,225.916,83.509,285.687
158.074,223.819,83.509,285.687
162.967,228.712,83.509,285.687
160.870,223.819,83.509,285.687
164.365,230.110,83.509,285.687
166.462,229.411,83.509,285.687
167.161,227.314,83.509,285.687
165.064,222.421,83.509,285.687
171.355,225.916,83.509,285.687
172.054,221.023,83.509,285.687
176.947,218.926,83.509,285.687
177.646,216.829,83.509,285.687
183.937,218.926,83.509,285.687
187.431,218.227,83.509,285.687
191.691,217.905,81.728,279.595
196.479,221.325,81.728,279.595
198.531,217.905,81.728,279.595
201.381,218.908,79.985,273.632
204.728,219.578,79.985,273.632
206.737,218.908,79.985,273.632
210.084,218.239,79.985,273.632
210.754,216.230,79.985,273.632
209.671,214.631,78.279,267.797
212.947,216.596,78.279,267.797
208.098,212.505,76.610,262.086
209.533,219.626,74.976,256.497
207.650,215.233,74.976,256.497
208.277,220.881,74.976,256.497
203.884,213.978,74.976,256.497
199.491,217.116,74.976,256.497
195.098,216.488,74.976,256.497
190.454,219.828,73.377,251.027
187.092,221.913,71.812,245.674
182.885,220.109,71.812,245.674
178.972,223.004,73.401,251.110
174.425,221.536,71.836,245.755
171.419,224.543,71.836,245.755
166.007,222.739,71.836,245.755
161.798,222.138,71.836,245.755
156.387,221.536,71.836,245.755
150.975,219.733,71.836,245.755
145.564,221.536,71.836,245.755
138.949,220.935,71.836,245.755
132.181,222.976,70.304,240.514
125.708,223.564,70.304,240.514
120.412,225.330,70.304,240.514
115.116,225.918,70.304,240.514
109.819,225.330,70.304,240.514
105.700,228.272,70.304,240.514
103.935,226.507,70.304,240.514
102.169,228.272,70.304,240.514
98.050,227.684,70.304,240.514
97.462,227.095,70.304,240.514
99.227,228.861,70.304,240.514
95.108,224.741,70.304,240.514
94.156,227.873,68.805,235.385
93.580,226.145,68.805,235.385
93.004,226.721,68.805,235.385
91.276,224.994,68.805,235.385
94.156,226.721,68.805,235.385
91.276,226.145,68.805,235.385
91.852,225.569,68.805,235.385
93.580,228.449,68.805,235.385
96.460,231.329,68.805,235.385
97.036,233.056,68.805,235.385
98.763,230.177,68.805,235.385
102.795,231.904,68.805,235.385
105.674,232.480,68.805,235.385
106.250,229.601,68.805,235.385
108.649,228.225,67.338,230.365
110.340,227.661,67.338,230.365
110.904,227.098,67.338,230.365
112.595,227.661,67.338,230.365
113.158,228.225,67.338,230.365
110.340,229.916,67.338,230.365
106.395,225.970,67.338,230.365
103.576,227.661,67.338,230.365
100.492,226.315,65.902,225.453
97.733,229.073,65.902,225.453
94.975,226.315,65.902,225.453
94.424,229.073,65.902,225.453
91.666,229.624,65.902,225.453
87.804,224.660,65.902,225.453
85.046,220.799,65.902,225.453
83.392,218.041,65.902,225.453
85.046,218.592,65.902,225.453
86.701,221.350,65.902,225.453
83.943,221.902,65.902,225.453
85.598,223.557,65.902,225.453
83.943,220.799,65.902,225.453
88.368,225.861,64.496,220.645
88.907,228.560,64.496,220.645
91.607,230.180,64.496,220.645
94.306,232.879,64.496,220.645
99.165,236.658,64.496,220.645
101.864,240.437,64.496,220.645
104.563,243.136,64.496,220.645
103.690,240.806,63.121,215.939
105.275,241.334,63.121,215.939
104.420,239.053,61.775,211.334
107.005,240.605,61.775,211.334
110.625,244.224,61.775,211.334
113.210,246.810,61.775,211.334
113.727,249.395,61.775,211.334
110.108,250.946,61.775,211.334
111.659,247.327,61.775,211.334
108.040,242.673,61.775,211.334
106.488,236.985,61.775,211.334
103.903,231.297,61.775,211.334
103.756,229.496,63.141,216.010
106.399,226.853,63.141,216.010
101.642,225.268,63.141,216.010
97.942,225.796,63.141,216.010
94.243,227.382,63.141,216.010
91.600,221.568,63.141,216.010
88.958,215.755,63.141,216.010
87.372,210.998,63.141,216.010
86.844,207.298,63.141,216.010
84.201,207.827,63.141,216.010
81.559,208.356,63.141,216.010
83.144,209.941,63.141,216.010
78.388,213.641,63.141,216.010
73.631,213.112,63.141,216.010
72.045,217.869,63.141,216.010
68.346,221.568,63.141,216.010
66.760,218.926,63.141,216.010
63.061,224.739,63.141,216.010
58.304,219.983,63.141,216.010
53.548,215.226,63.141,216.010
50.107,216.675,64.538,220.789
48.833,223.760,65.966,225.674
51.594,228.730,65.966,225.674
54.958,230.604,64.560,220.862
57.660,230.063,64.560,220.862
56.039,231.684,64.560,220.862
58.128,232.044,65.988,225.748
51.911,228.595,64.581,220.934
56.776,232.379,64.581,220.934
59.479,231.839,64.581,220.934
63.812,233.320,66.010,225.822
65.469,223.928,66.010,225.822
66.022,217.850,66.010,225.822
68.784,221.718,66.010,225.822
73.216,216.137,64.602,221.007
80.245,218.841,64.602,221.007
87.275,222.626,64.602,221.007
107.318,230.840,66.031,225.896
115.189,238.090,67.492,230.894
113.494,233.005,67.492,230.894
105.128,228.693,68.985,236.003
108.558,225.483,70.512,241.224
101.043,219.753,72.072,246.562
104.059,222.769,72.072,246.562
109.488,229.405,72.072,246.562
105.265,232.421,72.072,246.562
102.590,227.816,73.666,252.017
99.507,223.500,73.666,252.017
101.357,222.883,73.666,252.017
93.505,215.617,75.296,257.593
96.657,217.508,75.296,257.593
93.505,215.617,75.296,257.593
88.095,214.729,76.962,263.292
86.163,217.950,76.962,263.292
81.969,219.716,78.665,269.117
78.677,211.156,78.665,269.117
75.385,215.765,78.665,269.117
69.459,209.839,78.665,269.117
66.167,213.131,78.665,269.117
61.557,213.790,78.665,269.117
54.315,214.448,78.665,269.117
49.705,216.424,78.665,269.117
42.687,220.961,80.405,275.071
37.976,229.710,80.405,275.071
33.595,239.934,82.184,281.157
29.117,243.247,84.003,287.378
21.383,236.919,84.003,287.378
26.305,246.060,84.003,287.378
24.646,247.987,85.861,293.736
19.615,240.081,85.861,293.736
25.376,245.034,87.761,300.235
29.740,243.999,89.703,306.878
33.494,232.736,89.703,306.878
29.740,222.975,89.703,306.878
41.003,231.235,89.703,306.878
50.764,234.989,89.703,306.878
57.521,228.231,89.703,306.878
65.098,231.847,91.687,313.667
61.695,224.396,93.716,320.607
69.610,215.153,95.789,327.701
76.826,212.747,95.789,327.701
82.439,208.738,95.789,327.701
89.655,204.730,95.789,327.701
96.871,208.738,95.789,327.701
100.880,199.919,95.789,327.701
101.682,207.135,95.789,327.701
110.501,209.540,95.789,327.701
108.096,202.324,95.789,327.701
112.105,211.144,95.789,327.701
117.717,216.756,95.789,327.701
116.916,207.937,95.789,327.701
119.321,213.549,95.789,327.701
121.726,207.937,95.789,327.701
127.339,215.153,95.789,327.701
124.933,207.937,95.789,327.701
136.001,221.477,93.747,320.713
141.494,214.415,93.747,320.713
146.987,223.047,93.747,320.713
147.772,217.554,93.747,320.713
154.834,223.047,93.747,320.713
157.188,219.123,93.747,320.713
157.972,224.616,93.747,320.713
160.327,217.554,93.747,320.713
165.819,224.616,93.747,320.713
160.327,219.123,93.747,320.713
167.389,223.047,93.747,320.713
161.896,217.554,93.747,320.713
162.139,226.268,91.748,313.873
160.897,221.472,89.791,307.180
163.152,217.714,89.791,307.180
160.897,216.963,89.791,307.180
160.145,213.205,89.791,307.180
167.622,218.654,87.876,300.629
163.945,214.976,87.876,300.629
170.565,218.654,87.876,300.629
166.887,212.034,87.876,300.629
173.507,217.183,87.876,300.629
168.358,214.976,87.876,300.629
164.680,212.769,87.876,300.629
170.580,222.355,86.002,294.218
165.541,217.316,86.002,294.218
166.261,222.355,86.002,294.218
165.541,218.756,86.002,294.218
164.821,222.355,86.002,294.218
165.541,225.955,86.002,294.218
160.502,220.916,86.002,294.218
160.297,225.876,87.905,300.728
157.035,217.206,89.850,307.381
159.291,223.974,89.850,307.381
152.835,213.552,91.838,314.182
160.483,222.088,89.879,307.482
158.226,218.326,89.879,307.482
163.492,220.583,89.879,307.482
159.730,222.840,89.879,307.482
160.483,225.097,89.879,307.482
159.730,227.354,89.879,307.482
163.492,226.602,89.879,307.482
160.156,228.664,91.868,314.285
159.937,218.007,93.901,321.239
165.439,225.081,93.901,321.239
163.081,218.007,93.901,321.239
167.011,225.081,93.901,321.239
160.264,215.819,95.978,328.346
170.708,224.656,95.978,328.346
166.691,217.426,95.978,328.346
164.281,211.802,95.978,328.346
171.511,219.033,95.978,328.346
167.495,218.229,95.978,328.346
163.932,218.764,98.102,335.611
163.111,211.374,98.102,335.611
160.648,213.837,98.102,335.611
163.822,221.200,100.272,343.036
153.134,211.310,102.491,350.626
149.330,208.321,104.758,358.383
144.946,202.183,104.758,358.383
142.316,196.045,104.758,358.383
151.961,205.690,104.758,358.383
149.330,201.306,104.758,358.383
158.179,209.168,107.076,366.313
152.345,207.905,109.445,374.417
164.254,216.150,109.445,374.417
163.338,217.066,109.445,374.417
171.583,221.646,109.445,374.417
170.667,218.898,109.445,374.417
179.911,221.409,111.867,382.701
177.102,209.237,111.867,382.701
187.401,212.046,111.867,382.701
186.465,203.619,111.867,382.701
193.020,198.937,111.867,382.701
188.338,192.382,111.867,382.701
185.529,180.210,111.867,382.701
191.091,175.005,114.342,391.168
184.392,166.391,114.342,391.168
183.435,157.777,114.342,391.168
182.478,154.906,114.342,391.168
179.085,152.620,111.903,382.827
181.895,157.303,111.903,382.827
179.085,152.620,111.903,382.827
183.768,161.050,111.903,382.827
190.325,169.480,111.903,382.827
185.641,177.910,111.903,382.827
186.578,188.213,111.903,382.827
181.895,196.643,111.903,382.827
179.085,203.199,111.903,382.827
173.958,202.767,109.517,374.663
167.541,203.684,109.517,374.663
161.125,195.434,109.517,374.663
156.541,196.351,109.517,374.663
148.291,189.934,109.517,374.663
141.507,187.744,107.181,366.673
138.815,183.258,107.181,366.673
132.535,175.184,107.181,366.673
128.050,167.110,107.181,366.673
125.358,173.390,107.181,366.673
137.021,168.904,107.181,366.673
134.330,168.007,107.181,366.673
131.638,159.933,107.181,366.673
140.691,162.392,109.553,374.786
132.438,152.305,109.553,374.786
144.359,158.724,109.553,374.786
151.714,168.907,107.216,366.793
142.148,171.367,109.589,374.909
137.562,164.946,109.589,374.909
151.992,175.132,107.252,366.913
145.708,176.030,107.252,366.913
159.174,180.519,107.252,366.913
156.481,185.007,107.252,366.913
168.873,189.785,104.964,359.089
165.758,194.460,102.726,351.431
164.898,191.881,102.726,351.431
176.768,198.114,100.535,343.937
170.877,195.590,100.535,343.937
163.653,189.166,102.760,351.546
161.073,183.145,102.760,351.546
170.534,187.446,102.760,351.546
173.115,181.425,102.760,351.546
168.814,171.963,102.760,351.546
178.276,164.222,102.760,351.546
175.695,158.201,102.760,351.546
183.436,153.901,102.760,351.546
191.178,158.201,102.760,351.546
186.877,160.782,102.760,351.546
196.338,165.082,102.760,351.546
188.955,160.301,105.033,359.324
198.626,164.697,105.033,359.324
191.079,163.458,107.357,367.275
199.166,167.951,107.357,367.275
191.079,174.241,107.357,367.275
195.572,178.734,107.357,367.275
187.189,183.517,105.068,359.442
181.465,182.278,107.392,367.395
187.757,186.772,107.392,367.395
176.071,184.075,107.392,367.395
175.172,181.379,107.392,367.395
179.667,184.075,107.392,367.395
175.172,179.581,107.392,367.395
183.262,185.873,107.392,367.395
178.768,183.176,107.392,367.395
186.858,187.671,107.392,367.395
181.938,185.524,105.102,359.560
186.337,188.163,105.102,359.560
181.938,183.764,105.102,359.560
188.096,189.922,105.102,359.560
181.938,189.042,105.102,359.560
182.818,189.922,105.102,359.560
181.938,192.561,105.102,359.560
179.299,189.922,105.102,359.560
176.660,194.321,105.102,359.560
172.261,189.922,105.102,359.560
166.103,185.524,105.102,359.560
167.679,187.935,107.428,367.515
159.586,181.641,107.428,367.515
156.888,184.338,107.428,367.515
150.594,181.641,107.428,367.515
158.687,186.137,107.428,367.515
148.795,183.439,107.428,367.515
137.345,174.709,109.804,375.647
147.455,184.819,109.804,375.647
139.183,178.385,109.804,375.647
143.779,182.981,109.804,375.647
131.830,176.547,109.804,375.647
140.102,181.142,109.804,375.647
129.992,174.709,109.804,375.647
136.426,179.304,109.804,375.647
128.154,172.871,109.804,375.647
132.749,173.790,109.804,375.647
126.316,171.032,109.804,375.647
129.073,168.275,109.804,375.647
126.316,172.871,109.804,375.647
121.720,168.275,109.804,375.647
131.830,174.709,109.804,375.647
118.044,170.113,109.804,375.647
122.639,174.709,109.804,375.647
118.044,170.113,109.804,375.647
122.639,178.385,109.804,375.647
119.882,171.951,109.804,375.647
123.435,174.471,112.234,383.958
116.859,166.016,112.234,383.958
123.435,176.350,112.234,383.958
121.915,174.105,109.840,375.770
126.512,180.541,109.840,375.770
118.238,174.105,109.840,375.770
126.512,182.380,109.840,375.770
131.109,185.138,109.840,375.770
120.996,176.864,109.840,375.770
126.458,177.476,112.271,384.084
124.938,175.231,109.876,375.893
131.376,177.990,109.876,375.893
123.098,182.588,109.876,375.893
129.536,185.348,109.876,375.893
121.259,186.267,109.876,375.893
129.536,185.348,109.876,375.893
121.259,184.428,109.876,375.893
127.697,187.187,109.876,375.893
117.580,180.749,109.876,375.893
127.697,185.348,109.876,375.893
115.985,176.418,112.307,384.210
123.521,178.995,114.792,392.710
114.873,174.191,114.792,392.710
119.677,175.152,114.792,392.710
111.030,170.347,114.792,392.710
117.756,177.073,114.792,392.710
107.186,172.269,114.792,392.710
117.756,178.995,114.792,392.710
119.476,175.648,117.332,401.399
110.637,168.773,117.332,401.399
114.728,173.999,114.830,392.839
108.000,167.271,114.830,392.839
118.573,173.999,114.830,392.839
111.460,175.409,112.381,384.462
121.807,181.994,112.381,384.462
115.222,182.934,112.381,384.462
123.688,189.519,112.381,384.462
115.222,186.697,112.381,384.462
125.570,191.400,112.381,384.462
120.866,192.341,112.381,384.462
132.310,198.823,114.868,392.968
127.503,199.784,114.868,392.968
126.541,194.977,114.868,392.968
133.272,199.784,114.868,392.968
128.464,194.977,114.868,392.968
139.040,201.707,114.868,392.968
132.310,196.900,114.868,392.968
135.195,194.016,114.868,392.968
134.233,189.208,114.868,392.968
140.963,182.478,114.868,392.968
132.710,167.158,117.409,401.662
137.624,162.244,117.409,401.662
128.779,151.434,117.409,401.662
137.624,152.417,117.409,401.662
143.612,153.858,114.905,393.097
136.494,149.706,112.455,384.714
143.083,148.765,112.455,384.714
140.259,144.058,112.455,384.714
148.730,148.765,112.455,384.714
157.202,151.589,112.455,384.714
146.848,148.765,112.455,384.714
159.084,157.236,112.455,384.714
152.495,150.647,112.455,384.714
162.849,153.471,112.455,384.714
170.399,167.553,110.057,376.510
165.793,175.844,110.057,376.510
171.406,189.625,107.710,368.481
168.210,197.899,105.413,360.623
174.386,204.076,105.413,360.623
171.258,213.874,103.165,352.932
176.520,221.799,100.965,345.406
179.055,227.714,100.965,345.406
177.688,235.470,98.812,338.040
183.477,239.605,98.812,338.040
180.545,236.035,96.704,330.831
182.973,238.464,96.704,330.831
178.543,241.211,94.642,323.776
184.088,242.003,94.642,323.776
178.543,238.042,94.642,323.776
180.920,238.834,94.642,323.776
175.763,231.143,96.736,330.940
181.431,231.953,96.736,330.940
175.763,229.524,96.736,330.940
176.573,223.856,96.736,330.940
179.002,227.904,96.736,330.940
174.954,231.953,96.736,330.940
174.144,232.763,96.736,330.940
174.954,235.192,96.736,330.940
171.363,235.731,98.876,338.262
170.536,236.559,98.876,338.262
169.708,235.731,98.876,338.262
164.321,229.413,101.064,345.746
165.167,233.643,101.064,345.746
157.905,225.430,103.300,353.395
162.228,231.482,103.300,353.395
156.176,223.700,103.300,353.395
152.342,222.482,105.586,361.214
144.755,212.068,107.922,369.206
140.239,212.971,107.922,369.206
145.743,223.003,105.620,361.333
143.091,218.582,105.620,361.333
149.279,221.234,105.620,361.333
139.856,208.982,107.957,369.327
146.181,215.308,107.957,369.327
138.424,204.659,110.346,377.498
147.613,218.477,107.993,369.448
136.102,205.950,110.382,377.622
127.787,199.482,110.382,377.622
137.950,207.797,110.382,377.622
128.102,191.159,112.824,385.977
123.380,192.103,112.824,385.977
121.152,194.692,115.320,394.517
112.465,184.074,115.320,394.517
125.013,192.761,115.320,394.517
118.256,199.518,115.320,394.517
126.944,204.344,115.320,394.517
118.256,195.657,115.320,394.517
126.944,202.414,115.320,394.517
118.256,195.657,115.320,394.517
115.979,200.306,117.872,403.245
107.510,182.538,120.480,412.167
116.586,191.614,120.480,412.167
119.611,200.690,120.480,412.167
112.552,187.580,120.480,412.167
121.628,200.690,120.480,412.167
115.064,184.621,123.145,421.287
122.279,198.021,123.145,421.287
119.187,190.806,123.145,421.287
127.455,204.239,120.519,412.302
127.168,207.004,123.186,421.425
124.075,201.849,123.186,421.425
120.981,209.067,123.186,421.425
132.323,214.222,123.186,421.425
123.044,207.004,123.186,421.425
126.137,214.222,123.186,421.425
116.857,207.004,123.186,421.425
124.075,220.409,123.186,421.425
116.857,209.067,123.186,421.425
117.888,216.284,123.186,421.425
110.257,209.846,120.559,412.438
115.303,214.891,120.559,412.438
105.889,206.645,117.988,403.642
114.777,213.558,117.988,403.642
103.914,202.694,117.988,403.642
114.777,211.583,117.988,403.642
103.914,198.744,117.988,403.642
112.802,203.682,117.988,403.642
105.889,196.769,117.988,403.642
115.714,205.832,115.472,395.034
108.949,199.066,115.472,395.034
119.580,209.698,115.472,395.034
118.017,209.252,113.009,386.610
128.422,215.874,113.009,386.610
119.909,209.252,113.009,386.610
128.422,217.766,113.009,386.610
133.151,218.712,113.009,386.610
124.638,208.307,113.009,386.610
134.049,216.987,110.599,378.366
125.717,208.656,110.599,378.366
134.049,216.987,110.599,378.366
131.272,208.656,110.599,378.366
134.049,211.433,110.599,378.366
125.717,203.101,110.599,378.366
130.346,209.581,110.599,378.366
125.717,203.101,110.599,378.366
122.940,200.324,110.599,378.366
119.658,203.466,108.241,370.297
114.699,203.048,105.932,362.400
115.586,202.162,105.932,362.400
116.472,210.142,105.932,362.400
108.492,205.708,105.932,362.400
105.832,213.688,105.932,362.400
106.719,219.895,105.932,362.400
98.739,211.915,105.932,362.400
96.079,218.122,105.932,362.400
88.099,215.462,105.932,362.400
93.501,228.727,103.673,354.672
85.691,220.917,103.673,354.672
81.352,223.520,103.673,354.672
82.220,229.595,103.673,354.672
74.125,225.849,101.462,347.108
76.673,231.794,101.462,347.108
68.750,229.765,99.299,339.706
77.893,240.570,99.299,339.706
73.737,239.739,99.299,339.706
81.218,243.894,99.299,339.706
72.075,239.739,99.299,339.706
77.893,245.557,99.299,339.706
73.737,243.063,99.299,339.706
72.906,247.219,99.299,339.706
67.088,241.401,99.299,339.706
61.270,238.907,99.299,339.706
55.452,234.752,99.299,339.706
62.932,232.258,99.299,339.706
60.439,228.102,99.299,339.706
69.582,230.596,99.299,339.706
62.101,223.115,99.299,339.706
69.582,225.609,99.299,339.706
62.101,219.791,99.299,339.706
57.945,222.284,99.299,339.706
53.790,216.466,99.299,339.706
49.634,217.297,99.299,339.706
45.085,212.107,97.181,332.462
44.271,217.801,97.181,332.462
38.577,210.480,97.181,332.462
42.645,211.294,97.181,332.462
40.204,207.227,97.181,332.462
49.152,206.413,97.181,332.462
52.297,201.891,99.331,339.818
56.454,197.734,99.331,339.818
52.767,200.013,101.529,347.336
57.016,200.863,101.529,347.336
62.065,204.956,103.775,355.021
69.028,207.337,106.071,362.876
73.467,213.552,106.071,362.876
83.233,226.870,106.071,362.876
87.672,240.187,106.071,362.876
96.632,246.305,108.418,370.904
102.984,245.398,108.418,370.904
115.907,253.535,110.817,379.111
127.966,254.462,110.817,379.111
140.024,244.259,110.817,379.111
153.234,256.425,113.269,387.498
167.455,259.269,113.269,387.498
162.714,264.010,113.269,387.498
173.143,261.165,113.269,387.498
173.437,271.694,110.853,379.235
178.077,252.209,110.853,379.235
177.149,236.435,110.853,379.235
183.644,241.074,110.853,379.235
177.149,234.579,110.853,379.235
