110.000,101.000,30.000,91.000
112.113,103.574,30.000,91.000
112.499,100.894,30.664,93.013
110.850,101.601,30.664,93.013
112.499,103.250,30.664,93.013
111.321,104.428,30.664,93.013
113.913,107.491,30.664,93.013
109.907,104.262,31.342,95.071
107.312,101.961,32.036,97.175
104.604,100.730,32.036,97.175
106.327,99.499,32.036,97.175
116.954,88.976,32.744,99.325
119.462,82.918,33.469,101.522
116.158,78.860,34.209,103.768
116.597,76.348,34.966,106.064
113.144,77.684,35.740,108.411
111.222,79.606,35.740,108.411
110.398,77.134,35.740,108.411
105.730,77.360,36.531,110.810
102.122,78.755,37.339,113.261
101.262,83.632,37.339,113.261
101.741,78.509,38.165,115.767
101.448,82.321,38.165,115.767
103.156,80.736,39.009,118.329
103.035,79.116,39.872,120.947
101.984,85.426,39.022,118.367
102.689,88.711,38.190,115.843
101.222,86.657,38.190,115.843
100.215,88.175,37.376,113.373
100.337,90.214,36.579,110.955
99.493,89.371,36.579,110.955
99.963,86.102,37.388,113.410
101.040,83.954,38.215,115.919
100.159,83.660,38.215,115.919
100.453,82.779,38.215,115.919
100.159,81.898,38.215,115.919
98.104,81.018,38.215,115.919
96.158,77.603,39.061,118.484
92.924,74.735,39.925,121.105
90.163,74.428,39.925,121.105
89.702,81.337,39.073,118.523
89.250,85.205,38.240,115.995
87.675,88.425,37.425,113.521
85.663,88.137,37.425,113.521
83.650,90.150,37.425,113.521
81.555,91.083,36.627,111.101
80.710,89.676,36.627,111.101
83.243,91.646,36.627,111.101
81.273,90.239,36.627,111.101
80.992,88.832,36.627,111.101
85.213,91.365,36.627,111.101
88.308,92.772,36.627,111.101
89.363,90.083,37.437,113.559
87.350,88.644,37.437,113.559
85.808,89.578,36.639,111.137
87.779,88.734,36.639,111.137
85.808,87.889,36.639,111.137
84.842,91.516,35.857,108.767
84.016,91.241,35.857,108.767
84.476,88.608,36.651,111.173
83.510,91.693,35.869,108.803
83.235,90.316,35.869,108.803
85.715,91.693,35.869,108.803
83.235,91.418,35.869,108.803
86.817,93.347,35.869,108.803
83.747,94.773,35.104,106.482
81.261,95.648,34.355,104.212
80.355,95.996,33.623,101.989
80.097,95.221,33.623,101.989
78.805,94.446,33.623,101.989
79.580,93.671,33.623,101.989
81.389,95.996,33.623,101.989
79.580,95.221,33.623,101.989
80.872,96.513,33.623,101.989
82.164,95.221,33.623,101.989
80.355,94.446,33.623,101.989
82.164,93.671,33.623,101.989
79.839,92.896,33.623,101.989
82.951,94.180,34.367,104.246
81.103,92.860,34.367,104.246
80.311,91.540,34.367,104.246
81.631,92.860,34.367,104.246
83.716,93.076,35.127,106.552
81.287,91.727,35.127,106.552
83.979,90.268,35.904,108.910
83.151,92.199,35.904,108.910
82.875,91.923,35.904,108.910
82.599,91.647,35.904,108.910
82.324,91.372,35.904,108.910
81.377,92.799,35.139,106.587
80.027,90.909,35.139,106.587
82.719,89.450,35.916,108.945
80.177,92.473,35.150,106.622
79.366,91.123,35.150,106.622
81.797,92.473,35.150,106.622
80.447,91.123,35.150,106.622
81.257,92.473,35.150,106.622
79.907,91.663,35.150,106.622
81.257,93.553,35.150,106.622
78.248,92.868,34.401,104.348
76.398,92.075,34.401,104.348
79.305,93.397,34.401,104.348
77.455,92.604,34.401,104.348
81.188,92.821,35.162,106.657
79.296,90.929,35.162,106.657
82.268,92.821,35.162,106.657
79.258,93.697,34.412,104.383
82.992,93.914,35.173,106.692
79.981,94.270,34.423,104.417
82.361,96.122,34.423,104.417
80.510,93.741,34.423,104.417
78.658,93.477,34.423,104.417
76.807,92.684,34.423,104.417
75.485,91.890,34.423,104.417
74.162,91.097,34.423,104.417
72.311,89.774,34.423,104.417
74.462,93.692,33.689,102.190
71.578,91.538,32.971,100.011
73.351,91.285,32.971,100.011
71.578,89.511,32.971,100.011
69.805,88.752,32.971,100.011
71.866,91.527,32.268,97.878
73.309,91.216,32.981,100.044
71.535,89.949,32.981,100.044
72.620,93.214,32.278,97.910
74.852,92.470,32.278,97.910
76.391,95.665,31.590,95.822
75.090,94.581,30.916,93.779
