111.000,98.000,25.000,101.000
112.209,102.520,25.000,101.000
111.027,106.540,25.000,101.000
111.264,109.615,25.000,101.000
109.135,109.378,25.000,101.000
107.480,108.669,25.000,101.000
105.824,111.270,25.000,101.000
105.115,113.871,25.000,101.000
102.987,116.946,25.000,101.000
101.331,119.547,25.000,101.000
97.865,121.129,25.553,103.235
94.239,119.920,25.553,103.235
92.064,117.261,25.553,103.235
88.922,113.635,25.553,103.235
86.746,111.943,25.553,103.235
88.438,110.251,25.553,103.235
89.163,111.460,25.553,103.235
89.889,111.702,25.553,103.235
92.547,112.427,25.553,103.235
93.519,113.040,26.118,105.519
94.754,114.276,26.118,105.519
95.495,109.581,26.118,105.519
97.225,108.346,26.118,105.519
95.989,106.122,26.118,105.519
98.707,108.346,26.118,105.519
101.919,110.075,26.118,105.519
103.648,113.781,26.118,105.519
105.872,115.511,26.118,105.519
105.625,110.323,26.118,105.519
105.378,104.640,26.118,105.519
106.613,100.934,26.118,105.519
104.883,98.711,26.118,105.519
103.648,97.969,26.118,105.519
103.895,98.216,26.118,105.519
105.625,100.440,26.118,105.519
105.872,98.711,26.118,105.519
106.119,102.416,26.118,105.519
104.883,100.687,26.118,105.519
104.142,102.911,26.118,105.519
102.907,99.205,26.118,105.519
102.166,97.969,26.118,105.519
99.448,95.746,26.118,105.519
98.707,96.981,26.118,105.519
99.448,99.699,26.118,105.519
96.236,98.463,26.118,105.519
94.013,100.687,26.118,105.519
89.813,101.922,26.118,105.519
87.095,96.240,26.118,105.519
83.389,92.534,26.118,105.519
81.660,90.310,26.118,105.519
80.424,93.028,26.118,105.519
81.165,96.240,26.118,105.519
81.907,98.958,26.118,105.519
83.636,103.158,26.118,105.519
83.389,104.887,26.118,105.519
84.130,102.664,26.118,105.519
86.848,104.393,26.118,105.519
92.530,101.181,26.118,105.519
95.248,99.452,26.118,105.519
97.966,95.746,26.118,105.519
100.683,96.487,26.118,105.519
103.401,97.722,26.118,105.519
102.166,99.946,26.118,105.519
104.389,98.216,26.118,105.519
107.107,96.487,26.118,105.519
112.295,92.781,26.118,105.519
109.954,76.999,25.562,103.268
107.197,73.672,25.016,101.066
103.174,72.015,25.016,101.066
102.464,72.725,25.016,101.066
101.135,74.031,24.483,98.911
97.740,72.696,25.025,101.099
93.288,69.859,25.578,103.336
91.929,70.261,25.033,101.133
88.850,70.024,25.033,101.133
89.345,71.331,24.499,98.976
86.333,71.563,24.499,98.976
84.584,74.628,23.977,96.865
102.546,99.052,23.465,94.799
106.764,109.040,23.465,94.799
107.873,113.257,23.465,94.799
105.432,115.699,23.465,94.799
103.560,109.814,23.984,96.897
104.001,100.975,24.515,99.041
106.088,96.105,24.515,99.041
107.248,93.090,24.515,99.041
108.871,91.931,24.515,99.041
111.422,92.163,24.515,99.041
114.900,95.177,24.515,99.041
117.915,97.728,24.515,99.041
121.857,100.279,24.515,99.041
125.335,101.439,24.515,99.041
127.886,103.062,24.515,99.041
128.118,101.439,24.515,99.041
127.422,100.743,24.515,99.041
129.973,102.366,24.515,99.041
129.741,104.453,24.515,99.041
128.582,107.468,24.515,99.041
129.278,110.482,24.515,99.041
127.191,112.570,24.515,99.041
127.422,108.627,24.515,99.041
125.948,101.998,25.057,101.232
123.815,91.806,25.057,101.232
121.682,87.302,25.057,101.232
123.618,89.871,25.612,103.472
121.437,88.175,25.612,103.472
124.587,90.840,25.612,103.472
121.437,88.660,25.612,103.472
120.226,91.325,25.612,103.472
118.183,87.918,26.178,105.761
115.459,85.689,26.178,105.761
111.745,81.975,26.178,105.761
108.030,78.756,26.178,105.761
105.306,77.022,26.178,105.761
101.592,81.232,26.178,105.761
99.363,86.928,26.178,105.761
98.125,93.118,26.178,105.761
96.887,94.356,26.178,105.761
93.771,92.416,26.758,108.101
91.637,89.907,27.350,110.493
94.483,88.096,27.350,110.493
98.881,88.872,27.350,110.493
101.727,91.200,27.350,110.493
105.090,91.977,27.350,110.493
108.971,94.822,27.350,110.493
111.816,96.633,27.350,110.493
114.662,100.514,27.350,110.493
115.956,104.395,27.350,110.493
117.249,102.066,27.350,110.493
120.095,99.738,27.350,110.493
120.354,101.549,27.350,110.493
122.682,104.395,27.350,110.493
122.424,107.758,27.350,110.493
125.269,111.121,27.350,110.493
126.563,115.519,27.350,110.493
124.918,116.176,27.955,112.937
128.885,119.084,27.955,112.937
129.149,115.118,27.955,112.937
126.371,111.399,28.573,115.436
125.213,108.720,29.206,117.990
124.385,113.969,29.206,117.990
124.661,113.140,29.206,117.990
126.042,118.389,29.206,117.990
126.871,116.456,29.206,117.990
127.700,119.495,29.206,117.990
126.871,118.666,29.206,117.990
125.490,116.732,29.206,117.990
126.319,112.035,29.206,117.990
127.700,111.207,29.206,117.990
129.081,112.035,29.206,117.990
128.805,112.864,29.206,117.990
130.739,109.825,29.206,117.990
131.015,107.339,29.206,117.990
130.186,103.195,29.206,117.990
129.910,97.946,29.206,117.990
127.976,94.355,29.206,117.990
126.042,90.763,29.206,117.990
125.766,88.277,29.206,117.990
123.280,86.343,29.206,117.990
123.556,91.039,29.206,117.990
126.042,95.736,29.206,117.990
131.291,98.222,29.206,117.990
135.435,100.156,29.206,117.990
134.606,96.565,29.206,117.990
133.997,93.826,29.852,120.601
134.844,92.979,29.852,120.601
134.561,94.956,29.852,120.601
136.538,98.062,29.852,120.601
137.385,101.733,29.852,120.601
137.668,104.274,29.852,120.601
135.126,105.121,29.852,120.601
134.279,103.145,29.852,120.601
134.242,98.588,30.512,123.269
131.067,94.836,30.512,123.269
126.738,93.393,30.512,123.269
125.295,97.145,30.512,123.269
128.469,101.474,30.512,123.269
129.335,104.649,30.512,123.269
126.738,104.360,30.512,123.269
127.026,108.112,30.512,123.269
127.892,109.556,30.512,123.269
127.026,104.649,30.512,123.269
126.738,102.051,30.512,123.269
123.106,98.592,31.187,125.996
116.321,103.017,31.187,125.996
117.206,106.852,31.187,125.996
111.658,102.703,31.877,128.784
108.944,101.799,31.877,128.784
107.436,98.482,31.877,128.784
107.738,94.562,31.877,128.784
107.698,87.819,32.583,131.633
111.088,83.196,32.583,131.633
115.095,83.504,32.583,131.633
116.020,88.127,32.583,131.633
119.410,92.134,32.583,131.633
124.649,94.291,32.583,131.633
128.040,95.216,32.583,131.633
130.814,93.675,32.583,131.633
129.889,90.285,32.583,131.633
127.731,86.894,32.583,131.633
126.190,88.435,32.583,131.633
128.348,90.593,32.583,131.633
133.423,93.293,33.303,134.546
138.779,98.019,33.303,134.546
137.204,102.114,33.303,134.546
136.889,99.909,33.303,134.546
138.464,100.854,33.303,134.546
136.259,96.759,33.303,134.546
135.944,97.704,33.303,134.546
138.149,101.799,33.303,134.546
140.984,104.634,33.303,134.546
143.189,103.689,33.303,134.546
140.354,109.045,33.303,134.546
141.299,113.770,33.303,134.546
139.094,117.866,33.303,134.546
134.369,120.071,33.303,134.546
129.751,119.563,34.040,137.523
126.853,120.529,34.040,137.523
121.379,121.495,34.040,137.523
122.345,125.037,34.040,137.523
121.379,129.867,34.040,137.523
123.633,132.765,34.040,137.523
118.914,125.564,34.793,140.565
117.926,121.286,34.793,140.565
115.623,113.716,34.793,140.565
115.293,109.437,34.793,140.565
112.990,102.526,34.793,140.565
108.053,99.564,34.793,140.565
110.010,104.552,34.051,137.568
107.755,104.874,34.051,137.568
108.721,106.485,34.051,137.568
105.178,107.451,34.051,137.568
107.433,110.994,34.051,137.568
107.111,104.230,34.051,137.568
106.145,101.331,34.051,137.568
101.957,95.855,34.051,137.568
95.900,89.321,34.805,140.611
92.278,85.699,34.805,140.611
96.558,86.687,34.805,140.611
103.472,89.650,34.805,140.611
107.752,91.954,34.805,140.611
112.032,89.650,34.805,140.611
116.312,88.662,34.805,140.611
113.536,84.716,35.575,143.722
113.199,86.398,35.575,143.722
112.190,84.716,35.575,143.722
113.872,87.744,35.575,143.722
114.882,90.773,35.575,143.722
115.218,95.148,35.575,143.722
118.920,99.522,35.575,143.722
121.275,103.224,35.575,143.722
122.285,101.541,35.575,143.722
125.987,101.878,35.575,143.722
126.323,102.887,35.575,143.722
127.333,104.570,35.575,143.722
124.977,106.925,35.575,143.722
127.333,110.627,35.575,143.722
128.342,114.329,35.575,143.722
131.371,111.300,35.575,143.722
132.380,109.618,35.575,143.722
131.371,109.281,35.575,143.722
133.053,111.637,35.575,143.722
131.371,110.627,35.575,143.722
126.996,109.618,35.575,143.722
119.256,116.011,35.575,143.722
114.882,122.405,35.575,143.722
115.891,125.434,35.575,143.722
113.536,124.424,35.575,143.722
115.891,122.069,35.575,143.722
113.536,118.367,35.575,143.722
111.180,117.357,35.575,143.722
110.171,114.329,35.575,143.722
112.526,113.992,35.575,143.722
115.275,114.148,36.362,146.902
112.867,117.932,36.362,146.902
108.396,114.148,36.362,146.902
108.740,111.740,36.362,146.902
105.644,110.020,36.362,146.902
103.924,109.677,36.362,146.902
102.654,110.248,35.587,143.770
100.971,114.624,35.587,143.770
102.654,117.654,35.587,143.770
99.625,117.317,35.587,143.770
104.674,121.020,35.587,143.770
108.377,122.703,35.587,143.770
112.080,123.713,35.587,143.770
112.416,122.030,35.587,143.770
110.060,122.367,35.587,143.770
104.337,122.030,35.587,143.770
103.327,120.347,35.587,143.770
107.704,125.396,35.587,143.770
110.733,129.773,35.587,143.770
113.090,133.475,35.587,143.770
110.060,127.753,35.587,143.770
108.377,126.743,35.587,143.770
106.694,126.406,35.587,143.770
104.337,127.416,35.587,143.770
106.694,127.753,35.587,143.770
107.704,126.070,35.587,143.770
108.713,129.099,35.587,143.770
105.011,130.109,35.587,143.770
105.347,126.406,35.587,143.770
103.664,127.416,35.587,143.770
100.634,123.713,35.587,143.770
96.932,121.357,35.587,143.770
93.229,118.327,35.587,143.770
88.179,117.317,35.587,143.770
