276.000,161.000,73.000,74.000
278.526,160.632,73.000,74.000
281.130,159.185,73.000,74.000
283.734,159.474,73.000,74.000
286.917,158.606,73.000,74.000
290.679,158.317,73.000,74.000
294.441,159.764,73.000,74.000
297.624,158.317,73.000,74.000
301.386,160.343,73.000,74.000
303.990,160.053,73.000,74.000
307.173,160.343,73.000,74.000
306.305,159.474,73.000,74.000
308.909,157.449,73.000,74.000
310.935,153.687,73.000,74.000
309.827,147.765,74.615,75.637
311.897,143.920,74.615,75.637
310.151,140.321,76.266,77.311
313.477,143.647,76.266,77.311
310.502,145.345,74.640,75.662
312.573,148.008,74.640,75.662
308.727,151.262,74.640,75.662
307.839,149.191,74.640,75.662
309.319,151.854,74.640,75.662
309.023,152.742,74.640,75.662
307.543,153.038,74.640,75.662
307.839,154.517,74.640,75.662
305.768,155.405,74.640,75.662
305.472,156.292,74.640,75.662
306.360,157.772,74.640,75.662
304.881,159.843,74.640,75.662
305.176,161.322,74.640,75.662
304.289,161.026,74.640,75.662
305.768,163.097,74.640,75.662
303.105,162.210,74.640,75.662
304.585,163.097,74.640,75.662
302.514,161.026,74.640,75.662
303.993,163.097,74.640,75.662
300.738,162.210,74.640,75.662
302.218,163.689,74.640,75.662
299.555,165.168,74.640,75.662
301.034,167.239,74.640,75.662
297.780,168.719,74.640,75.662
300.443,169.606,74.640,75.662
300.147,169.902,74.640,75.662
300.443,170.790,74.640,75.662
300.738,170.494,74.640,75.662
301.626,170.790,74.640,75.662
300.738,170.494,74.640,75.662
302.809,170.790,74.640,75.662
300.147,170.494,74.640,75.662
302.218,171.381,74.640,75.662
300.147,171.677,74.640,75.662
301.626,173.157,74.640,75.662
299.555,172.861,74.640,75.662
301.626,173.748,74.640,75.662
298.963,173.453,74.640,75.662
301.034,174.340,74.640,75.662
298.963,174.636,74.640,75.662
301.034,175.524,74.640,75.662
299.555,177.003,74.640,75.662
301.626,178.482,74.640,75.662
298.963,178.778,74.640,75.662
301.034,180.258,74.640,75.662
300.147,178.186,74.640,75.662
302.809,175.524,74.640,75.662
303.697,172.861,74.640,75.662
302.809,170.790,74.640,75.662
304.289,170.494,74.640,75.662
303.993,170.790,74.640,75.662
304.289,173.453,74.640,75.662
303.993,177.891,74.640,75.662
304.702,183.500,76.291,77.336
302.585,189.850,76.291,77.336
305.307,194.387,76.291,77.336
302.585,194.689,76.291,77.336
301.073,193.177,76.291,77.336
300.771,192.270,76.291,77.336
299.613,193.611,77.979,79.047
296.831,195.156,77.979,79.047
295.286,197.320,77.979,79.047
294.358,200.102,77.979,79.047
293.175,202.755,79.704,80.796
291.595,204.335,79.704,80.796
289.730,206.391,81.468,82.584
289.407,208.652,81.468,82.584
287.792,208.329,81.468,82.584
289.237,208.420,83.270,84.411
286.266,204.789,83.270,84.411
287.256,201.819,83.270,84.411
284.945,198.848,83.270,84.411
287.256,197.197,83.270,84.411
284.285,195.547,83.270,84.411
285.936,194.557,83.270,84.411
283.625,193.567,83.270,84.411
285.101,192.975,85.112,86.278
282.740,191.288,85.112,86.278
284.426,190.951,85.112,86.278
284.764,189.264,85.112,86.278
286.451,190.276,85.112,86.278
287.463,191.288,85.112,86.278
286.451,190.276,85.112,86.278
289.487,191.963,85.112,86.278
287.800,190.951,85.112,86.278
290.162,191.963,85.112,86.278
289.825,190.276,85.112,86.278
290.162,190.614,85.112,86.278
291.849,190.276,85.112,86.278
290.162,188.589,85.112,86.278
293.198,189.601,85.112,86.278
290.837,187.915,85.112,86.278
292.524,188.927,85.112,86.278
290.162,187.240,85.112,86.278
293.198,188.252,85.112,86.278
290.837,186.565,85.112,86.278
293.198,187.577,85.112,86.278
290.837,185.890,85.112,86.278
292.524,187.577,85.112,86.278
290.837,186.565,85.112,86.278
292.524,187.577,85.112,86.278
290.837,186.565,85.112,86.278
293.198,187.577,85.112,86.278
292.186,186.565,85.112,86.278
293.198,186.902,85.112,86.278
292.186,185.890,85.112,86.278
291.174,185.553,85.112,86.278
292.186,186.565,85.112,86.278
290.499,185.553,85.112,86.278
292.861,187.240,85.112,86.278
289.825,185.553,85.112,86.278
292.861,187.240,85.112,86.278
290.499,184.878,85.112,86.278
293.536,186.565,85.112,86.278
290.499,184.878,85.112,86.278
293.536,184.541,85.112,86.278
290.499,183.529,85.112,86.278
293.536,183.866,85.112,86.278
290.499,181.504,85.112,86.278
293.536,182.516,85.112,86.278
290.499,180.155,85.112,86.278
292.861,180.492,85.112,86.278
290.499,178.805,85.112,86.278
292.861,178.468,85.112,86.278
289.825,176.781,85.112,86.278
291.511,177.793,85.112,86.278
287.800,175.431,85.112,86.278
290.162,175.094,85.112,86.278
288.475,172.058,85.112,86.278
291.511,172.395,85.112,86.278
288.475,170.708,85.112,86.278
290.837,171.045,85.112,86.278
288.845,168.341,86.996,88.187
287.810,167.996,86.996,88.187
289.535,169.030,86.996,88.187
288.500,167.306,86.996,88.187
289.535,169.030,86.996,88.187
288.500,167.996,86.996,88.187
290.224,169.030,86.996,88.187
289.190,168.686,86.996,88.187
290.914,171.100,86.996,88.187
288.500,168.686,86.996,88.187
290.914,171.100,86.996,88.187
289.190,168.686,86.996,88.187
291.604,170.410,86.996,88.187
289.190,167.996,86.996,88.187
291.604,169.030,86.996,88.187
288.500,165.927,86.996,88.187
290.224,164.892,86.996,88.187
286.831,162.176,85.140,86.307
290.441,162.972,87.024,88.216
286.647,159.178,87.024,88.216
289.061,160.213,87.024,88.216
285.267,155.728,87.024,88.216
289.061,158.833,87.024,88.216
283.887,155.038,87.024,88.216
286.992,158.143,87.024,88.216
283.887,156.418,87.024,88.216
286.302,159.523,87.024,88.216
283.197,158.488,87.024,88.216
285.612,160.903,87.024,88.216
281.817,159.868,87.024,88.216
284.922,162.972,87.024,88.216
281.817,159.868,87.024,88.216
284.232,163.662,87.024,88.216
281.817,161.938,87.024,88.216
283.542,165.042,87.024,88.216
281.127,161.938,87.024,88.216
283.542,165.042,87.024,88.216
281.127,161.938,87.024,88.216
283.542,165.042,87.024,88.216
281.127,161.938,87.024,88.216
283.542,164.352,87.024,88.216
280.437,160.558,87.024,88.216
283.542,162.283,87.024,88.216
282.507,159.178,87.024,88.216
285.612,160.903,87.024,88.216
283.197,158.488,87.024,88.216
286.992,160.903,87.024,88.216
285.957,159.178,87.024,88.216
289.061,162.972,87.024,88.216
288.026,161.938,87.024,88.216
290.441,165.732,87.024,88.216
289.406,165.387,87.024,88.216
293.201,168.492,87.024,88.216
291.476,167.457,87.024,88.216
293.891,170.562,87.024,88.216
292.856,169.527,87.024,88.216
294.581,171.941,87.024,88.216
292.856,170.217,87.024,88.216
293.891,171.941,87.024,88.216
290.786,170.217,87.024,88.216
291.821,171.941,87.024,88.216
289.406,169.527,87.024,88.216
287.681,168.492,87.024,88.216
287.336,170.217,87.024,88.216
286.302,167.802,87.024,88.216
285.267,167.457,87.024,88.216
284.232,165.042,87.024,88.216
283.887,163.317,87.024,88.216
282.852,161.593,87.024,88.216
282.507,159.178,87.024,88.216
282.162,156.073,87.024,88.216
281.127,153.659,87.024,88.216
280.092,151.244,87.024,88.216
279.057,148.829,87.024,88.216
280.092,150.554,87.024,88.216
277.678,147.449,87.024,88.216
278.023,149.174,87.024,88.216
276.298,146.069,87.024,88.216
278.712,148.484,87.024,88.216
276.298,146.759,87.024,88.216
278.712,145.724,87.024,88.216
276.298,142.620,87.024,88.216
277.840,139.139,88.950,90.168
275.372,135.965,88.950,90.168
277.135,135.613,88.950,90.168
274.667,133.145,88.950,90.168
276.430,130.676,88.950,90.168
273.257,127.503,88.950,90.168
274.314,127.856,88.950,90.168
271.846,124.682,88.950,90.168
272.904,126.445,88.950,90.168
269.731,123.977,88.950,90.168
272.199,125.740,88.950,90.168
268.320,123.272,88.950,90.168
271.494,125.740,88.950,90.168
268.320,123.977,88.950,90.168
272.199,126.445,88.950,90.168
269.026,123.977,88.950,90.168
271.494,126.445,88.950,90.168
273.962,128.914,88.950,90.168
275.725,130.676,88.950,90.168
273.257,127.503,88.950,90.168
277.135,131.382,88.950,90.168
280.907,133.676,90.918,92.163
283.429,134.758,90.918,92.163
284.511,135.839,90.918,92.163
282.709,134.758,90.918,92.163
284.511,137.280,90.918,92.163
284.150,139.082,90.918,92.163
284.511,140.884,90.918,92.163
285.592,142.686,90.918,92.163
285.952,145.209,90.918,92.163
286.313,147.732,90.918,92.163
286.935,150.451,88.979,90.198
288.698,153.626,88.979,90.198
288.346,155.389,88.979,90.198
290.109,157.153,88.979,90.198
289.756,159.622,88.979,90.198
292.225,162.796,88.979,90.198
291.873,165.265,88.979,90.198
291.520,167.734,88.979,90.198
290.769,164.276,87.081,88.274
294.026,166.881,85.224,86.392
290.986,164.516,85.224,86.392
291.999,164.854,85.224,86.392
290.310,166.543,85.224,86.392
291.324,168.232,85.224,86.392
290.310,168.570,85.224,86.392
292.675,172.286,85.224,86.392
295.040,176.002,85.224,86.392
297.405,178.367,85.224,86.392
299.094,180.056,85.224,86.392
296.053,177.016,85.224,86.392
296.863,177.813,87.110,88.303
294.446,176.086,87.110,88.303
296.863,177.813,87.110,88.303
295.136,176.086,87.110,88.303
296.172,176.431,87.110,88.303
294.446,174.705,87.110,88.303
294.791,174.360,87.110,88.303
295.827,174.014,87.110,88.303
295.482,172.288,87.110,88.303
293.755,171.252,87.110,88.303
293.410,170.907,87.110,88.303
292.374,170.561,87.110,88.303
291.338,168.835,87.110,88.303
292.374,170.561,87.110,88.303
290.648,168.144,87.110,88.303
288.921,167.108,87.110,88.303
288.576,168.835,87.110,88.303
285.468,165.727,87.110,88.303
286.504,168.144,87.110,88.303
283.396,163.655,87.110,88.303
286.504,166.072,87.110,88.303
282.706,161.583,87.110,88.303
280.289,157.785,87.110,88.303
284.087,160.893,87.110,88.303
280.289,157.095,87.110,88.303
284.087,160.202,87.110,88.303
280.289,155.713,87.110,88.303
283.396,158.821,87.110,88.303
278.907,153.642,87.110,88.303
276.490,149.843,87.110,88.303
275.454,146.045,87.110,88.303
274.419,142.247,87.110,88.303
272.380,144.494,89.037,90.257
270.615,139.200,89.037,90.257
267.439,135.318,89.037,90.257
269.204,137.788,89.037,90.257
266.027,133.200,89.037,90.257
265.674,134.259,89.037,90.257
263.204,131.082,89.037,90.257
264.263,132.847,89.037,90.257
262.498,131.082,89.037,90.257
261.439,131.435,89.037,90.257
263.910,131.082,89.037,90.257
262.851,130.024,89.037,90.257
264.429,132.321,91.007,92.254
265.511,129.796,91.007,92.254
265.151,131.599,91.007,92.254
266.233,133.403,91.007,92.254
268.036,135.207,91.007,92.254
268.397,134.846,91.007,92.254
270.922,137.371,91.007,92.254
273.448,139.175,91.007,92.254
273.087,137.371,91.007,92.254
274.891,140.618,91.007,92.254
273.087,143.143,91.007,92.254
276.334,140.618,91.007,92.254
275.251,145.308,91.007,92.254
279.220,149.276,91.007,92.254
276.694,152.523,91.007,92.254
273.816,149.631,93.021,94.295
276.397,144.837,93.021,94.295
273.456,149.532,95.079,96.381
276.094,143.879,95.079,96.381
273.087,143.986,97.182,98.513
275.013,141.289,97.182,98.513
273.087,140.134,97.182,98.513
275.783,142.830,97.182,98.513
273.087,138.593,97.182,98.513
275.013,142.830,97.182,98.513
274.193,139.796,95.110,96.413
276.078,143.943,95.110,96.413
276.455,139.796,95.110,96.413
276.078,143.943,95.110,96.413
275.701,142.058,95.110,96.413
276.078,143.189,95.110,96.413
275.701,141.304,95.110,96.413
275.324,143.189,95.110,96.413
276.455,144.320,95.110,96.413
275.324,142.435,95.110,96.413
274.193,144.320,95.110,96.413
271.554,143.943,95.110,96.413
271.177,145.829,95.110,96.413
272.308,142.435,95.110,96.413
271.931,145.829,95.110,96.413
273.816,146.960,95.110,96.413
271.931,146.583,95.110,96.413
273.816,149.222,95.110,96.413
271.931,146.583,95.110,96.413
275.324,148.468,95.110,96.413
274.947,148.845,95.110,96.413
273.816,149.976,95.110,96.413
271.931,151.861,95.110,96.413
272.308,153.746,95.110,96.413
269.300,156.200,97.214,98.546
271.997,158.897,97.214,98.546
271.612,160.053,97.214,98.546
271.227,162.751,97.214,98.546
270.841,164.677,97.214,98.546
270.456,166.604,97.214,98.546
270.070,168.531,97.214,98.546
269.685,168.916,97.214,98.546
270.070,170.843,97.214,98.546
268.144,168.916,97.214,98.546
268.529,171.614,97.214,98.546
266.602,169.687,97.214,98.546
270.070,171.614,97.214,98.546
267.373,168.145,97.214,98.546
269.300,170.843,97.214,98.546
267.373,169.687,97.214,98.546
270.070,171.614,97.214,98.546
268.144,171.999,97.214,98.546
270.070,173.926,97.214,98.546
267.373,171.999,97.214,98.546
270.841,174.696,97.214,98.546
268.914,171.999,97.214,98.546
270.841,175.467,97.214,98.546
268.914,172.770,97.214,98.546
270.070,176.238,97.214,98.546
267.373,172.770,97.214,98.546
270.841,173.926,97.214,98.546
268.914,171.228,97.214,98.546
265.446,173.155,97.214,98.546
261.207,175.082,97.214,98.546
257.739,174.696,97.214,98.546
255.812,172.770,97.214,98.546
258.510,174.696,97.214,98.546
253.500,171.999,97.214,98.546
256.968,173.926,97.214,98.546
251.959,171.228,97.214,98.546
255.427,171.614,97.214,98.546
251.188,168.916,97.214,98.546
247.720,166.989,97.214,98.546
249.647,165.833,97.214,98.546
251.574,163.907,97.214,98.546
248.876,160.438,97.214,98.546
250.032,158.512,97.214,98.546
253.500,156.585,97.214,98.546
253.115,154.658,97.214,98.546
257.354,152.731,97.214,98.546
256.198,150.034,97.214,98.546
260.437,148.107,97.214,98.546
258.510,144.639,97.214,98.546
258.125,141.942,97.214,98.546
256.968,139.244,97.214,98.546
256.583,137.317,97.214,98.546
259.281,135.391,97.214,98.546
256.583,133.464,97.214,98.546
259.281,132.308,97.214,98.546
256.583,129.610,97.214,98.546
257.739,129.996,97.214,98.546
256.583,129.610,97.214,98.546
259.281,131.537,97.214,98.546
256.974,129.988,95.141,96.444
260.369,133.382,95.141,96.444
259.991,135.268,95.141,96.444
262.631,137.908,95.141,96.444
262.254,140.548,95.141,96.444
263.386,143.187,95.141,96.444
265.271,146.582,95.141,96.444
264.894,148.467,95.141,96.444
267.534,151.107,95.141,96.444
266.403,152.239,95.141,96.444
269.797,154.879,95.141,96.444
269.721,157.725,93.112,94.388
271.566,160.308,93.112,94.388
271.197,162.154,93.112,94.388
270.828,163.999,93.112,94.388
275.023,167.496,91.126,92.375
274.661,171.469,91.126,92.375
275.023,175.443,91.126,92.375
274.661,179.416,91.126,92.375
277.912,183.389,91.126,92.375
280.441,185.918,91.126,92.375
280.080,187.724,91.126,92.375
283.331,190.253,91.126,92.375
281.525,192.059,91.126,92.375
283.331,190.253,91.126,92.375
284.414,193.504,91.126,92.375
282.608,191.698,91.126,92.375
285.859,193.504,91.126,92.375
281.886,190.975,91.126,92.375
284.414,189.891,91.126,92.375
284.053,190.975,91.126,92.375
285.137,188.447,91.126,92.375
286.221,190.253,91.126,92.375
285.137,188.447,91.126,92.375
287.665,190.253,91.126,92.375
287.304,189.891,91.126,92.375
289.110,190.975,91.126,92.375
290.916,189.891,91.126,92.375
289.833,190.253,91.126,92.375
291.639,189.169,91.126,92.375
290.555,189.530,91.126,92.375
290.916,189.169,91.126,92.375
289.833,188.085,91.126,92.375
289.472,188.447,91.126,92.375
287.665,189.530,91.126,92.375
285.137,190.614,91.126,92.375
284.053,190.975,91.126,92.375
281.525,193.504,91.126,92.375
278.643,197.354,93.143,94.419
277.535,200.677,93.143,94.419
280.120,200.307,93.143,94.419
281.966,199.200,93.143,94.419
285.289,196.615,93.143,94.419
284.181,196.984,93.143,94.419
288.242,193.662,93.143,94.419
287.595,187.637,95.203,96.508
287.972,182.731,95.203,96.508
286.840,180.090,95.203,96.508
289.482,183.486,95.203,96.508
286.840,178.580,95.203,96.508
288.727,181.977,95.203,96.508
286.085,177.071,95.203,96.508
284.199,179.712,95.203,96.508
283.066,175.561,95.203,96.508
281.179,176.693,95.203,96.508
281.557,173.297,95.203,96.508
283.444,174.429,95.203,96.508
280.802,171.787,95.203,96.508
283.444,172.919,95.203,96.508
281.557,173.297,95.203,96.508
281.934,170.655,95.203,96.508
280.802,171.787,95.203,96.508
283.444,172.919,95.203,96.508
283.066,173.297,95.203,96.508
284.953,172.919,95.203,96.508
285.331,173.297,95.203,96.508
286.463,173.674,95.203,96.508
286.840,172.542,95.203,96.508
287.972,171.410,95.203,96.508
286.840,169.523,95.203,96.508
288.727,168.391,95.203,96.508
290.614,166.504,95.203,96.508
289.482,167.636,95.203,96.508
287.595,164.240,95.203,96.508
287.972,167.636,95.203,96.508
285.331,163.485,95.203,96.508
286.463,165.372,95.203,96.508
283.821,161.221,95.203,96.508
284.953,163.108,95.203,96.508
281.557,159.711,95.203,96.508
280.425,158.579,95.203,96.508
278.538,157.447,95.203,96.508
278.160,155.560,95.203,96.508
277.028,155.183,95.203,96.508
275.896,153.296,95.203,96.508
275.519,149.899,95.203,96.508
277.406,152.541,95.203,96.508
275.519,147.635,95.203,96.508
274.387,144.993,95.203,96.508
277.028,148.390,95.203,96.508
274.387,143.484,95.203,96.508
276.074,143.591,97.310,98.643
274.146,140.119,97.310,98.643
276.846,144.362,97.310,98.643
274.917,140.119,97.310,98.643
276.846,139.733,97.310,98.643
274.917,137.033,97.310,98.643
276.846,138.962,97.310,98.643
274.917,134.719,97.310,98.643
278.557,139.117,95.235,96.539
277.425,134.964,95.235,96.539
280.822,138.362,95.235,96.539
280.445,134.209,95.235,96.539
282.332,136.097,95.235,96.539
280.801,133.851,93.204,94.480
284.126,137.915,93.204,94.480
280.801,135.329,93.204,94.480
282.648,139.393,93.204,94.480
279.323,137.546,93.204,94.480
282.648,142.349,93.204,94.480
278.584,139.763,93.204,94.480
281.909,143.827,93.204,94.480
277.845,140.502,93.204,94.480
281.170,143.088,93.204,94.480
275.156,139.359,95.266,96.571
277.044,142.003,95.266,96.571
272.890,137.849,95.266,96.571
269.491,135.961,95.266,96.571
272.135,138.604,95.266,96.571
269.491,135.205,95.266,96.571
272.890,138.604,95.266,96.571
267.981,134.450,95.266,96.571
271.380,137.849,95.266,96.571
265.715,134.450,95.266,96.571
269.869,137.094,95.266,96.571
263.722,132.499,97.374,98.707
267.968,135.201,97.374,98.707
272.214,138.675,97.374,98.707
268.740,134.429,97.374,98.707
272.986,138.675,97.374,98.707
275.687,137.517,97.374,98.707
272.986,135.587,97.374,98.707
278.003,139.061,97.374,98.707
276.845,137.131,97.374,98.707
281.863,139.833,97.374,98.707
284.565,140.219,97.374,98.707
283.407,138.289,97.374,98.707
289.197,141.763,97.374,98.707
291.899,142.921,97.374,98.707
291.513,140.219,97.374,98.707
294.987,143.693,97.374,98.707
294.601,141.763,97.374,98.707
298.075,143.693,97.374,98.707
296.145,140.991,97.374,98.707
300.390,143.693,97.374,98.707
297.689,140.219,97.374,98.707
301.162,142.921,97.374,98.707
298.461,138.675,97.374,98.707
301.934,142.149,97.374,98.707
298.461,138.675,97.374,98.707
302.706,142.149,97.374,98.707
299.232,139.447,97.374,98.707
302.706,142.921,97.374,98.707
300.776,142.535,97.374,98.707
301.162,142.921,97.374,98.707
303.092,142.535,97.374,98.707
301.934,142.921,97.374,98.707
301.548,140.991,97.374,98.707
302.706,142.921,97.374,98.707
301.548,140.991,97.374,98.707
301.934,142.149,97.374,98.707
300.776,140.219,97.374,98.707
299.618,139.061,97.374,98.707
297.689,139.447,97.374,98.707
295.759,139.061,97.374,98.707
294.601,137.903,97.374,98.707
291.899,139.061,97.374,98.707
290.741,137.903,97.374,98.707
288.039,139.061,97.374,98.707
286.881,137.903,97.374,98.707
284.951,138.289,97.374,98.707
283.021,140.219,97.374,98.707
280.319,139.833,97.374,98.707
279.161,142.535,97.374,98.707
275.687,140.605,97.374,98.707
273.758,143.307,97.374,98.707
271.828,143.693,97.374,98.707
269.898,143.307,97.374,98.707
267.968,145.237,97.374,98.707
264.494,143.307,97.374,98.707
262.564,146.781,97.374,98.707
259.862,144.851,97.374,98.707
260.248,148.324,97.374,98.707
257.546,149.482,97.374,98.707
254.844,147.553,97.374,98.707
256.774,150.254,97.374,98.707
253.300,147.553,97.374,98.707
255.230,149.482,97.374,98.707
252.528,146.781,97.374,98.707
255.230,149.482,97.374,98.707
252.528,146.009,97.374,98.707
255.230,148.710,97.374,98.707
252.528,144.465,97.374,98.707
254.458,147.167,97.374,98.707
251.756,143.693,97.374,98.707
253.686,146.395,97.374,98.707
250.984,142.921,97.374,98.707
254.458,146.395,97.374,98.707
250.984,142.921,97.374,98.707
249.055,140.219,97.374,98.707
253.300,144.465,97.374,98.707
249.055,140.991,97.374,98.707
253.300,143.693,97.374,98.707
250.599,139.447,97.374,98.707
254.844,142.149,97.374,98.707
254.458,137.903,97.374,98.707
257.932,139.833,97.374,98.707
256.774,137.131,97.374,98.707
262.564,140.605,97.374,98.707
265.266,142.535,97.374,98.707
269.512,144.465,97.374,98.707
270.670,146.395,97.374,98.707
274.144,148.324,97.374,98.707
277.617,150.254,97.374,98.707
280.319,152.184,97.374,98.707
283.021,153.342,97.374,98.707
286.495,155.272,97.374,98.707
289.197,155.658,97.374,98.707
292.671,157.588,97.374,98.707
291.513,155.658,97.374,98.707
295.759,158.360,97.374,98.707
294.601,155.658,97.374,98.707
298.075,157.588,97.374,98.707
295.765,155.292,95.297,96.602
299.920,157.937,95.297,96.602
296.520,154.537,95.297,96.602
299.920,156.426,95.297,96.602
295.765,152.270,95.297,96.602
299.920,155.670,95.297,96.602
298.031,153.026,95.297,96.602
301.431,157.181,95.297,96.602
299.542,154.537,95.297,96.602
302.186,157.937,95.297,96.602
299.926,155.690,93.265,94.542
302.702,159.905,91.276,92.526
299.445,158.096,91.276,92.526
296.189,157.734,91.276,92.526
292.209,155.925,91.276,92.526
289.676,153.392,91.276,92.526
290.301,151.240,89.329,90.553
294.196,146.637,89.329,90.553
292.425,142.742,89.329,90.553
295.612,138.847,89.329,90.553
295.726,135.273,91.306,92.557
297.345,131.621,93.326,94.604
297.464,132.493,95.391,96.698
298.370,131.816,97.501,98.837
299.529,132.202,97.501,98.837
298.370,130.270,97.501,98.837
300.302,131.429,97.501,98.837
259.721,148.822,97.501,98.837
240.783,144.570,97.501,98.837
235.759,141.865,97.501,98.837
239.406,145.526,95.422,96.729
235.245,142.122,95.422,96.729
238.815,144.976,93.387,94.666
235.483,141.645,93.387,94.666
238.815,145.717,93.387,94.666
241.238,148.894,95.453,96.761
236.319,144.732,95.453,96.761
238.968,148.894,95.453,96.761
232.535,145.489,95.453,96.761
235.184,150.408,95.453,96.761
231.779,147.759,95.453,96.761
234.427,151.164,95.453,96.761
228.752,147.759,95.453,96.761
231.400,151.164,95.453,96.761
227.995,148.516,95.453,96.761
230.644,151.164,95.453,96.761
227.238,147.002,95.453,96.761
227.617,142.840,95.453,96.761
291.562,137.165,95.453,96.761
294.967,139.813,95.453,96.761
293.832,135.651,95.453,96.761
294.210,136.029,95.453,96.761
293.075,134.138,95.453,96.761
294.967,136.029,95.453,96.761
291.562,133.381,95.453,96.761
292.697,136.029,95.453,96.761
290.805,133.381,95.453,96.761
293.453,137.543,95.453,96.761
294.589,139.435,95.453,96.761
293.053,137.914,93.418,94.698
296.386,140.506,93.418,94.698
292.313,139.395,93.418,94.698
290.461,139.765,93.418,94.698
287.869,139.395,93.418,94.698
286.758,141.246,93.418,94.698
287.869,144.579,93.418,94.698
285.277,145.690,93.418,94.698
283.426,146.801,93.418,94.698
280.833,144.949,93.418,94.698
281.944,148.282,93.418,94.698
279.352,144.209,93.418,94.698
279.723,147.542,93.418,94.698
277.871,143.468,93.418,94.698
276.760,145.320,93.418,94.698
274.168,139.765,93.418,94.698
273.798,141.617,93.418,94.698
271.206,136.803,93.418,94.698
270.835,137.914,93.418,94.698
270.465,138.284,93.418,94.698
268.613,134.951,93.418,94.698
271.206,135.322,93.418,94.698
270.095,135.692,93.418,94.698
270.465,135.322,93.418,94.698
270.095,135.692,93.418,94.698
272.687,133.100,93.418,94.698
272.316,133.470,93.418,94.698
274.909,133.840,93.418,94.698
273.798,128.286,93.418,94.698
276.390,129.397,93.418,94.698
280.463,129.767,93.418,94.698
278.612,126.434,93.418,94.698
283.426,126.805,93.418,94.698
283.796,124.953,93.418,94.698
283.426,125.323,93.418,94.698
283.055,127.915,93.418,94.698
280.463,131.248,93.418,94.698
279.046,134.427,95.485,96.793
280.938,137.076,95.485,96.793
281.317,138.969,95.485,96.793
280.938,140.104,95.485,96.793
280.560,141.997,95.485,96.793
280.181,143.132,95.485,96.793
279.803,141.997,95.485,96.793
278.667,143.889,95.485,96.793
276.775,146.539,95.485,96.793
274.882,146.160,95.485,96.793
273.747,145.025,95.485,96.793
272.611,147.674,95.485,96.793
270.719,144.268,95.485,96.793
269.583,147.674,95.485,96.793
268.448,143.511,95.485,96.793
267.312,148.431,95.485,96.793
271.361,152.465,97.597,98.934
268.653,148.983,97.597,98.934
272.791,154.712,99.757,101.123
272.396,159.062,99.757,101.123
269.628,156.294,99.757,101.123
273.186,161.435,99.757,101.123
270.418,163.412,99.757,101.123
273.186,165.389,99.757,101.123
270.418,163.412,99.757,101.123
273.977,166.971,99.757,101.123
272.000,164.994,99.757,101.123
274.768,166.971,99.757,101.123
272.791,164.994,99.757,101.123
278.047,166.453,97.629,98.967
277.969,165.643,95.547,96.856
277.590,164.507,95.547,96.856
277.212,163.371,95.547,96.856
279.105,163.749,95.547,96.856
277.212,161.856,95.547,96.856
276.833,159.962,95.547,96.856
277.969,158.826,95.547,96.856
277.590,156.932,95.547,96.856
277.212,154.281,95.547,96.856
279.105,153.902,95.547,96.856
277.212,150.493,95.547,96.856
279.863,150.115,95.547,96.856
277.969,146.706,95.547,96.856
277.590,144.055,95.547,96.856
275.697,140.646,95.547,96.856
277.590,141.782,95.547,96.856
274.939,136.859,95.547,96.856
276.833,138.752,95.547,96.856
273.424,134.586,95.547,96.856
276.075,136.480,95.547,96.856
274.182,136.859,95.547,96.856
272.288,134.207,95.547,96.856
274.939,136.101,95.547,96.856
271.530,132.692,95.547,96.856
274.182,133.829,95.547,96.856
270.015,130.420,95.547,96.856
273.424,131.556,95.547,96.856
270.015,129.662,95.547,96.856
273.424,130.799,95.547,96.856
270.773,127.390,95.547,96.856
274.182,128.526,95.547,96.856
270.773,125.117,95.547,96.856
274.939,126.254,95.547,96.856
270.773,122.087,95.547,96.856
272.667,123.981,95.547,96.856
267.743,119.815,95.547,96.856
268.651,122.280,97.661,98.999
264.392,118.022,97.661,98.999
267.877,121.506,97.661,98.999
263.618,117.247,97.661,98.999
267.102,120.732,97.661,98.999
269.038,124.216,97.661,98.999
266.328,119.183,97.661,98.999
270.586,122.667,97.661,98.999
267.877,118.409,97.661,98.999
271.361,122.667,97.661,98.999
273.296,126.926,97.661,98.999
270.586,122.667,97.661,98.999
274.070,127.700,97.661,98.999
271.361,124.216,97.661,98.999
274.070,128.474,97.661,98.999
271.361,124.216,97.661,98.999
268.651,119.957,97.661,98.999
265.941,116.473,97.661,98.999
269.425,119.183,97.661,98.999
265.941,112.602,97.661,98.999
262.457,107.569,97.661,98.999
262.070,104.859,97.661,98.999
264.005,103.698,97.661,98.999
262.844,101.762,97.661,98.999
266.328,102.924,97.661,98.999
264.392,99.440,97.661,98.999
269.425,101.375,97.661,98.999
268.264,97.891,97.661,98.999
272.522,100.601,97.661,98.999
271.361,98.665,97.661,98.999
275.619,102.150,97.661,98.999
272.909,99.440,97.661,98.999
277.167,102.924,97.661,98.999
278.329,104.859,97.661,98.999
277.167,103.698,97.661,98.999
277.555,104.859,97.661,98.999
277.942,106.021,97.661,98.999
276.780,105.634,97.661,98.999
276.393,106.795,97.661,98.999
276.006,107.956,97.661,98.999
274.845,109.118,97.661,98.999
276.006,110.279,97.661,98.999
276.393,111.441,97.661,98.999
276.780,113.376,97.661,98.999
276.393,115.312,97.661,98.999
278.329,117.247,97.661,98.999
275.619,118.409,97.661,98.999
276.780,122.667,97.661,98.999
278.716,126.926,97.661,98.999
282.369,130.593,95.579,96.888
280.475,133.245,95.579,96.888
275.880,131.780,97.693,99.032
269.576,125.462,99.855,101.223
273.930,132.191,99.855,101.223
267.993,127.045,99.855,101.223
259.681,119.524,99.855,101.223
254.880,119.637,102.064,103.462
255.285,120.850,102.064,103.462
251.643,117.209,102.064,103.462
249.620,120.041,102.064,103.462
251.643,122.064,102.064,103.462
247.193,120.850,102.064,103.462
244.805,121.805,104.322,105.751
241.910,117.256,104.322,105.751
246.459,122.632,104.322,105.751
242.302,117.600,106.630,108.091
246.106,122.250,106.630,108.091
241.856,116.230,108.990,110.483
246.609,121.847,108.990,110.483
251.361,126.599,108.990,110.483
248.337,121.847,108.990,110.483
253.953,126.599,108.990,110.483
251.793,122.711,108.990,110.483
255.681,127.463,108.990,110.483
250.929,123.575,108.990,110.483
254.817,128.327,108.990,110.483
250.929,126.167,108.990,110.483
253.089,131.783,108.990,110.483
250.065,129.623,108.990,110.483
252.225,134.376,108.990,110.483
246.985,130.912,111.401,112.927
249.193,135.770,111.401,112.927
246.985,133.562,111.401,112.927
249.193,137.536,111.401,112.927
246.985,136.211,111.401,112.927
249.193,140.185,111.401,112.927
246.102,138.861,111.401,112.927
248.310,141.952,111.401,112.927
245.219,139.744,111.401,112.927
246.544,143.718,111.401,112.927
244.336,141.510,111.401,112.927
246.544,144.601,111.401,112.927
244.336,141.510,111.401,112.927
246.544,143.718,111.401,112.927
244.336,141.510,111.401,112.927
246.544,143.718,111.401,112.927
243.453,140.627,111.401,112.927
248.310,145.485,111.401,112.927
246.102,142.393,111.401,112.927
250.960,147.251,111.401,112.927
246.985,143.277,111.401,112.927
253.609,148.134,111.401,112.927
257.583,152.992,111.401,112.927
262.441,157.849,111.401,112.927
266.415,160.940,111.401,112.927
268.623,164.914,111.401,112.927
267.298,163.590,111.401,112.927
271.273,169.330,111.401,112.927
274.589,174.365,109.025,110.519
275.885,174.797,109.025,110.519
278.297,178.058,106.700,108.162
277.028,175.944,106.700,108.162
280.204,177.505,104.425,105.855
278.135,173.779,104.425,105.855
282.688,177.505,104.425,105.855
282.274,174.607,104.425,105.855
285.999,178.332,104.425,105.855
283.102,172.951,104.425,105.855
286.827,175.849,104.425,105.855
284.758,170.468,104.425,105.855
286.827,172.537,104.425,105.855
285.586,167.984,104.425,105.855
285.999,165.914,104.425,105.855
285.586,166.328,104.425,105.855
285.172,162.603,104.425,105.855
283.930,160.533,104.425,105.855
283.516,158.464,104.425,105.855
282.274,155.566,104.425,105.855
282.688,154.324,104.425,105.855
281.446,151.427,104.425,105.855
281.032,149.357,104.425,105.855
280.618,150.599,104.425,105.855
281.032,148.529,104.425,105.855
279.790,145.632,104.425,105.855
281.032,147.701,104.425,105.855
279.790,146.459,104.425,105.855
281.860,146.873,104.425,105.855
280.618,144.804,104.425,105.855
281.032,146.046,104.425,105.855
279.790,145.632,104.425,105.855
281.032,146.046,104.425,105.855
278.135,144.804,104.425,105.855
280.204,145.218,104.425,105.855
278.135,144.804,104.425,105.855
279.377,143.562,104.425,105.855
279.790,143.976,104.425,105.855
280.204,142.734,104.425,105.855
278.963,144.804,104.425,105.855
280.204,146.046,104.425,105.855
279.790,146.459,104.425,105.855
280.204,146.873,104.425,105.855
278.963,144.804,104.425,105.855
281.032,146.873,104.425,105.855
278.135,148.115,104.425,105.855
281.243,146.451,102.198,103.598
279.217,147.666,102.198,103.598
278.002,144.831,102.198,103.598
280.263,147.107,100.019,101.389
277.488,144.331,100.019,101.389
278.677,143.935,100.019,101.389
277.488,143.538,100.019,101.389
277.091,143.142,100.019,101.389
280.660,144.331,100.019,101.389
277.091,144.728,100.019,101.389
275.902,146.710,100.019,101.389
273.920,148.693,100.019,101.389
275.693,150.450,102.231,103.632
272.045,148.424,102.231,103.632
271.640,151.261,102.231,103.632
269.614,148.424,102.231,103.632
269.209,145.587,102.231,103.632
272.856,147.614,102.231,103.632
271.212,145.203,100.051,101.422
275.574,146.393,100.051,101.422
273.591,142.824,100.051,101.422
277.161,144.013,100.051,101.422
272.798,139.651,100.051,101.422
275.574,140.047,100.051,101.422
272.798,135.685,100.051,101.422
274.781,136.081,100.051,101.422
272.005,131.719,100.051,101.422
274.781,132.115,100.051,101.422
272.005,129.339,100.051,101.422
273.988,128.149,100.051,101.422
271.212,124.580,100.051,101.422
273.988,123.390,100.051,101.422
271.212,119.821,100.051,101.422
274.781,121.804,100.051,101.422
272.798,117.441,100.051,101.422
276.368,120.218,100.051,101.422
272.798,115.855,100.051,101.422
275.574,118.631,100.051,101.422
272.798,114.269,100.051,101.422
273.988,117.045,100.051,101.422
272.005,113.475,100.051,101.422
274.781,115.458,100.051,101.422
271.212,111.889,100.051,101.422
274.781,113.872,100.051,101.422
272.005,111.096,100.051,101.422
276.368,113.872,100.051,101.422
273.591,110.303,100.051,101.422
276.368,113.079,100.051,101.422
273.591,111.096,100.051,101.422
277.954,115.458,100.051,101.422
275.178,115.062,100.051,101.422
278.747,117.838,100.051,101.422
272.798,112.682,100.051,101.422
272.402,115.458,100.051,101.422
266.769,108.164,102.265,103.666
264.742,104.516,102.265,103.666
262.715,100.868,102.265,103.666
262.310,101.273,102.265,103.666
260.283,98.435,102.265,103.666
258.256,97.219,102.265,103.666
261.093,100.057,102.265,103.666
259.542,99.331,104.528,105.960
261.394,100.308,106.840,108.304
258.015,98.670,109.204,110.700
258.448,99.969,109.204,110.700
257.150,100.402,109.204,110.700
256.717,101.700,109.204,110.700
258.881,103.865,109.204,110.700
261.046,106.029,109.204,110.700
257.150,106.462,109.204,110.700
260.180,107.761,109.204,110.700
257.150,108.194,109.204,110.700
256.717,108.627,109.204,110.700
259.747,110.791,109.204,110.700
255.851,111.224,109.204,110.700
258.015,114.254,109.204,110.700
254.985,113.821,109.204,110.700
255.418,116.851,109.204,110.700
254.120,115.553,109.204,110.700
255.418,117.717,109.204,110.700
252.388,114.687,109.204,110.700
254.552,116.851,109.204,110.700
251.522,113.821,109.204,110.700
253.687,115.986,109.204,110.700
252.388,115.553,109.204,110.700
251.955,117.717,109.204,110.700
249.791,116.418,109.204,110.700
252.821,120.314,109.204,110.700
254.120,122.479,109.204,110.700
257.150,123.777,109.204,110.700
256.717,120.747,109.204,110.700
258.881,123.777,109.204,110.700
261.046,125.942,109.204,110.700
264.076,126.375,109.204,110.700
262.777,124.210,109.204,110.700
267.539,127.240,109.204,110.700
270.569,130.271,109.204,110.700
268.405,126.375,109.204,110.700
272.301,130.271,109.204,110.700
273.599,131.569,109.204,110.700
279.353,132.332,106.875,108.339
282.319,133.603,106.875,108.339
285.284,134.874,106.875,108.339
284.013,132.756,106.875,108.339
287.826,135.721,106.875,108.339
286.107,131.568,104.596,106.029
289.010,136.129,104.596,106.029
285.278,131.568,104.596,106.029
289.010,135.300,104.596,106.029
286.107,130.739,104.596,106.029
289.010,134.471,104.596,106.029
289.424,138.202,104.596,106.029
288.180,141.104,104.596,106.029
286.107,139.031,104.596,106.029
286.522,142.763,104.596,106.029
283.620,140.690,104.596,106.029
287.351,144.421,104.596,106.029
284.449,145.665,104.596,106.029
287.351,146.909,104.596,106.029
283.620,145.665,104.596,106.029
287.351,149.397,104.596,106.029
285.278,150.641,104.596,106.029
282.376,147.738,104.596,106.029
285.278,151.470,104.596,106.029
282.376,148.567,104.596,106.029
287.887,151.696,102.366,103.768
284.235,148.044,102.366,103.768
286.264,152.508,102.366,103.768
283.423,148.044,102.366,103.768
287.075,152.508,102.366,103.768
283.423,148.856,102.366,103.768
286.264,152.508,102.366,103.768
283.423,150.479,102.366,103.768
287.075,154.131,102.366,103.768
284.235,152.913,102.366,103.768
287.075,156.565,102.366,103.768
288.293,158.594,102.366,103.768
287.075,159.000,102.366,103.768
285.858,157.783,102.366,103.768
287.887,159.000,102.366,103.768
285.858,156.971,102.366,103.768
287.075,157.377,102.366,103.768
286.670,156.160,102.366,103.768
289.510,157.377,102.366,103.768
287.481,155.348,102.366,103.768
289.510,155.754,102.366,103.768
288.293,153.725,102.366,103.768
287.075,151.696,102.366,103.768
286.670,149.667,102.366,103.768
286.264,146.827,102.366,103.768
285.047,144.798,102.366,103.768
291.222,146.296,100.183,101.555
287.648,143.516,100.183,101.555
285.663,140.736,100.183,101.555
287.648,138.750,100.183,101.555
284.869,135.176,100.183,101.555
288.443,134.779,100.183,101.555
284.869,131.205,100.183,101.555
287.648,130.014,100.183,101.555
284.074,127.234,100.183,101.555
287.648,128.425,100.183,101.555
284.074,124.851,100.183,101.555
282.089,122.866,100.183,101.555
285.663,124.851,100.183,101.555
282.089,122.071,100.183,101.555
282.486,122.468,100.183,101.555
278.912,119.689,100.183,101.555
280.897,121.674,100.183,101.555
277.323,118.100,100.183,101.555
275.338,115.320,100.183,101.555
273.352,111.746,100.183,101.555
272.161,108.172,100.183,101.555
270.175,104.598,100.183,101.555
271.366,101.818,100.183,101.555
274.146,99.038,100.183,101.555
276.926,100.230,100.183,101.555
272.558,97.450,100.183,101.555
276.926,101.024,100.183,101.555
274.941,98.244,100.183,101.555
277.720,101.024,100.183,101.555
279.706,99.038,100.183,101.555
280.897,100.230,100.183,101.555
277.323,99.038,100.183,101.555
280.103,98.641,100.183,101.555
277.323,99.833,100.183,101.555
280.103,97.847,100.183,101.555
281.294,96.656,100.183,101.555
282.486,96.259,100.183,101.555
281.294,94.273,100.183,101.555
284.869,93.082,100.183,101.555
286.854,95.067,100.183,101.555
284.074,93.082,100.183,101.555
286.291,92.251,98.046,99.389
285.902,95.749,98.046,99.389
283.959,93.805,98.046,99.389
286.679,96.526,98.046,99.389
283.959,93.805,98.046,99.389
285.125,92.639,98.046,99.389
283.182,92.251,98.046,99.389
285.125,91.862,98.046,99.389
285.514,91.473,98.046,99.389
282.793,94.194,98.046,99.389
284.736,93.028,98.046,99.389
285.125,95.749,98.046,99.389
285.514,93.805,98.046,99.389
286.679,96.526,98.046,99.389
285.514,93.805,98.046,99.389
285.125,92.639,98.046,99.389
285.514,91.473,98.046,99.389
283.570,90.307,98.046,99.389
279.295,88.364,98.046,99.389
282.793,87.198,98.046,99.389
280.072,85.255,98.046,99.389
282.793,84.089,98.046,99.389
278.518,83.700,98.046,99.389
282.793,85.644,98.046,99.389
280.072,84.478,98.046,99.389
284.348,88.753,98.046,99.389
280.072,89.141,98.046,99.389
283.570,90.307,98.046,99.389
287.845,89.141,98.046,99.389
292.121,90.307,98.046,99.389
294.064,89.141,98.046,99.389
297.562,87.975,98.046,99.389
300.282,88.364,98.046,99.389
299.116,84.866,98.046,99.389
301.837,84.478,98.046,99.389
303.003,82.534,98.046,99.389
305.723,82.146,98.046,99.389
309.221,82.534,98.046,99.389
306.501,79.037,98.046,99.389
308.444,80.980,98.046,99.389
312.719,81.368,98.046,99.389
309.221,77.093,98.046,99.389
308.055,78.259,98.046,99.389
305.335,76.316,98.046,99.389
306.501,78.259,98.046,99.389
303.780,76.316,98.046,99.389
304.169,78.259,98.046,99.389
303.780,80.202,98.046,99.389
302.614,80.591,98.046,99.389
305.335,81.757,98.046,99.389
303.391,80.591,98.046,99.389
304.557,81.757,98.046,99.389
305.723,82.923,98.046,99.389
306.112,83.312,98.046,99.389
303.391,82.146,98.046,99.389
307.667,83.312,98.046,99.389
304.169,80.591,98.046,99.389
308.444,81.757,98.046,99.389
309.375,82.674,100.216,101.588
308.978,79.893,100.216,101.588
310.964,81.085,100.216,101.588
308.978,77.509,100.216,101.588
311.759,78.701,100.216,101.588
308.978,74.331,100.216,101.588
310.170,76.318,100.216,101.588
309.773,73.537,100.216,101.588
310.964,76.318,100.216,101.588
308.978,73.537,100.216,101.588
310.170,75.523,100.216,101.588
308.184,73.537,100.216,101.588
306.197,71.551,100.216,101.588
305.006,71.948,100.216,101.588
303.019,69.167,100.216,101.588
304.211,71.948,100.216,101.588
302.225,71.551,100.216,101.588
303.417,74.331,100.216,101.588
299.047,73.140,100.216,101.588
301.828,76.715,100.216,101.588
298.252,75.523,100.216,101.588
300.239,79.098,100.216,101.588
296.663,79.496,100.216,101.588
299.444,83.071,100.216,101.588
294.280,81.085,100.216,101.588
297.855,84.660,100.216,101.588
293.485,85.057,100.216,101.588
295.472,87.043,100.216,101.588
291.896,85.057,100.216,101.588
294.677,87.043,100.216,101.588
291.102,85.057,100.216,101.588
293.883,87.043,100.216,101.588
291.102,85.852,100.216,101.588
293.883,87.838,100.216,101.588
291.102,86.646,100.216,101.588
293.883,89.427,100.216,101.588
290.307,88.235,100.216,101.588
293.088,90.221,100.216,101.588
290.307,87.441,100.216,101.588
293.883,89.427,100.216,101.588
291.896,87.441,100.216,101.588
295.472,89.427,100.216,101.588
292.691,88.235,100.216,101.588
295.472,89.427,100.216,101.588
292.691,87.441,100.216,101.588
293.883,89.427,100.216,101.588
291.896,87.441,100.216,101.588
290.705,88.632,100.216,101.588
288.718,87.441,100.216,101.588
287.527,89.427,100.216,101.588
290.307,92.208,100.216,101.588
293.088,93.399,100.216,101.588
292.691,95.386,100.216,101.588
293.088,98.166,100.216,101.588
291.102,100.947,100.216,101.588
293.883,102.139,100.216,101.588
290.307,104.125,100.216,101.588
292.294,106.111,100.216,101.588
290.307,106.509,100.216,101.588
289.910,107.700,100.216,101.588
289.513,108.098,100.216,101.588
287.527,106.111,100.216,101.588
289.513,106.509,100.216,101.588
286.732,106.111,100.216,101.588
288.718,104.920,100.216,101.588
287.527,104.522,100.216,101.588
288.718,104.920,100.216,101.588
286.732,101.344,100.216,101.588
289.513,103.331,100.216,101.588
287.527,102.139,100.216,101.588
287.129,103.331,100.216,101.588
287.527,103.728,100.216,101.588
286.335,104.920,100.216,101.588
287.527,105.317,100.216,101.588
287.129,105.714,100.216,101.588
285.938,106.906,100.216,101.588
286.065,107.843,102.433,103.836
284.847,108.249,102.433,103.836
283.629,107.031,102.433,103.836
283.223,107.437,102.433,103.836
280.381,105.407,102.433,103.836
284.035,106.625,102.433,103.836
279.569,103.782,102.433,103.836
275.102,104.188,102.433,103.836
277.133,102.970,102.433,103.836
271.854,104.188,102.433,103.836
268.200,102.158,102.433,103.836
270.230,104.188,102.433,103.836
266.576,101.346,102.433,103.836
268.606,102.564,102.433,103.836
269.012,101.346,102.433,103.836
269.418,101.752,102.433,103.836
269.824,101.346,102.433,103.836
270.230,100.128,102.433,103.836
270.636,100.534,102.433,103.836
271.042,98.504,102.433,103.836
271.448,98.910,102.433,103.836
272.666,97.692,102.433,103.836
270.636,96.474,102.433,103.836
272.666,97.692,102.433,103.836
271.019,94.494,100.248,101.622
273.801,97.276,100.248,101.622
274.993,97.673,100.248,101.622
275.390,98.070,100.248,101.622
274.198,99.263,100.248,101.622
276.185,100.455,100.248,101.622
274.198,99.263,100.248,101.622
275.390,101.250,100.248,101.622
273.403,98.468,100.248,101.622
276.185,101.250,100.248,101.622
274.198,98.468,100.248,101.622
275.390,99.660,100.248,101.622
274.198,96.084,100.248,101.622
276.185,97.276,100.248,101.622
273.403,92.905,100.248,101.622
276.185,94.097,100.248,101.622
276.105,90.967,98.111,99.455
274.938,91.356,98.111,99.455
272.216,89.411,98.111,99.455
275.716,91.356,98.111,99.455
272.993,90.189,98.111,99.455
270.271,87.467,98.111,99.455
275.327,89.411,98.111,99.455
271.827,85.911,98.111,99.455
276.105,87.856,98.111,99.455
271.827,84.356,98.111,99.455
267.549,81.633,98.111,99.455
271.827,84.356,98.111,99.455
265.993,80.078,98.111,99.455
263.271,76.578,98.111,99.455
267.549,80.856,98.111,99.455
270.271,79.689,98.111,99.455
265.993,77.744,98.111,99.455
272.605,80.467,98.111,99.455
278.438,80.856,98.111,99.455
283.494,81.244,98.111,99.455
282.327,80.078,98.111,99.455
285.049,81.244,98.111,99.455
285.438,80.856,98.111,99.455
287.383,81.244,98.111,99.455
290.105,80.078,98.111,99.455
290.494,78.911,98.111,99.455
291.661,78.522,98.111,99.455
292.050,78.133,98.111,99.455
293.994,77.744,98.111,99.455
292.050,78.133,98.111,99.455
294.220,78.069,96.018,97.334
295.362,78.450,96.018,97.334
296.019,78.387,93.971,95.258
297.137,80.249,93.971,95.258
296.019,81.367,93.971,95.258
297.137,83.229,93.971,95.258
298.254,85.837,93.971,95.258
294.509,84.397,96.050,97.366
297.175,84.777,96.050,97.366
294.509,85.920,96.050,97.366
297.936,87.823,96.050,97.366
296.032,87.443,96.050,97.366
297.936,90.869,96.050,97.366
299.840,92.773,96.050,97.366
297.175,93.915,96.050,97.366
299.078,96.580,96.050,97.366
299.459,96.961,96.050,97.366
299.840,98.865,96.050,97.366
298.698,97.722,96.050,97.366
301.363,97.342,96.050,97.366
297.175,96.199,96.050,97.366
294.509,96.580,96.050,97.366
297.175,96.961,96.050,97.366
292.986,98.103,96.050,97.366
295.652,97.722,96.050,97.366
292.225,96.580,96.050,97.366
294.129,97.722,96.050,97.366
291.464,95.819,96.050,97.366
290.321,97.722,96.050,97.366
287.656,94.296,96.050,97.366
286.514,94.676,96.050,97.366
286.895,92.773,96.050,97.366
284.230,91.631,96.050,97.366
284.610,92.773,96.050,97.366
283.066,90.508,94.001,95.289
284.929,93.117,94.001,95.289
283.066,91.253,94.001,95.289
284.929,94.607,94.001,95.289
282.320,91.253,94.001,95.289
284.929,96.097,94.001,95.289
283.066,94.234,94.001,95.289
284.929,98.333,94.001,95.289
282.320,95.725,94.001,95.289
281.203,99.824,94.001,95.289
278.594,97.961,94.001,95.289
281.203,101.314,94.001,95.289
278.594,98.706,94.001,95.289
282.693,100.569,94.001,95.289
282.320,97.961,94.001,95.289
284.929,101.314,94.001,95.289
283.811,98.706,94.001,95.289
287.164,102.805,94.001,95.289
283.066,100.941,94.001,95.289
284.929,105.040,94.001,95.289
283.066,102.432,94.001,95.289
284.183,105.786,94.001,95.289
281.575,103.177,94.001,95.289
283.438,106.531,94.001,95.289
282.320,103.177,94.001,95.289
284.183,106.531,94.001,95.289
283.066,103.177,94.001,95.289
286.419,107.276,94.001,95.289
284.556,103.922,94.001,95.289
287.164,107.276,94.001,95.289
284.556,104.668,94.001,95.289
287.910,108.021,94.001,95.289
286.047,105.413,94.001,95.289
287.910,108.766,94.001,95.289
286.047,104.668,94.001,95.289
288.655,108.766,94.001,95.289
286.047,106.158,94.001,95.289
287.910,110.257,94.001,95.289
286.047,106.903,94.001,95.289
288.655,110.257,94.001,95.289
286.047,107.649,94.001,95.289
287.910,110.257,94.001,95.289
286.792,107.649,94.001,95.289
288.655,110.257,94.001,95.289
286.047,107.649,94.001,95.289
287.910,111.747,94.001,95.289
286.792,107.649,94.001,95.289
288.655,111.002,94.001,95.289
287.537,107.649,94.001,95.289
289.400,111.002,94.001,95.289
287.537,108.394,94.001,95.289
289.400,111.002,94.001,95.289
287.537,111.375,94.001,95.289
290.145,113.238,94.001,95.289
286.047,110.630,94.001,95.289
288.655,113.238,94.001,95.289
286.047,110.630,94.001,95.289
288.655,113.238,94.001,95.289
286.047,111.375,94.001,95.289
289.400,114.728,94.001,95.289
286.047,110.630,94.001,95.289
289.400,114.728,94.001,95.289
287.537,112.120,94.001,95.289
290.145,115.474,94.001,95.289
286.792,112.865,94.001,95.289
284.929,114.728,94.001,95.289
282.320,110.630,94.001,95.289
284.929,113.983,94.001,95.289
280.830,111.375,94.001,95.289
284.929,113.983,94.001,95.289
281.980,112.485,91.997,93.257
285.262,115.038,91.997,93.257
281.980,115.402,91.997,93.257
285.262,117.226,91.997,93.257
284.168,118.320,91.997,93.257
288.180,120.873,91.997,93.257
287.086,121.967,91.997,93.257
289.638,124.519,91.997,93.257
287.086,123.425,91.997,93.257
289.638,127.437,91.997,93.257
289.274,129.989,91.997,93.257
291.097,132.542,91.997,93.257
288.544,128.531,91.997,93.257
292.556,133.271,91.997,93.257
290.003,130.719,91.997,93.257
293.285,134.001,91.997,93.257
291.806,131.129,90.035,91.268
296.445,134.341,90.035,91.268
295.375,132.556,90.035,91.268
299.300,134.341,90.035,91.268
296.802,133.984,90.035,91.268
296.445,134.341,90.035,91.268
295.375,134.698,90.035,91.268
293.590,133.627,90.035,91.268
293.233,135.411,90.035,91.268
290.735,133.627,90.035,91.268
291.092,137.553,90.035,91.268
290.021,140.051,90.035,91.268
290.378,143.977,90.035,91.268
292.163,147.189,90.035,91.268
291.092,149.687,90.035,91.268
292.876,152.185,90.035,91.268
291.806,151.115,90.035,91.268
294.304,153.613,90.035,91.268
291.092,151.115,90.035,91.268
294.304,154.327,90.035,91.268
291.092,151.829,90.035,91.268
293.590,153.613,90.035,91.268
290.378,149.687,90.035,91.268
293.590,151.472,90.035,91.268
290.378,147.546,90.035,91.268
294.304,149.330,90.035,91.268
291.092,146.118,90.035,91.268
295.018,147.903,90.035,91.268
292.519,143.263,90.035,91.268
297.159,144.334,90.035,91.268
293.947,139.694,90.035,91.268
297.159,136.482,90.035,91.268
293.947,131.842,90.035,91.268
297.765,131.944,92.027,93.288
295.211,126.472,92.027,93.288
297.035,123.918,92.027,93.288
293.022,120.635,92.027,93.288
294.846,118.811,92.027,93.288
291.563,114.798,92.027,93.288
287.550,111.515,92.027,93.288
289.374,113.339,92.027,93.288
284.632,110.056,92.027,93.288
282.079,111.880,92.027,93.288
278.795,109.327,92.027,93.288
280.427,113.215,94.063,95.352
275.580,109.113,94.063,95.352
278.190,113.215,94.063,95.352
274.088,109.859,94.063,95.352
276.698,113.960,94.063,95.352
273.342,111.350,94.063,95.352
275.207,114.706,94.063,95.352
271.105,112.096,94.063,95.352
274.461,116.198,94.063,95.352
270.359,112.842,94.063,95.352
272.970,116.198,94.063,95.352
268.868,112.096,94.063,95.352
272.970,116.198,94.063,95.352
269.614,112.096,94.063,95.352
273.715,116.198,94.063,95.352
270.359,112.096,94.063,95.352
273.715,116.198,94.063,95.352
271.105,112.096,94.063,95.352
275.207,115.452,94.063,95.352
271.851,112.096,94.063,95.352
275.952,115.452,94.063,95.352
272.978,110.142,96.144,97.461
277.170,112.810,96.144,97.461
273.740,108.617,96.144,97.461
277.932,112.047,96.144,97.461
274.502,107.855,96.144,97.461
277.932,112.047,96.144,97.461
274.502,108.617,96.144,97.461
277.932,112.810,96.144,97.461
274.502,108.617,96.144,97.461
277.932,112.810,96.144,97.461
274.502,108.617,96.144,97.461
278.694,111.285,96.144,97.461
275.264,107.855,96.144,97.461
278.550,109.545,98.271,99.618
275.044,106.039,98.271,99.618
279.329,108.766,98.271,99.618
276.602,106.818,98.271,99.618
279.329,110.324,98.271,99.618
276.602,108.376,98.271,99.618
278.550,111.882,98.271,99.618
275.044,109.155,98.271,99.618
278.550,113.440,98.271,99.618
275.823,113.830,98.271,99.618
277.771,115.777,98.271,99.618
274.265,114.609,98.271,99.618
276.213,118.115,98.271,99.618
273.486,117.725,98.271,99.618
276.213,121.231,98.271,99.618
272.707,119.283,98.271,99.618
276.213,122.789,98.271,99.618
272.707,120.062,98.271,99.618
276.992,123.568,98.271,99.618
274.265,120.842,98.271,99.618
277.771,123.568,98.271,99.618
275.823,120.062,98.271,99.618
280.108,122.789,98.271,99.618
278.940,119.283,98.271,99.618
282.446,121.231,98.271,99.618
283.614,116.946,98.271,99.618
288.678,119.673,98.271,99.618
283.614,123.958,98.271,99.618
279.329,121.231,98.271,99.618
283.614,119.283,98.271,99.618
280.108,114.219,98.271,99.618
285.951,120.062,98.271,99.618
287.899,123.568,98.271,99.618
285.172,120.062,98.271,99.618
287.899,118.894,98.271,99.618
285.172,116.167,98.271,99.618
289.457,118.894,98.271,99.618
286.731,115.388,98.271,99.618
290.236,119.673,98.271,99.618
289.068,116.946,98.271,99.618
293.353,119.673,98.271,99.618
294.521,120.842,98.271,99.618
297.248,122.789,98.271,99.618
295.300,120.062,98.271,99.618
299.585,122.789,98.271,99.618
302.312,124.737,98.271,99.618
301.144,122.010,98.271,99.618
306.208,124.737,98.271,99.618
304.260,122.789,98.271,99.618
309.324,124.737,98.271,99.618
306.597,120.452,98.271,99.618
310.103,123.179,98.271,99.618
307.376,118.894,98.271,99.618
310.103,120.842,98.271,99.618
307.376,116.557,98.271,99.618
305.429,116.167,98.271,99.618
303.481,113.440,98.271,99.618
303.091,115.388,98.271,99.618
299.585,111.103,98.271,99.618
298.417,111.492,98.271,99.618
295.690,107.987,98.271,99.618
294.521,106.818,98.271,99.618
291.795,104.870,98.271,99.618
293.742,105.260,98.271,99.618
289.457,102.533,98.271,99.618
291.405,103.702,98.271,99.618
287.120,101.754,98.271,99.618
287.510,104.481,98.271,99.618
284.004,104.091,98.271,99.618
282.835,106.039,98.271,99.618
280.108,104.091,98.271,99.618
282.835,108.376,98.271,99.618
279.329,108.766,98.271,99.618
280.498,109.934,98.271,99.618
276.992,108.766,98.271,99.618
279.719,112.272,98.271,99.618
275.434,109.545,98.271,99.618
278.940,113.051,98.271,99.618
275.434,111.103,98.271,99.618
278.940,112.272,98.271,99.618
277.771,110.324,98.271,99.618
278.161,113.051,98.271,99.618
278.550,115.777,98.271,99.618
282.835,119.283,98.271,99.618
287.899,114.998,98.271,99.618
286.731,119.283,98.271,99.618
289.457,122.010,98.271,99.618
287.510,119.283,98.271,99.618
291.015,122.789,98.271,99.618
289.068,120.842,98.271,99.618
293.353,124.347,98.271,99.618
290.626,121.621,98.271,99.618
294.132,125.127,98.271,99.618
291.405,122.400,98.271,99.618
294.132,125.906,98.271,99.618
290.626,121.621,98.271,99.618
294.132,124.347,98.271,99.618
292.963,121.621,98.271,99.618
296.469,123.568,98.271,99.618
293.742,120.842,98.271,99.618
296.469,124.347,98.271,99.618
293.742,121.621,98.271,99.618
297.248,124.347,98.271,99.618
293.742,122.400,98.271,99.618
295.690,125.906,98.271,99.618
292.184,123.179,98.271,99.618
294.911,126.685,98.271,99.618
289.847,123.958,98.271,99.618
288.678,125.127,98.271,99.618
285.951,123.179,98.271,99.618
288.678,125.906,98.271,99.618
284.393,122.400,98.271,99.618
287.899,125.127,98.271,99.618
284.393,122.400,98.271,99.618
288.678,125.127,98.271,99.618
285.172,122.400,98.271,99.618
289.457,125.906,98.271,99.618
288.289,123.179,98.271,99.618
291.015,126.685,98.271,99.618
288.289,124.737,98.271,99.618
291.795,127.464,98.271,99.618
288.289,125.516,98.271,99.618
291.795,128.243,98.271,99.618
288.289,126.295,98.271,99.618
291.015,129.022,98.271,99.618
288.289,127.074,98.271,99.618
291.015,129.801,98.271,99.618
288.289,127.853,98.271,99.618
291.015,130.580,98.271,99.618
288.289,127.853,98.271,99.618
291.015,130.580,98.271,99.618
288.289,127.853,98.271,99.618
291.795,131.359,98.271,99.618
288.289,127.853,98.271,99.618
291.015,131.359,98.271,99.618
287.510,127.853,98.271,99.618
290.236,131.359,98.271,99.618
286.731,127.853,98.271,99.618
289.457,131.359,98.271,99.618
286.731,128.632,98.271,99.618
290.236,130.580,98.271,99.618
286.731,127.853,98.271,99.618
289.457,131.359,98.271,99.618
285.951,128.632,98.271,99.618
287.120,132.138,98.271,99.618
283.614,130.191,98.271,99.618
281.666,134.476,98.271,99.618
280.498,135.644,98.271,99.618
277.771,136.813,98.271,99.618
277.381,140.319,98.271,99.618
280.108,143.825,98.271,99.618
280.498,145.772,98.271,99.618
276.992,144.604,98.271,99.618
278.161,148.110,98.271,99.618
274.655,146.162,98.271,99.618
273.486,148.889,98.271,99.618
276.992,147.720,98.271,99.618
276.602,149.668,98.271,99.618
274.655,146.941,98.271,99.618
278.161,150.447,98.271,99.618
275.434,147.720,98.271,99.618
277.381,149.668,98.271,99.618
274.655,145.383,98.271,99.618
273.486,147.330,98.271,99.618
272.317,149.278,98.271,99.618
270.370,146.551,98.271,99.618
269.201,144.604,98.271,99.618
268.812,145.772,98.271,99.618
266.085,143.825,98.271,99.618
270.370,147.330,98.271,99.618
266.864,143.825,98.271,99.618
268.032,147.330,98.271,99.618
266.085,145.383,98.271,99.618
268.032,148.110,98.271,99.618
266.864,146.162,98.271,99.618
270.370,148.889,98.271,99.618
267.643,146.162,98.271,99.618
272.707,149.668,98.271,99.618
269.980,145.383,98.271,99.618
274.265,148.889,98.271,99.618
272.317,144.604,98.271,99.618
275.823,145.772,98.271,99.618
273.097,142.266,98.271,99.618
276.602,144.214,98.271,99.618
275.773,140.395,96.176,97.493
279.204,143.064,96.176,97.493
276.535,142.683,96.176,97.493
279.204,143.826,96.176,97.493
276.535,141.920,96.176,97.493
276.154,143.064,96.176,97.493
277.298,143.445,96.176,97.493
276.154,141.539,96.176,97.493
278.060,143.445,96.176,97.493
276.154,140.014,96.176,97.493
275.010,138.108,96.176,97.493
273.867,138.489,96.176,97.493
271.961,137.345,96.176,97.493
270.054,136.202,96.176,97.493
268.148,136.583,96.176,97.493
267.004,136.964,96.176,97.493
268.911,135.058,96.176,97.493
267.767,136.964,96.176,97.493
266.623,134.296,96.176,97.493
268.529,136.202,96.176,97.493
266.623,134.296,96.176,97.493
265.480,133.152,96.176,97.493
264.336,134.296,96.176,97.493
263.955,134.677,96.176,97.493
262.811,134.296,96.176,97.493
260.905,135.439,96.176,97.493
258.999,133.533,96.176,97.493
240.318,130.864,96.176,97.493
233.837,128.958,96.176,97.493
237.268,133.152,96.176,97.493
239.937,132.771,96.176,97.493
242.433,134.461,98.304,99.650
246.601,132.146,100.479,101.855
251.779,134.934,100.479,101.855
259.346,132.146,100.479,101.855
266.117,130.154,100.479,101.855
271.295,132.146,100.479,101.855
270.897,126.968,100.479,101.855
275.278,128.959,100.479,101.855
273.286,124.578,100.479,101.855
276.074,124.976,100.479,101.855
273.286,119.798,100.479,101.855
277.813,122.036,98.336,99.683
275.864,119.308,98.336,99.683
277.033,122.816,98.336,99.683
278.982,123.206,98.336,99.683
277.033,120.477,98.336,99.683
276.643,123.206,98.336,99.683
277.813,123.595,98.336,99.683
275.864,120.867,98.336,99.683
275.474,123.595,98.336,99.683
279.762,124.765,98.336,99.683
277.813,120.477,98.336,99.683
278.982,123.985,98.336,99.683
280.931,127.493,98.336,99.683
279.762,129.442,98.336,99.683
276.254,125.155,98.336,99.683
279.762,128.663,98.336,99.683
276.254,131.391,98.336,99.683
271.186,127.883,98.336,99.683
264.032,128.803,100.512,101.888
259.649,124.420,100.512,101.888
261.642,128.006,100.512,101.888
258.056,122.826,100.512,101.888
260.048,127.209,100.512,101.888
265.227,131.591,100.512,101.888
259.251,126.412,100.512,101.888
266.024,131.591,100.512,101.888
268.813,136.771,100.512,101.888
266.024,133.185,100.512,101.888
270.407,136.771,100.512,101.888
269.212,133.982,100.512,101.888
272.001,137.568,100.512,101.888
272.688,135.198,98.368,99.716
276.198,138.707,98.368,99.716
274.248,135.978,98.368,99.716
277.757,137.928,98.368,99.716
277.367,134.418,98.368,99.716
280.097,135.588,98.368,99.716
280.487,132.858,98.368,99.716
283.216,135.588,98.368,99.716
285.166,133.638,98.368,99.716
288.675,135.588,98.368,99.716
290.625,133.638,98.368,99.716
292.575,137.148,98.368,99.716
292.185,137.538,98.368,99.716
295.694,138.707,98.368,99.716
294.524,140.657,98.368,99.716
297.254,139.487,98.368,99.716
294.524,142.217,98.368,99.716
294.446,139.897,96.270,97.589
294.827,144.095,96.270,97.589
293.682,141.424,96.270,97.589
292.537,143.332,96.270,97.589
291.393,140.661,96.270,97.589
290.248,143.332,96.270,97.589
289.866,142.187,96.270,97.589
288.721,144.095,96.270,97.589
289.103,143.714,96.270,97.589
287.958,144.858,96.270,97.589
288.340,143.714,96.270,97.589
286.432,146.385,96.270,97.589
288.340,144.477,96.270,97.589
287.195,144.095,96.270,97.589
286.050,142.950,96.270,97.589
287.195,141.042,96.270,97.589
286.813,141.424,96.270,97.589
287.958,138.753,96.270,97.589
286.050,136.081,96.270,97.589
282.214,136.981,98.400,99.748
281.043,133.471,98.400,99.748
284.724,134.910,96.302,97.621
281.289,133.002,96.302,97.621
283.961,131.857,96.302,97.621
284.343,132.238,96.302,97.621
282.434,130.330,96.302,97.621
285.106,128.421,96.302,97.621
284.724,128.803,96.302,97.621
283.579,126.894,96.302,97.621
283.197,124.222,96.302,97.621
283.579,123.840,96.302,97.621
282.434,121.931,96.302,97.621
281.289,120.023,96.302,97.621
280.144,118.114,96.302,97.621
278.998,116.969,96.302,97.621
279.380,117.351,96.302,97.621
276.708,114.678,96.302,97.621
278.617,116.587,96.302,97.621
275.944,113.915,96.302,97.621
277.090,116.587,96.302,97.621
275.181,113.915,96.302,97.621
276.326,116.587,96.302,97.621
274.418,114.678,96.302,97.621
275.563,117.351,96.302,97.621
273.654,113.915,96.302,97.621
274.036,115.824,96.302,97.621
272.127,113.151,96.302,97.621
275.563,115.824,96.302,97.621
272.891,112.388,96.302,97.621
275.563,115.060,96.302,97.621
272.891,111.624,96.302,97.621
275.563,113.533,96.302,97.621
272.127,110.861,96.302,97.621
276.326,113.533,96.302,97.621
272.891,110.861,96.302,97.621
277.090,114.297,96.302,97.621
274.418,113.151,96.302,97.621
278.617,116.587,96.302,97.621
278.998,119.259,96.302,97.621
281.670,121.931,96.302,97.621
278.235,120.023,96.302,97.621
282.434,124.985,96.302,97.621
285.870,129.184,96.302,97.621
280.907,125.749,96.302,97.621
284.343,128.421,96.302,97.621
280.907,124.985,96.302,97.621
284.198,128.262,98.433,99.781
279.906,123.970,98.433,99.781
277.175,122.019,98.433,99.781
281.467,125.531,98.433,99.781
278.736,122.019,98.433,99.781
283.028,125.531,98.433,99.781
280.296,123.580,98.433,99.781
284.588,125.531,98.433,99.781
285.759,127.482,98.433,99.781
287.710,128.652,98.433,99.781
285.759,128.262,98.433,99.781
287.710,127.872,98.433,99.781
284.198,127.482,98.433,99.781
283.028,125.531,98.433,99.781
281.857,124.360,98.433,99.781
279.126,122.409,98.433,99.781
277.955,119.678,98.433,99.781
275.224,117.727,98.433,99.781
276.159,115.409,100.611,101.989
272.570,113.415,100.611,101.989
271.373,111.421,100.611,101.989
270.975,111.819,100.611,101.989
269.778,109.825,100.611,101.989
267.424,110.766,102.837,104.245
267.016,107.912,102.837,104.245
264.978,106.690,102.837,104.245
260.880,105.959,105.112,106.552
257.963,104.709,105.112,106.552
250.880,103.459,105.112,106.552
244.098,100.119,107.437,108.909
237.165,97.589,109.814,111.319
230.636,93.671,109.814,111.319
225.847,89.753,109.814,111.319
219.665,86.264,112.244,113.782
215.660,81.370,112.244,113.782
212.546,77.365,112.244,113.782
212.991,73.361,112.244,113.782
209.876,68.467,112.244,113.782
212.991,64.462,112.244,113.782
214.980,63.665,114.727,116.299
215.435,58.663,114.727,116.299
218.619,56.389,114.727,116.299
219.073,53.205,114.727,116.299
218.276,53.334,117.266,118.872
219.670,50.080,117.266,118.872
218.855,51.177,119.860,121.502
216.480,52.602,119.860,121.502
220.756,56.878,119.860,121.502
215.979,61.942,122.512,124.190
218.151,68.126,125.223,126.938
217.655,69.615,125.223,126.938
211.202,63.162,125.223,126.938
206.317,60.210,122.552,124.231
202.917,55.838,122.552,124.231
200.488,51.466,122.552,124.231
204.860,50.980,122.552,124.231
210.204,42.721,122.552,124.231
210.689,35.434,122.552,124.231
215.062,31.062,122.552,124.231
219.434,27.662,122.552,124.231
224.777,23.290,122.552,124.231
228.178,20.861,122.552,124.231
233.522,17.460,122.552,124.231
239.837,17.946,122.552,124.231
245.033,17.076,125.264,126.980
250.495,18.565,125.264,126.980
257.943,21.048,125.264,126.980
264.398,22.538,125.264,126.980
270.853,22.041,125.264,126.980
279.295,24.524,125.264,126.980
285.750,27.006,125.264,126.980
282.274,23.531,125.264,126.980
284.494,25.732,128.035,129.789
279.926,20.149,128.035,129.789
282.464,22.687,128.035,129.789
275.256,15.459,130.868,132.661
276.812,15.978,130.868,132.661
279.406,15.459,130.868,132.661
276.343,16.683,133.764,135.596
