302.000,135.000,67.000,81.000
299.881,138.701,67.000,81.000
299.590,144.812,67.000,81.000
301.045,149.760,67.000,81.000
303.082,152.961,67.000,81.000
299.881,149.178,67.000,81.000
304.246,146.558,67.000,81.000
307.447,147.432,67.000,81.000
310.648,150.633,67.000,81.000
313.267,153.834,67.000,81.000
315.305,156.453,67.000,81.000
317.924,153.834,67.000,81.000
323.453,150.051,67.000,81.000
330.146,144.521,67.000,81.000
335.093,141.320,67.000,81.000
337.713,137.537,67.000,81.000
338.586,134.918,67.000,81.000
340.562,137.343,68.482,82.792
342.644,134.666,68.482,82.792
345.916,130.204,68.482,82.792
350.972,124.553,68.482,82.792
353.610,118.391,69.998,84.624
356.305,115.877,71.546,86.496
360.995,117.822,73.129,88.410
366.447,121.787,74.747,90.366
371.966,127.306,74.747,90.366
379.433,130.878,74.747,90.366
382.985,130.889,76.401,92.365
378.671,123.920,76.401,92.365
362.333,108.094,78.091,94.409
346.391,93.509,78.091,94.409
338.841,87.186,79.819,96.498
337.801,83.372,79.819,96.498
339.535,89.959,79.819,96.498
337.108,94.466,79.819,96.498
332.601,101.053,79.819,96.498
326.322,106.820,81.585,98.633
352.900,123.475,81.585,98.633
358.982,125.693,83.390,100.815
365.140,120.260,83.390,100.815
370.573,117.724,83.390,100.815
366.589,107.945,83.390,100.815
358.526,91.422,85.235,103.046
355.935,86.609,85.235,103.046
314.841,114.376,85.235,103.046
308.547,120.669,85.235,103.046
304.475,126.963,85.235,103.046
301.458,137.696,83.418,100.848
318.063,154.487,81.639,98.697
314.162,151.295,81.639,98.697
320.900,153.068,81.639,98.697
315.214,145.722,83.445,100.881
305.428,143.910,83.445,100.881
292.743,140.648,83.445,100.881
323.030,97.041,85.291,103.113
316.732,89.261,85.291,103.113
322.289,102.968,85.291,103.113
354.784,142.184,87.178,105.394
395.300,100.153,87.178,105.394
390.378,106.591,87.178,105.394
383.183,100.911,87.178,105.394
372.398,96.209,89.107,107.726
366.995,87.388,91.078,110.110
374.606,76.730,93.094,112.546
361.263,69.856,93.094,112.546
354.389,68.643,93.094,112.546
361.263,69.856,93.094,112.546
253.302,88.052,93.094,112.546
261.082,104.007,95.153,115.036
254.527,119.176,93.124,112.583
258.977,140.613,93.124,112.583
273.942,162.051,93.124,112.583
293.762,179.444,93.124,112.583
280.562,175.261,95.184,115.074
264.442,145.007,93.155,112.620
255.945,127.609,93.155,112.620
257.328,136.999,91.168,110.218
263.268,141.355,91.168,110.218
265.248,144.127,91.168,110.218
243.469,113.636,91.168,110.218
239.905,110.072,91.168,110.218
243.549,131.476,89.224,107.868
245.487,146.590,89.224,107.868
238.123,154.729,89.224,107.868
235.410,158.992,89.224,107.868
231.923,157.054,89.224,107.868
229.512,155.589,87.321,105.567
231.409,159.761,87.321,105.567
227.587,164.177,85.459,103.316
222.406,168.811,87.350,105.602
219.750,176.778,87.350,105.602
215.241,172.067,89.282,107.938
216.567,167.611,87.378,105.637
214.669,164.196,87.378,105.637
208.976,160.780,87.378,105.637
203.283,155.846,87.378,105.637
189.241,151.671,87.378,105.637
172.921,148.256,87.378,105.637
169.986,142.756,89.312,107.974
179.538,136.803,87.407,105.671
182.955,137.942,87.407,105.671
185.716,143.094,85.543,103.418
182.689,138.825,83.719,101.212
108.145,199.551,83.719,101.212
6.488,268.226,85.571,103.452
7.603,263.394,85.571,103.452
-9.122,254.102,85.571,103.452
-10.980,256.704,85.571,103.452
-11.352,259.305,85.571,103.452
-8.057,256.233,87.464,105.741
-3.829,275.303,85.599,103.486
-6.858,260.280,83.774,101.279
-0.672,265.010,83.774,101.279
6.183,272.754,81.987,99.119
-2.483,266.115,83.801,101.312
-7.553,254.215,82.014,99.151
-2.922,257.421,82.014,99.151
1.729,271.869,80.265,97.037
-3.500,265.942,80.265,97.037
-7.644,271.017,82.041,99.184
-14.414,277.788,82.041,99.184
-7.644,283.846,82.041,99.184
-1.586,221.486,82.041,99.184
-9.069,228.256,82.041,99.184
-12.276,221.486,82.041,99.184
-17.250,248.116,83.856,101.378
-1.963,252.357,82.068,99.216
-3.032,247.010,82.068,99.216
2.315,242.376,82.068,99.216
-0.893,243.445,82.068,99.216
-3.388,257.347,82.068,99.216
-5.171,275.527,82.068,99.216
-3.952,261.124,80.318,97.101
-9.185,262.868,80.318,97.101
-9.534,267.403,80.318,97.101
-5.696,254.495,80.318,97.101
-3.952,252.053,80.318,97.101
-7.092,267.752,80.318,97.101
-13.720,260.426,80.318,97.101
-9.903,254.647,82.095,99.249
-7.407,257.856,82.095,99.249
-9.903,253.934,82.095,99.249
-11.686,257.856,82.095,99.249
-12.529,261.320,80.344,97.132
-13.576,247.710,80.344,97.132
-9.692,247.737,78.631,95.061
-12.475,255.005,76.954,93.034
-16.487,258.896,75.313,91.050
-8.432,266.488,73.707,89.108
-10.033,271.290,73.707,89.108
-5.236,274.401,72.135,87.208
-8.309,268.560,73.731,89.137
-3.505,183.054,73.731,89.137
-3.826,177.609,73.731,89.137
-1.584,176.008,73.731,89.137
-5.107,181.452,73.731,89.137
-4.629,171.599,72.159,87.237
-5.974,165.581,70.620,85.376
-7.508,164.048,70.620,85.376
74.390,94.419,70.620,85.376
98.009,119.264,70.620,85.376
76.588,80.262,69.114,83.556
73.021,92.107,70.643,85.404
75.104,97.848,72.206,87.294
77.927,95.025,72.206,87.294
86.395,90.321,72.206,87.294
91.128,83.823,73.804,89.225
46.569,118.124,73.804,89.225
46.751,118.800,75.436,91.199
3.172,123.714,75.436,91.199
-1.087,139.770,75.436,91.199
-5.347,134.199,75.436,91.199
-0.432,142.391,75.436,91.199
-4.036,143.374,75.436,91.199
-6.074,142.135,73.828,89.254
-4.471,145.663,73.828,89.254
-9.556,151.251,72.253,87.351
-14.533,138.570,70.713,85.488
-4.397,143.177,70.713,85.488
-9.268,142.609,69.205,83.665
-14.035,166.968,67.729,81.881
-10.211,170.793,67.729,81.881
-5.798,166.380,67.729,81.881
-4.225,162.433,66.284,80.135
-8.244,157.663,67.751,81.908
-11.481,153.838,67.751,81.908
-0.264,148.754,66.306,80.161
-6.497,146.001,64.892,78.452
-2.269,153.047,64.892,78.452
-6.195,141.115,63.508,76.779
-0.888,135.973,64.913,78.477
36.611,148.661,64.913,78.477
43.660,152.890,64.913,78.477
41.686,158.247,64.913,78.477
48.735,154.018,64.913,78.477
51.273,150.352,64.913,78.477
62.269,155.145,64.913,78.477
93.670,143.753,63.529,76.804
80.657,144.907,64.935,78.503
66.836,155.907,64.935,78.503
54.145,154.497,64.935,78.503
48.786,160.984,64.935,78.503
38.914,149.984,64.935,78.503
35.248,151.958,64.935,78.503
34.966,153.933,64.935,78.503
40.889,147.446,64.935,78.503
41.735,149.984,64.935,78.503
52.734,156.471,64.935,78.503
49.632,153.369,64.935,78.503
60.926,153.934,63.550,76.829
90.071,166.193,62.195,75.191
93.078,168.818,60.868,73.587
89.395,164.251,59.570,72.018
100.521,168.650,59.570,72.018
97.157,174.083,59.570,72.018
102.136,186.440,60.888,73.611
105.029,189.193,62.236,75.240
98.137,185.045,60.908,73.635
97.511,183.025,59.609,72.065
127.844,178.054,58.338,70.528
136.206,182.868,58.338,70.528
138.486,187.176,58.338,70.528
139.681,182.978,59.629,72.089
141.494,180.647,59.629,72.089
142.789,168.474,59.629,72.089
142.177,159.507,58.357,70.551
141.416,152.663,58.357,70.551
136.093,154.437,58.357,70.551
130.770,157.226,58.357,70.551
134.065,153.931,58.357,70.551
105.423,183.080,58.357,70.551
101.114,184.347,58.357,70.551
36.505,155.538,57.113,69.047
40.226,159.755,57.113,69.047
40.474,161.492,57.113,69.047
37.249,163.724,57.113,69.047
39.978,153.553,57.113,69.047
36.753,150.328,57.113,69.047
49.900,146.111,57.113,69.047
53.621,141.398,57.113,69.047
50.397,144.127,57.113,69.047
53.621,140.902,57.113,69.047
58.831,136.685,57.113,69.047
61.560,135.444,57.113,69.047
57.839,135.196,57.113,69.047
53.621,133.460,57.113,69.047
54.791,127.291,58.377,70.575
51.495,126.531,58.377,70.575
47.185,124.249,58.377,70.575
44.395,120.445,58.377,70.575
49.173,111.666,57.132,69.070
51.902,109.929,57.132,69.070
53.072,108.393,58.396,70.598
56.370,112.197,58.396,70.598
58.145,108.393,58.396,70.598
60.479,105.479,57.150,69.092
57.252,103.244,57.150,69.092
58.579,102.785,55.932,67.619
61.283,100.930,54.739,66.177
63.929,100.032,53.572,64.766
61.370,97.472,53.572,64.766
65.791,99.566,53.572,64.766
68.829,103.621,52.429,63.384
66.324,105.671,52.429,63.384
64.274,96.789,52.429,63.384
71.964,93.489,53.589,64.787
63.351,98.377,53.589,64.787
65.942,102.433,52.446,63.405
67.489,99.132,53.607,64.808
65.859,98.899,53.607,64.808
63.763,106.117,53.607,64.808
61.202,111.473,53.607,64.808
65.589,115.979,52.463,63.426
70.830,106.180,52.463,63.426
69.540,108.552,53.624,64.829
70.639,105.177,54.811,66.264
75.583,96.475,53.642,64.851
72.554,100.436,53.642,64.851
68.593,114.183,53.642,64.851
66.496,116.745,53.642,64.851
48.740,105.150,54.829,66.285
30.879,103.007,54.829,66.285
4.921,89.909,54.829,66.285
-0.874,85.964,56.042,67.752
-4.272,91.023,57.282,69.251
-6.511,95.750,57.282,69.251
-3.273,105.051,58.549,70.783
-5.240,100.310,59.844,72.349
-5.632,99.240,61.168,73.950
-3.828,99.800,62.522,75.586
-0.298,97.356,62.522,75.586
-3.828,109.577,62.522,75.586
-0.841,112.021,62.522,75.586
2.146,110.663,62.522,75.586
3.990,106.164,63.905,77.258
7.599,102.555,63.905,77.258
11.762,101.168,63.905,77.258
23.143,100.890,63.905,77.258
26.756,98.020,65.319,78.968
28.174,103.410,65.319,78.968
32.430,107.666,65.319,78.968
37.253,118.730,65.319,78.968
40.374,122.986,65.319,78.968
41.792,126.107,65.319,78.968
46.591,127.769,63.926,77.284
51.311,124.715,63.926,77.284
55.476,123.327,63.926,77.284
60.196,121.383,63.926,77.284
65.962,121.404,62.563,75.636
77.104,122.763,62.563,75.636
83.354,126.296,62.563,75.636
87.430,130.915,62.563,75.636
88.245,137.165,62.563,75.636
126.017,140.698,62.563,75.636
130.637,144.774,62.563,75.636
130.226,143.655,63.947,77.309
129.570,139.928,62.583,75.660
129.298,134.220,62.583,75.660
132.272,137.049,63.968,77.334
128.393,132.446,65.383,79.045
132.653,128.755,65.383,79.045
207.911,125.063,65.383,79.045
205.355,129.323,65.383,79.045
203.367,134.150,65.383,79.045
199.992,139.463,66.830,80.794
203.185,144.979,66.830,80.794
202.314,140.624,66.830,80.794
249.628,108.985,66.830,80.794
246.435,105.792,66.830,80.794
248.407,103.392,68.308,82.582
252.884,99.708,69.820,84.409
250.538,96.572,71.365,86.277
247.749,92.542,71.365,86.277
246.819,97.192,71.365,86.277
247.129,103.081,71.365,86.277
247.439,111.450,71.365,86.277
249.096,119.242,69.843,84.437
251.156,117.364,71.388,86.305
246.827,109.653,72.967,88.214
249.046,102.364,72.967,88.214
273.450,17.743,72.967,88.214
273.133,13.623,72.967,88.214
279.154,12.038,72.967,88.214
291.829,14.679,74.582,90.166
300.750,16.035,76.232,92.161
316.313,19.677,76.232,92.161
312.008,30.603,76.232,92.161
293.135,34.246,76.232,92.161
285.519,32.590,76.232,92.161
283.201,32.259,76.232,92.161
286.248,37.391,74.606,90.196
281.388,30.585,74.606,90.196
280.415,27.021,74.606,90.196
283.332,29.289,74.606,90.196
297.636,28.628,76.257,92.191
294.655,31.609,76.257,92.191
281.075,35.252,76.257,92.191
260.498,32.085,74.631,90.225
256.284,29.167,74.631,90.225
250.773,29.492,74.631,90.225
246.921,30.175,76.282,92.221
262.493,68.278,76.282,92.221
257.523,63.971,76.282,92.221
253.216,58.338,76.282,92.221
250.234,52.043,76.282,92.221
245.927,45.748,76.282,92.221
249.572,53.368,76.282,92.221
266.469,72.916,76.282,92.221
273.350,81.245,74.655,90.255
276.917,84.812,74.655,90.255
280.465,84.150,76.307,92.252
300.020,71.224,76.307,92.252
292.642,76.049,77.995,94.293
320.083,64.869,77.995,94.293
328.552,66.563,77.995,94.293
328.404,64.630,76.332,92.282
329.967,61.201,78.021,94.324
345.629,56.994,79.747,96.411
353.012,58.443,81.511,98.544
365.701,30.538,83.315,100.724
360.273,35.966,83.315,100.724
351.226,42.842,83.315,100.724
345.798,46.823,83.315,100.724
338.199,50.803,83.315,100.724
333.157,59.899,81.538,98.576
327.137,64.504,81.538,98.576
323.949,68.399,81.538,98.576
298.096,63.795,81.538,98.576
292.417,68.951,83.342,100.757
296.377,81.733,85.186,102.986
300.426,89.423,87.071,105.265
306.098,96.608,87.071,105.265
