142.000,125.000,91.000,40.000
139.718,124.235,91.000,40.000
134.912,124.994,91.000,40.000
129.600,125.247,91.000,40.000
124.794,125.500,91.000,40.000
119.988,123.224,91.000,40.000
117.712,123.982,91.000,40.000
112.400,123.224,91.000,40.000
107.088,121.959,91.000,40.000
101.776,122.212,91.000,40.000
96.465,119.935,91.000,40.000
93.176,120.694,91.000,40.000
87.865,118.924,91.000,40.000
82.553,120.188,91.000,40.000
77.241,116.900,91.000,40.000
73.953,118.165,91.000,40.000
68.641,115.888,91.000,40.000
62.824,116.647,91.000,40.000
57.006,115.888,91.000,40.000
51.188,115.129,91.000,40.000
45.876,114.371,91.000,40.000
40.059,113.612,91.000,40.000
35.759,114.876,91.000,40.000
29.435,113.106,91.000,40.000
24.123,114.371,91.000,40.000
19.823,115.635,91.000,40.000
15.018,116.900,91.000,40.000
9.706,118.165,91.000,40.000
-0.159,117.912,91.000,40.000
-4.965,120.188,91.000,40.000
-8.253,119.429,91.000,40.000
-10.024,122.212,91.000,40.000
-13.818,121.959,91.000,40.000
-15.082,125.247,91.000,40.000
-18.371,123.982,91.000,40.000
-17.106,126.765,91.000,40.000
-18.877,126.006,91.000,40.000
-17.612,126.259,91.000,40.000
-19.888,123.982,91.000,40.000
-18.118,126.259,91.000,40.000
-20.394,123.982,91.000,40.000
-18.624,126.259,91.000,40.000
-17.865,122.971,91.000,40.000
-17.106,124.235,91.000,40.000
-16.853,121.453,91.000,40.000
-17.612,120.188,91.000,40.000
-14.829,119.429,91.000,40.000
-12.047,118.671,91.000,40.000
-9.771,119.429,91.000,40.000
-7.494,116.141,91.000,40.000
-10.782,114.876,91.000,40.000
-12.553,112.600,91.000,40.000
-9.771,111.335,91.000,40.000
-8.506,110.071,91.000,40.000
-7.747,108.806,91.000,40.000
-4.459,108.047,91.000,40.000
-2.688,106.276,91.000,40.000
1.106,104.506,91.000,40.000
5.406,104.253,91.000,40.000
10.212,102.988,91.000,40.000
17.547,103.747,91.000,40.000
21.341,102.482,91.000,40.000
26.653,101.724,91.000,40.000
31.459,101.976,91.000,40.000
36.265,101.724,91.000,40.000
41.576,101.976,91.000,40.000
46.888,103.241,91.000,40.000
50.682,102.482,91.000,40.000
50.429,105.265,91.000,40.000
52.706,106.529,91.000,40.000
52.959,107.794,91.000,40.000
51.690,109.713,93.013,40.885
51.948,109.455,93.013,40.885
52.724,111.265,93.013,40.885
52.982,113.592,93.013,40.885
53.241,114.367,93.013,40.885
54.534,116.177,93.013,40.885
54.792,116.953,93.013,40.885
55.051,118.245,93.013,40.885
55.309,118.504,93.013,40.885
55.568,119.279,93.013,40.885
56.343,120.572,93.013,40.885
56.085,120.831,93.013,40.885
56.860,122.640,93.013,40.885
56.085,122.382,93.013,40.885
57.378,124.192,93.013,40.885
57.119,125.484,93.013,40.885
57.378,124.709,93.013,40.885
57.636,126.518,93.013,40.885
58.412,127.294,93.013,40.885
59.187,128.587,93.013,40.885
60.480,129.879,93.013,40.885
57.119,130.138,93.013,40.885
58.412,131.948,93.013,40.885
59.704,132.206,93.013,40.885
61.514,134.533,93.013,40.885
62.807,134.792,93.013,40.885
65.134,136.601,93.013,40.885
66.943,137.377,93.013,40.885
69.787,138.153,93.013,40.885
73.665,139.445,93.013,40.885
75.992,139.704,93.013,40.885
80.387,141.514,93.013,40.885
79.095,140.221,93.013,40.885
82.973,142.031,93.013,40.885
87.368,143.840,93.013,40.885
84.007,143.065,93.013,40.885
85.817,144.875,93.013,40.885
87.109,146.167,93.013,40.885
89.953,146.943,93.013,40.885
92.797,148.236,93.013,40.885
98.744,149.011,93.013,40.885
102.105,149.787,93.013,40.885
104.948,151.079,93.013,40.885
109.344,152.372,93.013,40.885
111.670,154.182,93.013,40.885
111.929,154.440,93.013,40.885
107.688,155.624,91.030,40.013
108.447,154.359,91.030,40.013
110.724,156.636,91.030,40.013
114.865,154.380,89.089,39.160
119.075,156.609,89.089,39.160
123.780,156.856,89.089,39.160
128.980,158.094,89.089,39.160
137.647,159.828,89.089,39.160
138.885,157.599,89.089,39.160
140.618,159.333,89.089,39.160
143.838,159.085,89.089,39.160
147.552,160.323,89.089,39.160
156.219,161.561,89.089,39.160
167.857,163.295,89.089,39.160
178.010,163.047,89.089,39.160
186.182,165.276,89.089,39.160
188.906,165.028,89.089,39.160
194.106,165.276,89.089,39.160
197.820,167.009,89.089,39.160
202.525,166.761,89.089,39.160
211.192,168.495,89.089,39.160
213.916,169.733,89.089,39.160
219.612,168.990,89.089,39.160
224.317,172.209,89.089,39.160
227.536,170.476,89.089,39.160
229.765,173.695,89.089,39.160
232.984,175.428,89.089,39.160
235.212,175.676,89.089,39.160
236.451,177.905,89.089,39.160
236.698,178.648,89.089,39.160
236.946,180.381,89.089,39.160
234.162,181.746,91.060,40.026
233.403,181.493,91.060,40.026
232.643,183.771,91.060,40.026
229.353,183.012,91.060,40.026
228.087,185.290,91.060,40.026
226.316,184.024,91.060,40.026
223.995,186.470,93.074,40.912
222.184,186.729,93.074,40.912
220.373,186.470,93.074,40.912
219.080,188.798,93.074,40.912
224.311,189.484,91.090,40.039
229.122,190.750,91.090,40.039
233.426,193.029,91.090,40.039
237.730,195.814,91.090,40.039
236.464,197.586,91.090,40.039
235.198,196.320,91.090,40.039
235.452,198.092,91.090,40.039
234.186,195.814,91.090,40.039
233.426,196.067,91.090,40.039
231.147,194.295,91.090,40.039
230.894,192.522,91.090,40.039
232.666,193.788,91.090,40.039
233.932,192.016,91.090,40.039
231.086,190.259,93.105,40.925
232.380,192.071,93.105,40.925
230.568,191.295,93.105,40.925
230.310,191.036,93.105,40.925
205.207,190.259,93.105,40.925
184.245,186.895,93.105,40.925
181.915,184.566,93.105,40.925
181.139,182.237,93.105,40.925
182.433,181.978,93.105,40.925
179.069,180.167,93.105,40.925
180.363,179.390,93.105,40.925
180.622,178.096,93.105,40.925
177.775,176.285,93.105,40.925
179.069,175.508,93.105,40.925
175.187,173.697,93.105,40.925
176.481,171.885,93.105,40.925
178.810,171.109,93.105,40.925
182.692,172.920,93.105,40.925
176.560,169.514,95.165,41.831
171.535,168.192,95.165,41.831
168.625,165.811,95.165,41.831
173.122,165.546,95.165,41.831
179.206,166.869,95.165,41.831
181.586,165.017,95.165,41.831
184.496,163.695,95.165,41.831
174.709,160.785,95.165,41.831
170.741,159.463,95.165,41.831
168.889,157.611,95.165,41.831
165.980,155.230,95.165,41.831
161.483,156.024,95.165,41.831
162.277,154.172,95.165,41.831
154.605,151.792,95.165,41.831
151.167,150.469,95.165,41.831
154.605,150.204,95.165,41.831
158.573,151.527,95.165,41.831
160.425,149.146,95.165,41.831
162.806,150.998,95.165,41.831
166.244,147.559,95.165,41.831
172.857,146.766,95.165,41.831
175.767,146.501,95.165,41.831
177.619,143.591,95.165,41.831
181.057,143.327,95.165,41.831
182.909,143.591,95.165,41.831
185.290,145.972,95.165,41.831
187.141,144.650,95.165,41.831
192.696,143.327,95.165,41.831
196.135,144.650,95.165,41.831
200.103,143.327,95.165,41.831
208.832,143.591,95.165,41.831
227.612,143.856,95.165,41.831
234.754,145.179,95.165,41.831
239.251,144.385,95.165,41.831
243.219,145.708,95.165,41.831
248.245,146.501,95.165,41.831
250.625,146.237,95.165,41.831
254.593,147.559,95.165,41.831
258.032,148.882,95.165,41.831
261.471,151.262,95.165,41.831
259.619,149.411,95.165,41.831
254.593,150.204,95.165,41.831
256.445,151.527,95.165,41.831
255.122,152.321,95.165,41.831
256.974,153.114,95.165,41.831
259.355,153.908,95.165,41.831
263.322,153.643,95.165,41.831
260.942,150.733,95.165,41.831
263.851,148.353,95.165,41.831
264.645,152.321,95.165,41.831
265.438,155.759,95.165,41.831
253.535,159.727,95.165,41.831
241.632,161.579,95.165,41.831
239.780,158.140,95.165,41.831
245.864,158.934,95.165,41.831
248.245,155.495,95.165,41.831
258.032,152.056,95.165,41.831
264.645,153.908,95.165,41.831
261.671,149.877,97.270,42.756
256.387,149.685,99.422,43.702
252.134,147.768,101.622,44.669
243.683,145.808,103.871,45.657
167.173,139.168,103.871,45.657
165.152,135.414,103.871,45.657
161.976,132.816,103.871,45.657
151.294,128.485,103.871,45.657
139.456,125.309,103.871,45.657
136.281,124.443,103.871,45.657
140.034,122.422,103.871,45.657
140.323,123.866,103.871,45.657
144.653,122.422,103.871,45.657
148.407,121.556,103.871,45.657
152.160,121.267,103.871,45.657
157.068,119.824,103.871,45.657
158.512,120.690,103.871,45.657
162.265,118.669,103.871,45.657
165.441,118.958,103.871,45.657
167.462,117.514,103.871,45.657
168.906,118.958,103.871,45.657
170.349,117.514,103.871,45.657
172.370,119.535,103.871,45.657
173.814,120.401,103.871,45.657
174.680,118.958,103.871,45.657
175.546,120.979,103.871,45.657
172.948,120.113,103.871,45.657
173.814,122.711,103.871,45.657
170.060,124.732,103.871,45.657
167.462,125.598,103.871,45.657
164.286,127.619,103.871,45.657
162.265,129.063,103.871,45.657
163.131,131.661,103.871,45.657
158.223,133.682,103.871,45.657
159.089,135.126,103.871,45.657
153.026,137.724,103.871,45.657
150.428,139.168,103.871,45.657
144.942,141.766,103.871,45.657
144.653,143.787,103.871,45.657
140.900,145.231,103.871,45.657
139.456,146.674,103.871,45.657
136.281,145.231,103.871,45.657
135.992,147.829,103.871,45.657
132.816,146.386,103.871,45.657
133.682,146.097,103.871,45.657
129.351,144.653,103.871,45.657
126.753,143.210,103.871,45.657
127.042,142.921,103.871,45.657
123.288,140.323,103.871,45.657
121.845,138.879,103.871,45.657
120.979,137.436,103.871,45.657
118.380,135.414,103.871,45.657
120.401,135.703,103.871,45.657
117.803,133.105,103.871,45.657
114.627,130.506,103.871,45.657
112.028,130.218,103.871,45.657
116.359,128.197,103.871,45.657
119.535,129.640,103.871,45.657
116.359,127.619,103.871,45.657
103.944,126.753,103.871,45.657
99.036,128.197,103.871,45.657
99.902,128.485,103.871,45.657
100.191,127.619,103.871,45.657
101.635,129.640,103.871,45.657
101.923,128.774,103.871,45.657
103.367,130.218,103.871,45.657
104.811,129.351,103.871,45.657
106.832,130.218,103.871,45.657
107.698,129.351,103.871,45.657
109.719,128.485,103.871,45.657
112.895,128.197,103.871,45.657
114.916,127.330,103.871,45.657
118.091,127.042,103.871,45.657
120.690,125.598,103.871,45.657
124.443,123.577,103.871,45.657
127.042,123.288,103.871,45.657
130.795,122.422,103.871,45.657
133.971,119.246,103.871,45.657
137.147,118.380,103.871,45.657
140.323,115.204,103.871,45.657
144.076,112.606,103.871,45.657
146.674,110.585,103.871,45.657
149.273,107.409,103.871,45.657
150.716,105.965,103.871,45.657
152.160,103.944,103.871,45.657
153.604,103.078,103.871,45.657
156.202,103.944,103.871,45.657
151.294,103.656,103.871,45.657
153.892,105.677,103.871,45.657
155.913,107.698,103.871,45.657
156.779,106.832,103.871,45.657
159.955,108.853,103.871,45.657
161.976,110.874,103.871,45.657
163.997,110.585,103.871,45.657
168.906,113.183,103.871,45.657
173.236,113.472,103.871,45.657
170.060,112.029,103.871,45.657
174.391,114.627,103.871,45.657
170.060,113.761,103.871,45.657
172.659,116.359,103.871,45.657
170.638,115.493,103.871,45.657
174.969,117.514,103.871,45.657
171.793,117.225,103.871,45.657
175.546,118.092,103.871,45.657
164.286,117.225,103.871,45.657
159.955,118.092,103.871,45.657
159.667,117.225,103.871,45.657
161.688,118.669,103.871,45.657
163.131,118.958,103.871,45.657
162.265,119.824,103.871,45.657
164.863,120.690,103.871,45.657
167.462,121.556,103.871,45.657
164.286,120.690,103.871,45.657
166.885,121.556,103.871,45.657
171.215,122.422,103.871,45.657
174.391,122.711,103.871,45.657
177.567,124.732,103.871,45.657
180.165,123.288,103.871,45.657
178.144,124.732,103.871,45.657
175.546,123.288,103.871,45.657
178.722,125.309,103.871,45.657
174.969,123.866,103.871,45.657
170.060,123.000,103.871,45.657
166.307,123.288,103.871,45.657
169.483,124.732,103.871,45.657
164.575,125.021,103.871,45.657
160.244,123.577,103.871,45.657
163.420,126.176,103.871,45.657
166.596,128.197,103.871,45.657
163.997,126.753,103.871,45.657
161.399,128.774,103.871,45.657
158.223,126.176,103.871,45.657
161.279,129.167,101.656,44.684
159.866,128.884,101.656,44.684
159.018,129.167,101.656,44.684
158.170,128.319,101.656,44.684
157.348,127.434,99.488,43.731
156.518,129.370,99.488,43.731
153.476,126.881,99.488,43.731
152.138,129.746,97.366,42.798
149.161,126.769,97.366,42.798
145.102,128.122,97.366,42.798
142.666,130.017,97.366,42.798
140.230,130.287,97.366,42.798
137.795,132.182,97.366,42.798
135.359,129.746,97.366,42.798
133.464,131.640,97.366,42.798
132.111,132.994,97.366,42.798
130.217,130.558,97.366,42.798
128.864,133.535,97.366,42.798
125.345,131.099,97.366,42.798
125.616,133.535,97.366,42.798
120.474,134.888,97.366,42.798
118.038,131.370,97.366,42.798
115.602,134.347,97.366,42.798
109.919,131.911,97.366,42.798
109.648,134.347,97.366,42.798
107.754,135.700,97.366,42.798
106.401,132.182,97.366,42.798
102.883,134.617,97.366,42.798
99.906,132.723,97.366,42.798
98.011,135.159,97.366,42.798
93.952,133.264,97.366,42.798
93.681,135.700,97.366,42.798
89.080,133.264,97.366,42.798
88.809,135.700,97.366,42.798
83.667,134.888,97.366,42.798
80.149,132.994,97.366,42.798
79.337,135.429,97.366,42.798
75.278,137.324,97.366,42.798
72.842,134.888,97.366,42.798
72.030,136.783,97.366,42.798
69.053,134.888,97.366,42.798
67.700,136.783,97.366,42.798
64.182,137.053,97.366,42.798
60.122,134.076,97.366,42.798
59.310,137.053,97.366,42.798
55.792,135.159,97.366,42.798
54.980,137.053,97.366,42.798
52.003,134.617,97.366,42.798
50.650,135.971,97.366,42.798
46.590,133.535,97.366,42.798
45.237,135.971,97.366,42.798
42.801,134.076,97.366,42.798
39.824,132.723,97.366,42.798
37.930,132.994,97.366,42.798
35.494,130.558,97.366,42.798
34.141,132.452,97.366,42.798
31.705,130.558,97.366,42.798
30.352,130.829,97.366,42.798
27.916,128.393,97.366,42.798
27.104,129.746,97.366,42.798
25.210,126.228,97.366,42.798
24.398,126.498,97.366,42.798
23.045,123.521,97.366,42.798
26.022,124.333,97.366,42.798
25.210,120.815,97.366,42.798
26.563,118.379,97.366,42.798
27.916,118.650,97.366,42.798
27.646,115.132,97.366,42.798
26.834,113.237,97.366,42.798
31.435,112.967,97.366,42.798
30.081,110.531,97.366,42.798
31.435,108.636,97.366,42.798
32.788,108.907,97.366,42.798
31.976,107.013,97.366,42.798
35.494,108.907,97.366,42.798
34.682,108.636,97.366,42.798
33.329,106.201,97.366,42.798
33.058,108.636,97.366,42.798
33.870,107.825,97.366,42.798
37.389,109.719,97.366,42.798
37.659,110.531,97.366,42.798
37.930,111.884,97.366,42.798
39.283,113.237,97.366,42.798
39.012,112.967,97.366,42.798
40.366,114.320,97.366,42.798
40.636,116.756,97.366,42.798
39.824,115.402,97.366,42.798
41.719,118.921,97.366,42.798
40.366,117.026,97.366,42.798
37.930,119.462,97.366,42.798
42.531,121.898,97.366,42.798
40.636,120.003,97.366,42.798
44.154,123.521,97.366,42.798
46.049,124.875,97.366,42.798
49.567,124.604,97.366,42.798
49.297,126.498,97.366,42.798
49.026,128.393,97.366,42.798
48.755,129.746,97.366,42.798
46.861,128.393,97.366,42.798
43.884,130.829,97.366,42.798
36.349,131.759,99.520,43.745
38.285,133.142,99.520,43.745
39.115,133.419,99.520,43.745
40.498,135.355,99.520,43.745
42.434,135.632,99.520,43.745
44.371,137.568,99.520,43.745
46.307,137.845,99.520,43.745
48.797,139.781,99.520,43.745
46.307,140.058,99.520,43.745
47.690,140.888,99.520,43.745
49.627,141.718,99.520,43.745
53.223,143.101,99.520,43.745
58.479,143.931,99.520,43.745
63.734,144.760,99.520,43.745
68.990,146.144,99.520,43.745
69.252,144.744,97.398,42.812
71.147,147.180,97.398,42.812
74.125,147.451,97.398,42.812
70.605,148.804,97.398,42.812
70.335,150.158,97.398,42.812
66.274,152.053,97.398,42.812
63.837,154.490,97.398,42.812
68.981,153.677,97.398,42.812
73.240,156.855,99.553,43.760
76.837,158.792,99.553,43.760
75.454,156.302,99.553,43.760
78.659,158.976,101.756,44.728
77.810,157.562,101.756,44.728
72.436,157.844,101.756,44.728
73.285,158.693,101.756,44.728
49.809,154.450,101.756,44.728
51.789,151.905,101.756,44.728
62.820,155.582,101.756,44.728
72.154,158.693,101.756,44.728
81.487,158.410,101.756,44.728
91.952,160.390,101.756,44.728
97.326,160.673,101.756,44.728
107.791,163.218,101.756,44.728
112.599,162.935,101.756,44.728
119.105,160.390,101.756,44.728
124.478,162.935,101.756,44.728
126.458,159.824,101.756,44.728
138.055,162.935,101.756,44.728
151.348,166.047,101.756,44.728
146.540,162.370,101.756,44.728
157.005,164.915,101.756,44.728
160.682,162.370,101.756,44.728
180.197,164.915,101.756,44.728
191.794,165.764,101.756,44.728
206.218,169.441,101.756,44.728
213.855,166.330,101.756,44.728
227.148,169.441,101.756,44.728
234.785,166.330,101.756,44.728
240.725,163.784,101.756,44.728
241.573,161.238,101.756,44.728
244.684,158.127,101.756,44.728
248.927,160.107,101.756,44.728
253.735,159.824,101.756,44.728
259.109,164.633,101.756,44.728
253.169,167.744,101.756,44.728
249.403,169.303,104.007,45.717
251.426,167.279,104.007,45.717
246.512,162.365,104.007,45.717
245.644,157.450,104.007,45.717
249.261,153.758,101.789,44.742
251.808,149.514,101.789,44.742
254.920,146.968,101.789,44.742
259.164,144.421,101.789,44.742
261.710,141.309,101.789,44.742
233.134,138.763,101.789,44.742
157.592,148.099,101.789,44.742
145.018,144.375,104.041,45.732
148.777,141.773,104.041,45.732
155.429,138.592,104.041,45.732
161.502,142.351,104.041,45.732
166.051,138.545,106.343,46.744
168.712,135.885,106.343,46.744
170.781,133.815,106.343,46.744
178.468,135.738,104.075,45.747
188.014,136.028,104.075,45.747
213.760,135.160,104.075,45.747
222.956,137.599,101.856,44.772
225.504,135.618,101.856,44.772
229.751,138.166,101.856,44.772
234.564,138.449,101.856,44.772
238.810,137.033,101.856,44.772
241.925,140.147,101.856,44.772
245.039,138.732,101.856,44.772
249.672,139.482,99.684,43.817
243.300,135.880,99.684,43.817
243.577,135.049,99.684,43.817
246.625,134.772,99.684,43.817
218.640,131.724,99.684,43.817
216.700,130.339,99.684,43.817
205.745,126.800,97.558,42.883
208.728,126.529,97.558,42.883
214.965,127.342,97.558,42.883
221.202,124.902,97.558,42.883
224.185,125.715,97.558,42.883
234.760,124.902,97.558,42.883
238.828,123.003,97.558,42.883
241.811,122.190,97.558,42.883
245.878,123.546,97.558,42.883
249.403,122.732,97.558,42.883
253.471,120.834,97.558,42.883
259.166,124.902,97.558,42.883
257.267,125.173,97.558,42.883
251.031,123.817,97.558,42.883
252.929,125.715,97.558,42.883
255.912,122.732,97.558,42.883
260.521,120.834,97.558,42.883
264.589,118.936,97.558,42.883
265.479,122.119,99.716,43.831
264.648,119.624,99.716,43.831
266.588,121.565,99.716,43.831
266.311,119.624,99.716,43.831
266.588,121.010,99.716,43.831
266.311,119.624,99.716,43.831
267.142,121.010,99.716,43.831
266.311,119.070,99.716,43.831
267.142,120.456,99.716,43.831
266.311,119.070,99.716,43.831
267.142,118.793,99.716,43.831
268.528,120.733,99.716,43.831
269.359,117.684,99.716,43.831
269.637,119.624,99.716,43.831
268.251,117.130,99.716,43.831
269.082,119.070,99.716,43.831
267.696,116.021,99.716,43.831
265.756,114.635,99.716,43.831
262.707,112.695,99.716,43.831
266.311,113.527,99.716,43.831
265.479,114.358,99.716,43.831
266.865,115.744,99.716,43.831
264.899,113.246,101.922,44.801
189.258,178.689,101.922,44.801
186.141,172.173,101.922,44.801
189.824,167.357,101.922,44.801
200.873,165.374,101.922,44.801
219.288,166.223,101.922,44.801
230.336,163.674,101.922,44.801
244.785,163.957,101.922,44.801
260.933,165.374,101.922,44.801
262.349,169.623,101.922,44.801
268.865,108.713,101.922,44.801
267.449,105.597,101.922,44.801
266.032,104.747,101.922,44.801
266.882,105.030,101.922,44.801
267.150,104.143,99.749,43.846
268.536,106.084,99.749,43.846
267.704,104.697,99.749,43.846
269.645,106.084,99.749,43.846
268.259,104.143,99.749,43.846
268.594,105.671,101.956,44.816
266.584,107.234,104.212,45.807
266.332,108.230,106.517,46.821
264.847,106.176,108.874,47.857
262.701,104.704,111.283,48.916
261.790,105.768,113.745,49.998
260.204,105.543,116.262,51.104
259.924,107.324,118.834,52.235
167.110,122.853,121.463,53.390
140.438,117.114,121.463,53.390
135.374,114.075,121.463,53.390
137.737,115.088,121.463,53.390
140.776,114.075,121.463,53.390
145.840,112.387,121.463,53.390
145.508,110.028,118.873,52.252
148.482,113.662,118.873,52.252
148.151,110.689,118.873,52.252
145.839,113.662,118.873,52.252
142.204,110.689,118.873,52.252
135.265,114.323,118.873,52.252
130.309,111.349,118.873,52.252
128.710,111.588,116.338,51.138
125.275,108.705,113.857,50.047
119.895,110.920,113.857,50.047
108.186,106.806,113.857,50.047
94.578,104.591,113.857,50.047
72.108,101.109,113.857,50.047
69.260,100.793,113.857,50.047
67.677,101.742,113.857,50.047
74.323,100.793,113.857,50.047
86.666,99.211,113.857,50.047
101.540,98.261,113.857,50.047
119.579,99.844,113.857,50.047
134.453,96.362,113.857,50.047
146.163,97.312,113.857,50.047
161.670,95.729,113.857,50.047
172.114,97.312,113.857,50.047
176.861,93.831,113.857,50.047
181.608,90.982,113.857,50.047
185.089,89.400,113.857,50.047
188.570,86.552,113.857,50.047
192.684,88.134,113.857,50.047
205.660,89.716,113.857,50.047
211.673,85.602,113.857,50.047
215.154,86.552,113.857,50.047
220.944,83.120,111.429,48.980
228.067,83.430,111.429,48.980
235.191,84.978,111.429,48.980
236.740,82.810,111.429,48.980
238.908,79.403,111.429,48.980
243.553,74.757,111.429,48.980
250.058,73.209,111.429,48.980
173.310,88.412,113.894,50.063
176.793,89.995,113.894,50.063
176.476,86.513,113.894,50.063
175.526,90.628,113.894,50.063
182.174,88.412,113.894,50.063
185.657,91.895,113.894,50.063
184.074,92.845,113.894,50.063
183.757,92.528,113.894,50.063
184.074,91.578,113.894,50.063
185.657,93.161,113.894,50.063
182.808,91.578,113.894,50.063
184.390,92.528,113.894,50.063
186.606,91.578,113.894,50.063
187.556,93.161,113.894,50.063
184.707,90.945,113.894,50.063
186.923,92.528,113.894,50.063
187.873,93.478,113.894,50.063
186.290,90.628,113.894,50.063
187.873,92.845,113.894,50.063
182.491,92.528,113.894,50.063
182.808,90.945,113.894,50.063
184.390,93.161,113.894,50.063
184.074,91.578,113.894,50.063
184.390,92.528,113.894,50.063
182.808,90.312,113.894,50.063
183.124,92.528,113.894,50.063
183.441,90.945,113.894,50.063
180.592,91.262,113.894,50.063
177.742,92.211,113.894,50.063
174.260,91.895,113.894,50.063
171.411,92.211,113.894,50.063
168.562,92.528,113.894,50.063
164.446,92.845,113.894,50.063
162.230,93.161,113.894,50.063
158.115,93.478,113.894,50.063
155.265,94.427,113.894,50.063
151.150,94.111,113.894,50.063
149.567,95.061,113.894,50.063
143.552,96.010,113.894,50.063
138.803,94.427,113.894,50.063
132.788,95.377,113.894,50.063
123.608,98.226,113.894,50.063
118.226,96.010,113.894,50.063
111.578,98.860,113.894,50.063
102.397,97.277,113.894,50.063
98.915,98.860,113.894,50.063
87.834,101.076,113.894,50.063
81.186,101.392,113.894,50.063
76.438,103.608,113.894,50.063
65.990,103.292,113.894,50.063
61.875,104.241,113.894,50.063
57.126,107.091,113.894,50.063
53.644,105.508,113.894,50.063
53.327,108.357,113.894,50.063
52.378,109.940,113.894,50.063
52.694,108.357,113.894,50.063
55.543,110.573,113.894,50.063
53.960,108.357,113.894,50.063
58.709,110.573,113.894,50.063
57.126,109.623,113.894,50.063
61.242,111.206,113.894,50.063
59.659,109.623,113.894,50.063
64.408,111.206,113.894,50.063
67.890,112.156,113.894,50.063
69.473,109.940,113.894,50.063
71.689,110.889,113.894,50.063
72.005,111.206,113.894,50.063
76.754,112.789,113.894,50.063
76.438,114.372,113.894,50.063
78.020,112.156,113.894,50.063
80.870,114.372,113.894,50.063
79.920,114.688,113.894,50.063
82.273,114.463,116.414,51.171
84.538,116.081,116.414,51.171
85.509,115.110,116.414,51.171
90.362,117.375,116.414,51.171
91.333,117.699,116.414,51.171
94.245,116.081,116.414,51.171
97.805,117.052,116.414,51.171
102.011,118.022,116.414,51.171
116.573,118.993,116.414,51.171
131.781,121.258,116.414,51.171
136.635,119.640,116.414,51.171
140.194,119.964,116.414,51.171
141.123,118.950,113.932,50.080
128.139,118.000,113.932,50.080
122.756,115.150,113.932,50.080
106.605,110.400,113.932,50.080
108.822,109.450,113.932,50.080
116.106,109.133,113.932,50.080
127.823,111.983,113.932,50.080
138.273,109.133,113.932,50.080
144.290,106.283,113.932,50.080
151.574,107.866,113.932,50.080
156.146,105.043,111.502,49.012
160.175,107.212,111.502,49.012
156.146,103.803,111.502,49.012
153.948,104.225,113.969,50.096
140.960,100.741,113.969,50.096
142.544,99.790,113.969,50.096
146.662,98.206,113.969,50.096
150.147,95.989,113.969,50.096
161.234,95.039,113.969,50.096
165.352,93.455,113.969,50.096
169.022,95.858,116.491,51.205
172.100,92.269,119.068,52.338
205.463,96.153,121.702,53.495
223.392,97.168,121.702,53.495
229.143,96.830,121.702,53.495
232.864,93.785,121.702,53.495
237.262,92.771,121.702,53.495
232.187,90.403,121.702,53.495
214.258,86.005,121.702,53.495
216.626,82.960,121.702,53.495
220.347,85.328,121.702,53.495
224.745,82.960,121.702,53.495
231.586,84.509,119.107,52.355
236.552,84.840,119.107,52.355
241.518,85.171,119.107,52.355
248.212,84.134,116.567,51.238
253.073,87.698,116.567,51.238
252.754,85.434,114.081,50.146
241.656,89.556,114.081,50.146
236.117,93.936,116.605,51.255
253.321,159.614,119.185,52.389
257.159,173.126,121.822,53.548
256.143,177.528,121.822,53.548
254.450,182.607,121.822,53.548
249.370,185.655,121.822,53.548
205.689,229.336,121.822,53.548
110.542,134.943,124.517,54.733
76.277,110.370,124.517,54.733
59.318,106.563,124.517,54.733
57.587,109.678,124.517,54.733
44.782,105.178,124.517,54.733
40.974,107.601,124.517,54.733
28.861,105.870,124.517,54.733
31.856,108.789,121.862,53.566
29.485,109.128,121.862,53.566
25.082,107.434,121.862,53.566
24.743,109.805,121.862,53.566
22.372,110.144,121.862,53.566
17.291,109.128,121.862,53.566
13.565,110.144,121.862,53.566
7.807,107.096,121.862,53.566
14.920,109.467,121.862,53.566
9.839,107.773,121.862,53.566
14.243,109.467,121.862,53.566
9.839,107.096,121.862,53.566
14.920,108.112,121.862,53.566
15.259,107.096,121.862,53.566
19.662,109.467,121.862,53.566
19.324,109.805,121.862,53.566
15.598,106.757,121.862,53.566
20.001,109.128,121.862,53.566
16.953,108.789,121.862,53.566
16.659,107.845,124.558,54.751
18.514,110.472,127.314,55.962
12.498,106.580,127.314,55.962
17.331,109.265,130.131,57.200
14.075,106.733,130.131,57.200
18.265,109.478,133.010,58.466
22.547,110.749,135.953,59.759
21.447,106.651,133.054,58.485
18.119,105.541,133.054,58.485
21.447,108.130,133.054,58.485
20.338,106.281,133.054,58.485
25.145,108.130,133.054,58.485
24.036,105.541,133.054,58.485
24.406,108.130,133.054,58.485
21.817,106.281,133.054,58.485
16.892,109.855,135.997,59.779
22.562,107.965,135.997,59.779
19.916,109.855,135.997,59.779
16.514,111.745,135.997,59.779
10.844,109.099,135.997,59.779
17.270,111.745,135.997,59.779
10.844,109.855,135.997,59.779
17.270,112.501,135.997,59.779
11.600,109.855,135.997,59.779
15.758,112.501,135.997,59.779
10.844,109.099,135.997,59.779
7.441,111.745,135.997,59.779
6.307,109.099,135.997,59.779
11.222,112.501,135.997,59.779
7.063,110.611,135.997,59.779
12.734,112.501,135.997,59.779
9.331,111.367,135.997,59.779
6.685,110.989,135.997,59.779
13.112,113.635,135.997,59.779
8.197,111.745,135.997,59.779
13.868,115.147,135.997,59.779
7.441,112.501,135.997,59.779
13.112,112.123,135.997,59.779
18.782,115.525,135.997,59.779
16.136,113.635,135.997,59.779
20.294,116.281,135.997,59.779
19.160,113.635,135.997,59.779
24.074,114.013,135.997,59.779
27.476,115.147,135.997,59.779
31.634,114.013,135.997,59.779
32.768,114.391,135.997,59.779
36.927,115.525,135.997,59.779
36.549,114.391,135.997,59.779
37.683,117.037,135.997,59.779
39.573,113.635,135.997,59.779
42.975,116.281,135.997,59.779
39.573,113.635,135.997,59.779
44.487,116.281,135.997,59.779
42.597,118.171,135.997,59.779
40.707,114.769,135.997,59.779
39.573,118.927,135.997,59.779
39.195,115.525,135.997,59.779
45.621,117.415,135.997,59.779
43.731,117.037,135.997,59.779
47.133,115.147,135.997,59.779
52.047,118.549,135.997,59.779
50.913,116.659,135.997,59.779
53.559,118.549,135.997,59.779
52.425,116.659,135.997,59.779
58.095,118.549,135.997,59.779
56.205,115.903,135.997,59.779
60.363,117.793,135.997,59.779
59.985,119.683,135.997,59.779
58.851,115.525,135.997,59.779
65.278,118.171,135.997,59.779
61.876,118.549,135.997,59.779
66.034,115.903,135.997,59.779
65.656,118.549,135.997,59.779
63.010,116.659,135.997,59.779
69.436,119.305,135.997,59.779
66.790,118.171,135.997,59.779
70.948,120.061,135.997,59.779
67.546,120.439,135.997,59.779
71.704,118.549,135.997,59.779
75.862,119.683,135.997,59.779
74.728,121.573,135.997,59.779
77.374,119.683,135.997,59.779
80.776,122.329,135.997,59.779
82.666,120.439,135.997,59.779
86.068,123.085,135.997,59.779
84.934,120.439,135.997,59.779
87.581,123.841,135.997,59.779
84.934,121.951,135.997,59.779
88.337,123.841,135.997,59.779
91.739,122.707,135.997,59.779
94.385,124.597,135.997,59.779
90.983,122.707,135.997,59.779
87.581,125.353,135.997,59.779
82.666,122.707,135.997,59.779
89.093,126.109,135.997,59.779
88.715,123.463,135.997,59.779
98.165,124.597,135.997,59.779
95.607,121.956,133.097,58.504
91.538,119.366,133.097,58.504
97.087,122.696,133.097,58.504
101.896,120.846,133.097,58.504
105.226,124.175,133.097,58.504
109.295,123.805,133.097,58.504
108.925,125.655,133.097,58.504
113.735,123.805,133.097,58.504
