196.000,51.000,139.000,194.000
199.766,52.153,139.000,194.000
196.500,47.580,139.000,194.000
199.766,48.234,139.000,194.000
197.807,46.274,139.000,194.000
199.766,44.314,139.000,194.000
195.193,43.661,139.000,194.000
198.460,46.927,139.000,194.000
193.533,40.037,142.075,198.292
194.201,36.698,142.075,198.292
196.204,37.366,142.075,198.292
191.530,34.027,142.075,198.292
194.869,44.043,142.075,198.292
194.201,43.375,142.075,198.292
190.862,41.372,142.075,198.292
190.195,40.704,142.075,198.292
192.198,45.378,142.075,198.292
187.524,42.040,142.075,198.292
186.645,41.924,145.219,202.679
182.914,41.807,148.432,207.164
179.426,39.714,148.432,207.164
178.728,39.016,148.432,207.164
178.031,38.319,148.432,207.164
177.333,39.016,148.432,207.164
175.240,35.528,148.432,207.164
177.333,32.040,148.432,207.164
178.031,38.319,148.432,207.164
173.148,34.831,148.432,207.164
169.660,32.738,148.432,207.164
171.752,30.645,148.432,207.164
169.660,29.947,148.432,207.164
173.148,34.831,148.432,207.164
175.124,27.473,151.716,211.747
178.624,24.390,155.073,216.432
174.980,22.204,155.073,216.432
181.540,27.306,155.073,216.432
183.605,21.131,158.504,221.221
188.807,13.273,162.010,226.115
192.545,8.402,165.595,231.118
199.595,11.497,169.259,236.232
205.150,4.757,173.004,241.458
212.468,12.075,173.004,241.458
214.907,1.505,173.004,241.458
220.586,-5.384,176.831,246.800
226.390,-10.701,180.744,252.261
235.734,2.041,180.744,252.261
236.583,-5.604,180.744,252.261
242.515,-9.276,184.743,257.842
245.120,-4.935,184.743,257.842
251.198,-5.803,184.743,257.842
253.803,-4.935,184.743,257.842
248.241,3.673,180.803,252.344
255.888,2.823,180.803,252.344
266.935,7.072,180.803,252.344
250.790,13.020,180.803,252.344
253.339,22.367,180.803,252.344
241.344,37.343,176.947,246.962
245.502,43.164,176.947,246.962
254.649,34.016,176.947,246.962
258.941,45.467,173.174,241.696
268.002,6.484,177.005,247.043
275.489,0.660,177.005,247.043
276.120,-11.566,180.921,252.509
262.651,-6.420,184.924,258.096
251.352,-3.813,184.924,258.096
257.436,-4.682,184.924,258.096
247.876,1.402,184.924,258.096
252.142,-4.158,189.016,263.806
252.816,-19.058,193.198,269.643
257.273,-30.520,197.472,275.609
260.057,-29.591,197.472,275.609
266.554,-28.663,197.472,275.609
274.961,-38.452,201.841,281.707
262.629,-29.915,201.841,281.707
277.127,-43.857,206.307,287.939
283.899,-42.013,210.872,294.310
299.046,-46.297,215.537,300.822
310.189,-51.362,215.537,300.822
305.124,-44.271,215.537,300.822
289.077,-40.242,220.306,307.477
273.546,-35.065,220.306,307.477
280.793,-25.747,220.306,307.477
288.024,-45.261,225.180,314.280
303.899,-37.853,225.180,314.280
311.307,-43.145,225.180,314.280
303.326,-49.915,230.162,321.234
306.571,-46.670,230.162,321.234
302.903,-53.591,235.255,328.341
301.797,-48.062,235.255,328.341
295.753,-57.430,240.460,335.606
301.301,-55.280,245.780,343.031
281.664,-65.677,245.780,343.031
287.439,-64.521,245.780,343.031
270.112,-65.677,245.780,343.031
282.753,-58.679,240.538,335.716
290.667,-64.331,240.538,335.716
273.709,-60.940,240.538,335.716
281.604,-68.172,245.860,343.143
287.382,-64.706,245.860,343.143
283.915,-58.928,245.860,343.143
298.937,-55.462,245.860,343.143
295.470,-49.684,245.860,343.143
310.733,-69.065,251.300,350.735
299.375,-61.917,256.860,358.495
286.096,-75.196,256.860,358.495
304.204,-69.160,256.860,358.495
290.091,-71.874,262.543,366.427
276.518,-85.446,262.543,366.427
292.816,-83.099,268.352,374.534
273.898,-94.450,268.352,374.534
285.323,-89.434,274.289,382.821
271.142,-103.614,274.289,382.821
285.323,-94.590,274.289,382.821
273.721,-93.301,274.289,382.821
266.674,-112.248,280.358,391.291
283.803,-100.389,280.358,391.291
271.945,-99.072,280.358,391.291
286.364,-88.550,274.379,382.946
272.179,-94.997,274.379,382.946
286.364,-91.129,274.379,382.946
269.600,-100.155,274.379,382.946
286.364,-88.550,274.379,382.946
272.179,-97.576,274.379,382.946
286.364,-91.129,274.379,382.946
