450.000,91.000,31.000,37.000
447.157,97.250,31.000,37.000
441.941,101.663,31.000,37.000
436.191,103.669,31.000,37.000
426.799,105.523,30.735,36.684
420.851,107.103,30.473,36.371
417.302,108.549,30.473,36.371
414.339,110.950,30.740,36.689
413.145,111.878,30.740,36.689
412.112,113.199,30.477,36.376
410.403,114.908,30.477,36.376
409.746,116.091,30.477,36.376
408.563,118.326,30.477,36.376
409.483,117.669,30.477,36.376
406.250,119.531,30.744,36.694
394.833,117.875,31.013,37.015
392.091,119.222,31.284,37.339
397.895,117.737,31.284,37.339
394.791,112.204,31.284,37.339
391.417,126.374,31.284,37.339
394.521,141.894,31.284,37.339
396.629,148.505,31.017,37.021
397.566,154.258,31.017,37.021
405.192,157.068,31.017,37.021
394.890,166.568,31.017,37.021
392.615,164.561,31.017,37.021
403.721,182.624,31.017,37.021
406.263,176.068,31.017,37.021
404.256,153.991,31.017,37.021
390.160,140.964,30.752,36.705
384.726,139.439,30.490,36.391
390.118,141.674,30.490,36.391
387.693,139.763,30.757,36.710
382.784,141.753,30.757,36.710
376.813,144.008,30.757,36.710
374.558,145.202,30.757,36.710
381.324,144.008,30.757,36.710
378.538,145.733,30.757,36.710
381.590,147.458,30.757,36.710
386.215,158.313,31.026,37.031
350.480,194.048,31.026,37.031
358.376,191.773,31.026,37.031
360.116,186.018,31.026,37.031
360.118,179.957,31.297,37.355
351.072,165.511,31.297,37.355
344.488,159.479,31.030,37.036
338.464,144.353,31.030,37.036
339.772,135.239,30.765,36.720
336.454,130.329,30.765,36.720
371.889,151.165,30.765,36.720
373.084,153.687,30.765,36.720
375.340,154.881,30.765,36.720
378.334,156.761,31.034,37.041
380.164,159.662,30.769,36.725
385.341,165.370,30.769,36.725
390.252,174.528,30.769,36.725
384.810,188.200,30.769,36.725
365.033,204.261,30.769,36.725
363.573,202.535,30.769,36.725
361.582,196.031,30.769,36.725
355.609,185.545,30.769,36.725
345.769,177.026,30.507,36.411
344.321,157.944,30.507,36.411
375.617,163.315,30.774,36.730
377.796,163.834,31.043,37.051
379.537,165.575,31.043,37.051
381.010,168.655,31.043,37.051
383.019,171.468,31.043,37.051
385.831,173.476,31.043,37.051
387.572,176.021,31.043,37.051
388.241,180.975,31.043,37.051
390.518,194.768,31.043,37.051
389.848,203.205,31.043,37.051
400.695,218.337,31.043,37.051
404.846,215.793,31.043,37.051
404.980,208.963,31.043,37.051
411.542,194.099,31.043,37.051
392.660,184.323,31.043,37.051
389.848,182.047,31.043,37.051
392.125,183.252,31.043,37.051
391.455,184.725,31.043,37.051
384.663,187.104,30.778,36.735
382.141,186.971,30.778,36.735
380.415,187.370,30.778,36.735
385.315,185.984,31.047,37.056
389.735,186.654,31.047,37.056
388.798,188.127,31.047,37.056
386.789,189.332,31.047,37.056
381.565,188.931,31.047,37.056
383.306,189.868,31.047,37.056
382.369,189.198,31.047,37.056
383.939,190.271,30.782,36.740
382.743,190.935,30.782,36.740
381.548,190.006,30.782,36.740
383.806,191.466,30.782,36.740
382.611,189.740,30.782,36.740
380.619,190.935,30.782,36.740
378.627,189.740,30.782,36.740
377.698,190.935,30.782,36.740
373.295,190.703,30.520,36.427
370.003,190.308,30.520,36.427
367.502,191.757,30.520,36.427
371.357,193.325,30.259,36.116
370.704,193.194,30.259,36.116
369.530,192.803,30.259,36.116
370.443,192.933,30.259,36.116
371.096,194.108,30.259,36.116
370.588,194.899,30.001,35.807
369.165,193.476,30.001,35.807
369.553,191.017,30.001,35.807
370.459,190.370,30.001,35.807
369.812,189.205,30.001,35.807
368.388,188.558,30.001,35.807
367.328,190.125,30.263,36.121
365.892,188.951,30.263,36.121
361.062,183.337,30.263,36.121
364.065,187.906,30.263,36.121
364.831,189.971,30.005,35.812
365.219,190.100,30.005,35.812
363.536,187.123,30.005,35.812
362.371,180.522,30.005,35.812
360.430,178.839,30.005,35.812
359.370,176.958,30.267,36.126
357.411,175.261,30.267,36.126
355.192,178.264,30.267,36.126
356.889,177.611,30.267,36.126
358.587,178.525,30.267,36.126
359.239,179.961,30.267,36.126
359.109,183.225,30.267,36.126
357.934,182.050,30.267,36.126
356.759,182.703,30.267,36.126
392.359,206.233,30.532,36.442
397.233,208.736,30.532,36.442
393.413,197.277,30.532,36.442
376.422,228.229,30.532,36.442
372.076,218.087,30.532,36.442
370.627,235.604,30.532,36.442
383.930,221.248,30.532,36.442
384.588,220.063,30.532,36.442
382.876,218.614,30.532,36.442
384.852,214.531,30.532,36.442
385.774,217.033,30.532,36.442
380.900,219.536,30.532,36.442
370.232,230.995,30.532,36.442
342.178,246.668,30.532,36.442
323.870,255.756,30.532,36.442
343.231,246.405,30.532,36.442
338.885,237.844,30.532,36.442
337.173,235.341,30.532,36.442
339.675,233.365,30.532,36.442
334.802,234.024,30.532,36.442
320.182,246.800,30.532,36.442
321.894,241.400,30.532,36.442
325.187,263.922,30.532,36.442
325.846,265.108,30.532,36.442
326.768,266.030,30.532,36.442
325.319,275.381,30.532,36.442
314.387,240.478,30.532,36.442
312.675,245.614,30.532,36.442
315.177,243.375,30.532,36.442
300.030,208.472,30.532,36.442
285.938,177.784,30.532,36.442
284.225,182.130,30.532,36.442
282.250,181.735,30.532,36.442
281.064,180.550,30.532,36.442
283.040,153.549,30.532,36.442
281.855,151.837,30.532,36.442
280.669,150.125,30.532,36.442
281.328,151.837,30.532,36.442
281.986,150.652,30.532,36.442
280.801,148.676,30.532,36.442
282.513,150.652,30.532,36.442
281.328,151.573,30.532,36.442
274.347,149.598,30.532,36.442
271.581,148.412,30.532,36.442
269.605,147.490,30.532,36.442
267.893,146.568,30.532,36.442
266.708,148.544,30.532,36.442
266.576,147.886,30.532,36.442
267.498,148.281,30.532,36.442
270.001,139.720,30.532,36.442
246.425,121.148,30.532,36.442
244.976,114.695,30.532,36.442
243.790,112.719,30.532,36.442
246.029,115.222,30.532,36.442
239.839,125.627,30.532,36.442
233.122,139.983,30.532,36.442
237.995,150.125,30.532,36.442
240.824,157.091,30.272,36.131
255.841,157.744,30.272,36.131
253.969,152.901,30.536,36.447
261.424,149.586,30.276,36.136
264.690,146.582,30.276,36.136
266.910,144.362,30.276,36.136
263.906,141.619,30.276,36.136
272.395,139.399,30.276,36.136
272.265,135.089,30.276,36.136
270.392,129.443,30.541,36.452
263.936,127.466,30.541,36.452
262.750,128.389,30.541,36.452
263.673,127.730,30.541,36.452
265.912,126.808,30.541,36.452
264.200,131.682,30.541,36.452
266.258,141.478,30.280,36.141
260.119,144.743,30.280,36.141
254.241,149.315,30.280,36.141
251.759,147.095,30.280,36.141
253.196,152.189,30.280,36.141
252.020,154.148,30.280,36.141
243.269,157.936,30.280,36.141
241.663,156.573,30.545,36.457
236.788,153.279,30.545,36.457
227.169,151.830,30.545,36.457
224.666,149.590,30.545,36.457
222.868,152.188,30.284,36.146
221.798,150.824,30.549,36.462
220.257,149.566,30.288,36.151
221.172,148.390,30.288,36.151
220.637,144.616,30.553,36.467
220.098,141.889,30.821,36.786
221.827,140.693,30.821,36.786
224.826,140.941,31.090,37.108
223.351,139.197,31.090,37.108
221.153,139.172,31.362,37.433
190.091,167.437,31.637,37.760
187.771,170.848,31.637,37.760
185.724,177.536,31.637,37.760
188.863,179.310,31.637,37.760
190.364,184.087,31.637,37.760
191.593,181.221,31.637,37.760
189.997,178.852,31.367,37.438
184.720,176.010,31.367,37.438
183.401,166.270,31.099,37.118
185.053,159.644,31.371,37.443
183.206,156.503,31.103,37.123
180.067,154.960,30.838,36.806
178.337,153.497,30.838,36.806
181.131,155.226,30.838,36.806
179.496,161.474,31.108,37.129
172.345,172.728,31.380,37.453
174.376,174.758,31.380,37.453
181.315,164.743,31.654,37.781
183.090,162.695,31.654,37.781
183.891,160.858,31.384,37.459
180.840,157.780,31.659,37.786
182.342,151.088,31.659,37.786
181.811,144.987,31.389,37.464
181.405,138.081,31.389,37.464
183.165,136.321,31.389,37.464
184.277,134.908,31.663,37.792
180.315,133.405,31.663,37.792
185.096,143.103,31.663,37.792
190.695,143.931,31.393,37.469
185.977,144.461,31.668,37.797
191.310,142.357,31.397,37.474
191.576,139.213,31.129,37.154
193.322,133.170,31.129,37.154
191.039,126.322,31.129,37.154
200.036,121.085,31.129,37.154
191.039,105.642,31.129,37.154
189.562,100.136,31.129,37.154
183.799,97.019,30.864,36.837
184.320,95.228,30.600,36.523
181.020,92.720,30.600,36.523
195.673,90.476,30.600,36.523
202.169,96.675,30.868,36.842
202.834,102.401,30.868,36.842
205.434,101.909,30.604,36.528
199.493,104.945,30.604,36.528
209.799,95.184,30.343,36.216
211.334,89.847,30.084,35.907
214.578,86.603,30.084,35.907
216.006,83.618,30.084,35.907
214.838,79.076,30.084,35.907
217.044,76.610,30.084,35.907
225.655,75.370,29.827,35.600
231.180,73.890,29.573,35.296
233.349,71.722,29.573,35.296
235.007,68.788,29.573,35.296
228.246,58.710,29.573,35.296
226.588,53.224,29.573,35.296
228.581,51.508,29.320,34.995
230.557,49.806,29.070,34.696
232.689,47.674,29.070,34.696
234.648,47.211,28.822,34.400
239.248,48.330,28.822,34.400
243.582,48.817,29.074,34.701
244.460,46.183,29.074,34.701
246.342,44.301,29.074,34.701
248.223,42.169,29.074,34.701
252.864,41.041,29.074,34.701
254.243,39.661,29.074,34.701
259.636,37.529,29.074,34.701
264.778,34.895,29.074,34.701
267.717,32.718,28.826,34.405
268.993,30.146,29.078,34.706
270.623,27.763,29.078,34.706
272.167,25.168,29.332,35.010
274.244,21.772,29.589,35.316
276.414,19.347,29.589,35.316
275.776,17.177,29.589,35.316
277.521,15.460,29.336,35.014
278.407,13.309,29.336,35.014
276.762,10.904,29.336,35.014
278.660,9.259,29.336,35.014
280.811,7.361,29.336,35.014
282.203,6.475,29.336,35.014
283.089,5.083,29.336,35.014
283.722,3.691,29.336,35.014
283.089,2.299,29.336,35.014
280.938,0.654,29.336,35.014
281.977,-1.186,29.593,35.321
282.360,-2.335,29.593,35.321
283.253,-3.484,29.593,35.321
284.147,-5.143,29.593,35.321
282.743,-6.292,29.593,35.321
284.053,-7.624,29.852,35.630
285.212,-6.465,29.852,35.630
286.371,-8.397,29.852,35.630
287.530,-9.556,29.852,35.630
289.204,-8.139,29.852,35.630
287.787,-10.071,29.852,35.630
289.204,-10.200,29.852,35.630
290.105,-11.101,29.852,35.630
291.615,-9.316,29.597,35.326
290.465,-10.720,29.597,35.326
291.514,-9.697,29.856,35.635
292.673,-8.280,29.856,35.635
291.256,-8.409,29.856,35.635
292.415,-6.992,29.856,35.635
293.317,-6.349,29.856,35.635
303.874,-4.814,29.601,35.331
303.626,-4.041,29.349,35.029
302.487,-3.154,29.349,35.029
300.841,-2.015,29.349,35.029
298.942,-2.901,29.349,35.029
297.043,-2.015,29.349,35.029
295.397,-0.875,29.349,35.029
294.004,-1.255,29.349,35.029
295.397,3.682,29.349,35.029
296.283,6.341,29.349,35.029
295.397,9.000,29.349,35.029
296.536,14.444,29.349,35.029
306.791,19.381,29.349,35.029
308.769,24.348,29.098,34.730
307.388,25.729,29.098,34.730
299.983,23.846,29.098,34.730
299.104,24.473,29.098,34.730
300.485,26.105,29.098,34.730
301.363,27.737,29.098,34.730
303.497,29.871,29.098,34.730
302.368,31.754,29.098,34.730
304.752,34.892,29.098,34.730
309.146,41.043,29.098,34.730
314.794,45.938,29.098,34.730
315.310,47.973,29.353,35.034
318.729,48.353,29.353,35.034
324.174,48.986,29.353,35.034
326.580,47.847,29.353,35.034
331.523,49.355,29.102,34.735
334.159,50.234,29.102,34.735
339.808,52.870,29.102,34.735
344.705,56.260,29.102,34.735
351.609,57.892,29.102,34.735
353.744,58.268,29.102,34.735
359.624,57.069,28.854,34.438
369.208,58.688,28.854,34.438
375.058,57.318,28.854,34.438
380.660,55.949,28.854,34.438
386.759,57.069,28.854,34.438
395.845,59.434,28.854,34.438
402.442,61.052,28.854,34.438
418.958,70.307,28.607,34.144
421.303,68.209,28.607,34.144
431.052,69.073,28.607,34.144
441.789,66.481,28.607,34.144
452.162,64.435,28.858,34.443
462.246,65.306,28.858,34.443
471.333,63.439,28.858,34.443
479.593,62.250,28.611,34.149
489.344,60.892,28.611,34.149
502.109,63.085,28.367,33.858
515.482,65.498,28.125,33.568
529.435,68.046,28.125,33.568
543.145,70.108,28.125,33.568
560.494,75.082,28.125,33.568
573.719,75.932,28.125,33.568
587.151,74.914,28.371,33.862
600.764,78.283,28.129,33.573
616.660,78.647,28.129,33.573
631.585,79.011,28.129,33.573
647.481,78.647,28.129,33.573
663.619,78.768,28.129,33.573
677.574,77.676,28.129,33.573
694.926,77.797,28.129,33.573
704.512,75.977,28.129,33.573
677.648,109.039,28.375,33.867
690.011,117.974,28.375,33.867
695.506,117.044,28.133,33.578
701.478,115.778,28.379,33.872
700.621,109.779,28.379,33.872
666.993,137.613,28.627,34.168
669.340,135.514,28.627,34.168
677.948,134.478,28.878,34.467
688.039,136.596,28.878,34.467
693.146,138.465,28.878,34.467
679.069,171.725,28.878,34.467
681.502,171.265,28.631,34.173
