478.000,143.000,80.000,111.000
477.376,144.624,80.000,111.000
475.502,141.252,80.000,111.000
475.127,139.378,80.000,111.000
473.254,137.504,80.000,111.000
474.378,134.881,80.000,111.000
471.755,131.508,80.000,111.000
473.628,131.883,80.000,111.000
471.005,129.260,80.000,111.000
472.879,129.634,80.000,111.000
469.506,126.262,80.000,111.000
469.881,126.637,80.000,111.000
471.005,126.262,80.000,111.000
467.632,125.138,80.000,111.000
470.256,124.763,80.000,111.000
465.844,121.946,79.317,110.052
469.188,123.804,79.317,110.052
464.358,122.689,79.317,110.052
466.959,125.290,79.317,110.052
462.129,124.918,79.317,110.052
463.243,127.519,79.317,110.052
457.670,124.918,79.317,110.052
455.813,124.547,79.317,110.052
451.726,125.662,79.317,110.052
447.639,126.776,79.317,110.052
443.102,131.246,80.011,111.015
435.232,134.619,80.011,111.015
427.361,137.992,80.011,111.015
419.712,142.500,80.711,111.987
407.235,140.610,80.711,111.987
398.539,146.281,80.711,111.987
391.356,147.415,80.711,111.987
384.415,151.188,81.417,112.967
377.931,148.519,81.417,112.967
363.768,156.070,80.722,112.002
352.046,160.986,80.722,112.002
343.349,159.095,80.722,112.002
332.383,163.255,80.722,112.002
319.149,166.658,80.722,112.002
302.133,174.599,80.722,112.002
286.664,180.697,81.429,112.982
278.097,182.940,82.141,113.971
270.245,179.681,82.860,114.968
265.199,184.726,82.860,114.968
262.051,179.847,83.585,115.974
258.876,182.149,84.316,116.989
256.901,184.914,84.316,116.989
259.366,188.045,85.054,118.013
258.586,183.037,85.798,119.045
262.742,186.224,86.549,120.087
261.526,180.953,86.549,120.087
267.381,175.026,87.306,121.138
269.425,172.163,87.306,121.138
271.470,168.482,87.306,121.138
273.184,163.341,88.070,122.198
274.913,157.309,88.841,123.267
276.994,150.234,88.841,123.267
277.885,143.297,89.618,124.345
279.644,121.668,90.402,125.433
281.762,100.918,90.402,125.433
278.797,89.484,90.402,125.433
277.527,78.051,90.402,125.433
275.847,69.084,89.631,124.363
277.107,62.786,89.631,124.363
275.847,55.648,89.631,124.363
277.946,50.190,89.631,124.363
275.007,46.411,89.631,124.363
276.767,42.855,90.415,125.451
279.732,39.890,90.415,125.451
280.639,36.303,91.206,126.548
282.429,34.435,92.004,127.656
284.924,34.560,91.219,126.566
289.343,31.816,92.017,127.673
292.360,33.971,92.017,127.673
296.239,32.678,92.017,127.673
302.705,33.109,92.017,127.673
309.171,32.678,92.017,127.673
314.774,32.247,92.017,127.673
319.515,34.402,92.017,127.673
325.375,37.050,91.231,126.584
332.018,40.509,90.453,125.503
339.221,39.237,90.453,125.503
346.635,39.360,89.680,124.432
355.624,41.120,88.915,123.369
366.975,40.428,88.156,122.316
377.171,45.395,88.927,123.387
389.252,44.146,88.927,123.387
401.332,47.895,88.927,123.387
414.310,47.202,88.168,122.333
426.287,50.093,88.168,122.333
436.612,51.332,88.168,122.333
451.893,55.875,88.168,122.333
469.653,60.418,88.168,122.333
478.326,64.135,88.168,122.333
486.999,69.504,88.168,122.333
494.846,74.047,88.168,122.333
501.867,77.765,88.168,122.333
510.540,81.482,88.168,122.333
516.735,85.199,88.168,122.333
516.322,90.568,88.168,122.333
517.561,95.937,88.168,122.333
515.496,100.480,88.168,122.333
510.953,103.371,88.168,122.333
504.218,108.339,88.940,123.404
495.469,112.922,88.940,123.404
489.219,117.505,88.940,123.404
482.970,121.254,88.940,123.404
478.387,125.004,88.940,123.404
472.971,127.920,88.940,123.404
468.388,130.836,88.940,123.404
461.594,133.286,89.718,124.483
453.878,135.757,90.503,125.573
446.095,135.642,91.295,126.671
437.114,140.346,91.295,126.671
427.278,140.774,91.295,126.671
419.153,145.478,91.295,126.671
411.027,149.327,91.295,126.671
404.613,153.176,91.295,126.671
398.198,151.037,91.295,126.671
392.638,158.307,91.295,126.671
384.513,166.433,91.295,126.671
376.388,176.269,91.295,126.671
369.413,182.290,92.094,127.780
362.079,182.721,92.094,127.780
353.275,188.795,92.899,128.898
344.394,190.461,93.712,130.026
336.053,193.534,93.712,130.026
329.468,195.729,93.712,130.026
322.006,195.290,93.712,130.026
317.177,193.973,93.712,130.026
315.417,192.954,94.532,131.163
314.974,194.282,94.532,131.163
317.738,192.347,95.359,132.311
320.526,190.395,96.194,133.469
324.581,191.746,96.194,133.469
330.439,193.098,96.194,133.469
339.000,193.549,96.194,133.469
348.463,196.703,96.194,133.469
358.827,199.857,96.194,133.469
373.697,205.715,96.194,133.469
384.823,211.135,97.035,134.637
394.182,211.944,97.885,135.815
401.977,216.988,97.885,135.815
409.772,221.114,97.885,135.815
417.333,223.810,98.741,137.003
426.121,227.973,98.741,137.003
435.645,232.589,99.605,138.202
444.510,238.654,99.605,138.202
452.442,244.720,99.605,138.202
457.575,247.986,99.605,138.202
459.908,246.586,99.605,138.202
457.575,245.186,99.605,138.202
453.375,241.920,99.605,138.202
448.243,238.654,99.605,138.202
444.044,233.522,99.605,138.202
441.711,227.456,99.605,138.202
440.311,224.190,99.605,138.202
437.045,222.790,99.605,138.202
440.311,222.324,99.605,138.202
436.528,220.284,100.477,139.411
433.676,217.262,101.356,140.631
434.692,213.241,102.243,141.862
431.791,208.202,103.137,143.103
438.767,204.109,104.040,144.355
435.815,203.977,104.950,145.618
431.828,204.852,105.868,146.892
428.823,203.701,106.795,148.178
423.741,201.514,107.729,149.474
418.615,199.309,108.672,150.782
413.015,200.836,108.672,150.782
406.397,197.272,108.672,150.782
401.816,196.763,108.672,150.782
395.198,198.290,108.672,150.782
385.853,196.065,109.623,152.101
374.042,194.525,109.623,152.101
358.123,191.957,109.623,152.101
340.151,187.336,109.623,152.101
326.512,182.986,110.582,153.432
311.491,178.324,110.582,153.432
293.361,173.662,110.582,153.432
281.198,170.779,109.638,152.122
270.413,169.239,109.638,152.122
259.628,168.725,109.638,152.122
247.816,166.157,109.638,152.122
239.766,166.305,108.702,150.824
233.147,165.796,108.702,150.824
227.545,168.342,108.702,150.824
220.926,169.870,108.702,150.824
213.665,172.863,109.653,152.144
205.961,177.486,109.653,152.144
201.338,181.082,109.653,152.144
196.715,184.677,109.653,152.144
190.038,189.300,109.653,152.144
185.415,190.841,109.653,152.144
180.792,194.437,109.653,152.144
175.142,193.923,109.653,152.144
170.519,197.519,109.653,152.144
166.923,197.005,109.653,152.144
167.437,200.600,109.653,152.144
163.395,199.746,108.717,150.845
163.904,200.256,108.717,150.845
163.395,201.784,108.717,150.845
161.867,201.274,108.717,150.845
161.358,198.728,108.717,150.845
159.830,197.200,108.717,150.845
157.284,193.635,108.717,150.845
155.756,188.033,108.717,150.845
154.228,182.432,108.717,150.845
150.663,175.811,108.717,150.845
148.117,169.191,108.717,150.845
142.515,160.533,108.717,150.845
137.342,150.999,109.668,152.165
130.663,142.266,109.668,152.165
125.012,129.423,109.668,152.165
116.960,115.538,108.732,150.866
113.395,98.730,108.732,150.866
116.574,87.107,109.683,152.186
118.727,73.275,110.643,153.517
123.024,61.447,111.611,154.861
123.547,47.331,111.611,154.861
128.252,38.443,111.611,154.861
132.587,29.727,112.588,156.216
136.960,22.016,113.573,157.583
145.733,14.238,114.567,158.961
152.710,6.188,114.567,158.961
162.100,1.107,113.589,157.604
171.145,-4.746,113.589,157.604
180.455,-5.631,112.619,156.259
189.685,-5.478,111.658,154.925
204.960,-5.327,110.705,153.603
217.068,-6.189,109.760,152.291
229.074,-9.051,108.823,150.991
239.779,-8.541,108.823,150.991
248.445,-5.992,108.823,150.991
255.374,-5.845,107.894,149.702
257.901,-4.329,107.894,149.702
258.855,-4.183,106.973,148.424
262.363,-1.677,106.973,148.424
263.308,1.400,106.059,147.157
263.276,4.452,105.154,145.901
262.283,7.478,104.256,144.656
261.299,9.524,103.366,143.421
260.323,11.554,102.484,142.196
259.355,14.502,101.609,140.983
257.467,17.426,100.742,139.779
255.595,20.325,99.882,138.586
257.391,23.198,99.029,137.403
256.456,26.048,98.184,136.230
255.529,29.770,97.346,135.067
256.389,33.461,96.515,133.914
258.124,36.238,95.691,132.771
258.096,38.991,94.874,131.637
261.536,41.721,94.064,130.514
262.857,41.280,94.064,130.514
264.549,43.127,93.261,129.399
266.225,44.105,92.465,128.295
271.268,46.766,91.675,127.200
269.565,45.214,90.893,126.114
276.183,43.675,90.117,125.037
282.746,40.502,89.348,123.970
285.169,40.623,88.585,122.912
284.332,44.791,87.829,121.862
287.517,45.713,87.079,120.822
286.694,45.831,86.336,119.791
287.458,47.526,85.599,118.768
288.996,47.641,84.868,117.754
288.195,49.308,84.143,116.749
285.863,51.729,83.425,115.752
283.909,54.464,83.425,115.752
282.736,57.200,83.425,115.752
281.949,60.362,82.713,114.764
279.656,63.498,82.007,113.784
282.345,65.419,82.007,113.784
279.656,65.803,82.007,113.784
279.631,68.912,81.307,112.813
281.836,71.995,80.613,111.850
279.601,75.051,79.925,110.895
282.499,78.081,79.242,109.949
281.385,81.422,79.242,109.949
283.984,83.278,79.242,109.949
282.870,85.876,79.242,109.949
283.984,88.475,79.242,109.949
281.385,91.815,79.242,109.949
283.984,92.929,79.242,109.949
283.613,96.270,79.242,109.949
284.726,99.610,79.242,109.949
282.870,100.724,79.242,109.949
283.241,104.807,79.242,109.949
285.840,104.436,79.242,109.949
286.540,109.613,78.566,109.010
289.389,112.592,77.895,108.079
290.789,116.257,77.230,107.157
293.322,118.789,77.230,107.157
295.130,122.045,77.230,107.157
296.216,124.578,77.230,107.157
300.428,126.800,76.571,106.242
267.788,181.678,76.571,106.242
266.712,183.471,76.571,106.242
264.918,180.961,76.571,106.242
265.994,183.471,76.571,106.242
264.572,181.475,75.917,105.335
266.350,184.676,75.917,105.335
264.572,183.609,75.917,105.335
267.061,185.387,75.917,105.335
263.860,182.898,75.917,105.335
224.387,165.472,75.917,105.335
220.200,163.493,75.269,104.436
218.437,162.436,75.269,104.436
215.969,161.378,75.269,104.436
216.635,161.480,74.627,103.544
217.294,162.263,73.990,102.660
217.272,162.363,73.358,101.784
218.591,164.473,72.732,100.915
216.887,162.770,72.732,100.915
218.860,164.198,72.111,100.054
219.197,163.860,72.111,100.054
220.211,164.198,72.111,100.054
217.846,163.184,72.111,100.054
220.461,165.259,71.495,99.200
218.117,164.255,71.495,99.200
220.461,164.589,71.495,99.200
220.796,166.264,71.495,99.200
220.461,164.589,71.495,99.200
222.135,167.604,71.495,99.200
223.539,165.453,72.121,100.068
221.174,165.791,72.121,100.068
222.863,165.453,72.121,100.068
223.877,167.142,72.121,100.068
225.293,165.666,72.752,100.943
225.324,166.272,73.388,101.826
221.948,165.701,72.762,100.957
224.334,165.360,72.762,100.957
225.063,164.569,73.399,101.841
222.358,166.010,72.772,100.971
224.744,166.351,72.772,100.971
223.039,166.010,72.772,100.971
225.167,165.917,73.409,101.855
222.760,165.573,73.409,101.855
224.906,164.775,74.051,102.746
224.938,165.392,74.699,103.645
225.687,164.580,75.353,104.552
222.510,163.521,75.353,104.552
224.713,162.702,76.012,105.467
223.645,163.770,76.012,105.467
222.577,163.414,76.012,105.467
224.357,163.770,76.012,105.467
224.001,163.414,76.012,105.467
224.763,163.318,76.677,106.390
222.967,162.959,76.677,106.390
223.326,164.755,76.677,106.390
225.122,165.114,76.677,106.390
225.481,164.755,76.677,106.390
224.404,164.395,76.677,106.390
224.763,164.755,76.677,106.390
225.841,165.114,76.677,106.390
224.763,164.755,76.677,106.390
225.841,165.114,76.677,106.390
224.763,164.755,76.677,106.390
225.841,165.114,76.677,106.390
224.763,164.755,76.677,106.390
225.841,165.114,76.677,106.390
226.200,165.473,76.677,106.390
226.559,166.551,76.677,106.390
222.331,165.253,76.023,105.481
224.824,164.184,76.023,105.481
225.586,164.088,76.688,106.404
223.071,163.728,76.688,106.404
224.149,164.088,76.688,106.404
225.227,164.447,76.688,106.404
224.149,164.088,76.688,106.404
224.508,164.447,76.688,106.404
225.586,165.525,76.688,106.404
224.508,165.165,76.688,106.404
224.868,164.806,76.688,106.404
225.227,165.165,76.688,106.404
223.431,164.088,76.688,106.404
225.227,165.165,76.688,106.404
226.305,166.243,76.688,106.404
222.076,164.945,76.033,105.496
224.569,163.876,76.033,105.496
224.213,164.945,76.033,105.496
225.994,166.013,76.033,105.496
224.925,165.657,76.033,105.496
223.857,164.589,76.033,105.496
225.349,164.492,76.698,106.419
225.709,164.852,76.698,106.419
223.912,164.492,76.698,106.419
224.990,165.570,76.698,106.419
223.194,164.492,76.698,106.419
224.990,165.570,76.698,106.419
223.194,163.774,76.698,106.419
224.271,164.133,76.698,106.419
225.349,164.492,76.698,106.419
223.553,164.133,76.698,106.419
224.631,164.492,76.698,106.419
224.990,165.570,76.698,106.419
223.912,164.492,76.698,106.419
224.990,164.852,76.698,106.419
225.349,164.492,76.698,106.419
225.709,165.570,76.698,106.419
223.912,164.492,76.698,106.419
224.990,165.570,76.698,106.419
223.194,164.492,76.698,106.419
224.990,165.570,76.698,106.419
222.475,163.774,76.698,106.419
223.553,163.414,76.698,106.419
223.194,163.774,76.698,106.419
224.271,164.852,76.698,106.419
225.349,165.211,76.698,106.419
225.709,164.852,76.698,106.419
224.631,164.492,76.698,106.419
225.709,164.852,76.698,106.419
224.631,164.492,76.698,106.419
224.990,164.133,76.698,106.419
223.194,163.055,76.698,106.419
223.553,163.414,76.698,106.419
223.912,163.774,76.698,106.419
224.990,164.133,76.698,106.419
225.349,163.774,76.698,106.419
224.271,163.414,76.698,106.419
223.194,163.055,76.698,106.419
223.553,163.414,76.698,106.419
224.631,164.492,76.698,106.419
225.709,164.852,76.698,106.419
226.068,165.211,76.698,106.419
226.427,164.852,76.698,106.419
224.631,163.774,76.698,106.419
224.990,164.133,76.698,106.419
223.912,163.774,76.698,106.419
224.271,164.133,76.698,106.419
225.349,164.492,76.698,106.419
223.553,163.414,76.698,106.419
223.912,163.774,76.698,106.419
222.834,163.414,76.698,106.419
223.194,163.055,76.698,106.419
223.553,163.414,76.698,106.419
223.912,163.055,76.698,106.419
222.834,162.696,76.698,106.419
223.912,163.774,76.698,106.419
224.271,164.133,76.698,106.419
225.349,164.492,76.698,106.419
224.271,164.133,76.698,106.419
225.349,165.211,76.698,106.419
226.427,166.289,76.698,106.419
222.899,164.990,76.044,105.511
224.680,165.347,76.044,105.511
226.173,165.250,76.709,106.434
227.251,166.328,76.709,106.434
223.298,164.531,76.709,106.434
225.095,164.891,76.709,106.434
226.891,165.969,76.709,106.434
222.662,164.670,76.054,105.525
225.155,163.601,76.054,105.525
224.087,163.958,76.054,105.525
225.155,165.026,76.054,105.525
226.937,165.383,76.054,105.525
228.005,165.739,76.054,105.525
224.087,163.958,76.054,105.525
226.580,165.739,76.054,105.525
229.787,168.233,76.054,105.525
224.443,165.739,76.054,105.525
226.937,166.808,76.054,105.525
222.048,164.130,75.405,104.624
225.227,163.777,75.405,104.624
222.754,162.717,75.405,104.624
222.401,161.657,75.405,104.624
224.167,162.011,75.405,104.624
220.988,160.951,75.405,104.624
222.754,162.011,75.405,104.624
221.694,160.951,75.405,104.624
224.167,162.717,75.405,104.624
223.107,162.364,75.405,104.624
224.873,163.424,75.405,104.624
223.107,163.777,75.405,104.624
225.580,165.543,75.405,104.624
227.346,168.015,75.405,104.624
223.461,165.543,75.405,104.624
225.227,167.309,75.405,104.624
226.286,167.662,75.405,104.624
222.818,165.697,74.761,103.731
225.269,165.346,74.761,103.731
226.019,165.969,75.415,104.639
227.079,167.029,75.415,104.639
223.899,165.263,75.415,104.639
224.959,165.616,75.415,104.639
222.868,164.339,74.772,103.746
224.896,165.807,74.133,102.860
222.163,164.552,73.500,101.982
224.573,166.274,73.500,101.982
224.605,165.475,74.144,102.874
224.636,165.381,74.792,103.774
225.386,165.286,75.447,104.682
225.740,166.346,75.447,104.682
226.800,166.700,75.447,104.682
223.619,164.933,75.447,104.682
224.680,165.286,75.447,104.682
225.033,165.639,75.447,104.682
226.093,165.286,75.447,104.682
224.326,164.933,75.447,104.682
225.386,164.579,75.447,104.682
225.419,163.034,76.107,105.598
225.451,161.476,76.773,106.522
223.653,161.116,76.773,106.522
225.897,160.282,77.445,107.454
226.986,162.096,77.445,107.454
224.446,160.282,77.445,107.454
224.809,162.096,77.445,107.454
225.586,160.510,78.122,108.395
225.619,158.160,78.806,109.343
226.409,158.817,79.495,110.300
223.058,159.189,79.495,110.300
225.665,158.817,79.495,110.300
225.292,159.934,79.495,110.300
224.920,160.307,79.495,110.300
226.037,159.934,79.495,110.300
226.071,160.597,80.191,111.265
227.198,161.724,80.191,111.265
223.509,161.099,79.506,110.315
226.116,162.216,79.506,110.315
227.978,162.589,79.506,110.315
224.626,161.472,79.506,110.315
225.743,162.589,79.506,110.315
226.861,162.961,79.506,110.315
224.254,162.589,79.506,110.315
225.371,162.961,79.506,110.315
225.405,161.333,80.202,111.280
223.526,160.958,80.202,111.280
224.654,162.085,80.202,111.280
223.526,160.958,80.202,111.280
224.654,162.836,80.202,111.280
224.278,161.709,80.202,111.280
225.405,162.836,80.202,111.280
222.775,160.958,80.202,111.280
223.902,162.085,80.202,111.280
224.278,161.709,80.202,111.280
225.405,162.085,80.202,111.280
222.775,160.206,80.202,111.280
224.654,162.085,80.202,111.280
222.775,160.206,80.202,111.280
224.654,162.085,80.202,111.280
223.526,160.206,80.202,111.280
223.902,161.333,80.202,111.280
225.029,161.709,80.202,111.280
223.151,160.582,80.202,111.280
225.029,161.709,80.202,111.280
224.654,161.333,80.202,111.280
222.775,160.206,80.202,111.280
224.654,161.333,80.202,111.280
223.526,160.206,80.202,111.280
223.902,160.582,80.202,111.280
224.278,160.958,80.202,111.280
225.405,161.333,80.202,111.280
223.526,160.206,80.202,111.280
224.654,161.333,80.202,111.280
224.278,160.206,80.202,111.280
225.405,160.582,80.202,111.280
225.781,160.958,80.202,111.280
223.902,160.582,80.202,111.280
225.781,161.709,80.202,111.280
223.902,161.333,80.202,111.280
225.781,161.709,80.202,111.280
226.156,162.836,80.202,111.280
225.029,161.709,80.202,111.280
226.908,162.085,80.202,111.280
224.278,161.709,80.202,111.280
226.908,162.836,80.202,111.280
228.786,165.466,80.202,111.280
226.156,161.333,80.202,111.280
228.786,163.212,80.202,111.280
225.405,162.085,80.202,111.280
225.029,161.709,80.202,111.280
225.405,161.333,80.202,111.280
223.526,160.206,80.202,111.280
222.399,159.831,80.202,111.280
222.775,160.958,80.202,111.280
220.499,159.316,80.904,112.254
219.756,158.436,81.612,113.236
217.080,158.818,81.612,113.236
217.463,159.201,81.612,113.236
296.651,194.364,82.326,114.227
289.572,199.003,83.046,115.227
276.050,195.707,83.773,116.235
267.024,198.454,83.773,116.235
258.211,195.130,84.506,117.252
253.065,198.693,84.506,117.252
245.797,193.717,85.245,118.278
238.466,191.153,85.991,119.313
230.813,189.944,85.991,119.313
223.965,189.541,85.991,119.313
218.222,186.955,86.744,120.357
213.261,185.179,87.503,121.410
215.310,187.228,87.503,121.410
216.188,182.076,88.268,122.472
220.464,182.811,89.041,123.544
225.632,180.133,89.820,124.625
231.101,178.030,89.820,124.625
237.177,174.466,90.606,125.715
245.241,173.192,90.606,125.715
252.241,170.467,91.399,126.815
258.663,170.895,91.399,126.815
260.457,169.902,92.198,127.925
265.809,168.014,93.005,129.044
263.169,168.789,93.819,130.174
264.110,167.769,94.640,131.313
267.213,168.212,94.640,131.313
267.656,165.996,94.640,131.313
268.986,165.552,94.640,131.313
265.883,161.562,94.640,131.313
268.986,161.119,94.640,131.313
267.656,158.016,94.640,131.313
267.213,154.913,94.640,131.313
264.996,150.923,94.640,131.313
266.854,147.167,95.468,132.462
264.618,143.143,95.468,132.462
266.493,138.438,96.303,133.621
264.237,137.084,96.303,133.621
267.977,133.263,97.146,134.790
268.952,131.274,97.996,135.969
271.816,127.386,98.853,137.159
274.706,124.412,99.718,138.359
281.452,118.540,100.591,139.570
291.154,110.685,101.471,140.791
296.383,104.506,101.471,140.791
293.056,100.228,101.471,140.791
289.728,96.901,101.471,140.791
294.006,95.475,101.471,140.791
294.482,93.098,101.471,140.791
295.908,90.722,101.471,140.791
294.022,90.859,100.605,139.589
298.263,91.330,100.605,139.589
295.907,89.916,100.605,139.589
300.780,88.822,101.485,140.810
303.157,91.199,101.485,140.810
305.534,89.773,101.485,140.810
308.862,91.199,101.485,140.810
313.141,90.724,101.485,140.810
315.517,94.052,101.485,140.810
319.197,96.972,100.619,139.608
321.926,98.027,99.760,138.417
324.262,102.233,99.760,138.417
327.533,105.504,99.760,138.417
331.739,108.775,99.760,138.417
336.268,113.469,98.908,137.235
341.365,117.639,98.908,137.235
345.855,123.197,98.064,136.064
349.070,126.413,98.064,136.064
352.286,129.628,98.064,136.064
355.502,131.925,98.064,136.064
355.042,134.222,98.064,136.064
353.664,139.275,98.064,136.064
352.286,143.409,98.064,136.064
349.070,149.381,98.064,136.064
346.774,155.352,98.064,136.064
342.639,162.243,98.064,136.064
339.424,169.133,98.064,136.064
335.290,173.267,98.064,136.064
330.237,177.402,98.064,136.064
323.346,183.373,98.064,136.064
314.618,188.426,98.064,136.064
308.647,194.398,98.064,136.064
302.675,197.614,98.064,136.064
297.622,198.992,98.064,136.064
294.904,204.502,97.227,134.902
296.270,207.690,97.227,134.902
296.725,210.878,97.227,134.902
298.092,210.423,97.227,134.902
300.728,214.998,96.397,133.750
302.986,212.740,96.397,133.750
306.147,216.804,96.397,133.750
306.118,218.696,95.574,132.609
306.963,219.699,94.758,131.477
308.294,218.368,94.758,131.477
307.399,221.094,93.949,130.354
308.720,219.774,93.949,130.354
305.639,219.334,93.949,130.354
308.187,222.037,93.147,129.241
306.456,221.311,92.352,128.138
307.272,223.124,91.563,127.044
307.245,222.411,90.782,125.960
307.217,225.023,90.007,124.885
308.482,222.915,90.007,124.885
308.060,224.180,90.007,124.885
307.211,224.302,89.239,123.818
307.629,223.884,89.239,123.818
308.047,225.138,89.239,123.818
307.629,223.884,89.239,123.818
308.047,225.138,89.239,123.818
307.629,223.884,89.239,123.818
308.047,225.138,89.239,123.818
307.629,223.884,89.239,123.818
308.047,225.138,89.239,123.818
307.629,223.884,89.239,123.818
308.047,225.138,89.239,123.818
307.629,223.884,89.239,123.818
308.047,225.138,89.239,123.818
307.629,223.884,89.239,123.818
308.047,225.138,89.239,123.818
307.629,223.884,89.239,123.818
308.047,225.138,89.239,123.818
307.629,223.884,89.239,123.818
308.047,225.138,89.239,123.818
307.629,223.884,89.239,123.818
308.883,225.974,89.239,123.818
306.409,225.279,88.477,122.761
309.617,227.016,87.721,121.714
307.185,226.333,86.973,120.674
309.222,227.555,86.973,120.674
307.606,226.878,86.230,119.644
309.626,228.089,86.230,119.644
307.606,226.878,86.230,119.644
309.626,228.089,86.230,119.644
307.606,226.878,86.230,119.644
310.433,228.089,86.230,119.644
307.606,226.878,86.230,119.644
309.626,228.089,86.230,119.644
307.606,226.878,86.230,119.644
309.626,228.089,86.230,119.644
307.606,226.878,86.230,119.644
309.626,228.089,86.230,119.644
307.606,226.878,86.230,119.644
309.626,228.089,86.230,119.644
307.606,226.878,86.230,119.644
309.626,228.089,86.230,119.644
307.606,226.878,86.230,119.644
309.626,228.089,86.230,119.644
307.606,226.878,86.230,119.644
310.433,228.089,86.230,119.644
307.606,226.878,86.230,119.644
309.626,228.089,86.230,119.644
307.606,226.878,86.230,119.644
310.433,228.089,86.230,119.644
307.606,226.878,86.230,119.644
309.626,228.089,86.230,119.644
307.606,226.878,86.230,119.644
310.433,228.089,86.230,119.644
307.606,226.878,86.230,119.644
309.626,228.089,86.230,119.644
307.606,226.878,86.230,119.644
309.626,228.089,86.230,119.644
307.606,226.878,86.230,119.644
309.626,228.089,86.230,119.644
307.606,226.878,86.230,119.644
310.433,228.089,86.230,119.644
307.606,226.878,86.230,119.644
310.433,228.089,86.230,119.644
307.606,226.878,86.230,119.644
309.626,228.089,86.230,119.644
307.606,226.878,86.230,119.644
309.626,228.089,86.230,119.644
307.606,226.878,86.230,119.644
309.626,228.089,86.230,119.644
307.606,226.878,86.230,119.644
309.626,228.089,86.230,119.644
307.606,226.878,86.230,119.644
309.626,228.089,86.230,119.644
307.606,226.878,86.230,119.644
309.626,228.089,86.230,119.644
307.606,226.878,86.230,119.644
309.626,228.089,86.230,119.644
307.606,226.878,86.230,119.644
309.626,228.089,86.230,119.644
307.606,226.878,86.230,119.644
309.626,228.089,86.230,119.644
307.606,226.878,86.230,119.644
309.626,228.089,86.230,119.644
307.606,226.878,86.230,119.644
309.626,228.089,86.230,119.644
307.606,226.878,86.230,119.644
310.433,228.089,86.230,119.644
307.606,226.878,86.230,119.644
309.626,228.089,86.230,119.644
307.606,226.878,86.230,119.644
310.433,228.089,86.230,119.644
307.606,226.878,86.230,119.644
309.626,228.089,86.230,119.644
307.606,226.878,86.230,119.644
309.626,228.089,86.230,119.644
307.606,226.878,86.230,119.644
309.626,228.089,86.230,119.644
307.606,226.878,86.230,119.644
309.626,228.089,86.230,119.644
307.606,226.878,86.230,119.644
310.433,228.089,86.230,119.644
307.606,226.878,86.230,119.644
310.433,228.089,86.230,119.644
307.606,226.878,86.230,119.644
310.433,228.089,86.230,119.644
307.606,226.878,86.230,119.644
309.626,228.089,86.230,119.644
307.606,226.878,86.230,119.644
310.433,228.089,86.230,119.644
307.255,228.206,85.494,118.623
309.573,229.884,84.764,117.610
308.382,227.899,84.764,117.610
309.573,229.090,84.764,117.610
308.382,227.899,84.764,117.610
309.573,229.090,84.764,117.610
308.382,227.899,84.764,117.610
309.573,229.090,84.764,117.610
308.382,227.899,84.764,117.610
309.573,229.090,84.764,117.610
308.382,227.899,84.764,117.610
309.573,229.090,84.764,117.610
308.382,227.899,84.764,117.610
307.985,226.708,84.764,117.610
309.176,225.517,84.764,117.610
305.603,223.532,84.764,117.610
305.206,220.752,84.764,117.610
302.426,217.179,84.764,117.610
305.206,215.193,84.764,117.610
302.426,210.826,84.764,117.610
306.000,206.458,84.764,117.610
308.779,202.090,84.764,117.610
310.765,196.134,84.764,117.610
315.132,190.178,84.764,117.610
321.088,184.222,84.764,117.610
327.838,177.472,84.764,117.610
333.794,170.722,84.764,117.610
339.750,164.766,84.764,117.610
344.912,159.605,84.764,117.610
350.074,155.237,84.764,117.610
356.029,150.075,84.764,117.610
363.574,144.913,84.764,117.610
371.912,140.546,84.764,117.610
380.250,136.972,84.764,117.610
387.794,134.193,84.764,117.610
395.339,131.413,84.764,117.610
403.514,128.050,85.506,118.639
410.324,126.848,85.506,118.639
418.735,128.050,85.506,118.639
425.340,127.120,86.254,119.678
431.401,129.140,86.254,119.678
438.269,131.969,86.254,119.678
443.276,131.859,87.009,120.725
449.162,133.420,87.770,121.781
454.506,135.476,87.770,121.781
459.029,137.531,87.770,121.781
462.729,139.587,87.770,121.781
466.430,140.820,87.770,121.781
470.130,144.521,87.770,121.781
472.186,147.399,87.770,121.781
475.064,151.099,87.770,121.781
476.297,153.155,87.770,121.781
478.677,158.087,87.021,120.741
480.715,160.940,87.021,120.741
481.938,162.978,87.021,120.741
484.792,164.201,87.021,120.741
486.830,167.055,87.021,120.741
488.053,167.462,87.021,120.741
490.906,170.316,87.021,120.741
486.108,170.433,86.278,119.711
488.128,174.879,86.278,119.711
484.159,178.150,85.541,118.689
485.361,178.551,85.541,118.689
481.755,177.349,85.541,118.689
479.752,179.352,85.541,118.689
478.162,179.468,84.811,117.676
476.176,179.071,84.811,117.676
473.825,178.410,84.087,116.671
471.855,178.804,84.087,116.671
469.098,176.047,84.087,116.671
466.341,175.653,84.087,116.671
468.310,174.471,84.087,116.671
463.977,173.290,84.087,116.671
467.522,172.896,84.087,116.671
463.977,170.926,84.087,116.671
468.310,170.532,84.087,116.671
467.128,168.563,84.087,116.671
471.461,165.806,84.087,116.671
472.643,163.048,84.087,116.671
473.037,161.079,84.087,116.671
475.794,160.685,84.087,116.671
477.763,160.291,84.087,116.671
478.157,159.110,84.087,116.671
477.763,158.716,84.087,116.671
479.733,158.322,84.087,116.671
477.763,157.928,84.087,116.671
476.582,158.322,84.087,116.671
473.825,159.503,84.087,116.671
471.855,156.746,84.087,116.671
471.461,156.352,84.087,116.671
469.492,155.171,84.087,116.671
468.310,153.989,84.087,116.671
468.704,152.807,84.087,116.671
470.673,151.626,84.087,116.671
470.280,151.232,84.087,116.671
472.249,150.838,84.087,116.671
473.431,150.444,84.087,116.671
476.188,153.201,84.087,116.671
476.582,152.019,84.087,116.671
478.233,151.105,84.823,117.692
477.041,149.913,84.823,117.692
479.027,151.105,84.823,117.692
477.041,149.119,84.823,117.692
477.438,150.311,84.823,117.692
476.246,148.324,84.823,117.692
478.233,146.337,84.823,117.692
479.083,145.415,85.565,118.722
478.682,145.014,85.565,118.722
479.885,147.018,85.565,118.722
475.813,144.445,86.314,119.761
472.174,146.466,86.314,119.761
466.918,147.679,86.314,119.761
460.853,148.084,86.314,119.761
453.171,147.679,86.314,119.761
446.298,148.084,86.314,119.761
440.532,147.974,87.069,120.808
437.677,149.198,87.069,120.808
434.822,148.790,87.069,120.808
433.599,145.935,87.069,120.808
430.744,144.711,87.069,120.808
396.892,144.303,87.069,120.808
385.724,147.604,86.326,119.777
382.084,147.200,86.326,119.777
382.489,149.222,86.326,119.777
380.467,150.435,86.326,119.777
380.871,149.222,86.326,119.777
380.467,151.244,86.326,119.777
382.489,151.648,86.326,119.777
386.128,154.479,86.326,119.777
385.724,155.692,86.326,119.777
391.563,158.898,87.081,120.825
392.787,163.385,87.081,120.825
435.618,162.162,87.081,120.825
431.947,165.833,87.081,120.825
426.644,168.688,87.081,120.825
418.894,172.359,87.081,120.825
410.328,175.215,87.081,120.825
396.770,172.945,86.338,119.794
382.615,174.967,86.338,119.794
373.532,168.225,87.093,120.842
358.437,174.344,87.093,120.842
343.342,179.648,87.093,120.842
335.591,174.344,87.093,120.842
321.312,181.280,87.093,120.842
312.744,187.399,87.093,120.842
302.745,184.780,87.855,121.899
294.103,184.368,87.855,121.899
285.461,183.957,87.855,121.899
278.749,182.158,88.624,122.966
271.692,180.082,88.624,122.966
267.125,179.667,88.624,122.966
262.908,177.002,89.400,124.042
262.087,174.313,90.182,125.127
260.394,170.734,90.971,126.222
264.229,167.751,90.971,126.222
268.636,164.142,91.767,127.327
275.083,160.273,91.767,127.327
281.531,155.544,91.767,127.327
287.979,147.377,91.767,127.327
306.524,141.092,92.570,128.441
313.675,131.196,93.380,129.565
319.095,121.214,94.197,130.698
322.184,113.713,94.197,130.698
322.625,105.329,94.197,130.698
324.831,98.710,94.197,130.698
323.508,89.444,94.197,130.698
322.184,85.473,94.197,130.698
319.978,79.737,94.197,130.698
316.006,73.118,94.197,130.698
312.428,66.667,95.021,131.842
309.313,59.990,95.021,131.842
305.307,55.094,95.021,131.842
299.520,49.307,95.021,131.842
293.734,44.411,95.021,131.842
289.363,42.803,94.210,130.716
284.508,41.479,94.210,130.716
281.035,44.189,93.406,129.601
279.281,42.277,94.223,130.735
276.192,45.366,94.223,130.735
276.633,46.691,94.223,130.735
275.309,47.132,94.223,130.735
277.516,49.339,94.223,130.735
279.723,49.780,94.223,130.735
279.281,51.104,94.223,130.735
284.136,52.428,94.223,130.735
290.757,55.518,94.223,130.735
297.378,61.256,94.223,130.735
306.466,65.660,95.048,131.878
316.546,72.841,95.879,133.032
320.588,80.477,95.879,133.032
324.631,89.908,95.879,133.032
329.571,98.442,95.879,133.032
335.410,107.873,95.879,133.032
344.144,118.519,95.061,131.897
353.313,125.701,95.892,133.051
358.879,133.867,96.732,134.215
357.520,141.570,96.732,134.215
358.879,149.273,96.732,134.215
353.895,157.883,96.732,134.215
353.442,166.492,96.732,134.215
351.176,169.664,96.732,134.215
347.502,172.328,97.578,135.389
341.560,170.956,97.578,135.389
334.395,168.413,96.745,134.234
328.862,168.290,97.591,135.408
322.919,167.833,97.591,135.408
315.464,165.835,98.445,136.593
299.324,161.684,98.445,136.593
292.995,159.118,97.605,135.427
276.993,152.260,97.605,135.427
269.220,146.316,97.605,135.427
265.105,144.030,97.605,135.427
282.022,147.231,97.605,135.427
286.137,145.859,97.605,135.427
293.910,146.316,97.605,135.427
304.426,144.030,97.605,135.427
312.198,141.744,97.605,135.427
314.484,138.544,97.605,135.427
320.428,133.514,97.605,135.427
324.219,132.453,98.459,136.612
326.152,128.546,99.321,137.807
324.756,128.081,99.321,137.807
323.360,126.685,99.321,137.807
320.541,125.605,100.190,139.013
315.773,125.478,101.066,140.229
312.460,124.058,101.066,140.229
295.890,127.372,101.066,140.229
274.613,130.280,100.204,139.032
269.450,131.688,100.204,139.032
266.672,129.992,99.348,137.846
266.206,128.596,99.348,137.846
263.452,129.638,98.500,136.669
258.377,131.022,98.500,136.669
251.798,132.789,99.362,137.865
245.747,135.116,99.362,137.865
241.176,137.975,98.514,136.688
249.021,134.745,98.514,136.688
243.022,137.052,98.514,136.688
246.252,136.591,98.514,136.688
241.720,138.525,97.673,135.521
247.668,137.152,97.673,135.521
242.635,139.440,97.673,135.521
244.008,138.982,97.673,135.521
239.890,135.780,97.673,135.521
243.684,134.718,98.527,136.707
238.607,137.025,98.527,136.707
241.837,134.718,98.527,136.707
245.991,136.102,98.527,136.707
238.145,134.718,98.527,136.707
241.376,136.102,98.527,136.707
245.530,133.795,98.527,136.707
238.607,136.102,98.527,136.707
239.068,136.564,98.527,136.707
235.837,136.102,98.527,136.707
238.145,136.564,98.527,136.707
239.530,135.179,98.527,136.707
234.453,138.410,98.527,136.707
239.530,134.256,98.527,136.707
233.530,137.487,98.527,136.707
237.102,138.521,97.686,135.540
238.475,138.063,97.686,135.540
239.848,137.606,97.686,135.540
304.368,107.862,97.686,135.540
311.232,105.574,97.686,135.540
308.944,108.777,97.686,135.540
312.147,107.404,97.686,135.540
310.332,107.537,96.852,134.383
314.415,107.990,96.852,134.383
312.147,106.629,96.852,134.383
314.415,106.176,96.852,134.383
311.730,108.077,96.026,133.236
317.304,106.111,96.866,134.401
313.220,107.472,96.866,134.401
315.489,105.203,96.866,134.401
311.918,105.334,96.039,133.254
314.168,103.085,96.039,133.254
309.750,103.215,95.219,132.116
307.980,102.473,94.406,130.989
312.553,101.447,95.232,132.135
308.022,102.241,96.066,133.291
304.872,103.591,96.066,133.291
302.145,105.314,96.906,134.457
265.894,126.594,97.754,135.634
245.288,135.294,97.754,135.634
237.504,135.752,97.754,135.634
239.793,137.126,97.754,135.634
238.419,136.668,97.754,135.634
239.793,136.210,97.754,135.634
236.588,139.415,97.754,135.634
238.877,136.210,97.754,135.634
241.528,138.129,96.920,134.476
244.706,136.767,96.920,134.476
238.804,139.037,96.920,134.476
240.166,138.583,96.920,134.476
234.264,139.945,96.920,134.476
229.806,140.962,96.092,133.328
232.056,140.512,96.092,133.328
228.005,141.862,96.092,133.328
231.156,143.213,96.092,133.328
229.806,139.162,96.092,133.328
230.256,142.312,96.092,133.328
231.606,141.862,96.092,133.328
228.455,142.312,96.092,133.328
229.806,144.563,96.092,133.328
228.001,142.596,96.933,134.495
227.086,145.385,96.106,133.346
228.437,144.934,96.106,133.346
226.186,146.285,96.106,133.346
225.735,145.835,96.106,133.346
226.585,147.722,95.285,132.208
226.626,146.686,96.119,133.365
226.667,146.564,96.960,134.532
226.708,146.441,97.808,135.709
225.810,147.256,98.664,136.897
223.977,148.291,97.822,135.728
225.736,145.741,96.987,134.569
223.464,148.921,96.987,134.569
225.208,147.279,96.159,133.420
223.856,149.532,96.159,133.420
226.109,147.279,96.159,133.420
223.856,150.432,96.159,133.420
225.208,147.279,96.159,133.420
223.856,149.532,96.159,133.420
225.208,148.180,96.159,133.420
223.856,149.532,96.159,133.420
224.307,147.279,96.159,133.420
222.520,150.046,95.338,132.282
224.234,148.432,94.524,131.152
222.906,148.875,94.524,131.152
224.234,149.318,94.524,131.152
223.791,147.989,94.524,131.152
225.120,149.318,94.524,131.152
222.499,148.582,93.717,130.033
223.816,150.777,93.717,130.033
226.011,149.460,93.717,130.033
223.816,149.899,93.717,130.033
223.377,149.460,93.717,130.033
221.636,152.156,92.917,128.923
222.942,150.850,92.917,128.923
221.215,153.524,92.124,127.822
224.236,150.503,92.124,127.822
221.215,152.661,92.124,127.822
225.099,152.229,92.124,127.822
221.703,151.512,91.338,126.731
223.842,153.651,91.338,126.731
225.981,152.367,91.338,126.731
222.986,151.084,91.338,126.731
223.414,154.079,91.338,126.731
226.409,151.940,91.338,126.731
224.270,150.656,91.338,126.731
223.842,153.651,91.338,126.731
226.837,152.367,91.338,126.731
223.842,151.084,91.338,126.731
224.270,154.079,91.338,126.731
227.265,152.795,91.338,126.731
225.126,153.223,91.338,126.731
226.409,153.651,91.338,126.731
226.837,151.512,91.338,126.731
223.842,151.940,91.338,126.731
225.126,154.079,91.338,126.731
227.265,151.084,91.338,126.731
224.270,153.223,91.338,126.731
226.409,151.940,91.338,126.731
225.126,150.656,91.338,126.731
223.842,151.940,91.338,126.731
223.414,150.656,91.338,126.731
224.698,151.084,91.338,126.731
223.414,150.656,91.338,126.731
226.085,150.540,92.137,127.840
227.009,149.538,92.943,128.958
