143.000,125.000,30.000,54.000
143.872,126.102,30.263,54.473
143.377,125.277,30.263,54.473
143.752,125.885,30.527,54.949
143.585,125.385,30.527,54.949
144.305,126.681,30.794,55.430
143.465,126.177,30.794,55.430
143.633,126.009,30.794,55.430
144.137,126.177,30.794,55.430
144.305,126.345,30.794,55.430
143.617,126.746,30.532,54.957
144.117,126.579,30.532,54.957
143.617,126.079,30.532,54.957
143.996,126.693,30.799,55.438
143.492,125.180,30.799,55.438
142.316,124.004,30.799,55.438
141.140,123.164,30.799,55.438
140.972,124.004,30.799,55.438
140.132,125.180,30.799,55.438
140.300,125.684,30.799,55.438
139.796,126.188,30.799,55.438
139.489,126.463,31.068,55.923
140.221,126.044,31.340,56.412
140.259,125.622,31.614,56.906
139.397,124.415,31.614,56.906
139.225,126.312,31.614,56.906
139.617,127.654,31.891,57.404
139.655,125.085,32.170,57.906
138.975,126.450,32.451,58.413
139.015,124.925,32.735,58.924
139.420,126.314,33.022,59.439
140.938,127.716,33.311,59.959
141.723,128.385,33.602,60.484
141.764,127.181,33.896,61.013
140.289,127.862,34.193,61.547
139.184,126.254,34.492,62.086
138.454,128.104,34.794,62.629
137.718,128.803,35.098,63.177
135.995,129.760,35.098,63.177
134.468,130.857,35.405,63.730
133.502,131.437,35.405,63.730
132.922,132.016,35.405,63.730
131.184,129.505,35.405,63.730
129.446,130.857,35.405,63.730
127.708,126.029,35.405,63.730
128.424,124.982,35.103,63.186
130.255,123.944,34.803,62.646
132.723,126.032,34.803,62.646
135.571,124.703,34.803,62.646
138.419,126.412,34.803,62.646
140.976,126.124,34.506,62.111
143.423,126.312,34.506,62.111
145.958,126.026,34.212,61.581
147.637,128.452,34.212,61.581
146.331,130.878,34.212,61.581
144.278,130.692,34.212,61.581
142.972,129.759,34.212,61.581
140.919,131.065,34.212,61.581
138.866,133.118,34.212,61.581
137.559,136.291,34.212,61.581
138.119,138.717,34.212,61.581
137.559,139.277,34.212,61.581
139.612,138.344,34.212,61.581
139.799,137.784,34.212,61.581
138.866,136.478,34.212,61.581
137.559,133.678,34.212,61.581
136.453,130.922,34.511,62.120
135.135,131.110,34.511,62.120
132.688,127.909,34.511,62.120
131.186,125.515,34.813,62.664
132.895,121.147,34.813,62.664
134.884,111.334,35.118,63.212
133.160,100.797,35.118,63.212
135.166,97.968,35.425,63.765
134.587,94.683,35.425,63.765
132.649,92.225,35.735,64.323
124.266,99.048,35.735,64.323
115.104,100.802,35.735,64.323
118.808,98.658,35.735,64.323
109.255,108.600,35.735,64.323
106.502,122.906,36.048,64.886
104.732,136.081,36.048,64.886
92.682,149.302,36.363,65.454
90.286,153.286,36.681,66.026
89.510,157.304,37.002,66.604
91.327,159.121,37.002,66.604
88.889,156.140,37.326,67.187
89.352,153.967,37.653,67.775
90.240,152.618,37.982,68.368
88.587,150.408,38.314,68.966
87.777,149.463,38.650,69.569
86.959,148.078,38.988,70.178
87.748,151.490,38.655,69.579
86.694,150.014,38.655,69.579
86.483,148.538,38.655,69.579
86.272,146.218,38.655,69.579
132.574,122.354,38.993,70.188
123.900,119.649,39.334,70.802
115.531,119.434,39.334,70.802
114.459,122.224,39.334,70.802
113.815,125.442,39.334,70.802
115.317,127.803,39.334,70.802
117.677,130.163,39.334,70.802
121.754,130.378,39.334,70.802
127.521,129.408,39.679,71.421
131.563,127.986,40.026,72.046
133.964,125.584,40.026,72.046
139.423,123.619,40.026,72.046
138.529,122.436,39.684,71.431
143.075,120.487,39.684,71.431
146.835,116.779,39.345,70.822
149.196,119.140,39.345,70.822
146.642,115.464,39.009,70.217
144.727,113.123,39.009,70.217
141.534,112.059,39.009,70.217
132.809,114.400,39.009,70.217
129.446,113.246,38.676,69.618
127.125,115.989,38.676,69.618
129.446,119.576,38.676,69.618
130.079,122.319,38.676,69.618
132.400,125.062,38.676,69.618
131.345,124.851,38.676,69.618
131.134,122.108,38.676,69.618
135.143,120.209,38.676,69.618
135.354,121.264,38.676,69.618
133.667,118.473,38.346,69.023
130.529,116.591,38.346,69.023
126.973,113.453,38.346,69.023
129.274,111.152,38.346,69.023
128.825,111.242,38.019,68.434
128.380,111.737,37.694,67.850
129.544,112.227,37.373,67.271
127.118,109.928,37.054,66.696
128.937,110.939,37.054,66.696
126.926,109.449,36.737,66.127
126.726,108.046,36.737,66.127
128.251,107.350,36.424,65.563
129.245,106.357,36.424,65.563
128.251,104.966,36.424,65.563
127.258,105.165,36.424,65.563
126.056,107.189,36.113,65.003
127.041,105.810,36.113,65.003
129.208,108.765,36.113,65.003
128.786,108.082,35.804,64.448
130.544,111.793,35.804,64.448
129.958,113.160,35.804,64.448
130.544,115.699,35.804,64.448
128.786,114.723,35.804,64.448
126.247,113.355,35.804,64.448
125.661,114.332,35.804,64.448
121.700,116.653,36.118,65.012
116.897,115.359,36.434,65.581
127.535,74.123,36.753,66.155
128.813,71.162,37.074,66.733
127.199,69.419,37.399,67.317
120.059,69.623,37.399,67.317
117.815,98.390,37.399,67.317
115.570,101.858,37.399,67.317
117.406,103.694,37.399,67.317
120.059,101.858,37.399,67.317
122.010,103.538,37.079,66.743
123.830,102.527,37.079,66.743
124.975,104.193,36.763,66.173
126.893,101.541,36.449,65.608
128.160,104.719,36.768,66.182
129.965,104.919,36.768,66.182
131.492,103.049,36.454,65.617
129.305,104.839,36.454,65.617
128.708,105.833,36.454,65.617
128.907,106.032,36.454,65.617
129.901,107.822,36.454,65.617
128.112,109.214,36.454,65.617
127.515,111.402,36.454,65.617
124.532,111.998,36.454,65.617
123.140,112.197,36.454,65.617
123.592,113.337,36.773,66.191
121.169,115.720,37.095,66.770
124.609,123.208,37.095,66.770
128.454,126.243,37.095,66.770
131.894,128.469,37.095,66.770
136.144,118.149,37.095,66.770
139.508,115.160,37.419,67.355
142.162,111.282,37.419,67.355
145.309,108.980,37.100,66.780
145.511,111.611,37.100,66.780
145.867,111.699,36.783,66.210
146.067,110.294,36.783,66.210
145.867,112.100,36.783,66.210
147.673,112.702,36.783,66.210
149.983,109.657,36.469,65.644
151.774,107.070,36.469,65.644
152.512,109.485,36.158,65.084
149.947,125.068,36.158,65.084
152.822,129.434,36.474,65.654
151.235,130.982,36.793,66.228
161.873,129.577,36.793,66.228
171.708,131.383,36.793,66.228
178.733,133.993,36.793,66.228
184.955,133.391,36.793,66.228
191.178,131.183,36.793,66.228
199.808,128.172,36.793,66.228
201.728,126.301,36.479,65.663
199.937,127.694,36.479,65.663
201.330,125.505,36.479,65.663
198.111,122.974,36.798,66.237
199.801,124.536,37.120,66.817
201.624,125.143,37.120,66.817
204.662,122.106,37.120,66.817
200.140,116.624,37.445,67.401
201.570,138.890,37.445,67.401
199.941,132.942,37.773,67.991
198.086,123.669,37.773,67.991
196.438,116.521,37.450,67.411
197.196,109.434,37.131,66.835
194.390,102.012,36.814,66.265
197.094,97.789,36.500,65.699
192.649,93.623,36.819,66.274
196.465,94.226,36.819,66.274
225.188,40.597,36.819,66.274
216.174,32.690,37.141,66.854
208.742,25.544,37.466,67.439
213.816,25.039,37.794,68.029
211.548,28.956,37.794,68.029
208.868,28.750,37.794,68.029
206.187,31.843,37.794,68.029
208.347,27.953,38.125,68.624
212.714,24.833,38.125,68.624
216.172,13.234,38.458,69.225
218.479,13.024,38.458,69.225
218.526,11.216,38.795,69.830
219.584,10.158,38.795,69.830
218.718,9.424,38.463,69.234
219.625,8.045,38.800,69.840
219.672,7.957,39.140,70.451
219.885,7.316,39.140,70.451
219.058,8.540,39.482,71.068
219.704,7.894,39.482,71.068
218.869,7.804,39.827,71.689
219.086,7.152,39.827,71.689
219.303,7.369,39.827,71.689
218.461,8.169,40.176,72.317
219.557,7.512,40.176,72.317
219.942,7.179,39.833,71.699
220.159,7.396,39.833,71.699
219.942,6.310,39.833,71.699
219.100,7.555,40.182,72.327
219.485,7.222,39.839,71.709
219.702,7.440,39.839,71.709
219.485,6.353,39.839,71.709
218.833,7.874,39.839,71.709
218.616,7.222,39.839,71.709
218.833,7.874,39.839,71.709
218.181,7.657,39.839,71.709
218.833,7.005,39.839,71.709
219.050,7.657,39.839,71.709
218.398,7.005,39.839,71.709
218.616,7.657,39.839,71.709
218.398,7.440,39.839,71.709
218.181,7.657,39.839,71.709
218.398,7.440,39.839,71.709
218.181,7.657,39.839,71.709
218.398,7.440,39.839,71.709
217.746,7.657,39.839,71.709
218.240,9.348,40.187,72.337
218.459,8.690,40.187,72.337
218.679,8.471,40.187,72.337
218.898,8.252,40.187,72.337
218.856,7.919,39.844,71.719
218.203,8.136,39.844,71.719
218.421,7.919,39.844,71.719
217.769,8.136,39.844,71.719
218.856,7.919,39.844,71.719
218.203,8.136,39.844,71.719
218.421,7.484,39.844,71.719
217.769,7.702,39.844,71.719
218.263,9.393,40.193,72.347
218.044,8.735,40.193,72.347
218.263,8.077,40.193,72.347
218.482,7.858,40.193,72.347
218.263,8.077,40.193,72.347
218.482,7.858,40.193,72.347
218.263,8.077,40.193,72.347
218.482,7.858,40.193,72.347
218.263,8.077,40.193,72.347
218.482,7.858,40.193,72.347
218.263,8.077,40.193,72.347
218.482,7.858,40.193,72.347
218.263,8.077,40.193,72.347
218.482,7.858,40.193,72.347
217.824,8.077,40.193,72.347
218.772,8.885,40.544,72.980
218.729,8.980,40.198,72.357
218.949,8.761,40.198,72.357
218.906,8.856,39.855,71.739
218.689,8.638,39.855,71.739
218.472,8.856,39.855,71.739
218.254,9.073,39.855,71.739
218.748,8.537,40.204,72.367
218.797,7.995,40.556,73.000
219.018,7.774,40.556,73.000
219.240,7.553,40.556,73.000
219.018,7.774,40.556,73.000
219.240,7.553,40.556,73.000
218.836,9.274,40.910,73.639
218.612,8.605,40.910,73.639
218.569,8.701,40.561,73.010
218.348,8.480,40.561,73.010
218.569,9.144,40.561,73.010
217.905,8.923,40.561,73.010
217.684,8.259,40.561,73.010
217.905,8.037,40.561,73.010
218.127,8.259,40.561,73.010
218.348,8.480,40.561,73.010
218.569,8.701,40.561,73.010
217.905,8.480,40.561,73.010
218.127,8.701,40.561,73.010
217.905,8.037,40.561,73.010
217.863,8.565,40.215,72.387
218.082,8.784,40.215,72.387
218.301,8.565,40.215,72.387
218.687,9.088,39.872,71.769
219.918,9.182,39.531,71.156
220.297,9.275,39.194,70.549
221.508,9.368,38.859,69.947
222.568,9.156,38.859,69.947
221.508,10.216,38.859,69.947
222.992,10.004,38.859,69.947
220.236,11.064,38.859,69.947
221.436,10.742,38.528,69.350
219.965,9.691,38.528,69.350
219.334,9.061,38.528,69.350
218.519,9.403,38.865,69.956
219.001,8.445,39.205,70.569
217.733,8.794,39.548,71.186
219.244,8.147,39.548,71.186
218.165,7.931,39.548,71.186
218.655,8.283,39.894,71.809
218.438,8.066,39.894,71.809
216.914,8.283,39.894,71.809
219.743,7.630,39.894,71.809
218.655,6.978,39.894,71.809
218.438,8.936,39.894,71.809
218.220,8.719,39.894,71.809
219.161,8.628,40.243,72.437
218.690,8.723,39.899,71.819
218.908,8.505,39.899,71.819
219.125,8.287,39.899,71.819
218.472,7.634,39.899,71.819
217.384,7.852,39.899,71.819
219.217,9.099,40.248,72.447
219.175,8.338,39.905,71.829
218.522,7.684,39.905,71.829
218.480,8.203,39.564,71.216
217.832,8.419,39.564,71.216
218.912,8.203,39.564,71.216
218.264,8.851,39.564,71.216
218.480,8.203,39.564,71.216
217.832,8.851,39.564,71.216
219.343,8.203,39.564,71.216
218.264,7.556,39.564,71.216
218.644,8.492,39.226,70.608
217.375,8.841,39.570,71.226
219.193,7.865,39.916,71.849
218.105,7.212,39.916,71.849
217.016,7.430,39.916,71.849
218.976,6.777,39.916,71.849
218.758,8.736,39.916,71.849
218.976,8.519,39.916,71.849
219.193,8.301,39.916,71.849
218.540,7.648,39.916,71.849
217.016,7.865,39.916,71.849
218.976,7.212,39.916,71.849
217.887,7.430,39.916,71.849
218.828,9.124,40.265,72.477
218.609,8.465,40.265,72.477
218.828,8.246,40.265,72.477
219.048,8.026,40.265,72.477
218.389,7.367,40.265,72.477
217.291,8.026,40.265,72.477
158.642,66.675,40.265,72.477
156.028,65.055,39.921,71.859
152.761,63.095,39.921,71.859
155.157,65.055,39.921,71.859
153.632,63.966,39.921,71.859
155.157,66.798,39.921,71.859
156.246,67.451,39.921,71.859
157.187,66.467,40.271,72.487
120.060,125.124,40.271,72.487
121.910,123.681,40.623,73.122
117.871,124.951,40.979,73.762
115.412,126.963,40.979,73.762
114.294,124.504,40.979,73.762
116.753,127.857,40.979,73.762
116.530,136.575,40.979,73.762
117.647,141.717,40.979,73.762
116.530,145.517,40.979,73.762
121.162,144.507,41.337,74.407
129.072,141.177,41.699,75.058
133.849,138.220,41.699,75.058
136.351,133.443,41.699,75.058
137.943,126.846,41.699,75.058
138.171,122.979,41.699,75.058
135.668,119.566,41.699,75.058
134.737,117.002,41.343,74.417
131.088,113.671,41.705,75.068
129.041,114.808,41.705,75.068
124.263,113.216,41.705,75.068
118.575,116.173,41.705,75.068
112.887,118.221,41.705,75.068
110.385,122.544,41.705,75.068
113.700,119.650,42.070,75.725
110.258,116.667,42.070,75.725
114.073,120.334,42.438,76.388
112.452,122.881,42.438,76.388
113.763,120.722,42.075,75.736
115.828,117.739,42.075,75.736
122.944,115.214,42.075,75.736
126.760,113.235,42.444,76.398
133.456,114.088,42.815,77.067
139.254,111.117,43.190,77.741
142.688,99.427,43.568,78.422
159.563,91.583,43.568,78.422
170.183,87.512,43.196,77.752
177.017,103.301,43.196,77.752
183.349,106.100,43.574,78.432
179.308,169.092,43.574,78.432
176.693,164.576,43.574,78.432
177.406,162.912,43.574,78.432
178.120,164.576,43.574,78.432
174.554,162.912,43.574,78.432
177.169,165.527,43.574,78.432
175.029,164.814,43.574,78.432
178.981,166.663,43.955,79.119
184.933,123.797,44.339,79.811
184.987,121.217,44.727,80.509
185.041,122.115,45.119,81.214
183.318,117.931,45.119,81.214
181.595,113.746,45.119,81.214
183.164,117.680,45.514,81.924
183.219,121.648,45.912,82.641
189.982,131.416,45.912,82.641
192.737,144.690,45.912,82.641
192.987,153.457,45.912,82.641
167.190,156.713,45.912,82.641
163.934,158.967,45.912,82.641
162.682,163.726,45.912,82.641
170.947,167.482,45.912,82.641
164.685,165.729,45.912,82.641
173.952,166.982,45.912,82.641
177.089,169.444,46.314,83.364
185.932,172.223,46.314,83.364
190.227,171.970,46.314,83.364
190.985,173.234,46.314,83.364
191.041,172.092,46.719,84.094
190.053,169.896,47.128,84.830
189.502,168.000,46.725,84.105
189.757,168.255,46.725,84.105
191.381,167.626,47.134,84.841
191.331,168.741,46.732,84.117
192.096,169.505,46.732,84.117
190.822,169.760,46.732,84.117
190.057,168.486,46.732,84.117
189.292,169.760,46.732,84.117
187.258,169.131,47.141,84.853
188.030,170.931,47.141,84.853
187.258,168.617,47.141,84.853
189.718,169.230,46.738,84.129
190.483,168.975,46.738,84.129
191.247,169.230,46.738,84.129
191.827,170.691,47.147,84.865
192.599,171.977,47.147,84.865
192.856,171.205,47.147,84.865
