298.000,160.000,48.000,80.000
299.750,162.750,48.000,80.000
300.000,165.000,48.000,80.000
301.250,168.250,48.000,80.000
302.500,172.000,48.000,80.000
304.750,175.250,48.000,80.000
307.000,178.499,48.000,80.000
311.250,179.749,48.000,80.000
314.500,181.499,48.000,80.000
317.749,180.249,48.000,80.000
321.499,179.499,48.000,80.000
324.387,182.524,47.590,79.317
323.643,180.789,47.590,79.317
324.387,178.558,47.590,79.317
323.148,181.780,47.590,79.317
321.908,178.558,47.590,79.317
320.173,175.336,47.590,79.317
318.934,177.071,47.590,79.317
317.695,173.849,47.590,79.317
316.951,177.071,47.590,79.317
315.216,180.293,47.590,79.317
312.986,176.575,47.590,79.317
308.276,180.789,47.590,79.317
303.567,185.002,47.590,79.317
297.370,192.686,47.590,79.317
295.635,195.908,47.590,79.317
296.189,197.339,48.007,80.011
306.441,184.088,48.007,80.011
313.691,180.838,48.007,80.011
320.442,182.088,48.007,80.011
317.192,182.838,48.007,80.011
320.942,183.088,48.007,80.011
321.192,184.338,48.007,80.011
324.943,189.089,48.007,80.011
341.694,201.340,48.007,80.011
341.944,204.590,48.007,80.011
341.694,227.343,48.007,80.011
332.443,231.593,48.007,80.011
321.192,219.342,48.007,80.011
307.441,213.091,48.007,80.011
292.189,217.842,48.007,80.011
277.937,232.593,48.007,80.011
265.686,226.343,48.007,80.011
255.935,218.592,48.007,80.011
246.684,213.841,48.007,80.011
243.934,207.090,48.007,80.011
245.184,199.340,48.007,80.011
251.435,192.089,48.007,80.011
262.186,184.338,48.007,80.011
275.937,183.088,48.007,80.011
289.689,181.838,48.007,80.011
301.940,180.088,48.007,80.011
315.692,178.837,48.007,80.011
327.943,176.587,48.007,80.011
341.194,178.837,48.007,80.011
353.446,176.087,48.007,80.011
365.197,174.337,48.007,80.011
381.949,178.587,48.007,80.011
395.700,178.337,48.007,80.011
408.560,183.369,48.427,80.711
420.414,187.657,48.427,80.711
431.764,191.440,48.427,80.711
441.600,201.781,48.427,80.711
446.300,206.857,48.850,81.417
444.519,212.708,48.850,81.417
436.221,216.264,49.278,82.130
425.699,218.574,49.278,82.130
408.504,220.884,49.278,82.130
391.308,221.140,49.278,82.130
375.653,218.317,49.278,82.130
358.457,216.521,49.278,82.130
345.368,215.751,49.278,82.130
334.311,213.848,48.857,81.429
324.896,209.522,48.857,81.429
317.008,195.018,48.857,81.429
307.593,189.165,48.857,81.429
295.634,195.527,48.857,81.429
288.254,194.763,48.857,81.429
282.911,192.473,48.857,81.429
276.177,188.726,49.285,82.141
270.962,186.525,49.716,82.860
264.640,183.774,50.151,83.585
260.200,182.991,50.151,83.585
256.282,183.252,50.151,83.585
253.409,184.035,50.151,83.585
250.013,183.252,50.151,83.585
248.185,181.946,50.151,83.585
247.162,179.171,50.590,84.316
245.318,179.961,50.590,84.316
242.420,177.063,50.590,84.316
239.521,176.272,50.590,84.316
233.988,173.374,50.590,84.316
231.090,171.530,50.590,84.316
228.192,169.158,50.590,84.316
225.820,167.314,50.590,84.316
226.611,167.050,50.590,84.316
224.767,166.787,50.590,84.316
225.030,165.997,50.590,84.316
226.159,168.598,51.032,85.054
224.830,166.206,51.032,85.054
225.096,165.409,51.032,85.054
226.092,164.476,50.597,84.328
227.221,160.595,51.040,85.066
248.221,164.051,51.040,85.066
253.719,166.131,51.486,85.810
259.887,168.544,51.486,85.810
225.832,167.204,51.486,85.810
226.636,170.689,51.486,85.810
227.977,169.349,51.486,85.810
234.144,172.835,51.486,85.810
239.239,172.030,51.486,85.810
244.870,173.371,51.486,85.810
251.516,171.621,51.937,86.561
258.820,176.761,51.937,86.561
264.500,175.408,51.937,86.561
270.722,174.597,51.937,86.561
274.653,172.832,52.391,87.318
277.501,171.051,52.850,88.083
280.528,170.776,52.850,88.083
283.006,171.051,52.850,88.083
284.382,170.776,52.850,88.083
286.309,169.950,52.850,88.083
287.134,169.125,52.850,88.083
290.162,167.198,52.850,88.083
289.336,163.620,52.850,88.083
286.309,162.794,52.850,88.083
290.437,160.317,52.850,88.083
285.208,160.041,52.850,88.083
290.437,160.867,52.850,88.083
287.960,155.087,52.850,88.083
283.281,151.509,52.850,88.083
288.974,141.813,53.312,88.853
288.141,140.425,53.312,88.853
250.658,91.835,53.312,88.853
249.825,89.336,53.312,88.853
253.434,86.281,53.312,88.853
256.641,88.015,52.857,88.095
259.670,88.841,52.857,88.095
261.597,86.914,52.857,88.095
263.524,88.290,52.857,88.095
265.629,87.324,52.406,87.343
266.119,89.028,51.958,86.597
265.307,87.133,51.958,86.597
265.578,88.486,51.958,86.597
263.684,84.969,51.958,86.597
259.417,88.770,51.515,85.858
254.320,91.185,51.515,85.858
251.137,94.431,51.075,85.125
248.743,95.229,51.075,85.125
249.220,93.256,50.639,84.398
249.484,94.575,50.639,84.398
252.913,95.366,50.639,84.398
257.287,97.430,51.082,85.137
254.609,100.057,51.529,85.882
254.659,102.157,51.980,86.633
254.154,104.831,52.435,87.391
256.443,106.967,52.894,88.156
257.624,109.123,53.356,88.927
254.567,113.291,53.356,88.927
253.733,124.685,53.356,88.927
258.458,129.965,53.356,88.927
267.072,134.689,53.356,88.927
275.687,138.857,53.356,88.927
285.413,144.137,53.356,88.927
295.672,149.126,52.901,88.168
305.324,152.976,53.364,88.940
316.164,155.477,53.364,88.940
322.556,150.197,53.364,88.940
331.189,144.882,52.908,88.180
334.771,135.789,52.908,88.180
335.047,125.593,52.908,88.180
329.260,113.193,52.908,88.180
319.065,107.407,52.908,88.180
309.881,104.288,52.457,87.428
297.578,99.597,52.009,86.681
283.222,94.451,52.009,86.681
272.658,90.929,52.009,86.681
263.178,97.159,52.009,86.681
260.198,107.181,52.009,86.681
250.717,118.287,52.009,86.681
239.612,132.102,52.009,86.681
234.109,144.772,52.464,87.440
230.239,156.992,52.923,88.205
271.607,229.167,52.471,87.452
275.160,232.173,52.471,87.452
279.259,231.354,52.471,87.452
268.552,234.126,52.023,86.705
254.192,247.945,52.023,86.705
250.909,252.286,52.478,87.464
252.276,255.840,52.478,87.464
249.816,259.393,52.478,87.464
251.729,261.306,52.478,87.464
252.549,256.659,52.478,87.464
249.543,259.119,52.478,87.464
251.633,262.959,52.030,86.717
250.821,258.894,52.030,86.717
252.364,259.000,51.586,85.977
251.021,256.582,51.586,85.977
250.520,258.684,52.038,86.729
249.707,255.161,52.038,86.729
249.978,261.395,52.038,86.729
251.333,267.628,52.038,86.729
252.146,266.815,52.038,86.729
253.501,264.918,52.038,86.729
250.815,263.966,51.593,85.989
251.621,261.010,51.593,85.989
252.965,265.041,51.593,85.989
250.546,262.085,51.593,85.989
251.698,266.391,52.045,86.741
252.511,264.494,52.045,86.741
251.698,268.017,52.045,86.741
251.192,265.137,52.500,87.500
249.561,263.353,52.960,88.266
249.837,266.387,52.960,88.266
249.561,264.457,52.960,88.266
248.182,261.974,52.960,88.266
251.216,252.320,52.960,88.266
269.144,238.253,52.960,88.266
254.494,259.637,53.423,89.038
251.736,257.031,52.967,88.278
252.012,258.962,52.967,88.278
249.816,256.916,52.515,87.525
250.841,260.225,52.066,86.777
251.112,258.327,52.066,86.777
248.671,254.802,52.066,86.777
250.745,260.199,51.622,86.037
253.326,266.074,51.181,85.302
251.460,263.675,51.181,85.302
252.056,266.854,51.629,86.049
250.712,265.509,51.629,86.049
250.981,268.467,51.629,86.049
251.249,266.585,51.629,86.049
250.748,264.830,52.081,86.802
251.562,264.559,52.081,86.802
254.003,262.660,52.081,86.802
255.359,260.219,52.081,86.802
257.800,263.203,52.081,86.802
253.732,260.762,52.081,86.802
257.394,263.514,51.636,86.061
253.154,262.045,51.196,85.326
249.688,259.112,51.196,85.326
250.488,262.045,51.196,85.326
251.821,261.245,51.196,85.326
253.688,263.111,51.196,85.326
249.688,257.512,51.196,85.326
251.554,257.245,51.196,85.326
249.155,254.845,51.196,85.326
249.955,252.979,51.196,85.326
251.288,255.912,51.196,85.326
252.088,258.312,51.196,85.326
251.590,260.945,51.643,86.072
251.321,256.910,51.643,86.072
251.371,260.669,52.095,86.826
251.858,265.540,51.651,86.084
252.665,260.428,51.651,86.084
254.548,254.779,51.651,86.084
252.127,252.358,51.651,86.084
254.548,256.931,51.651,86.084
255.556,260.711,51.210,85.350
254.756,259.910,51.210,85.350
255.556,258.043,51.210,85.350
256.356,259.910,51.210,85.350
257.156,258.043,51.210,85.350
260.486,253.569,51.658,86.096
263.984,248.458,51.658,86.096
273.961,235.120,52.110,86.850
272.899,229.454,52.566,87.610
272.625,231.371,52.566,87.610
274.359,230.707,53.026,88.376
279.054,225.460,53.026,88.376
285.333,222.525,53.490,89.150
304.555,187.702,53.490,89.150
317.091,180.738,53.490,89.150
329.628,202.189,53.490,89.150
348.066,202.298,53.033,88.388
369.886,199.812,53.033,88.388
390.049,201.745,53.033,88.388
404.688,198.154,53.033,88.388
410.488,193.459,53.033,88.388
410.212,186.001,53.033,88.388
403.307,176.887,53.033,88.388
393.640,168.877,53.033,88.388
381.210,161.419,53.033,88.388
366.572,153.962,53.033,88.388
353.055,148.680,52.580,87.634
336.350,141.286,52.580,87.634
317.455,136.631,52.580,87.634
299.541,132.037,53.040,88.401
281.471,132.500,53.505,89.174
267.259,135.565,53.505,89.174
249.601,138.317,53.973,89.955
