205.000,151.000,17.000,50.000
203.583,149.583,17.000,50.000
201.921,148.176,17.000,50.000
200.770,148.560,17.000,50.000
199.364,147.921,17.000,50.000
198.214,147.282,17.000,50.000
197.063,147.154,17.000,50.000
194.890,147.026,17.000,50.000
192.973,146.131,17.000,50.000
191.822,145.492,17.000,50.000
189.905,144.342,17.000,50.000
188.755,143.447,17.000,50.000
187.348,142.808,17.000,50.000
187.732,143.703,17.000,50.000
185.815,142.296,17.000,50.000
183.897,141.402,17.000,50.000
182.747,141.018,17.000,50.000
183.130,141.913,17.000,50.000
181.980,140.507,17.000,50.000
180.574,139.612,17.000,50.000
179.167,137.950,17.000,50.000
178.017,136.288,17.000,50.000
176.867,135.394,17.000,50.000
177.506,136.800,17.000,50.000
175.844,135.905,17.000,50.000
174.438,134.755,17.000,50.000
173.287,134.371,17.000,50.000
172.648,133.476,17.000,50.000
172.009,132.837,17.000,50.000
170.603,131.687,17.000,50.000
169.197,131.048,17.000,50.000
168.302,129.897,17.000,50.000
167.152,128.235,17.000,50.000
166.001,126.318,17.000,50.000
167.152,127.468,17.000,50.000
166.257,126.829,17.000,50.000
165.362,126.446,17.000,50.000
164.467,126.829,17.000,50.000
163.572,125.167,17.000,50.000
161.655,124.017,17.000,50.000
160.249,122.355,17.000,50.000
159.354,120.949,17.000,50.000
158.459,119.799,17.000,50.000
160.121,121.460,17.000,50.000
159.482,119.799,17.000,50.000
158.332,121.460,17.000,50.000
157.437,121.844,17.000,50.000
158.382,124.427,16.855,49.573
156.735,125.061,16.855,49.573
155.594,123.666,16.855,49.573
154.059,123.013,16.711,49.150
152.676,122.133,16.711,49.150
151.546,119.997,16.711,49.150
150.163,118.363,16.711,49.150
149.032,118.489,16.711,49.150
148.404,117.861,16.711,49.150
147.273,119.243,16.711,49.150
145.891,119.620,16.711,49.150
144.258,118.740,16.711,49.150
142.624,118.363,16.711,49.150
141.493,119.243,16.711,49.150
139.608,118.112,16.711,49.150
137.724,116.981,16.711,49.150
136.341,116.102,16.711,49.150
135.210,116.730,16.711,49.150
134.331,116.102,16.711,49.150
132.949,116.478,16.711,49.150
131.315,116.604,16.711,49.150
129.430,115.222,16.711,49.150
127.546,114.845,16.711,49.150
125.912,113.211,16.711,49.150
124.278,111.829,16.711,49.150
123.148,109.944,16.711,49.150
121.765,108.562,16.711,49.150
120.383,108.437,16.711,49.150
121.011,108.814,16.711,49.150
118.121,107.934,16.711,49.150
116.488,107.054,16.711,49.150
114.854,105.672,16.711,49.150
113.472,105.044,16.711,49.150
112.341,104.667,16.711,49.150
111.210,103.787,16.711,49.150
110.080,103.159,16.711,49.150
108.446,104.290,16.711,49.150
106.812,105.170,16.711,49.150
104.174,104.039,16.711,49.150
102.540,103.159,16.711,49.150
100.907,103.285,16.711,49.150
99.273,102.908,16.711,49.150
97.891,101.274,16.711,49.150
96.257,100.143,16.711,49.150
95.629,99.264,16.711,49.150
93.996,99.641,16.711,49.150
91.860,99.264,16.711,49.150
91.734,100.646,16.711,49.150
90.100,99.264,16.711,49.150
87.964,100.143,16.711,49.150
86.331,99.012,16.711,49.150
84.195,97.379,16.711,49.150
82.812,96.751,16.711,49.150
81.535,96.593,16.568,48.730
80.755,97.165,16.427,48.314
79.644,96.054,16.427,48.314
77.906,97.103,16.287,47.902
77.049,97.471,16.287,47.902
75.087,96.361,16.148,47.493
73.266,95.511,16.148,47.493
72.032,95.358,16.010,47.088
70.573,93.798,15.873,46.686
68.306,92.724,15.873,46.686
66.754,93.559,15.873,46.686
66.635,94.633,15.873,46.686
64.723,94.949,15.738,46.287
63.289,94.107,15.603,45.892
61.999,94.459,15.603,45.892
60.348,93.167,15.470,45.500
58.712,92.340,15.338,45.112
56.982,91.763,15.338,45.112
56.636,90.725,15.338,45.112
55.367,91.533,15.338,45.112
