176.000,75.000,47.000,102.000
172.753,76.365,47.000,102.000
171.311,79.536,47.000,102.000
171.023,82.707,47.000,102.000
169.582,85.301,47.000,102.000
167.564,87.319,47.000,102.000
167.852,90.490,47.000,102.000
164.104,87.319,47.000,102.000
161.510,85.301,47.000,102.000
158.916,80.401,47.000,102.000
155.168,74.923,47.000,102.000
151.997,74.635,47.000,102.000
149.403,76.077,47.000,102.000
146.538,76.517,47.411,102.892
141.860,71.596,47.826,103.793
139.220,66.609,47.826,103.793
136.906,62.848,48.245,104.701
135.178,59.660,48.667,105.617
132.212,59.504,49.093,106.541
130.706,57.396,49.093,106.541
133.416,60.106,49.093,106.541
131.308,60.407,49.093,106.541
130.405,62.515,49.093,106.541
130.104,66.429,49.093,106.541
128.598,70.946,49.093,106.541
130.104,74.860,49.093,106.541
131.609,78.774,49.093,106.541
132.513,74.860,49.093,106.541
135.223,68.537,49.093,106.541
136.126,62.816,49.093,106.541
134.018,49.266,49.093,106.541
132.513,44.750,49.093,106.541
134.018,43.244,49.093,106.541
134.112,39.383,49.522,107.474
138.061,40.902,49.522,107.474
140.187,43.635,49.522,107.474
139.276,39.079,49.522,107.474
141.402,42.420,49.522,107.474
140.491,46.369,49.522,107.474
141.402,50.318,49.522,107.474
140.491,54.874,49.522,107.474
140.187,58.215,49.522,107.474
138.061,67.023,49.522,107.474
140.794,72.794,49.522,107.474
138.061,76.135,49.522,107.474
140.187,79.476,49.522,107.474
137.453,71.275,49.522,107.474
134.112,66.719,49.522,107.474
132.593,65.201,49.522,107.474
129.860,64.897,49.522,107.474
125.304,67.023,49.522,107.474
120.140,68.542,49.522,107.474
116.799,70.061,49.522,107.474
115.280,71.579,49.522,107.474
116.620,71.420,49.955,108.414
118.152,69.888,49.955,108.414
119.504,69.728,50.393,109.363
121.668,66.328,50.393,109.363
126.199,63.632,50.833,110.319
129.629,67.062,50.833,110.319
132.282,67.538,51.278,111.285
134.959,64.150,51.727,112.258
140.987,58.756,51.727,112.258
144.989,52.737,52.180,113.241
146.589,48.576,52.180,113.241
148.829,46.336,52.180,113.241
152.349,41.536,52.180,113.241
156.386,42.680,52.636,114.232
156.063,39.775,52.636,114.232
160.134,42.253,53.097,115.231
163.717,43.881,53.097,115.231
167.156,45.046,53.561,116.239
165.514,42.090,53.561,116.239
170.441,45.046,53.561,116.239
174.712,48.003,53.561,116.239
175.697,50.303,53.561,116.239
174.712,51.945,53.561,116.239
175.697,54.245,53.561,116.239
177.147,57.440,54.030,117.257
178.141,63.074,54.030,117.257
179.135,70.695,54.030,117.257
179.466,76.329,54.030,117.257
181.123,73.347,54.030,117.257
181.455,69.039,54.030,117.257
181.123,64.068,54.030,117.257
179.189,55.063,54.503,118.282
176.552,46.665,54.980,119.317
173.517,39.583,54.980,119.317
169.474,35.259,55.461,120.361
167.773,33.559,55.461,120.361
170.155,40.022,55.461,120.361
174.577,48.526,55.461,120.361
178.318,52.267,55.461,120.361
175.257,50.567,55.461,120.361
172.195,46.825,55.461,120.361
174.577,49.886,55.461,120.361
170.835,45.464,55.461,120.361
168.454,42.403,55.461,120.361
167.433,47.505,55.461,120.361
165.052,49.886,55.461,120.361
162.671,52.948,55.461,120.361
160.970,56.009,55.461,120.361
162.671,57.710,55.461,120.361
159.610,54.648,55.461,120.361
157.909,53.628,55.461,120.361
155.528,50.567,55.461,120.361
151.786,43.423,55.461,120.361
147.364,39.001,55.461,120.361
141.891,35.337,55.946,121.415
139.489,32.935,55.946,121.415
136.079,34.865,56.435,122.477
136.425,37.288,56.435,122.477
134.002,34.865,56.435,122.477
134.820,38.232,56.929,123.549
133.074,44.168,56.929,123.549
137.613,57.786,56.929,123.549
137.264,63.722,56.929,123.549
139.708,67.562,56.929,123.549
142.850,64.420,56.929,123.549
145.993,61.976,56.929,123.549
142.152,45.565,56.929,123.549
144.596,38.931,56.929,123.549
142.850,25.313,56.929,123.549
141.105,21.472,56.929,123.549
142.850,20.425,56.929,123.549
139.708,14.489,56.929,123.549
137.264,12.045,56.929,123.549
139.010,14.489,56.929,123.549
136.565,18.330,56.929,123.549
138.311,22.171,56.929,123.549
140.057,35.788,56.929,123.549
139.010,39.629,56.929,123.549
137.264,43.470,56.929,123.549
139.708,48.009,56.929,123.549
138.385,59.995,57.427,124.630
141.555,71.618,57.427,124.630
139.090,66.335,57.427,124.630
136.624,56.825,57.427,124.630
136.976,50.133,57.427,124.630
135.642,46.338,57.930,125.720
137.209,49.066,58.437,126.820
136.134,47.274,58.437,126.820
138.643,50.499,58.437,126.820
140.435,52.291,58.437,126.820
142.016,54.308,58.948,127.930
146.717,55.393,58.948,127.930
151.417,52.862,58.948,127.930
153.948,53.947,58.948,127.930
152.140,49.970,58.948,127.930
154.671,51.777,58.948,127.930
158.648,49.247,58.948,127.930
159.502,51.281,59.464,129.049
158.407,47.269,59.464,129.049
160.960,49.093,59.464,129.049
165.702,50.916,59.464,129.049
171.172,48.363,59.464,129.049
174.277,42.939,59.984,130.179
176.116,41.099,59.984,130.179
180.163,42.939,59.984,130.179
179.795,40.364,59.984,130.179
179.427,37.052,59.984,130.179
182.739,42.571,59.984,130.179
183.107,39.260,59.984,130.179
184.946,39.628,59.984,130.179
186.050,42.203,59.984,130.179
185.682,45.514,59.984,130.179
185.314,52.504,59.984,130.179
187.153,60.230,59.984,130.179
186.786,62.806,59.984,130.179
185.682,66.853,59.984,130.179
183.842,68.692,59.984,130.179
182.739,66.117,59.984,130.179
182.371,61.334,59.984,130.179
182.003,55.816,59.984,130.179
182.371,53.240,59.984,130.179
184.210,59.495,59.984,130.179
181.635,57.655,59.984,130.179
180.531,54.344,59.984,130.179
180.899,60.598,59.984,130.179
177.588,56.551,59.984,130.179
176.484,51.769,59.984,130.179
179.795,54.344,59.984,130.179
175.748,48.090,59.984,130.179
176.852,46.250,59.984,130.179
177.220,45.146,59.984,130.179
175.381,41.835,59.984,130.179
177.220,44.410,59.984,130.179
173.909,40.364,59.984,130.179
175.013,43.675,59.984,130.179
173.909,46.250,59.984,130.179
171.334,50.297,59.984,130.179
171.701,52.872,59.984,130.179
169.862,53.240,59.984,130.179
171.701,53.608,59.984,130.179
166.919,47.354,59.984,130.179
162.136,43.307,59.984,130.179
158.825,38.524,59.984,130.179
154.042,34.477,59.984,130.179
148.523,31.902,59.984,130.179
146.684,32.270,59.984,130.179
144.109,34.109,59.984,130.179
141.533,35.213,59.984,130.179
137.123,39.546,60.509,131.318
134.195,44.677,61.039,132.467
135.318,51.042,61.039,132.467
136.441,56.657,61.039,132.467
136.816,60.026,61.039,132.467
142.431,62.647,61.039,132.467
147.298,60.026,61.039,132.467
151.416,56.657,61.039,132.467
153.288,36.815,61.039,132.467
147.672,21.466,61.039,132.467
145.052,18.097,61.039,132.467
149.919,22.964,61.039,132.467
151.042,18.097,61.039,132.467
153.461,22.506,61.573,133.626
150.062,19.107,61.573,133.626
152.502,24.329,62.111,134.795
149.836,29.281,62.111,134.795
147.169,34.233,62.111,134.795
146.788,39.186,62.111,134.795
144.121,44.900,62.111,134.795
140.693,52.138,62.111,134.795
137.264,57.852,62.111,134.795
134.598,60.519,62.111,134.795
