306.000,5.000,95.000,65.000
309.322,20.238,95.000,65.000
314.026,45.010,95.000,65.000
319.984,73.545,95.000,65.000
326.569,106.471,95.000,65.000
330.645,138.769,95.000,65.000
327.196,154.761,95.000,65.000
323.119,149.430,95.000,65.000
320.297,128.421,95.000,65.000
323.119,103.648,95.000,65.000
307.311,76.699,94.189,64.445
275.288,55.247,94.189,64.445
252.593,47.474,94.189,64.445
234.250,39.702,94.189,64.445
218.394,35.038,94.189,64.445
206.269,37.215,94.189,64.445
201.715,41.075,95.013,65.009
202.656,51.425,95.013,65.009
209.241,69.301,95.013,65.009
218.964,91.568,95.013,65.009
230.567,115.716,95.013,65.009
245.307,137.983,95.013,65.009
260.047,138.297,95.013,65.009
268.515,122.302,95.013,65.009
281.373,86.236,95.013,65.009
287.332,63.969,95.013,65.009
283.255,47.348,95.013,65.009
266.220,32.633,94.202,64.454
243.522,20.506,94.202,64.454
237.614,16.464,94.202,64.454
233.572,15.531,94.202,64.454
231.395,20.195,94.202,64.454
244.144,27.347,94.202,64.454
257.514,48.180,94.202,64.454
273.994,71.500,94.202,64.454
298.558,94.821,94.202,64.454
328.097,127.469,94.202,64.454
346.443,153.277,94.202,64.454
372.873,180.329,94.202,64.454
394.328,184.371,94.202,64.454
416.404,171.623,94.202,64.454
429.153,150.168,94.202,64.454
430.708,135.554,94.202,64.454
406.765,119.074,94.202,64.454
371.007,112.544,94.202,64.454
346.443,107.258,94.202,64.454
331.207,102.594,94.202,64.454
321.568,97.308,94.202,64.454
314.416,95.132,94.202,64.454
311.618,96.065,94.202,64.454
313.172,100.107,94.202,64.454
318.458,110.368,94.202,64.454
332.451,128.091,94.202,64.454
340.846,147.681,94.202,64.454
336.182,151.101,94.202,64.454
340.224,157.631,94.202,64.454
352.973,144.260,94.202,64.454
371.318,123.427,94.202,64.454
387.798,105.704,94.202,64.454
396.193,78.030,94.202,64.454
393.395,52.844,94.202,64.454
377.537,30.145,94.202,64.454
354.216,13.666,94.202,64.454
347.065,5.892,94.202,64.454
343.023,1.850,94.202,64.454
343.955,2.161,94.202,64.454
339.291,4.959,94.202,64.454
341.468,9.623,94.202,64.454
343.644,22.372,94.202,64.454
349.552,36.986,94.202,64.454
364.166,59.685,94.202,64.454
