177.000,51.000,21.000,129.000
177.775,51.775,21.000,129.000
178.134,52.595,20.821,127.899
177.314,52.322,20.821,127.899
177.588,53.141,20.821,127.899
177.861,52.322,20.821,127.899
177.588,52.595,20.821,127.899
176.768,51.229,20.821,127.899
177.041,51.502,20.821,127.899
176.768,51.229,20.821,127.899
177.041,50.956,20.821,127.899
175.129,49.044,20.821,127.899
175.403,49.864,20.821,127.899
174.037,47.952,20.821,127.899
173.326,47.698,20.643,126.807
174.139,47.969,20.643,126.807
173.868,46.615,20.643,126.807
172.514,46.344,20.643,126.807
174.452,45.036,20.467,125.724
173.109,45.305,20.467,125.724
173.982,45.055,20.292,124.651
171.054,43.192,20.292,124.651
170.256,40.796,20.292,124.651
168.925,39.465,20.292,124.651
167.061,37.602,20.292,124.651
165.198,35.739,20.292,124.651
165.464,33.343,20.292,124.651
163.068,31.480,20.292,124.651
162.270,29.084,20.292,124.651
161.471,27.221,20.292,124.651
160.140,24.293,20.292,124.651
159.233,21.292,20.470,125.742
155.742,19.949,20.470,125.742
159.781,15.821,20.649,126.842
158.969,12.841,20.649,126.842
158.698,10.945,20.649,126.842
158.427,9.591,20.649,126.842
157.072,7.153,20.649,126.842
156.260,4.173,20.649,126.842
156.531,1.194,20.649,126.842
155.718,-1.244,20.649,126.842
154.364,-4.765,20.649,126.842
153.009,-7.745,20.649,126.842
151.113,-10.724,20.649,126.842
153.009,-12.621,20.649,126.842
151.113,-15.058,20.649,126.842
151.384,-18.580,20.649,126.842
151.113,-20.476,20.649,126.842
150.842,-21.830,20.649,126.842
148.946,-23.726,20.649,126.842
149.759,-25.622,20.649,126.842
151.697,-26.931,20.472,125.759
151.428,-27.199,20.472,125.759
150.623,-29.079,20.472,125.759
151.428,-30.959,20.472,125.759
149.158,-31.732,20.298,124.686
146.906,-34.577,20.124,123.621
151.394,-34.841,20.124,123.621
147.102,-36.116,19.953,122.566
147.819,-37.994,20.127,123.639
145.837,-39.888,20.303,124.720
147.169,-41.752,20.303,124.720
143.358,-40.960,20.130,123.656
144.678,-42.281,20.130,123.656
145.470,17.134,20.130,123.656
147.847,21.095,20.130,123.656
144.583,19.304,19.958,122.600
146.457,16.507,19.788,121.554
142.911,13.581,19.961,122.617
143.697,15.937,19.961,122.617
144.415,16.206,20.136,123.690
143.514,18.102,20.312,124.772
145.379,21.032,20.312,124.772
143.379,18.575,20.489,125.864
146.335,22.607,20.489,125.864
143.916,20.188,20.489,125.864
145.755,23.769,20.669,126.965
146.569,27.294,20.669,126.965
146.756,28.684,20.850,128.076
149.218,30.599,20.850,128.076
154.414,32.513,20.850,128.076
160.107,36.529,20.672,126.983
162.547,37.884,20.672,126.983
163.903,42.494,20.672,126.983
165.801,46.562,20.672,126.983
166.615,44.664,20.672,126.983
136.808,-25.431,20.495,125.899
137.683,-20.959,20.320,124.824
135.817,-17.494,20.320,124.824
135.550,-15.095,20.320,124.824
134.217,-12.696,20.320,124.824
132.216,-10.236,20.498,125.916
133.023,-6.203,20.498,125.916
131.678,-2.707,20.498,125.916
134.127,0.191,20.323,124.842
133.327,4.190,20.323,124.842
135.151,7.196,20.501,125.934
133.806,7.465,20.501,125.934
134.075,9.886,20.501,125.934
129.299,11.264,20.680,127.036
119.804,16.419,20.680,127.036
121.161,18.860,20.680,127.036
123.060,19.674,20.680,127.036
120.618,22.116,20.680,127.036
116.357,25.175,20.861,128.147
118.315,27.057,20.683,127.053
116.415,27.871,20.683,127.053
119.384,29.261,20.864,128.165
117.468,31.177,20.864,128.165
116.100,33.093,20.864,128.165
114.184,35.009,20.864,128.165
112.938,36.357,20.686,127.071
110.495,37.714,20.686,127.071
109.139,39.071,20.686,127.071
108.325,39.342,20.686,127.071
106.425,41.242,20.686,127.071
107.782,42.056,20.686,127.071
105.882,41.784,20.686,127.071
105.706,43.121,20.509,125.986
105.437,44.466,20.509,125.986
104.630,44.197,20.509,125.986
104.361,45.542,20.509,125.986
105.168,45.811,20.509,125.986
103.823,45.542,20.509,125.986
103.648,46.342,20.334,124.911
102.314,46.609,20.334,124.911
100.447,45.275,20.334,124.911
98.580,46.609,20.334,124.911
96.179,45.275,20.334,124.911
95.379,46.076,20.334,124.911
93.123,45.308,20.161,123.845
94.974,46.630,20.161,123.845
92.447,44.733,20.337,124.928
94.314,44.466,20.337,124.928
92.579,44.218,20.164,123.862
91.677,43.948,20.340,124.945
90.768,43.128,20.518,126.039
88.195,40.645,20.697,127.142
86.713,39.810,20.879,128.254
85.891,39.536,20.879,128.254
87.261,38.715,20.879,128.254
85.344,38.441,20.879,128.254
84.522,37.619,20.879,128.254
82.605,36.250,20.879,128.254
84.522,35.976,20.879,128.254
82.605,34.607,20.879,128.254
82.331,33.785,20.879,128.254
81.509,32.963,20.879,128.254
81.235,32.142,20.879,128.254
80.962,31.320,20.879,128.254
79.592,29.403,20.879,128.254
77.675,29.129,20.879,128.254
76.180,26.603,21.061,129.376
76.456,25.774,21.061,129.376
75.075,23.840,21.061,129.376
74.246,23.011,21.061,129.376
73.970,21.630,21.061,129.376
72.036,19.696,21.061,129.376
72.312,18.867,21.061,129.376
70.378,16.933,21.061,129.376
68.997,15.551,21.061,129.376
68.055,13.003,21.246,130.508
67.105,10.432,21.431,131.650
65.570,7.263,21.619,132.802
64.604,5.228,21.808,133.964
62.601,2.654,21.808,133.964
62.887,1.223,21.808,133.964
60.885,-1.924,21.808,133.964
59.454,-5.070,21.808,133.964
58.024,-7.645,21.808,133.964
57.166,-10.220,21.808,133.964
55.604,-14.031,21.999,135.136
53.584,-17.206,21.999,135.136
51.564,-19.803,21.999,135.136
50.121,-22.400,21.999,135.136
48.101,-25.575,21.999,135.136
47.913,-28.095,21.811,133.983
44.194,-31.242,21.811,133.983
46.151,-34.468,22.002,135.155
43.554,-37.643,22.002,135.155
41.386,-43.263,22.195,136.338
37.019,-47.630,22.195,136.338
34.399,-51.415,22.195,136.338
36.988,3.197,22.389,137.531
38.997,5.305,22.585,138.734
36.331,-0.324,22.585,138.734
36.627,-5.361,22.585,138.734
32.775,-12.768,22.585,138.734
33.664,-18.397,22.585,138.734
30.998,-22.841,22.585,138.734
31.961,-25.428,22.392,137.550
34.017,-28.071,22.392,137.550
37.265,-31.210,22.201,136.376
43.964,-34.996,22.201,136.376
45.420,-38.782,22.201,136.376
84.153,1.117,22.201,136.376
87.357,-2.669,22.201,136.376
90.577,-6.917,22.011,135.211
87.009,-11.693,21.823,134.057
90.158,-19.422,21.823,134.057
91.017,-24.289,21.823,134.057
96.496,-27.516,22.014,135.230
100.840,-30.180,22.207,136.413
103.430,-34.658,22.401,137.607
106.075,-38.479,22.401,137.607
108.688,-43.599,22.597,138.811
27.464,-8.049,22.795,140.026
11.615,-20.309,22.795,140.026
8.326,-27.186,22.795,140.026
6.831,-34.064,22.795,140.026
5.934,-39.147,22.795,140.026
6.831,-44.829,22.795,140.026
5.336,-48.118,22.795,140.026
3.974,-51.313,22.600,138.830
3.085,-53.981,22.600,138.830
