123.000,87.000,132.000,176.000
125.314,89.314,132.000,176.000
125.919,89.919,132.000,176.000
125.314,89.314,132.000,176.000
127.129,88.710,132.000,176.000
128.943,88.105,132.000,176.000
130.757,88.710,132.000,176.000
131.362,85.686,132.000,176.000
133.884,86.775,133.155,177.540
133.274,86.165,133.155,177.540
135.104,85.555,133.155,177.540
135.714,84.945,133.155,177.540
137.544,86.775,133.155,177.540
139.374,84.945,133.155,177.540
139.984,85.555,133.155,177.540
140.594,86.165,133.155,177.540
142.424,86.775,133.155,177.540
140.594,84.945,133.155,177.540
144.864,86.775,133.155,177.540
143.034,84.945,133.155,177.540
144.864,86.775,133.155,177.540
143.034,86.165,133.155,177.540
143.644,86.775,133.155,177.540
140.594,87.385,133.155,177.540
136.324,83.115,133.155,177.540
136.934,86.165,133.155,177.540
132.664,84.335,133.155,177.540
133.274,86.165,133.155,177.540
130.223,81.895,133.155,177.540
130.833,84.945,133.155,177.540
129.003,83.115,133.155,177.540
130.833,84.945,133.155,177.540
129.003,84.335,133.155,177.540
132.053,86.165,133.155,177.540
132.664,86.775,133.155,177.540
133.274,86.165,133.155,177.540
136.324,87.995,133.155,177.540
133.274,84.945,133.155,177.540
137.544,87.995,133.155,177.540
133.274,84.945,133.155,177.540
137.544,87.995,133.155,177.540
134.494,84.945,133.155,177.540
137.038,87.295,134.320,179.093
133.961,87.910,134.320,179.093
133.345,86.064,134.320,179.093
137.653,87.910,134.320,179.093
134.576,88.526,134.320,179.093
132.730,84.218,134.320,179.093
137.038,88.526,134.320,179.093
133.961,85.449,134.320,179.093
138.268,88.526,134.320,179.093
136.422,85.449,134.320,179.093
140.730,87.295,134.320,179.093
138.884,84.218,134.320,179.093
143.191,87.295,134.320,179.093
140.114,84.218,134.320,179.093
145.653,87.295,134.320,179.093
140.650,83.358,135.495,180.661
145.468,84.734,134.339,179.118
141.726,83.320,135.514,180.686
146.072,85.182,135.514,180.686
141.726,83.320,135.514,180.686
139.863,82.699,135.514,180.686
141.726,84.562,135.514,180.686
139.863,85.182,135.514,180.686
136.759,83.320,135.514,180.686
139.863,86.424,135.514,180.686
135.517,83.320,135.514,180.686
137.380,85.182,135.514,180.686
134.275,83.320,135.514,180.686
136.138,85.182,135.514,180.686
134.275,84.562,135.514,180.686
134.896,83.941,135.514,180.686
133.034,83.320,135.514,180.686
134.896,83.941,135.514,180.686
134.275,83.320,135.514,180.686
136.138,83.941,135.514,180.686
133.034,84.562,135.514,180.686
129.259,83.135,136.700,182.267
131.138,87.519,136.700,182.267
130.512,84.387,136.700,182.267
133.643,86.266,136.700,182.267
133.017,89.398,136.700,182.267
134.895,86.266,136.700,182.267
134.269,89.398,136.700,182.267
136.148,91.276,136.700,182.267
135.522,88.145,136.700,182.267
137.401,92.529,136.700,182.267
135.522,88.145,136.700,182.267
141.158,92.529,136.700,182.267
138.027,86.892,136.700,182.267
142.411,92.529,136.700,182.267
139.279,86.892,136.700,182.267
140.607,93.156,137.896,183.861
139.975,89.997,137.896,183.861
141.871,94.420,137.896,183.861
143.766,88.734,137.896,183.861
144.398,93.156,137.896,183.861
140.557,86.524,139.103,185.470
143.743,92.260,139.103,185.470
139.282,85.249,139.103,185.470
143.743,90.985,139.103,185.470
140.557,85.249,139.103,185.470
145.018,89.710,139.103,185.470
140.557,83.975,139.103,185.470
144.521,89.042,140.320,187.093
142.592,83.256,140.320,187.093
145.273,87.051,141.548,188.730
143.327,82.511,141.548,188.730
150.461,85.754,141.548,188.730
149.167,82.130,140.339,187.119
154.954,85.345,140.339,187.119
151.739,80.844,140.339,187.119
160.097,84.059,140.339,187.119
158.168,79.559,140.339,187.119
163.955,82.773,140.339,187.119
163.312,78.273,140.339,187.119
170.385,81.487,140.339,187.119
171.028,79.559,140.339,187.119
175.528,80.202,140.339,187.119
180.029,80.844,140.339,187.119
181.958,77.630,140.339,187.119
187.744,78.273,140.339,187.119
188.971,74.680,139.141,185.522
195.162,77.338,137.953,183.938
199.586,74.178,137.953,183.938
202.746,73.546,137.953,183.938
206.418,71.248,136.776,182.368
212.058,69.368,136.776,182.368
216.444,69.995,136.776,182.368
220.831,66.861,136.776,182.368
226.470,64.982,136.776,182.368
229.603,63.102,136.776,182.368
235.243,63.728,136.776,182.368
238.376,60.595,136.776,182.368
244.016,62.475,136.776,182.368
247.914,63.604,137.973,183.963
251.074,61.708,137.973,183.963
254.235,64.868,137.973,183.963
258.659,64.236,137.973,183.963
259.292,67.397,137.973,183.963
262.452,65.500,137.973,183.963
266.877,67.397,137.973,183.963
270.038,65.500,137.973,183.963
275.727,68.661,137.973,183.963
281.416,70.557,137.973,183.963
287.105,71.189,137.973,183.963
292.794,73.086,137.973,183.963
298.483,74.982,137.973,183.963
302.907,76.878,137.973,183.963
308.596,76.246,137.973,183.963
314.285,75.614,137.973,183.963
321.239,74.982,137.973,183.963
328.192,74.350,137.973,183.963
335.145,72.454,137.973,183.963
342.098,70.557,137.973,183.963
350.316,69.925,137.973,183.963
359.798,68.029,137.973,183.963
366.751,69.925,137.973,183.963
373.704,68.029,137.973,183.963
379.393,66.133,137.973,183.963
385.082,68.029,137.973,183.963
392.035,64.868,137.973,183.963
396.460,68.029,137.973,183.963
400.885,64.868,137.973,183.963
406.574,66.765,137.973,183.963
408.470,64.868,137.973,183.963
410.367,66.765,137.973,183.963
414.792,63.604,137.973,183.963
417.952,70.557,137.973,183.963
418.584,67.397,137.973,183.963
421.745,73.086,137.973,183.963
421.113,72.454,137.973,183.963
421.745,75.614,137.973,183.963
423.641,74.982,137.973,183.963
424.273,79.407,137.973,183.963
423.641,77.511,137.973,183.963
425.538,81.935,137.973,183.963
421.113,78.775,137.973,183.963
421.745,80.671,137.973,183.963
421.113,81.303,137.973,183.963
419.216,80.671,137.973,183.963
416.056,80.039,137.973,183.963
416.028,83.908,136.795,182.393
411.641,82.028,136.795,182.393
411.014,82.654,136.795,182.393
407.881,80.774,136.795,182.393
407.254,82.654,136.795,182.393
404.120,80.774,136.795,182.393
404.747,81.401,136.795,182.393
402.867,80.774,136.795,182.393
400.987,80.147,136.795,182.393
400.360,83.281,136.795,182.393
397.226,82.654,136.795,182.393
395.346,82.028,136.795,182.393
396.542,83.418,135.627,180.836
394.678,85.282,135.627,180.836
392.813,84.660,135.627,180.836
395.920,87.767,135.627,180.836
392.813,89.631,135.627,180.836
390.949,90.253,135.627,180.836
391.571,94.602,135.627,180.836
387.221,97.709,135.627,180.836
382.344,100.299,134.469,179.292
378.032,100.916,134.469,179.292
373.719,102.764,134.469,179.292
370.639,100.916,134.469,179.292
370.023,107.692,134.469,179.292
367.592,112.665,133.321,177.762
365.759,119.384,133.321,177.762
361.484,129.767,133.321,177.762
370.991,156.150,132.183,176.244
369.174,160.389,132.183,176.244
363.724,150.094,132.183,176.244
358.274,144.644,132.183,176.244
355.246,146.461,132.183,176.244
353.429,148.277,132.183,176.244
350.401,145.249,132.183,176.244
355.851,149.489,132.183,176.244
352.824,146.461,132.183,176.244
352.218,150.700,132.183,176.244
355.246,153.728,132.183,176.244
352.218,150.700,132.183,176.244
354.035,156.150,132.183,176.244
351.007,154.333,132.183,176.244
355.246,159.784,132.183,176.244
352.218,160.389,132.183,176.244
350.401,158.572,132.183,176.244
355.851,164.023,132.183,176.244
353.462,167.729,131.055,174.740
351.660,164.727,131.055,174.740
357.064,168.930,131.055,174.740
354.062,170.731,131.055,174.740
352.261,168.930,131.055,174.740
356.464,170.731,131.055,174.740
354.662,172.532,131.055,174.740
352.861,169.530,131.055,174.740
355.863,172.532,131.055,174.740
351.660,170.731,131.055,174.740
353.462,171.332,131.055,174.740
352.861,173.133,131.055,174.740
351.060,173.733,131.055,174.740
350.459,171.932,131.055,174.740
352.261,174.934,131.055,174.740
346.857,169.530,131.055,174.740
348.658,173.733,131.055,174.740
346.857,169.530,131.055,174.740
345.056,170.131,131.055,174.740
343.254,165.928,131.055,174.740
346.257,167.729,131.055,174.740
342.054,163.526,131.055,174.740
343.855,166.528,131.055,174.740
340.853,162.325,131.055,174.740
340.252,164.127,131.055,174.740
337.250,159.924,131.055,174.740
336.650,160.524,131.055,174.740
333.648,158.723,131.055,174.740
331.846,159.323,131.055,174.740
331.246,159.924,131.055,174.740
328.244,160.524,131.055,174.740
325.242,159.924,131.055,174.740
324.053,162.236,132.202,176.269
318.602,161.631,132.202,176.269
315.574,163.448,132.202,176.269
311.334,165.265,132.202,176.269
308.306,168.293,132.202,176.269
304.066,168.899,132.202,176.269
301.037,170.716,132.202,176.269
298.009,173.744,132.202,176.269
293.769,174.350,132.202,176.269
289.530,174.955,132.202,176.269
285.290,174.350,132.202,176.269
282.262,174.955,132.202,176.269
278.022,173.138,132.202,176.269
273.782,173.744,132.202,176.269
268.331,169.504,132.202,176.269
262.880,171.321,132.202,176.269
256.218,168.293,132.202,176.269
250.766,166.476,132.202,176.269
245.315,167.082,132.202,176.269
239.864,165.265,132.202,176.269
234.413,162.236,132.202,176.269
231.972,162.086,133.358,177.811
225.252,156.587,133.358,177.811
220.975,155.976,133.358,177.811
216.698,151.699,133.358,177.811
212.421,148.644,133.358,177.811
210.588,149.255,133.358,177.811
207.534,144.979,133.358,177.811
203.257,143.146,133.358,177.811
198.980,140.091,133.358,177.811
204.479,141.924,133.358,177.811
197.758,137.647,133.358,177.811
193.481,135.814,133.358,177.811
190.426,131.537,133.358,177.811
188.593,129.704,133.358,177.811
190.426,130.315,133.358,177.811
186.712,128.911,134.525,179.367
183.630,127.062,134.525,179.367
187.464,128.173,135.702,180.936
181.868,127.551,135.702,180.936
177.516,124.442,135.702,180.936
182.658,126.837,136.890,182.520
177.013,123.701,136.890,182.520
173.878,125.583,136.890,182.520
170.742,123.701,136.890,182.520
167.606,121.820,136.890,182.520
165.725,121.193,136.890,182.520
165.097,119.311,136.890,182.520
164.470,121.193,136.890,182.520
161.335,118.057,136.890,182.520
164.470,118.684,136.890,182.520
159.372,113.386,138.087,184.117
158.739,115.284,138.087,184.117
156.841,112.120,138.087,184.117
153.678,112.753,138.087,184.117
153.045,110.855,138.087,184.117
152.413,111.488,138.087,184.117
150.515,108.325,138.087,184.117
149.882,110.222,138.087,184.117
147.984,108.325,138.087,184.117
147.351,108.957,138.087,184.117
146.719,105.794,138.087,184.117
148.617,107.692,138.087,184.117
147.984,104.529,138.087,184.117
149.882,107.692,138.087,184.117
147.984,103.263,138.087,184.117
149.882,105.161,138.087,184.117
147.984,99.468,138.087,184.117
149.882,101.366,138.087,184.117
147.984,96.937,138.087,184.117
149.882,98.835,138.087,184.117
147.984,95.672,138.087,184.117
147.351,97.570,138.087,184.117
147.984,99.468,138.087,184.117
147.351,100.100,138.087,184.117
146.719,103.263,138.087,184.117
144.821,102.631,138.087,184.117
142.923,100.733,138.087,184.117
147.351,105.161,138.087,184.117
144.188,103.263,138.087,184.117
148.617,106.427,138.087,184.117
147.984,105.794,138.087,184.117
147.351,102.631,138.087,184.117
151.780,100.733,138.087,184.117
148.617,98.835,138.087,184.117
155.576,104.529,138.087,184.117
149.882,102.631,138.087,184.117
149.249,107.059,138.087,184.117
146.086,107.692,138.087,184.117
154.310,110.855,138.087,184.117
151.147,107.692,138.087,184.117
160.637,109.590,138.087,184.117
156.208,110.222,138.087,184.117
164.433,112.120,138.087,184.117
160.004,111.488,138.087,184.117
166.963,115.916,138.087,184.117
161.269,115.284,138.087,184.117
168.229,117.182,138.087,184.117
161.269,112.753,138.087,184.117
158.106,114.651,138.087,184.117
163.338,110.603,139.296,185.728
166.529,112.518,139.296,185.728
160.786,104.221,139.296,185.728
170.719,103.146,138.107,184.142
171.352,103.779,138.107,184.142
170.719,105.677,138.107,184.142
170.087,101.248,138.107,184.142
173.250,105.677,138.107,184.142
171.352,108.841,138.107,184.142
170.719,106.943,138.107,184.142
175.148,112.637,138.107,184.142
173.250,108.208,138.107,184.142
176.414,112.637,138.107,184.142
173.250,106.943,138.107,184.142
176.414,107.575,138.107,184.142
175.161,100.933,139.315,185.753
175.799,102.848,139.315,185.753
176.438,99.656,139.315,185.753
179.629,104.124,139.315,185.753
177.714,100.933,139.315,185.753
182.182,102.848,139.315,185.753
180.267,98.380,139.315,185.753
181.485,103.532,138.126,184.168
180.852,99.102,138.126,184.168
182.750,103.532,138.126,184.168
182.117,101.633,138.126,184.168
183.324,106.741,136.947,182.596
183.952,103.604,136.947,182.596
185.834,106.741,136.947,182.596
183.952,101.094,136.947,182.596
185.834,106.741,136.947,182.596
185.207,103.604,136.947,182.596
187.089,107.996,136.947,182.596
186.461,104.859,136.947,182.596
187.658,109.923,135.778,181.037
187.036,106.812,135.778,181.037
187.658,109.923,135.778,181.037
187.036,108.057,135.778,181.037
188.902,111.167,135.778,181.037
187.036,108.057,135.778,181.037
187.658,111.167,135.778,181.037
187.036,109.301,135.778,181.037
187.658,109.923,135.778,181.037
187.036,109.301,135.778,181.037
187.658,111.167,135.778,181.037
187.036,109.301,135.778,181.037
188.902,111.167,135.778,181.037
185.792,108.057,135.778,181.037
190.146,111.167,135.778,181.037
187.036,106.812,135.778,181.037
191.390,111.167,135.778,181.037
187.036,106.812,135.778,181.037
191.390,109.923,135.778,181.037
188.280,106.812,135.778,181.037
190.146,108.679,135.778,181.037
188.280,106.812,135.778,181.037
190.146,106.190,135.778,181.037
189.524,108.057,135.778,181.037
187.658,104.946,135.778,181.037
192.012,108.057,135.778,181.037
188.902,106.190,135.778,181.037
189.524,108.057,135.778,181.037
187.658,106.190,135.778,181.037
190.768,106.812,135.778,181.037
189.527,109.406,134.619,179.491
187.677,107.556,134.619,179.491
190.761,109.406,134.619,179.491
187.677,107.556,134.619,179.491
189.527,110.639,134.619,179.491
186.443,110.023,134.619,179.491
189.527,110.639,134.619,179.491
187.677,113.723,134.619,179.491
189.527,110.639,134.619,179.491
187.677,112.490,134.619,179.491
189.527,111.873,134.619,179.491
187.677,111.256,134.619,179.491
190.761,113.106,134.619,179.491
187.677,111.256,134.619,179.491
191.994,114.340,134.619,179.491
188.910,112.490,134.619,179.491
189.527,115.573,134.619,179.491
187.677,112.490,134.619,179.491
190.761,115.573,134.619,179.491
187.677,112.490,134.619,179.491
191.994,115.573,134.619,179.491
188.910,113.723,134.619,179.491
189.527,116.807,134.619,179.491
187.677,113.723,134.619,179.491
191.994,118.040,134.619,179.491
188.910,114.957,134.619,179.491
190.761,119.274,134.619,179.491
188.910,116.190,134.619,179.491
193.228,121.741,134.619,179.491
190.144,116.190,134.619,179.491
189.527,120.507,134.619,179.491
191.377,122.358,134.619,179.491
188.294,116.807,134.619,179.491
190.144,121.124,134.619,179.491
189.527,119.274,134.619,179.491
191.377,123.591,134.619,179.491
188.294,118.040,134.619,179.491
191.377,123.591,134.619,179.491
189.527,119.274,134.619,179.491
192.611,124.825,134.619,179.491
190.761,119.274,134.619,179.491
192.611,123.591,134.619,179.491
190.761,119.274,134.619,179.491
193.844,123.591,134.619,179.491
191.994,119.274,134.619,179.491
193.844,123.591,134.619,179.491
191.994,119.274,134.619,179.491
196.311,123.591,134.619,179.491
194.461,119.274,134.619,179.491
195.078,122.358,134.619,179.491
199.395,124.208,134.619,179.491
197.545,119.891,134.619,179.491
199.395,122.974,134.619,179.491
197.545,119.891,134.619,179.491
200.629,124.208,134.619,179.491
198.778,119.891,134.619,179.491
201.862,124.208,134.619,179.491
201.245,119.891,134.619,179.491
203.096,122.974,134.619,179.491
203.712,119.891,134.619,179.491
206.796,124.208,134.619,179.491
206.179,119.891,134.619,179.491
210.497,124.208,134.619,179.491
209.880,121.124,134.619,179.491
216.664,125.441,134.619,179.491
214.814,121.124,134.619,179.491
221.598,125.441,134.619,179.491
220.981,122.358,134.619,179.491
226.532,126.675,134.619,179.491
224.682,122.358,134.619,179.491
230.232,126.675,134.619,179.491
228.382,122.358,134.619,179.491
233.933,126.675,134.619,179.491
233.316,123.591,134.619,179.491
236.400,127.908,134.619,179.491
235.783,122.358,134.619,179.491
240.100,126.675,134.619,179.491
239.484,124.825,134.619,179.491
242.567,127.908,134.619,179.491
241.951,123.591,134.619,179.491
246.268,127.908,134.619,179.491
245.651,122.358,134.619,179.491
248.735,127.908,134.619,179.491
250.585,122.358,134.619,179.491
249.968,125.441,134.619,179.491
255.519,126.058,134.619,179.491
253.669,121.741,134.619,179.491
257.986,126.058,134.619,179.491
257.369,119.274,134.619,179.491
261.687,122.358,134.619,179.491
261.070,118.040,134.619,179.491
266.621,121.124,134.619,179.491
264.770,115.573,134.619,179.491
269.088,119.891,134.619,179.491
267.237,114.340,134.619,179.491
271.555,118.657,134.619,179.491
270.938,114.340,134.619,179.491
276.489,117.424,134.619,179.491
275.872,111.873,134.619,179.491
281.422,114.957,134.619,179.491
279.572,109.406,134.619,179.491
285.123,112.490,134.619,179.491
288.207,109.406,134.619,179.491
287.590,106.322,134.619,179.491
293.141,109.406,134.619,179.491
293.757,103.855,134.619,179.491
298.075,106.939,134.619,179.491
296.224,102.622,134.619,179.491
301.775,105.705,134.619,179.491
299.925,102.622,134.619,179.491
305.476,105.705,134.619,179.491
302.392,102.622,134.619,179.491
306.709,105.705,134.619,179.491
307.326,103.855,134.619,179.491
305.476,102.005,134.619,179.491
307.326,103.855,134.619,179.491
305.476,102.005,134.619,179.491
304.859,103.855,134.619,179.491
304.242,105.705,134.619,179.491
301.158,103.855,134.619,179.491
300.542,105.705,134.619,179.491
297.458,106.322,134.619,179.491
294.374,108.172,134.619,179.491
291.290,111.256,134.619,179.491
286.973,111.873,134.619,179.491
282.656,114.957,134.619,179.491
278.339,116.807,134.619,179.491
274.022,112.490,134.619,179.491
272.171,116.807,134.619,179.491
269.088,118.657,134.619,179.491
264.770,121.741,134.619,179.491
261.687,122.358,134.619,179.491
257.369,125.441,134.619,179.491
254.286,129.758,134.619,179.491
247.501,132.842,134.619,179.491
241.951,133.459,134.619,179.491
236.400,136.543,134.619,179.491
230.121,136.390,135.796,181.062
222.034,138.256,135.796,181.062
222.077,139.377,136.985,182.646
217.684,129.963,136.985,182.646
212.036,121.805,136.985,182.646
217.684,126.198,136.985,182.646
223.332,118.039,136.985,182.646
217.182,88.817,135.815,181.087
221.538,73.261,135.815,181.087
214.693,56.461,135.815,181.087
207.849,39.661,135.815,181.087
203.493,26.594,135.815,181.087
199.137,16.016,135.815,181.087
195.468,11.325,134.656,179.541
199.786,8.241,134.656,179.541
206.153,10.617,135.834,181.112
211.754,3.772,135.834,181.112
203.663,-1.829,135.834,181.112
206.775,2.527,135.834,181.112
204.267,6.200,137.023,182.697
205.598,11.191,138.222,184.296
198.632,13.091,138.222,184.296
201.273,20.723,139.431,185.908
193.766,17.154,138.241,184.321
194.400,24.121,138.241,184.321
195.742,30.455,139.450,185.934
185.741,23.146,138.260,184.347
190.657,27.023,137.080,182.773
181.237,21.371,137.080,182.773
186.431,28.939,138.279,184.372
177.750,24.164,137.099,182.798
182.147,28.560,137.099,182.798
175.238,26.676,137.099,182.798
177.857,31.671,138.298,184.398
170.887,27.235,138.298,184.398
165.185,29.136,138.298,184.398
170.887,36.106,138.298,184.398
161.383,30.404,138.298,184.398
158.830,35.442,139.508,186.011
156.254,37.904,140.729,187.639
149.162,41.127,140.729,187.639
145.938,46.930,140.729,187.639
149.162,51.443,140.729,187.639
142.843,51.615,139.528,186.037
147.318,56.090,139.528,186.037
140.286,54.172,139.528,186.037
139.011,58.084,138.337,184.449
143.447,61.253,138.337,184.449
140.279,63.155,138.337,184.449
142.724,68.270,137.156,182.874
142.096,67.642,137.156,182.874
141.467,73.297,137.156,182.874
138.325,77.696,137.156,182.874
138.954,82.094,137.156,182.874
139.582,86.493,137.156,182.874
132.670,88.378,137.156,182.874
135.290,90.798,138.356,184.475
128.318,93.968,138.356,184.475
130.961,97.709,139.567,186.089
130.322,102.185,139.567,186.089
128.403,101.545,139.567,186.089
131.070,97.454,140.788,187.717
130.425,100.679,140.788,187.717
137.520,101.324,140.788,187.717
139.455,101.969,140.788,187.717
145.260,105.194,140.788,187.717
142.035,101.969,140.788,187.717
150.420,105.194,140.788,187.717
151.065,107.129,140.788,187.717
158.160,110.354,140.788,187.717
156.225,107.129,140.788,187.717
162.030,110.354,140.788,187.717
158.805,107.129,140.788,187.717
160.740,105.194,140.788,187.717
157.515,101.969,140.788,187.717
162.521,99.624,139.586,186.115
161.882,93.868,139.586,186.115
161.854,89.048,138.394,184.526
161.219,87.145,138.394,184.526
159.317,83.975,138.394,184.526
155.578,79.196,137.213,182.951
158.004,76.910,136.042,181.389
156.134,81.273,136.042,181.389
155.510,76.910,136.042,181.389
155.483,80.725,134.880,179.840
156.662,83.301,133.729,178.305
159.725,87.589,133.729,178.305
157.887,89.427,133.729,178.305
159.056,93.177,132.587,176.783
160.214,94.524,131.455,175.274
166.063,93.510,130.333,173.778
170.243,96.495,130.333,173.778
173.712,95.489,129.221,172.294
177.856,92.529,129.221,172.294
183.606,98.463,128.117,170.823
180.671,95.528,128.117,170.823
176.562,93.767,128.117,170.823
152.538,98.435,129.239,172.318
139.228,105.570,130.369,173.826
132.209,116.219,129.256,172.342
136.354,113.258,129.256,172.342
141.252,107.041,130.387,173.850
140.654,99.275,130.387,173.850
142.446,97.483,130.387,173.850
143.586,102.305,129.274,172.366
142.993,98.159,129.274,172.366
142.967,100.628,128.171,170.894
145.903,98.866,128.171,170.894
145.878,100.169,127.077,169.436
145.852,101.460,125.992,167.989
147.584,100.883,125.992,167.989
152.779,104.923,125.992,167.989
161.764,107.330,124.916,166.555
165.770,102.179,124.916,166.555
159.474,99.317,124.916,166.555
168.059,96.456,124.916,166.555
160.217,95.492,123.850,165.133
163.054,96.059,123.850,165.133
163.621,93.222,123.850,165.133
158.515,100.599,123.850,165.133
163.207,126.048,124.934,166.578
165.594,122.386,126.027,168.036
171.945,131.046,126.027,168.036
177.553,128.947,124.951,166.601
181.560,121.505,124.951,166.601
185.567,127.802,124.951,166.601
182.705,124.940,124.951,166.601
184.422,118.643,124.951,166.601
178.125,113.491,124.951,166.601
171.398,122.579,123.884,165.179
160.615,129.958,123.884,165.179
151.346,121.672,124.968,166.624
141.613,118.810,124.968,166.624
134.170,113.657,124.968,166.624
130.689,108.820,126.062,168.082
138.552,115.735,124.986,166.648
140.270,117.453,124.986,166.648
144.278,112.300,124.986,166.648
119.656,140.358,124.986,166.648
126.739,149.606,126.079,168.106
134.248,149.029,126.079,168.106
145.223,155.383,126.079,168.106
152.732,154.805,126.079,168.106
163.430,153.478,127.182,169.577
177.805,158.111,128.295,171.060
188.690,157.965,129.418,172.557
177.425,94.522,129.418,172.557
180.389,88.000,129.418,172.557
189.619,90.472,128.313,171.084
199.612,93.412,128.313,171.084
213.133,92.824,128.313,171.084
225.725,92.980,127.218,169.624
238.209,91.999,126.132,168.176
247.204,89.897,125.055,166.740
256.122,90.050,123.987,165.317
261.234,83.802,123.987,165.317
264.768,87.154,125.072,166.763
262.458,79.964,126.167,168.222
259.568,80.542,126.167,168.222
255.522,83.432,126.167,168.222
247.268,86.843,127.271,169.694
222.195,92.091,127.271,169.694
219.280,98.505,127.271,169.694
225.694,106.085,127.271,169.694
235.606,113.665,127.271,169.694
251.349,110.750,127.271,169.694
267.093,115.998,127.271,169.694
274.305,124.220,128.384,171.179
279.599,135.396,128.384,171.179
270.776,141.866,128.384,171.179
267.835,149.512,128.384,171.179
271.953,153.629,128.384,171.179
280.776,161.276,128.384,171.179
293.127,168.922,128.384,171.179
300.403,173.599,129.508,172.677
308.117,169.446,129.508,172.677
319.390,175.973,129.508,172.677
330.663,178.939,129.508,172.677
338.377,173.599,129.508,172.677
349.650,177.753,129.508,172.677
359.737,181.906,129.508,172.677
367.450,176.566,129.508,172.677
372.357,178.851,130.641,174.188
382.532,180.647,130.641,174.188
390.312,182.442,130.641,174.188
399.290,181.844,130.641,174.188
408.607,185.507,129.526,172.701
410.387,186.100,129.526,172.701
418.101,189.068,129.526,172.701
418.695,189.661,129.526,172.701
427.932,194.451,128.420,171.227
430.874,195.039,128.420,171.227
435.440,198.640,127.324,169.765
434.856,200.390,127.324,169.765
436.606,200.973,127.324,169.765
436.023,201.556,127.324,169.765
442.827,202.850,126.237,168.316
442.248,202.272,126.237,168.316
440.513,204.007,126.237,168.316
439.935,203.429,126.237,168.316
437.043,205.164,126.237,168.316
437.621,203.429,126.237,168.316
440.513,204.007,126.237,168.316
441.092,204.585,126.237,168.316
442.827,206.320,126.237,168.316
445.718,206.899,126.237,168.316
443.983,208.634,126.237,168.316
448.472,212.173,125.159,166.879
442.852,212.326,124.091,165.454
445.695,217.443,124.091,165.454
443.451,214.266,123.031,164.042
442.888,219.339,123.031,164.042
443.963,221.689,121.981,162.642
439.576,219.657,120.940,161.253
441.887,222.927,121.998,162.664
440.772,221.986,120.957,161.275
443.543,224.757,120.957,161.275
439.663,225.311,120.957,161.275
436.294,222.901,122.015,162.687
434.041,221.616,123.083,164.110
438.418,221.767,122.032,162.709
437.311,220.482,123.100,164.133
436.194,223.810,124.177,165.569
434.488,219.828,124.177,165.569
437.332,222.673,124.177,165.569
435.625,225.517,124.177,165.569
434.490,222.339,123.117,164.156
438.439,225.159,123.117,164.156
435.009,226.175,124.194,165.592
432.164,222.192,124.194,165.592
428.705,225.550,125.281,167.041
436.519,222.343,124.211,165.615
432.536,226.327,124.211,165.615
427.909,225.019,125.298,167.064
424.419,226.053,126.394,168.526
433.433,222.818,125.315,167.087
430.562,224.540,125.315,167.087
426.543,219.373,125.315,167.087
424.230,223.939,126.412,168.549
421.896,219.046,127.518,170.024
430.989,218.062,126.430,168.573
429.252,223.275,126.430,168.573
426.356,218.062,126.430,168.573
423.459,215.165,126.430,168.573
421.722,213.428,126.430,168.573
429.608,219.233,125.350,167.134
424.439,214.065,125.350,167.134
432.258,219.820,124.280,165.707
425.995,213.557,124.280,165.707
424.286,216.404,124.280,165.707
427.594,211.001,123.219,164.292
435.280,217.761,122.167,162.890
429.123,210.484,122.167,162.890
432.375,217.186,121.125,161.499
425.588,211.360,122.184,162.912
432.865,217.518,122.184,162.912
426.708,210.241,122.184,162.912
431.746,216.398,122.184,162.912
426.708,211.360,122.184,162.912
432.865,217.518,122.184,162.912
427.827,210.241,122.184,162.912
432.172,218.036,121.141,161.522
424.246,212.209,122.201,162.935
431.525,218.368,122.201,162.935
425.366,212.209,122.201,162.935
432.988,218.913,121.158,161.544
426.883,211.697,121.158,161.544
419.667,206.701,121.158,161.544
423.974,213.348,120.124,160.165
421.223,217.200,120.124,160.165
413.364,208.038,121.175,161.567
411.173,212.519,120.140,160.187
404.018,207.565,120.140,160.187
400.771,214.156,119.115,158.820
393.677,210.336,119.115,158.820
390.459,216.870,118.098,157.464
383.425,213.083,118.098,157.464
380.234,219.561,117.090,156.120
377.070,222.844,116.090,154.787
369.092,214.867,116.090,154.787
365.369,220.717,116.090,154.787
360.583,213.803,116.090,154.787
356.860,218.590,116.090,154.787
351.009,212.739,116.090,154.787
348.350,217.526,116.090,154.787
344.175,213.517,115.099,153.466
347.239,221.888,114.117,152.156
345.176,219.988,113.143,150.857
343.620,222.579,113.143,150.857
341.029,218.951,113.143,150.857
343.620,221.543,113.143,150.857
338.344,216.101,114.133,152.177
333.638,211.395,114.133,152.177
334.635,210.514,113.158,150.878
329.969,204.811,113.158,150.878
324.691,198.306,114.148,152.198
323.123,201.967,114.148,152.198
316.727,193.260,115.147,153.530
314.089,198.008,115.147,153.530
308.286,191.150,115.147,153.530
307.234,196.437,114.164,152.219
299.765,187.730,115.163,153.551
296.071,181.926,115.163,153.551
293.945,188.285,116.171,154.895
288.091,182.430,116.171,154.895
282.236,176.575,116.171,154.895
280.639,184.559,116.171,154.895
273.720,177.640,116.171,154.895
276.812,187.128,115.179,153.572
270.359,194.570,116.187,154.916
262.758,191.164,117.204,156.272
255.400,187.116,116.203,154.938
253.299,193.491,115.211,153.615
247.096,187.452,114.228,152.304
242.386,179.602,114.228,152.304
237.676,184.312,114.228,152.304
231.920,175.415,114.228,152.304
228.738,177.431,115.227,153.636
223.987,167.401,115.227,153.636
220.291,168.985,115.227,153.636
215.540,161.066,115.227,153.636
210.367,155.026,114.244,152.325
209.843,156.597,114.244,152.325
205.133,151.886,114.244,152.325
208.173,146.919,113.268,151.024
207.655,142.249,113.268,151.024
210.882,133.609,114.259,152.346
206.627,129.187,115.259,153.679
216.406,127.973,116.268,155.024
228.658,133.833,116.268,155.024
235.582,138.627,116.268,155.024
242.507,138.094,116.268,155.024
236.648,132.235,116.268,155.024
243.900,126.141,115.275,153.700
238.724,101.550,114.291,152.388
242.389,91.601,114.291,152.388
240.323,86.632,113.315,151.087
246.034,89.228,113.315,151.087
238.246,85.594,113.315,151.087
231.498,82.998,113.315,151.087
224.749,79.364,113.315,151.087
222.700,79.502,112.348,149.797
216.009,76.929,112.348,149.797
203.141,73.326,112.348,149.797
201.596,70.752,112.348,149.797
190.787,75.385,112.348,149.797
174.696,77.530,111.389,148.519
168.061,82.123,111.389,148.519
159.386,80.592,111.389,148.519
148.669,77.020,111.389,148.519
138.973,71.407,111.389,148.519
134.380,64.772,111.389,148.519
157.345,72.427,111.389,148.519
91.472,161.224,112.364,149.818
80.955,163.207,113.347,151.129
70.346,157.755,114.339,152.451
62.489,148.850,114.339,152.451
87.109,133.659,114.339,152.451
81.776,128.160,115.339,153.785
74.907,128.688,115.339,153.785
65.194,129.640,116.348,155.131
44.470,124.044,117.366,156.488
14.745,119.501,118.393,157.858
8.112,121.591,119.429,159.239
0.614,116.398,118.410,157.880
-3.183,121.281,118.410,157.880
-3.726,127.248,118.410,157.880
-7.523,128.876,118.410,157.880
-10.722,124.786,117.399,156.532
-3.730,123.173,117.399,156.532
-3.193,116.180,117.399,156.532
-0.503,108.113,117.399,156.532
0.035,106.499,117.399,156.532
-2.655,107.037,117.399,156.532
-3.193,109.726,117.399,156.532
-3.730,109.188,117.399,156.532
-4.268,114.029,117.399,156.532
0.180,108.382,118.426,157.902
1.215,116.996,117.415,156.554
1.753,119.686,117.415,156.554
1.729,125.078,116.413,155.217
3.329,123.478,116.413,155.217
3.862,124.011,116.413,155.217
4.396,120.277,116.413,155.217
7.713,119.052,117.431,156.575
3.490,123.394,116.429,155.239
60.566,177.269,116.429,155.239
68.567,182.070,116.429,155.239
60.566,185.804,116.429,155.239
54.297,176.578,115.435,153.913
57.587,179.700,116.445,155.260
51.318,180.883,115.451,153.935
56.455,174.831,114.466,152.621
52.339,175.995,113.488,151.318
43.500,176.514,113.488,151.318
34.346,171.580,112.520,150.026
45.388,173.730,111.559,148.745
39.382,177.855,110.607,147.476
28.740,172.281,110.607,147.476
20.126,169.747,110.607,147.476
24.686,168.227,110.607,147.476
32.287,165.693,110.607,147.476
23.673,167.213,110.607,147.476
15.058,165.693,110.607,147.476
15.094,165.567,111.575,148.766
17.225,167.536,112.551,150.068
17.262,158.952,113.536,151.381
11.966,152.425,114.529,152.705
13.541,148.752,114.529,152.705
6.048,149.697,115.531,154.042
10.425,147.396,116.542,155.390
14.163,145.794,116.542,155.390
9.822,140.188,117.562,156.749
14.669,137.495,117.562,156.749
9.186,132.945,118.591,158.121
12.989,132.402,118.591,158.121
6.345,124.470,119.628,159.504
9.754,126.581,120.675,160.900
5.884,116.077,120.675,160.900
10.456,118.206,121.731,162.308
4.990,108.561,120.692,160.922
7.755,109.114,120.692,160.922
8.308,99.714,120.692,160.922
12.179,102.479,120.692,160.922
32.638,197.032,120.692,160.922
36.508,205.326,120.692,160.922
40.379,201.456,120.692,160.922
47.567,204.220,120.692,160.922
54.755,213.620,120.692,160.922
46.461,208.644,120.692,160.922
40.379,201.456,120.692,160.922
14.346,194.517,121.748,162.330
22.713,187.266,121.748,162.330
13.604,188.271,122.813,163.751
17.971,185.127,121.765,162.353
10.005,179.271,122.830,163.773
12.352,182.592,123.905,165.206
8.900,173.141,124.989,166.652
10.114,182.390,126.083,168.110
3.760,174.881,126.083,168.110
6.169,178.290,127.186,169.581
6.752,173.046,127.186,169.581
9.000,174.338,126.100,168.134
3.801,167.983,126.100,168.134
5.534,172.027,126.100,168.134
7.267,176.071,126.100,168.134
2.067,166.250,126.100,168.134
3.801,169.139,126.100,168.134
6.210,171.364,127.204,169.605
3.861,162.856,128.317,171.089
6.313,163.916,129.439,172.586
9.278,170.439,129.439,172.586
12.966,181.233,130.572,174.096
7.104,167.385,129.457,172.610
13.225,181.829,130.590,174.120
19.806,178.837,130.590,174.120
11.262,168.877,131.733,175.644
16.254,178.625,132.885,177.180
13.210,176.798,132.885,177.180
15.748,181.639,134.048,178.731
11.449,178.569,134.048,178.731
8.974,170.862,135.221,180.295
11.558,178.328,136.404,181.872
14.164,179.454,137.598,183.464
11.676,175.932,136.423,181.898
11.720,171.933,137.617,183.489
13.056,169.192,138.821,185.095
8.065,164.397,137.636,183.515
12.479,172.595,137.636,183.515
14.370,166.920,137.636,183.515
11.882,160.936,136.461,181.948
14.489,165.907,137.655,183.540
11.947,157.994,138.859,185.146
17.673,163.719,138.859,185.146
14.492,157.994,138.859,185.146
18.945,150.996,138.859,185.146
18.990,156.054,140.075,186.766
11.931,150.279,140.075,186.766
21.557,150.920,140.075,186.766
10.647,140.011,140.075,186.766
20.273,145.786,140.075,186.766
10.647,140.011,140.075,186.766
21.557,145.786,140.075,186.766
11.931,136.160,140.075,186.766
21.557,141.936,140.075,186.766
10.647,133.593,140.075,186.766
21.557,136.802,140.075,186.766
11.931,124.609,140.075,186.766
6.155,113.699,140.075,186.766
13.214,125.892,140.075,186.766
16.423,131.668,140.075,186.766
10.647,124.609,140.075,186.766
5.610,116.015,138.879,185.172
11.790,124.875,137.693,183.591
9.248,116.959,138.898,185.197
6.066,112.504,138.898,185.197
8.719,117.565,140.113,186.818
6.794,109.220,140.113,186.818
3.584,103.442,140.113,186.818
3.629,109.863,141.339,188.453
8.162,113.100,141.339,188.453
4.924,108.568,141.339,188.453
2.982,101.445,141.339,188.453
6.219,108.568,141.339,188.453
6.265,111.062,142.576,190.101
4.305,106.489,142.576,190.101
1.673,100.971,143.824,191.765
-0.304,102.948,143.824,191.765
-0.963,98.335,143.824,191.765
-1.622,97.676,143.824,191.765
-3.599,93.064,143.824,191.765
-5.576,93.723,143.824,191.765
-8.870,90.428,143.824,191.765
-8.211,95.041,143.824,191.765
-12.824,90.428,143.824,191.765
-8.211,97.676,143.824,191.765
-14.142,91.746,143.824,191.765
-10.043,96.986,145.082,193.443
-16.025,91.003,145.082,193.443
-18.019,90.339,145.082,193.443
-12.037,92.333,145.082,193.443
-18.019,90.339,145.082,193.443
-21.343,84.357,145.082,193.443
-27.325,78.374,145.082,193.443
-24.001,83.027,145.082,193.443
-32.642,79.704,145.082,193.443
-28.781,86.366,143.844,191.791
-20.214,87.025,143.844,191.791
-30.099,82.412,143.844,191.791
-37.843,85.159,142.616,190.154
-30.222,85.333,141.398,188.531
-20.505,80.799,141.398,188.531
-27.631,84.038,141.398,188.531
-18.811,89.266,140.191,186.922
-27.161,86.055,140.191,186.922
-34.709,83.720,138.994,185.326
-25.157,88.177,138.994,185.326
-15.974,76.270,140.211,186.947
-21.016,82.709,139.014,185.352
-24.200,78.250,139.014,185.352
-17.195,72.518,139.014,185.352
-22.372,71.055,140.230,186.973
-26.161,77.494,139.033,185.377
-21.703,79.405,139.033,185.377
-24.887,81.316,139.033,185.377
-29.346,83.227,139.033,185.377
-31.257,77.494,139.033,185.377
-28.072,84.501,139.033,185.377
-29.983,77.494,139.033,185.377
-33.168,81.953,139.033,185.377
-36.353,80.042,139.033,185.377
-39.538,79.405,139.033,185.377
-34.270,75.329,140.249,186.999
-38.768,79.827,140.249,186.999
-39.410,76.614,140.249,186.999
-38.768,83.682,140.249,186.999
-40.695,76.614,140.249,186.999
-40.724,84.308,139.052,185.403
-38.812,81.123,139.052,185.403
-40.084,87.508,137.865,183.820
-42.576,82.747,136.688,182.251
-35.272,93.911,135.521,180.695
-40.860,85.839,135.521,180.695
-37.756,92.669,135.521,180.695
-43.344,85.839,135.521,180.695
-43.371,92.062,134.365,179.153
-40.804,88.123,135.540,180.720
-38.408,95.559,134.383,179.178
-45.180,85.093,134.383,179.178
-39.639,91.865,134.383,179.178
-47.643,87.555,134.383,179.178
-54.878,82.914,133.236,177.648
-49.384,84.745,133.236,177.648
-55.366,86.099,132.099,176.132
-49.919,90.336,132.099,176.132
-59.393,89.316,130.971,174.628
-52.395,92.988,129.853,173.137
-49.420,10.295,129.853,173.137
-50.015,3.751,129.853,173.137
-49.420,7.916,129.853,173.137
-55.964,2.561,129.853,173.137
-54.179,7.916,129.853,173.137
-51.205,14.460,129.853,173.137
