118.000,57.000,82.000,98.000
121.686,57.146,82.000,98.000
120.964,56.354,82.718,98.858
120.236,55.556,83.441,99.723
119.502,55.489,84.171,100.595
119.865,54.399,84.171,100.595
120.956,54.762,84.171,100.595
121.319,55.852,84.171,100.595
120.578,53.550,84.908,101.475
121.678,54.650,84.908,101.475
120.578,52.084,84.908,101.475
121.334,54.270,85.651,102.363
120.225,52.421,85.651,102.363
120.594,53.530,85.651,102.363
119.485,52.421,85.651,102.363
120.594,53.530,85.651,102.363
118.746,52.421,85.651,102.363
117.992,53.110,86.400,103.259
116.127,51.991,86.400,103.259
117.246,50.126,86.400,103.259
114.635,49.007,86.400,103.259
117.698,51.232,87.156,104.162
114.617,50.390,87.919,105.074
112.719,49.252,87.919,105.074
114.617,51.908,87.919,105.074
111.960,50.770,87.919,105.074
113.858,53.427,87.919,105.074
111.960,51.529,87.919,105.074
113.099,53.427,87.919,105.074
112.719,53.806,87.919,105.074
112.340,54.945,87.919,105.074
111.201,52.288,87.919,105.074
110.063,51.908,87.919,105.074
108.924,51.529,87.919,105.074
107.026,51.149,87.919,105.074
105.888,50.011,87.919,105.074
105.508,52.668,87.919,105.074
103.611,50.770,87.919,105.074
103.231,52.668,87.919,105.074
102.092,51.529,87.919,105.074
103.231,53.427,87.919,105.074
102.852,51.529,87.919,105.074
102.472,54.186,87.919,105.074
100.574,52.288,87.919,105.074
99.436,51.908,87.919,105.074
99.815,52.288,87.919,105.074
97.918,51.149,87.919,105.074
96.020,50.770,87.919,105.074
96.399,52.668,87.919,105.074
95.261,50.770,87.919,105.074
97.159,53.427,87.919,105.074
96.779,50.770,87.919,105.074
100.674,52.255,88.688,105.993
99.525,49.575,88.688,105.993
100.674,52.255,88.688,105.993
100.291,50.341,88.688,105.993
102.205,50.724,88.688,105.993
101.822,50.341,88.688,105.993
100.674,48.427,88.688,105.993
101.822,48.810,88.688,105.993
102.971,49.192,88.688,105.993
104.119,49.575,88.688,105.993
109.096,51.490,88.688,105.993
111.011,48.810,88.688,105.993
115.988,49.192,88.688,105.993
116.740,47.030,87.931,105.088
120.156,49.687,87.931,105.088
119.017,46.271,87.931,105.088
120.915,47.410,87.931,105.088
117.807,45.005,88.700,106.008
122.019,46.919,88.700,106.008
123.168,47.302,88.700,106.008
125.082,48.451,88.700,106.008
125.834,49.277,87.943,105.103
123.177,47.379,87.943,105.103
125.516,50.421,88.713,106.023
122.835,46.974,88.713,106.023
123.984,48.123,88.713,106.023
120.538,45.443,88.713,106.023
117.857,44.294,88.713,106.023
119.772,46.974,88.713,106.023
116.325,42.762,88.713,106.023
119.006,46.209,88.713,106.023
117.516,43.299,87.955,105.118
116.377,45.197,87.955,105.118
114.479,41.780,87.955,105.118
117.896,45.956,87.955,105.118
115.678,43.071,87.205,104.220
116.808,46.459,87.205,104.220
115.678,48.341,87.205,104.220
116.808,50.224,87.205,104.220
116.431,52.106,87.205,104.220
114.549,50.224,87.205,104.220
117.937,52.106,87.205,104.220
116.055,49.471,87.205,104.220
119.443,52.106,87.205,104.220
116.808,50.224,87.205,104.220
117.184,51.353,87.205,104.220
116.808,49.471,87.205,104.220
116.431,51.353,87.205,104.220
116.055,50.224,87.205,104.220
118.690,52.106,87.205,104.220
116.808,49.471,87.205,104.220
117.937,50.600,87.205,104.220
119.066,50.977,87.205,104.220
118.690,49.094,87.205,104.220
122.078,50.977,87.205,104.220
120.949,49.094,87.205,104.220
122.078,50.224,87.205,104.220
121.702,50.600,87.205,104.220
122.078,50.977,87.205,104.220
121.702,49.847,87.205,104.220
122.078,51.729,87.205,104.220
122.454,50.600,87.205,104.220
121.325,50.977,87.205,104.220
121.702,48.341,87.205,104.220
120.572,50.224,87.205,104.220
119.443,48.341,87.205,104.220
118.314,48.718,87.205,104.220
118.318,49.419,87.968,105.132
116.419,48.280,87.968,105.132
119.837,50.179,87.968,105.132
117.938,47.521,87.968,105.132
117.558,50.179,87.968,105.132
117.179,49.040,87.968,105.132
118.318,49.419,87.968,105.132
117.179,46.761,87.968,105.132
119.077,47.901,87.968,105.132
115.660,45.242,87.968,105.132
119.369,46.802,87.217,104.235
117.487,46.426,87.217,104.235
114.851,44.543,87.217,104.235
119.487,48.333,87.980,105.147
116.069,44.914,87.980,105.147
119.487,48.333,87.980,105.147
116.069,44.155,87.980,105.147
119.487,46.054,87.980,105.147
116.069,43.395,87.980,105.147
120.246,46.813,87.980,105.147
120.251,43.927,87.229,104.249
119.122,44.304,87.229,104.249
121.004,46.940,87.229,104.249
120.275,43.344,86.484,103.359
119.901,45.957,86.484,103.359
118.781,44.090,86.484,103.359
120.648,45.210,86.484,103.359
119.528,46.330,86.484,103.359
118.408,45.210,86.484,103.359
119.528,46.330,86.484,103.359
118.408,45.210,86.484,103.359
118.413,45.287,85.746,102.477
119.523,46.398,85.746,102.477
116.932,44.547,85.746,102.477
115.822,45.657,85.746,102.477
116.932,46.768,85.746,102.477
118.783,45.657,85.746,102.477
118.066,45.011,85.014,101.602
115.922,45.087,84.288,100.735
119.197,46.906,84.288,100.735
116.217,46.093,85.026,101.616
116.938,46.168,84.300,100.749
116.233,45.533,83.580,99.889
117.316,47.337,83.580,99.889
115.512,44.812,83.580,99.889
117.735,46.963,84.312,100.763
115.609,44.908,83.592,99.902
117.832,47.060,84.323,100.777
115.706,45.004,83.603,99.916
117.511,47.531,83.603,99.916
117.150,45.726,83.603,99.916
116.789,47.531,83.603,99.916
116.428,47.170,83.603,99.916
116.067,46.809,83.603,99.916
119.315,47.891,83.603,99.916
117.511,46.087,83.603,99.916
121.037,48.978,82.890,99.063
118.840,47.444,83.615,99.930
119.923,49.249,83.615,99.930
120.632,47.211,82.901,99.077
118.435,50.079,83.627,99.944
118.796,47.552,83.627,99.944
119.157,49.357,83.627,99.944
121.275,50.135,82.913,99.091
121.633,50.493,82.913,99.091
123.423,50.851,82.913,99.091
122.349,52.641,82.913,99.091
121.275,52.283,82.913,99.091
122.349,53.357,82.913,99.091
120.559,52.283,82.913,99.091
123.065,53.357,82.913,99.091
121.601,54.757,83.638,99.958
120.518,54.396,83.638,99.958
121.601,54.757,83.638,99.958
120.518,54.396,83.638,99.958
121.601,54.757,83.638,99.958
119.796,54.396,83.638,99.958
121.281,54.329,84.370,100.833
120.188,53.965,84.370,100.833
121.281,52.872,84.370,100.833
120.916,53.237,84.370,100.833
122.009,54.329,84.370,100.833
121.267,52.768,85.108,101.715
120.899,53.870,85.108,101.715
119.797,52.033,85.108,101.715
119.801,54.224,85.853,102.605
118.689,52.371,85.853,102.605
118.319,52.742,85.853,102.605
116.466,50.889,85.853,102.605
116.470,52.339,86.604,103.503
115.348,50.470,86.604,103.503
117.652,51.933,87.362,104.408
117.275,50.048,87.362,104.408
120.372,50.750,88.126,105.322
119.230,48.848,88.126,105.322
122.654,50.750,88.126,105.322
122.274,50.370,88.126,105.322
123.415,49.229,88.126,105.322
126.078,51.892,88.126,105.322
122.963,49.481,88.898,106.243
125.649,52.168,88.898,106.243
122.963,49.481,88.898,106.243
125.649,51.400,88.898,106.243
122.963,49.481,88.898,106.243
124.882,51.400,88.898,106.243
122.963,49.481,88.898,106.243
124.882,50.633,88.898,106.243
122.195,47.946,88.898,106.243
124.882,49.865,88.898,106.243
121.428,47.946,88.898,106.243
125.649,49.865,88.898,106.243
124.080,49.794,89.675,107.173
124.467,50.181,89.675,107.173
124.855,49.019,89.675,107.173
123.693,48.632,89.675,107.173
121.758,49.794,89.675,107.173
122.145,50.181,89.675,107.173
120.209,48.245,89.675,107.173
121.371,50.181,89.675,107.173
119.435,47.471,89.675,107.173
122.145,49.406,89.675,107.173
120.209,49.794,89.675,107.173
118.274,49.406,89.675,107.173
117.886,49.794,89.675,107.173
115.177,48.632,89.675,107.173
114.388,46.973,90.460,108.111
113.997,47.363,90.460,108.111
118.004,44.889,91.252,109.057
112.883,47.647,91.252,109.057
106.974,44.101,91.252,109.057
112.883,46.071,91.252,109.057
107.762,48.040,91.252,109.057
102.641,44.495,91.252,109.057
109.338,46.465,91.252,109.057
106.581,47.647,91.252,109.057
101.460,44.101,91.252,109.057
106.581,47.647,91.252,109.057
103.035,43.313,91.252,109.057
101.066,46.071,91.252,109.057
99.096,46.465,91.252,109.057
95.551,42.132,91.252,109.057
103.823,44.889,91.252,109.057
99.790,43.201,92.050,110.011
98.165,45.571,92.855,110.974
95.705,40.566,93.668,111.945
92.874,43.396,93.668,111.945
96.514,40.566,93.668,111.945
91.545,42.977,94.488,112.924
98.479,43.385,94.488,112.924
95.975,40.800,95.314,113.912
93.095,44.504,95.314,113.912
99.004,44.427,96.148,114.909
95.268,44.012,96.148,114.909
101.494,44.427,96.148,114.909
95.268,41.521,96.148,114.909
103.154,45.257,96.148,114.909
109.115,46.031,96.990,115.914
104.219,42.849,96.162,114.925
98.823,44.925,96.162,114.925
104.219,42.019,96.162,114.925
105.464,44.925,96.162,114.925
106.710,47.000,96.162,114.925
106.295,44.925,96.162,114.925
106.299,46.549,97.003,115.931
112.024,44.184,96.175,114.941
114.931,47.091,96.175,114.941
112.024,45.015,96.175,114.941
115.761,46.260,96.175,114.941
113.685,45.845,96.175,114.941
113.270,44.600,96.175,114.941
109.533,45.015,96.175,114.941
115.761,44.600,96.175,114.941
113.685,45.015,96.175,114.941
116.591,47.091,96.175,114.941
114.515,45.845,96.175,114.941
114.931,46.260,96.175,114.941
114.515,47.506,96.175,114.941
113.711,46.781,95.354,113.960
113.299,48.016,95.354,113.960
111.241,45.958,95.354,113.960
110.829,48.016,95.354,113.960
107.125,46.781,95.354,113.960
109.183,48.839,95.354,113.960
105.478,46.781,95.354,113.960
106.713,48.839,95.354,113.960
103.832,46.781,95.354,113.960
109.183,48.016,95.354,113.960
105.478,45.958,95.354,113.960
105.890,47.193,95.354,113.960
105.478,45.135,95.354,113.960
107.536,48.016,95.354,113.960
103.832,45.958,95.354,113.960
107.536,48.016,95.354,113.960
104.329,47.298,94.540,112.987
102.289,49.338,94.540,112.987
100.248,48.930,94.540,112.987
97.391,48.522,94.540,112.987
99.432,49.746,94.540,112.987
95.759,49.338,94.540,112.987
92.086,48.930,94.540,112.987
89.229,49.338,94.540,112.987
87.188,50.563,94.540,112.987
85.148,50.155,94.540,112.987
84.740,52.195,94.540,112.987
82.699,50.971,94.540,112.987
81.475,52.195,94.540,112.987
78.618,50.971,94.540,112.987
82.291,53.011,94.540,112.987
79.434,50.971,94.540,112.987
81.475,53.011,94.540,112.987
77.802,50.971,94.540,112.987
79.842,53.011,94.540,112.987
77.802,50.971,94.540,112.987
79.842,53.011,94.540,112.987
77.802,50.971,94.540,112.987
80.659,52.195,94.540,112.987
79.868,52.279,93.733,112.022
80.272,52.684,93.733,112.022
79.868,50.661,93.733,112.022
78.213,50.585,94.553,113.003
79.438,50.993,94.553,113.003
79.846,48.953,94.553,113.003
80.254,49.361,94.553,113.003
79.846,48.953,94.553,113.003
81.887,50.177,94.553,113.003
85.874,50.261,93.746,112.038
84.300,48.765,92.946,111.081
87.109,50.772,92.946,111.081
83.983,48.506,92.152,110.133
86.317,50.140,91.366,109.193
90.939,51.760,90.586,108.261
83.509,49.023,90.586,108.261
83.118,50.196,90.586,108.261
85.413,48.751,89.812,107.337
85.800,49.914,89.812,107.337
87.739,49.526,89.812,107.337
92.283,50.363,89.046,106.420
89.288,48.192,88.286,105.512
93.011,50.501,87.532,104.611
90.366,48.612,87.532,104.611
93.320,51.639,86.785,103.718
88.450,49.766,86.785,103.718
90.323,50.140,86.785,103.718
90.698,49.016,86.785,103.718
93.320,50.890,86.785,103.718
95.942,49.016,86.785,103.718
94.411,49.715,87.544,104.626
92.866,50.419,88.310,105.541
78.022,52.692,89.083,106.465
51.487,56.153,89.083,106.465
45.719,51.154,89.083,106.465
43.796,50.770,89.083,106.465
43.412,48.078,89.083,106.465
39.951,53.077,89.083,106.465
36.802,53.005,89.862,107.396
32.830,44.981,90.648,108.336
37.416,48.879,89.875,107.411
42.460,51.595,89.875,107.411
35.089,58.191,89.875,107.411
27.717,55.475,89.875,107.411
29.312,58.584,90.661,108.351
32.372,56.374,89.887,107.426
32.376,51.529,90.674,108.366
32.768,53.486,90.674,108.366
35.064,56.621,89.900,107.441
30.019,51.576,89.900,107.441
31.960,55.069,89.900,107.441
33.479,58.935,89.132,106.524
28.229,56.011,88.371,105.614
32.425,51.052,88.371,105.614
37.384,53.722,88.371,105.614
34.261,55.216,89.145,106.539
28.259,61.302,88.384,105.629
11.853,65.499,88.384,105.629
7.391,68.555,87.629,104.727
9.610,65.681,86.881,103.833
7.735,65.306,86.881,103.833
10.667,60.992,86.139,102.947
14.757,60.620,86.139,102.947
19.841,58.520,85.404,102.068
18.735,61.101,85.404,102.068
23.528,62.207,85.404,102.068
24.972,58.686,84.675,101.197
27.829,54.482,83.952,100.333
31.091,53.395,83.952,100.333
83.424,49.934,83.235,99.476
90.439,51.410,82.525,98.627
92.530,52.179,81.820,97.785
91.470,51.825,81.820,97.785
87.854,50.312,82.536,98.641
90.639,52.471,81.832,97.799
87.747,50.232,82.548,98.655
88.816,52.727,82.548,98.655
87.034,50.232,82.548,98.655
88.103,52.014,82.548,98.655
86.321,49.520,82.548,98.655
85.965,51.301,82.548,98.655
85.608,50.232,82.548,98.655
86.677,52.727,82.548,98.655
85.608,50.232,82.548,98.655
88.103,52.727,82.548,98.655
86.321,50.232,82.548,98.655
88.103,52.014,82.548,98.655
86.321,49.520,82.548,98.655
88.816,52.727,82.548,98.655
88.459,50.945,82.548,98.655
91.666,52.727,82.548,98.655
92.401,54.121,83.270,99.518
94.198,53.762,83.270,99.518
98.871,56.278,83.270,99.518
97.074,53.762,83.270,99.518
97.433,53.402,83.270,99.518
98.140,53.476,82.559,98.668
102.060,55.971,82.559,98.668
100.278,55.615,82.559,98.668
98.892,53.602,81.854,97.826
102.344,56.433,81.156,96.991
105.083,59.239,80.463,96.163
101.262,55.419,80.463,96.163
104.388,58.545,80.463,96.163
101.957,56.808,80.463,96.163
105.350,59.590,79.776,95.342
101.562,56.491,79.776,95.342
99.550,55.218,79.095,94.528
101.258,57.608,79.095,94.528
99.550,55.901,79.095,94.528
101.940,58.291,79.095,94.528
98.867,55.901,79.095,94.528
99.209,58.291,79.095,94.528
98.547,57.029,78.420,93.721
97.532,56.013,78.420,93.721
95.839,56.352,78.420,93.721
93.067,54.901,79.106,94.541
94.774,57.291,79.106,94.541
93.750,54.901,79.106,94.541
93.408,56.608,79.106,94.541
91.018,54.901,79.106,94.541
89.311,52.510,79.106,94.541
91.018,55.584,79.106,94.541
89.311,53.193,79.106,94.541
90.715,55.930,79.798,95.369
88.992,53.519,79.798,95.369
90.026,55.241,79.798,95.369
88.992,52.830,79.798,95.369
88.648,55.241,79.798,95.369
89.681,53.519,79.798,95.369
91.404,55.930,79.798,95.369
90.370,53.519,79.798,95.369
91.404,55.930,79.798,95.369
90.370,53.519,79.798,95.369
91.404,55.241,79.798,95.369
90.370,52.830,79.798,95.369
92.093,55.241,79.798,95.369
91.059,53.519,79.798,95.369
92.781,56.619,79.798,95.369
91.059,54.208,79.798,95.369
91.064,54.279,79.117,94.554
92.771,55.303,79.117,94.554
92.430,57.694,79.117,94.554
91.405,55.303,79.117,94.554
91.747,54.279,79.117,94.554
93.084,58.348,78.442,93.747
95.454,58.009,78.442,93.747
95.116,56.993,78.442,93.747
95.454,56.654,78.442,93.747
96.470,58.348,78.442,93.747
95.454,56.654,78.442,93.747
95.116,55.639,78.442,93.747
96.809,58.686,78.442,93.747
98.502,56.993,78.442,93.747
97.486,55.977,78.442,93.747
98.502,59.025,78.442,93.747
98.163,57.332,78.442,93.747
99.856,59.702,78.442,93.747
97.084,56.168,79.128,94.568
96.742,55.827,79.128,94.568
97.084,58.218,79.128,94.568
95.376,56.510,79.128,94.568
95.034,54.802,79.128,94.568
93.638,57.539,79.820,95.395
91.915,55.816,79.820,95.395
91.570,55.472,79.820,95.395
89.847,55.127,79.820,95.395
88.814,54.093,79.820,95.395
91.915,57.195,79.820,95.395
90.881,54.093,79.820,95.395
92.298,56.855,80.519,96.230
93.727,56.077,81.223,97.072
96.882,57.129,81.223,97.072
101.441,59.584,81.223,97.072
98.986,56.428,81.223,97.072
107.051,60.986,81.223,97.072
104.596,59.233,81.223,97.072
105.648,58.882,81.223,97.072
109.758,61.007,80.530,96.243
107.727,60.401,79.842,95.421
110.422,61.817,79.161,94.607
107.759,61.220,78.485,93.799
108.098,60.881,78.485,93.799
111.408,62.273,77.815,92.999
109.057,61.266,77.815,92.999
110.736,63.617,77.815,92.999
108.774,62.375,77.151,92.205
112.438,64.707,77.151,92.205
108.774,63.041,77.151,92.205
106.443,62.042,77.151,92.205
112.771,65.706,77.151,92.205
108.876,63.175,76.492,91.418
105.244,62.845,76.492,91.418
110.197,65.156,76.492,91.418
108.546,63.505,76.492,91.418
106.234,65.817,76.492,91.418
112.038,65.240,75.839,90.637
110.401,66.877,75.839,90.637
107.454,64.586,75.839,90.637
103.853,66.223,75.839,90.637
107.690,64.374,75.192,89.863
102.821,63.400,75.192,89.863
106.392,65.023,75.192,89.863
102.821,62.751,75.192,89.863
107.690,63.725,75.192,89.863
104.769,62.102,75.192,89.863
108.988,65.023,75.192,89.863
106.067,62.751,75.192,89.863
109.398,63.356,75.850,90.650
108.416,62.373,75.850,90.650
109.398,62.701,75.850,90.650
110.380,63.028,75.850,90.650
110.384,64.310,76.513,91.443
111.065,65.602,77.183,92.243
110.065,64.603,77.183,92.243
110.752,65.907,77.858,93.050
110.416,64.899,77.858,93.050
113.441,65.907,77.858,93.050
112.067,65.844,78.540,93.864
113.762,66.861,78.540,93.864
113.071,65.408,79.227,94.686
116.149,67.118,79.227,94.686
111.703,66.092,79.227,94.686
113.810,63.224,79.920,95.514
116.225,64.949,79.920,95.514
120.942,66.367,79.238,94.699
126.757,70.129,79.238,94.699
121.626,71.839,79.238,94.699
119.232,73.550,79.238,94.699
117.521,72.524,79.238,94.699
116.495,74.234,79.238,94.699
115.469,73.208,79.238,94.699
115.811,74.918,79.238,94.699
116.837,75.944,79.238,94.699
116.495,74.918,79.238,94.699
117.835,77.658,78.561,93.890
114.782,76.641,78.561,93.890
117.156,80.371,78.561,93.890
114.104,82.067,78.561,93.890
116.478,82.406,78.561,93.890
115.461,79.354,78.561,93.890
115.121,77.658,78.561,93.890
115.461,77.319,78.561,93.890
115.121,75.623,78.561,93.890
113.141,74.370,77.891,93.089
112.132,74.034,77.891,93.089
109.778,72.352,77.891,93.089
109.442,74.034,77.891,93.089
110.825,70.524,78.572,93.903
115.696,66.985,79.260,94.725
117.406,70.748,79.260,94.725
118.433,69.722,79.260,94.725
113.301,70.748,79.260,94.725
114.327,69.038,79.260,94.725
115.354,69.380,79.260,94.725
117.361,72.121,78.583,93.916
119.736,69.746,78.583,93.916
123.467,71.442,78.583,93.916
118.379,70.425,78.583,93.916
116.004,72.799,78.583,93.916
119.736,70.425,78.583,93.916
122.521,70.361,79.271,94.738
119.441,72.072,79.271,94.738
121.837,71.046,79.271,94.738
125.601,71.388,79.271,94.738
125.259,70.361,79.271,94.738
124.232,71.388,79.271,94.738
121.152,71.730,79.271,94.738
127.654,69.335,79.271,94.738
123.449,72.779,79.964,95.567
121.723,72.433,79.964,95.567
125.520,73.469,79.964,95.567
121.033,71.053,79.964,95.567
119.307,72.779,79.964,95.567
115.510,71.053,79.964,95.567
119.997,72.779,79.964,95.567
116.200,70.362,79.964,95.567
117.236,72.779,79.964,95.567
118.961,70.362,79.964,95.567
120.687,70.707,79.964,95.567
118.961,71.743,79.964,95.567
122.068,67.946,79.964,95.567
132.079,65.530,79.964,95.567
131.043,66.565,79.964,95.567
131.388,64.839,79.964,95.567
129.662,67.255,79.964,95.567
128.627,66.910,79.964,95.567
130.353,68.636,79.964,95.567
130.008,64.839,79.964,95.567
128.282,67.946,79.964,95.567
127.246,69.672,79.964,95.567
126.901,67.946,79.964,95.567
127.937,67.601,79.964,95.567
128.972,68.636,79.964,95.567
131.388,71.053,79.964,95.567
131.043,70.017,79.964,95.567
133.460,69.672,79.964,95.567
132.791,68.396,79.282,94.751
131.079,68.738,79.282,94.751
131.084,67.473,78.605,93.943
129.697,68.105,79.293,94.765
129.354,67.079,79.293,94.765
127.355,69.153,78.616,93.956
127.016,67.456,78.616,93.956
123.283,69.153,78.616,93.956
124.301,70.850,78.616,93.956
122.604,73.225,78.616,93.956
120.228,70.850,78.616,93.956
119.889,72.547,78.616,93.956
120.228,72.207,78.616,93.956
119.536,74.231,79.304,94.778
120.563,73.204,79.304,94.778
120.906,75.600,79.304,94.778
120.563,77.312,79.304,94.778
120.221,75.600,79.304,94.778
120.563,77.312,79.304,94.778
120.906,76.285,79.304,94.778
120.563,74.573,79.304,94.778
122.275,76.285,79.304,94.778
121.933,74.573,79.304,94.778
122.275,77.654,79.304,94.778
123.987,78.682,79.304,94.778
123.289,75.109,79.998,95.607
122.944,77.526,79.998,95.607
124.670,78.562,79.998,95.607
124.325,76.835,79.998,95.607
123.980,78.562,79.998,95.607
122.944,76.835,79.998,95.607
123.980,78.562,79.998,95.607
122.253,76.145,79.998,95.607
123.980,77.181,79.998,95.607
123.634,78.907,79.998,95.607
121.908,76.490,79.998,95.607
123.634,77.526,79.998,95.607
122.598,76.490,79.998,95.607
121.186,76.426,80.698,96.444
120.476,74.219,81.404,97.287
121.531,73.867,81.404,97.287
121.179,75.624,81.404,97.287
120.828,74.570,81.404,97.287
120.832,75.945,82.116,98.139
120.109,72.973,82.835,98.997
119.380,73.639,83.559,99.864
119.020,73.278,83.559,99.864
120.102,72.918,83.559,99.864
120.106,72.850,84.290,100.737
121.925,73.214,84.290,100.737
120.834,71.395,84.290,100.737
122.330,72.819,85.028,101.619
121.963,73.920,85.028,101.619
121.596,70.617,85.028,101.619
121.963,73.920,85.028,101.619
121.596,72.085,85.028,101.619
121.229,73.920,85.028,101.619
122.330,70.617,85.028,101.619
121.229,72.452,85.028,101.619
119.728,70.126,85.772,102.508
118.973,70.816,86.523,103.405
119.743,67.684,87.280,104.310
117.106,68.814,87.280,104.310
118.655,69.517,88.043,105.222
118.275,65.336,88.043,105.222
117.134,67.236,88.043,105.222
117.515,64.576,88.043,105.222
117.134,67.996,88.043,105.222
115.994,64.576,88.043,105.222
111.814,69.517,88.043,105.222
113.376,71.004,88.814,106.143
115.293,66.787,88.814,106.143
113.376,70.237,88.814,106.143
114.167,67.808,89.591,107.072
113.780,68.968,89.591,107.072
112.620,69.355,89.591,107.072
111.831,70.076,90.375,108.009
113.782,66.565,90.375,108.009
111.831,69.296,90.375,108.009
113.435,69.223,91.165,108.954
112.633,70.763,91.963,109.907
114.187,67.746,91.178,108.969
114.193,68.596,90.400,108.039
113.022,70.547,90.400,108.039
112.632,67.815,90.400,108.039
111.461,70.547,90.400,108.039
113.412,67.035,90.400,108.039
113.022,68.205,90.400,108.039
112.632,66.254,90.400,108.039
113.022,63.522,90.400,108.039
111.851,67.815,90.400,108.039
114.583,68.205,90.400,108.039
117.315,63.913,90.400,108.039
117.320,67.039,89.628,107.116
118.080,67.874,88.863,106.202
118.085,67.953,88.104,105.295
116.944,69.854,88.104,105.295
117.324,69.474,88.104,105.295
116.944,69.854,88.104,105.295
116.563,70.235,88.104,105.295
116.944,70.615,88.104,105.295
118.845,66.431,88.104,105.295
119.226,69.854,88.104,105.295
119.973,71.417,87.352,104.397
120.350,68.023,87.352,104.397
118.808,70.272,88.117,105.310
117.667,69.131,88.117,105.310
117.287,70.272,88.117,105.310
116.906,69.131,88.117,105.310
117.287,70.272,88.117,105.310
116.146,69.131,88.117,105.310
115.765,70.272,88.117,105.310
114.624,67.609,88.117,105.310
116.526,68.750,88.117,105.310
117.273,67.344,87.364,104.411
117.278,69.630,86.619,103.520
116.904,68.508,86.619,103.520
117.278,69.630,86.619,103.520
116.904,68.508,86.619,103.520
117.278,69.630,86.619,103.520
116.156,68.508,86.619,103.520
116.530,69.630,86.619,103.520
116.535,70.436,85.879,102.636
115.423,69.324,85.879,102.636
118.760,70.436,85.879,102.636
116.906,69.324,85.879,102.636
119.501,70.436,85.879,102.636
117.647,69.324,85.879,102.636
119.501,70.436,85.879,102.636
118.389,70.066,85.879,102.636
118.018,68.953,85.879,102.636
119.130,70.066,85.879,102.636
118.018,68.212,85.879,102.636
119.130,70.066,85.879,102.636
117.277,68.212,85.879,102.636
117.647,69.324,85.879,102.636
116.929,67.954,85.146,101.760
118.032,69.792,85.146,101.760
116.194,67.219,85.146,101.760
117.296,69.792,85.146,101.760
116.194,67.954,85.146,101.760
116.561,69.792,85.146,101.760
115.849,69.150,84.419,100.891
118.400,70.972,84.419,100.891
117.307,69.150,84.419,100.891
117.671,70.244,84.419,100.891
117.307,69.879,84.419,100.891
116.942,69.515,84.419,100.891
117.307,71.337,84.419,100.891
117.671,70.972,84.419,100.891
117.307,70.608,84.419,100.891
117.671,71.701,84.419,100.891
117.307,69.879,84.419,100.891
116.942,72.430,84.419,100.891
116.947,70.372,83.699,100.030
115.863,72.901,83.699,100.030
115.502,70.372,83.699,100.030
115.140,72.179,83.699,100.030
113.334,71.095,83.699,100.030
112.973,73.624,83.699,100.030
112.611,71.095,83.699,100.030
112.973,74.346,83.699,100.030
111.889,71.095,83.699,100.030
112.973,74.346,83.699,100.030
111.889,71.095,83.699,100.030
112.973,74.346,83.699,100.030
111.889,71.095,83.699,100.030
112.250,73.624,83.699,100.030
111.889,72.540,83.699,100.030
110.805,74.346,83.699,100.030
114.056,73.262,83.699,100.030
112.973,71.456,83.699,100.030
112.611,73.985,83.699,100.030
111.527,71.456,83.699,100.030
111.889,74.708,83.699,100.030
111.527,72.179,83.699,100.030
111.166,74.708,83.699,100.030
111.527,72.179,83.699,100.030
110.443,73.985,83.699,100.030
110.082,71.456,83.699,100.030
