134.000,55.000,60.000,88.000
135.950,56.370,60.000,88.000
134.500,55.500,60.000,88.000
135.370,56.370,60.000,88.000
134.500,55.500,60.000,88.000
135.950,56.370,60.000,88.000
135.390,56.282,60.525,88.770
134.513,55.405,60.525,88.770
135.390,55.697,60.525,88.770
135.683,55.990,60.525,88.770
134.220,55.112,60.525,88.770
135.683,57.160,60.525,88.770
136.561,57.453,60.525,88.770
138.609,57.745,60.525,88.770
139.486,58.038,60.525,88.770
138.024,57.160,60.525,88.770
136.561,58.038,60.525,88.770
131.587,55.990,60.525,88.770
126.613,56.282,60.525,88.770
121.054,57.745,60.525,88.770
116.081,56.868,60.525,88.770
111.107,57.745,60.525,88.770
106.133,56.868,60.525,88.770
100.575,58.330,60.525,88.770
95.811,60.641,61.055,89.547
91.975,65.068,61.055,89.547
90.195,66.794,61.589,90.330
91.451,71.586,62.128,91.121
90.551,75.490,62.128,91.121
93.253,82.398,62.128,91.121
95.136,85.385,62.671,91.918
98.469,86.900,62.671,91.918
102.407,88.414,62.671,91.918
108.769,91.141,62.671,91.918
115.131,92.656,62.671,91.918
122.098,90.535,62.671,91.918
131.450,89.822,63.220,92.722
136.645,91.962,63.220,92.722
140.618,92.267,63.220,92.722
146.425,96.851,63.220,92.722
151.620,101.435,63.220,92.722
156.815,104.185,63.220,92.722
163.232,103.269,63.220,92.722
165.371,100.518,63.220,92.722
165.677,101.435,63.220,92.722
165.371,101.741,63.220,92.722
166.899,101.435,63.220,92.722
163.890,100.936,62.680,91.931
164.547,94.012,63.228,92.735
161.185,93.707,63.228,92.735
162.713,89.122,63.228,92.735
159.963,85.760,63.228,92.735
162.713,84.232,63.228,92.735
164.242,83.926,63.228,92.735
160.880,81.176,63.228,92.735
162.640,80.677,62.689,91.943
156.883,78.556,62.689,91.943
149.913,76.434,62.689,91.943
142.337,73.101,62.689,91.943
134.156,72.192,62.689,91.943
125.974,73.707,62.689,91.943
121.428,73.404,62.689,91.943
110.822,73.707,62.689,91.943
106.277,72.798,62.689,91.943
102.944,74.313,62.689,91.943
104.459,74.616,62.689,91.943
105.368,75.525,62.689,91.943
106.277,76.434,62.689,91.943
109.004,77.344,62.689,91.943
114.762,78.859,62.689,91.943
119.307,77.950,62.689,91.943
125.065,77.040,62.689,91.943
130.822,76.131,62.689,91.943
133.550,75.222,62.689,91.943
136.692,73.888,63.237,92.748
140.054,73.583,63.237,92.748
145.104,73.490,63.791,93.560
148.496,73.798,63.791,93.560
150.655,75.340,63.791,93.560
151.324,75.247,64.349,94.378
151.999,77.704,64.912,95.204
152.036,80.825,65.480,96.037
153.619,86.206,65.480,96.037
154.569,90.320,65.480,96.037
153.619,91.903,65.480,96.037
148.238,91.587,65.480,96.037
141.591,91.270,65.480,96.037
135.577,92.220,65.480,96.037
128.930,95.068,65.480,96.037
122.916,94.752,65.480,96.037
121.034,92.382,64.921,95.217
119.465,82.026,64.921,95.217
120.407,74.181,64.921,95.217
121.348,70.729,64.921,95.217
123.156,71.442,64.367,94.404
125.956,71.130,64.367,94.404
127.512,70.819,64.367,94.404
130.935,69.264,64.367,94.404
136.224,69.575,64.367,94.404
142.136,69.264,64.367,94.404
148.047,69.575,64.367,94.404
153.959,68.019,64.367,94.404
156.759,67.708,64.367,94.404
157.434,69.527,64.930,95.230
160.887,75.491,64.930,95.230
161.201,76.432,64.930,95.230
154.610,76.746,64.930,95.230
149.274,74.549,64.930,95.230
141.427,72.980,64.930,95.230
134.836,75.177,64.930,95.230
128.873,78.629,64.930,95.230
124.165,82.082,64.930,95.230
123.223,88.045,64.930,95.230
124.165,91.498,64.930,95.230
125.361,93.435,64.376,94.417
128.784,93.746,64.376,94.417
132.829,93.435,64.376,94.417
139.364,96.236,64.376,94.417
144.654,95.925,64.376,94.417
146.832,96.858,64.376,94.417
150.255,92.190,64.376,94.417
151.189,86.900,64.376,94.417
152.745,81.610,64.376,94.417
149.944,76.320,64.376,94.417
150.619,71.123,64.939,95.244
149.050,68.297,64.939,95.244
151.875,64.844,64.939,95.244
154.072,63.275,64.939,95.244
155.642,64.844,64.939,95.244
152.817,62.647,64.939,95.244
150.619,63.589,64.939,95.244
147.794,62.647,64.939,95.244
142.458,62.333,64.939,95.244
137.121,62.019,64.939,95.244
130.529,61.078,64.939,95.244
123.310,58.880,64.939,95.244
117.345,56.683,64.939,95.244
108.870,55.741,64.939,95.244
103.534,61.705,64.939,95.244
101.336,67.042,64.939,95.244
102.906,69.867,64.939,95.244
106.161,71.703,65.507,96.077
108.795,70.958,66.080,96.918
114.864,71.916,66.080,96.918
122.211,72.235,66.080,96.918
127.641,73.194,66.080,96.918
136.266,73.513,66.080,96.918
141.057,73.194,66.080,96.918
142.897,73.919,65.516,96.090
145.748,72.969,65.516,96.090
146.698,70.752,65.516,96.090
147.648,67.268,65.516,96.090
149.865,66.952,65.516,96.090
148.281,66.635,65.516,96.090
148.252,66.118,64.957,95.270
146.054,67.060,64.957,95.270
140.088,65.490,64.957,95.270
133.932,65.590,64.402,94.457
125.527,64.034,64.402,94.457
117.121,63.100,64.402,94.457
112.452,62.789,64.402,94.457
105.914,61.855,64.402,94.457
93.773,60.298,64.402,94.457
87.235,65.590,64.402,94.457
81.943,74.618,64.402,94.457
83.500,78.666,64.402,94.457
85.452,84.953,64.966,95.283
87.421,89.365,65.534,96.117
92.806,90.949,65.534,96.117
98.825,90.632,65.534,96.117
113.630,93.206,64.975,95.296
118.341,94.148,64.975,95.296
124.309,93.206,64.975,95.296
132.073,91.179,65.543,96.130
137.607,90.044,64.984,95.310
142.948,87.845,64.984,95.310
146.403,84.390,64.984,95.310
149.230,82.191,64.984,95.310
151.429,81.248,64.984,95.310
151.115,77.793,64.984,95.310
151.429,73.081,64.984,95.310
154.884,68.369,64.984,95.310
158.533,68.470,64.429,94.496
161.336,68.158,64.429,94.496
162.650,68.064,64.993,95.323
159.194,68.378,64.993,95.323
154.482,68.064,64.993,95.323
147.884,67.121,64.993,95.323
141.287,65.551,64.993,95.323
139.087,65.865,64.993,95.323
134.375,63.666,64.993,95.323
129.662,63.980,64.993,95.323
124.950,63.666,64.993,95.323
119.609,63.980,64.993,95.323
117.410,63.037,64.993,95.323
110.184,63.351,64.993,95.323
102.958,62.409,64.993,95.323
97.199,62.958,65.562,96.157
92.690,66.760,66.135,96.998
94.928,70.916,66.135,96.998
92.690,72.515,66.135,96.998
96.206,76.671,66.135,96.998
95.553,78.644,65.571,96.170
100.941,78.961,65.571,96.170
108.776,76.266,66.144,97.012
117.409,75.307,66.144,97.012
120.926,75.627,66.144,97.012
126.362,75.307,66.144,97.012
133.716,74.987,66.144,97.012
139.301,75.713,65.580,96.184
145.324,76.664,65.580,96.184
148.387,79.240,65.020,95.363
149.959,80.811,65.020,95.363
148.387,79.240,65.020,95.363
148.702,75.782,65.020,95.363
149.016,71.068,65.020,95.363
146.534,69.328,64.465,94.549
151.831,72.133,64.465,94.549
148.762,71.016,63.915,93.741
147.217,70.708,63.915,93.741
142.583,70.399,63.915,93.741
137.129,70.497,63.369,92.941
130.084,69.578,63.369,92.941
127.327,69.885,63.369,92.941
121.919,70.580,62.828,92.148
117.364,72.099,62.828,92.148
114.373,71.603,62.292,91.361
111.060,71.904,62.292,91.361
108.350,70.399,62.292,91.361
108.652,70.700,62.292,91.361
110.539,70.609,62.837,92.161
110.236,70.305,62.837,92.161
113.386,68.968,63.387,92.967
116.756,68.661,63.387,92.967
120.739,68.968,63.387,92.967
123.497,68.049,63.387,92.967
126.867,67.742,63.387,92.967
130.850,66.823,63.387,92.967
135.605,66.921,62.845,92.173
140.162,67.225,62.845,92.173
144.719,68.136,62.845,92.173
147.654,68.826,62.309,91.386
150.365,72.139,62.309,91.386
152.253,78.222,62.854,92.186
156.650,87.473,63.404,92.993
157.569,94.522,63.404,92.993
152.159,95.218,62.863,92.199
148.208,92.483,62.863,92.199
140.612,95.826,62.863,92.199
132.407,98.561,62.863,92.199
121.164,98.865,62.863,92.199
117.213,99.169,62.863,92.199
115.999,96.301,62.326,91.412
114.493,90.577,62.326,91.412
113.589,84.853,62.326,91.412
113.891,81.539,62.326,91.412
114.794,78.224,62.326,91.412
112.685,74.910,62.326,91.412
111.782,73.404,62.326,91.412
111.818,70.842,62.872,92.212
113.723,69.504,63.422,93.019
116.274,68.783,63.977,93.832
120.115,64.252,64.536,94.653
124.629,63.518,65.101,95.482
127.056,63.619,64.545,94.667
131.736,61.435,64.545,94.667
135.792,61.123,64.545,94.667
139.416,59.396,63.994,93.858
143.437,60.943,63.994,93.858
146.427,62.249,63.448,93.057
147.595,62.347,62.906,92.263
150.332,63.259,62.906,92.263
152.084,62.169,62.369,91.475
152.988,60.059,62.369,91.475
153.892,60.963,62.369,91.475
154.797,61.265,62.369,91.475
155.701,61.566,62.369,91.475
152.385,59.456,62.369,91.475
153.657,58.129,62.915,92.276
146.662,58.433,62.915,92.276
140.884,57.520,62.915,92.276
138.147,57.825,62.915,92.276
133.965,57.922,62.378,91.488
130.045,58.223,62.378,91.488
124.919,59.128,62.378,91.488
119.793,61.238,62.378,91.488
111.049,59.731,62.378,91.488
107.994,59.640,62.924,92.288
104.648,59.944,62.924,92.288
101.303,60.248,62.924,92.288
99.782,59.335,62.924,92.288
100.086,59.640,62.924,92.288
99.782,60.552,62.924,92.288
100.442,60.460,63.475,93.096
101.362,61.381,63.475,93.096
104.737,62.301,63.475,93.096
111.064,59.063,64.030,93.911
118.802,59.373,64.030,93.911
127.159,57.206,64.030,93.911
130.563,56.278,64.030,93.911
137.682,55.349,64.030,93.911
142.944,56.278,64.030,93.911
148.825,57.825,64.030,93.911
152.848,61.849,64.030,93.911
150.682,73.301,64.030,93.911
155.324,79.182,64.030,93.911
158.110,92.491,64.030,93.911
159.658,107.038,64.030,93.911
155.015,109.204,64.030,93.911
148.707,114.821,64.590,94.732
142.775,115.133,64.590,94.732
129.343,116.452,64.039,93.924
118.442,118.967,63.492,93.122
111.383,119.887,63.492,93.122
104.938,117.739,63.492,93.122
100.335,111.294,63.492,93.122
101.869,106.076,63.492,93.122
99.107,89.810,63.492,93.122
98.186,80.909,63.492,93.122
99.107,75.692,63.492,93.122
103.548,71.195,64.048,93.937
111.907,69.647,64.048,93.937
115.313,69.956,64.048,93.937
124.291,70.266,64.048,93.937
133.269,67.480,64.048,93.937
139.771,67.789,64.048,93.937
150.607,68.718,64.048,93.937
155.251,67.170,64.048,93.937
157.639,67.873,63.501,93.135
158.559,71.250,63.501,93.135
157.639,77.696,63.501,93.135
161.451,84.525,64.057,93.950
157.193,88.853,63.510,93.148
151.360,91.002,63.510,93.148
146.539,92.897,62.968,92.352
137.603,93.588,62.430,91.564
128.248,94.493,62.430,91.564
123.117,96.606,62.430,91.564
120.145,99.058,61.897,90.782
118.051,99.357,61.897,90.782
116.855,94.782,61.369,90.007
117.152,88.552,61.369,90.007
116.262,83.509,61.369,90.007
118.730,78.554,61.906,90.795
121.423,74.664,61.906,90.795
124.527,72.733,62.447,91.590
129.658,70.017,62.447,91.590
134.186,69.715,62.447,91.590
141.129,68.809,62.447,91.590
146.864,67.904,62.447,91.590
158.658,68.431,62.994,92.391
155.573,68.963,63.545,93.199
155.881,72.957,63.545,93.199
159.696,78.531,64.101,94.015
152.746,79.072,64.662,94.837
146.182,77.510,64.662,94.837
139.812,77.415,65.228,95.667
134.451,77.100,65.228,95.667
125.308,77.415,65.228,95.667
118.235,75.381,65.798,96.504
111.556,75.699,65.798,96.504
106.149,73.472,65.798,96.504
101.623,73.376,66.374,97.349
99.377,73.697,66.374,97.349
98.415,76.584,66.374,97.349
100.889,79.817,65.808,96.518
103.342,82.401,65.246,95.694
109.335,80.825,65.246,95.694
112.804,81.771,65.246,95.694
118.661,81.675,65.817,96.531
125.978,80.721,65.817,96.531
133.296,79.130,65.817,96.531
139.977,78.812,65.817,96.531
147.189,80.672,66.393,97.376
149.436,79.068,66.393,97.376
151.040,77.463,66.393,97.376
148.794,73.933,66.393,97.376
150.017,70.904,65.826,96.545
152.244,71.222,65.826,96.545
148.744,70.268,65.826,96.545
145.880,69.313,65.826,96.545
141.744,67.722,65.826,96.545
137.368,65.340,65.264,95.720
132.636,66.287,65.264,95.720
123.487,66.602,65.264,95.720
116.862,67.549,65.264,95.720
114.023,67.864,65.264,95.720
106.136,68.180,65.264,95.720
100.142,65.971,65.264,95.720
94.779,68.180,65.264,95.720
92.287,70.127,64.707,94.903
93.225,73.568,64.707,94.903
94.164,75.757,64.707,94.903
98.230,78.572,64.707,94.903
102.922,80.762,64.707,94.903
113.219,82.591,65.273,95.734
123.000,84.169,65.273,95.734
127.102,81.960,65.273,95.734
138.782,79.277,65.844,96.571
143.556,77.049,65.844,96.571
155.992,80.868,66.420,97.416
159.979,78.796,67.001,98.269
161.599,79.768,67.001,98.269
163.866,81.387,67.001,98.269
166.133,79.768,67.001,98.269
159.979,77.501,67.001,98.269
158.360,74.586,67.001,98.269
150.263,70.375,67.001,98.269
144.109,66.165,67.001,98.269
139.251,63.898,67.001,98.269
132.650,61.144,67.588,99.129
125.790,60.817,67.588,99.129
119.582,61.798,67.588,99.129
113.375,62.124,67.588,99.129
107.167,58.530,67.588,99.129
101.613,57.550,67.588,99.129
99.326,59.184,67.588,99.129
97.039,61.471,67.588,99.129
99.559,66.038,67.011,98.282
103.122,70.249,67.011,98.282
107.981,72.516,67.011,98.282
111.544,73.488,67.011,98.282
117.202,76.751,66.439,97.443
124.589,76.430,66.439,97.443
135.187,75.467,66.439,97.443
141.289,75.146,66.439,97.443
145.464,75.467,66.439,97.443
154.135,76.430,66.439,97.443
160.879,76.109,66.439,97.443
163.983,76.212,65.872,96.612
166.212,75.893,65.872,96.612
165.893,73.028,65.872,96.612
166.212,70.799,65.872,96.612
164.620,67.933,65.872,96.612
167.697,66.171,65.309,95.787
163.593,63.330,65.309,95.787
158.226,60.488,65.309,95.787
156.016,58.278,65.309,95.787
156.963,59.225,65.309,95.787
155.385,57.647,65.309,95.787
157.203,60.212,64.752,94.969
154.386,59.273,64.752,94.969
150.693,56.319,64.199,94.158
150.383,54.767,64.199,94.158
150.693,56.319,64.199,94.158
151.003,55.388,64.199,94.158
151.934,56.319,64.199,94.158
150.383,55.388,64.199,94.158
149.143,56.093,63.651,93.355
150.681,53.939,63.651,93.355
152.220,53.016,63.651,93.355
154.373,53.939,63.651,93.355
158.195,53.215,64.208,94.171
160.988,53.526,64.208,94.171
165.644,53.215,64.208,94.171
170.299,52.905,64.208,94.171
166.264,53.215,64.208,94.171
157.884,52.284,64.208,94.171
151.987,52.594,64.208,94.171
149.536,52.088,63.660,93.368
151.075,53.627,63.660,93.368
151.998,53.934,63.660,93.368
151.075,54.858,63.660,93.368
151.382,53.934,63.660,93.368
149.844,54.858,63.660,93.368
150.767,53.319,63.660,93.368
150.739,54.018,63.116,92.571
151.654,54.933,63.116,92.571
150.739,54.018,63.116,92.571
152.264,53.713,63.116,92.571
155.212,53.215,62.577,91.780
157.935,54.122,62.577,91.780
160.657,54.425,62.577,91.780
162.170,54.727,62.577,91.780
157.632,54.425,62.577,91.780
162.170,54.727,62.577,91.780
