245.000,64.000,12.000,13.000
245.254,64.057,12.000,13.000
245.106,64.205,12.000,13.000
245.352,64.451,12.000,13.000
245.697,64.008,12.000,13.000
246.336,64.254,12.000,13.000
245.795,64.008,12.000,13.000
246.336,64.057,12.000,13.000
245.795,63.811,12.000,13.000
246.336,63.565,12.000,13.000
246.090,64.106,12.000,13.000
246.238,63.959,12.000,13.000
246.090,63.811,12.000,13.000
246.632,63.664,12.000,13.000
247.074,63.811,12.000,13.000
246.927,63.959,12.000,13.000
246.779,64.106,12.000,13.000
247.025,64.352,12.000,13.000
246.484,64.697,12.000,13.000
246.140,63.860,12.000,13.000
245.697,64.008,12.000,13.000
246.238,64.254,12.000,13.000
245.697,64.598,12.000,13.000
245.648,63.959,12.000,13.000
245.205,64.500,12.000,13.000
244.270,64.844,12.000,13.000
243.433,64.303,12.000,13.000
242.892,64.943,12.000,13.000
242.351,64.500,12.000,13.000
241.416,64.844,12.000,13.000
240.383,64.598,12.000,13.000
239.448,64.549,12.000,13.000
238.513,65.189,12.000,13.000
237.480,65.632,12.000,13.000
235.955,65.090,12.000,13.000
234.725,65.828,12.000,13.000
233.593,65.681,12.000,13.000
231.876,66.179,12.105,13.114
229.841,65.633,12.105,13.114
228.203,66.179,12.105,13.114
226.665,65.534,12.105,13.114
224.530,65.980,12.105,13.114
222.893,65.335,12.105,13.114
220.858,64.888,12.105,13.114
218.823,64.442,12.105,13.114
216.887,63.995,12.105,13.114
215.150,63.647,12.105,13.114
214.207,63.796,12.105,13.114
212.271,62.953,12.105,13.114
210.038,62.804,12.105,13.114
208.300,62.258,12.105,13.114
206.365,62.506,12.105,13.114
204.727,62.853,12.105,13.114
202.791,62.704,12.105,13.114
201.451,63.449,12.105,13.114
199.813,63.598,12.105,13.114
197.977,63.846,12.105,13.114
196.239,63.399,12.105,13.114
194.999,63.945,12.105,13.114
192.765,63.697,12.105,13.114
190.829,63.945,12.105,13.114
188.993,63.201,12.105,13.114
187.554,62.754,12.105,13.114
186.214,63.300,12.105,13.114
184.476,62.556,12.105,13.114
182.342,62.307,12.105,13.114
180.605,61.861,12.105,13.114
179.364,62.010,12.105,13.114
177.230,61.761,12.105,13.114
175.989,61.910,12.105,13.114
174.053,62.059,12.105,13.114
172.018,62.109,12.105,13.114
170.083,62.556,12.105,13.114
168.147,62.704,12.105,13.114
166.311,63.052,12.105,13.114
164.276,63.201,12.105,13.114
162.439,62.754,12.105,13.114
161.298,63.399,12.105,13.114
159.064,62.953,12.105,13.114
158.022,63.002,12.105,13.114
155.987,62.357,12.105,13.114
154.845,61.910,12.105,13.114
153.604,61.563,12.105,13.114
152.761,61.215,12.105,13.114
151.945,60.904,12.211,13.228
151.093,60.453,12.211,13.228
150.843,60.403,12.211,13.228
150.493,60.553,12.211,13.228
150.142,60.904,12.211,13.228
150.593,61.254,12.211,13.228
150.042,61.304,12.211,13.228
150.593,61.555,12.211,13.228
150.443,62.105,12.211,13.228
150.893,61.855,12.211,13.228
151.544,62.205,12.211,13.228
152.095,62.256,12.211,13.228
152.746,62.005,12.211,13.228
153.296,61.855,12.211,13.228
154.047,62.205,12.211,13.228
154.798,62.155,12.211,13.228
154.348,61.605,12.211,13.228
153.797,61.254,12.211,13.228
153.347,61.004,12.211,13.228
154.098,60.653,12.211,13.228
154.648,61.304,12.211,13.228
155.199,61.555,12.211,13.228
154.548,61.304,12.211,13.228
153.997,61.054,12.211,13.228
154.849,61.304,12.211,13.228
155.299,61.855,12.211,13.228
155.950,62.406,12.211,13.228
156.301,63.057,12.211,13.228
157.052,63.307,12.211,13.228
157.001,63.958,12.211,13.228
157.252,64.408,12.211,13.228
157.202,65.260,12.211,13.228
157.853,65.710,12.211,13.228
157.402,66.261,12.211,13.228
157.052,65.910,12.211,13.228
157.602,66.161,12.211,13.228
157.052,65.810,12.211,13.228
156.742,65.393,12.318,13.344
156.636,66.008,12.426,13.461
156.007,65.479,12.534,13.579
155.583,65.156,12.644,13.698
155.900,64.830,12.755,13.817
156.434,63.859,12.866,13.938
155.643,63.912,12.866,13.938
155.965,63.039,12.979,14.060
155.592,62.667,12.979,14.060
154.936,62.115,13.092,14.183
154.053,61.337,13.207,14.307
153.566,61.716,13.207,14.307
152.675,61.043,13.322,14.433
151.747,60.770,13.322,14.433
151.296,61.099,13.439,14.559
150.390,60.979,13.557,14.686
149.779,61.479,13.557,14.686
149.093,61.927,13.675,14.815
148.401,61.230,13.795,14.944
148.684,62.079,13.795,14.944
147.870,61.723,13.916,15.075
147.633,61.131,14.037,15.207
147.230,60.498,14.037,15.207
148.094,60.671,14.037,15.207
147.806,60.038,14.037,15.207
147.332,59.204,14.160,15.340
146.258,58.363,14.284,15.474
145.175,58.356,14.409,15.610
144.325,57.379,14.535,15.746
143.550,58.154,14.535,15.746
142.448,58.146,14.662,15.884
141.090,58.508,14.791,16.023
139.937,58.569,14.791,16.023
138.443,59.058,14.920,16.163
137.158,59.364,14.920,16.163
134.898,58.603,15.051,16.305
133.849,59.282,15.051,16.305
130.949,59.220,15.051,16.305
128.295,59.159,15.051,16.305
126.629,59.591,15.051,16.305
124.855,58.697,15.182,16.447
123.299,58.884,15.182,16.447
121.382,58.493,15.315,16.591
119.964,58.098,15.449,16.737
118.662,57.051,15.584,16.883
117.065,56.348,15.584,16.883
115.490,55.292,15.721,17.031
114.008,54.712,15.721,17.031
112.912,53.616,15.721,17.031
111.429,53.036,15.721,17.031
109.947,53.616,15.721,17.031
108.593,52.907,15.721,17.031
107.137,53.559,15.858,17.180
105.135,52.884,15.997,17.330
104.460,53.414,16.137,17.482
103.600,53.744,16.137,17.482
102.607,53.414,16.137,17.482
102.012,53.612,16.137,17.482
101.331,54.146,16.278,17.635
100.730,53.812,16.278,17.635
101.197,54.279,16.278,17.635
99.929,53.412,16.278,17.635
99.195,53.078,16.278,17.635
99.529,53.812,16.278,17.635
98.842,52.846,16.421,17.789
97.966,51.970,16.421,17.789
97.226,51.634,16.421,17.789
96.395,52.039,16.564,17.945
95.139,52.030,16.709,18.102
94.248,51.551,16.709,18.102
93.357,52.441,16.709,18.102
92.330,52.647,16.709,18.102
91.063,53.059,16.855,18.260
89.643,52.483,17.003,18.420
88.354,52.903,17.152,18.581
86.877,53.677,17.152,18.581
85.400,54.450,17.152,18.581
83.924,55.224,17.152,18.581
82.306,55.435,17.152,18.581
79.420,54.705,17.302,18.744
78.214,54.634,17.302,18.744
76.611,53.752,17.453,18.908
75.141,52.862,17.606,19.073
73.806,51.669,17.760,19.240
73.442,50.577,17.760,19.240
72.641,49.776,17.760,19.240
73.005,49.412,17.760,19.240
73.369,49.484,17.760,19.240
74.170,49.994,17.760,19.240
74.680,49.921,17.760,19.240
75.627,50.140,17.760,19.240
76.428,50.358,17.760,19.240
75.335,49.994,17.760,19.240
75.845,50.650,17.760,19.240
76.937,50.285,17.760,19.240
78.030,50.795,17.760,19.240
79.669,49.741,17.915,19.408
80.330,49.961,17.915,19.408
81.833,48.747,18.072,19.578
82.285,49.041,18.230,19.749
82.808,48.069,18.230,19.749
83.481,47.845,18.230,19.749
84.004,48.069,18.230,19.749
84.528,48.144,18.230,19.749
85.051,47.920,18.230,19.749
85.574,48.293,18.230,19.749
86.396,47.770,18.230,19.749
86.853,48.067,18.390,19.922
87.468,48.211,18.551,20.097
88.153,47.679,18.551,20.097
88.837,48.516,18.551,20.097
92.868,49.505,18.551,20.097
94.922,50.493,18.551,20.097
95.911,51.026,18.551,20.097
96.687,51.016,18.713,20.272
96.764,50.018,18.713,20.272
96.603,49.222,18.877,20.450
97.552,50.005,19.042,20.629
98.349,48.874,19.208,20.809
97.955,48.008,19.208,20.809
98.759,47.998,19.377,20.991
98.680,47.442,19.377,20.991
98.188,46.780,19.546,21.175
98.108,45.738,19.546,21.175
99.255,45.727,19.717,21.360
98.754,44.722,19.890,21.547
98.416,44.879,20.064,21.736
99.425,44.700,20.239,21.926
100.442,43.838,20.416,22.118
99.580,44.170,20.595,22.311
97.153,44.679,20.775,22.506
96.898,45.616,20.775,22.506
98.466,45.430,20.957,22.703
100.047,46.475,21.140,22.902
102.887,46.464,21.325,23.102
105.930,47.528,21.512,23.305
107.916,47.336,21.700,23.508
109.606,48.670,21.700,23.508
113.251,49.571,21.890,23.714
115.455,48.823,22.082,23.922
118.805,49.638,22.082,23.922
121.249,49.004,22.082,23.922
124.599,48.008,22.082,23.922
127.768,47.374,22.082,23.922
129.851,46.378,22.082,23.922
131.390,45.383,22.082,23.922
134.912,44.628,22.275,24.131
138.091,43.680,22.470,24.342
139.105,43.588,22.470,24.342
140.303,42.943,22.470,24.342
141.132,42.114,22.470,24.342
141.961,41.469,22.470,24.342
142.901,41.835,22.666,24.555
144.295,41.742,22.666,24.555
145.875,41.649,22.666,24.555
149.314,42.485,22.666,24.555
152.753,42.392,22.666,24.555
156.191,42.485,22.666,24.555
160.002,43.322,22.666,24.555
163.812,43.972,22.666,24.555
167.437,44.809,22.666,24.555
171.433,45.645,22.666,24.555
175.429,46.296,22.666,24.555
179.797,46.946,22.666,24.555
184.165,47.411,22.666,24.555
190.578,48.061,22.666,24.555
194.760,48.898,22.666,24.555
198.942,48.805,22.666,24.555
203.310,48.712,22.666,24.555
207.121,48.061,22.666,24.555
211.117,48.526,22.666,24.555
214.556,47.318,22.666,24.555
218.366,48.154,22.666,24.555
220.268,46.809,22.865,24.770
221.486,45.965,22.865,24.770
223.020,45.760,23.065,24.987
226.699,46.523,23.266,25.205
227.940,46.810,23.266,25.205
229.891,47.188,23.470,25.426
233.241,47.768,23.675,25.648
236.421,48.352,23.883,25.873
238.281,48.841,23.883,25.873
241.513,49.919,23.883,25.873
244.721,50.709,24.092,26.099
246.539,51.506,24.302,26.328
250.212,51.901,24.515,26.558
253.711,51.270,24.730,26.790
255.993,51.049,24.946,27.025
259.972,49.777,25.164,27.261
262.346,49.262,25.164,27.261
265.544,48.539,25.164,27.261
268.330,49.262,25.164,27.261
270.497,48.127,25.164,27.261
272.396,48.748,25.384,27.500
274.374,47.811,25.384,27.500
276.767,48.539,25.384,27.500
278.683,49.379,25.606,27.740
280.888,49.484,25.606,27.740
282.463,50.429,25.606,27.740
284.458,50.114,25.606,27.740
286.243,50.639,25.606,27.740
287.818,50.324,25.606,27.740
289.393,50.639,25.606,27.740
291.387,49.274,25.606,27.740
293.172,48.119,25.606,27.740
294.327,46.544,25.606,27.740
295.482,46.020,25.606,27.740
296.637,44.655,25.606,27.740
297.162,43.500,25.606,27.740
297.687,42.555,25.606,27.740
298.212,41.400,25.606,27.740
299.157,40.035,25.606,27.740
299.892,38.670,25.606,27.740
300.837,37.725,25.606,27.740
301.152,36.990,25.606,27.740
303.300,37.622,25.831,27.983
304.465,38.575,25.831,27.983
305.630,39.529,25.831,27.983
307.642,40.694,25.831,27.983
311.112,42.199,26.057,28.228
313.297,43.281,26.285,28.475
318.147,44.897,26.285,28.475
322.340,45.988,26.515,28.724
323.754,45.444,26.515,28.724
325.602,44.248,26.515,28.724
327.015,43.052,26.515,28.724
325.819,41.639,26.515,28.724
326.798,40.008,26.515,28.724
327.016,38.657,26.747,28.975
327.011,37.518,26.981,29.229
327.460,36.370,27.217,29.485
326.998,35.440,27.455,29.743
327.224,34.733,27.695,30.003
326.288,33.787,27.937,30.265
327.927,34.477,28.182,30.530
328.967,35.517,28.182,30.530
328.389,36.095,28.182,30.530
327.811,36.672,28.182,30.530
326.859,37.605,28.428,30.797
325.659,38.306,28.677,31.067
324.366,39.835,28.677,31.067
319.540,40.784,28.928,31.339
317.104,41.498,29.181,31.613
311.457,42.463,29.437,31.890
306.751,42.695,29.694,32.169
301.754,42.679,29.954,32.450
300.742,41.404,30.216,32.734
300.122,41.032,30.216,32.734
301.485,39.669,30.216,32.734
300.370,38.802,30.216,32.734
298.841,38.024,30.480,33.020
296.786,38.264,30.747,33.309
294.643,38.138,30.747,33.309
291.995,39.020,30.747,33.309
287.597,39.779,31.016,33.601
285.435,40.669,31.016,33.601
280.997,40.913,31.288,33.895
278.816,39.759,31.288,33.895
276.636,40.143,31.288,33.895
274.711,40.528,31.288,33.895
272.787,40.400,31.288,33.895
270.863,41.041,31.288,33.895
268.682,39.630,31.288,33.895
266.758,38.732,31.288,33.895
264.833,38.861,31.288,33.895
262.198,39.896,31.561,34.191
259.274,39.083,31.837,34.491
257.128,40.136,32.116,34.792
254.423,40.929,32.397,35.097
252.165,41.327,32.397,35.097
250.438,42.523,32.397,35.097
249.242,43.453,32.397,35.097
248.047,44.117,32.397,35.097
248.977,45.047,32.397,35.097
247.516,43.851,32.397,35.097
245.876,43.017,32.681,35.404
246.546,41.811,32.681,35.404
245.608,40.873,32.681,35.404
246.010,40.203,32.681,35.404
244.906,39.087,32.966,35.714
244.069,36.852,33.255,36.026
243.783,34.878,33.546,36.341
244.906,32.604,33.839,36.659
246.037,30.310,34.136,36.980
248.137,28.211,34.136,36.980
247.557,26.758,34.434,37.304
247.262,25.003,34.736,37.630
245.504,23.816,35.039,37.959
243.142,22.914,35.346,38.292
237.491,20.518,35.655,38.627
231.191,18.101,35.967,38.965
228.162,18.687,36.282,39.306
225.106,19.277,36.600,39.649
221.715,20.180,36.920,39.996
217.364,21.712,37.243,40.346
211.723,22.944,37.569,40.699
205.716,24.331,37.569,40.699
198.446,25.574,37.897,41.056
190.157,27.783,38.229,41.415
182.163,30.134,38.229,41.415
173.159,33.006,38.564,41.777
161.617,34.745,38.564,41.777
149.758,36.801,38.564,41.777
142.326,38.856,38.564,41.777
130.326,39.160,38.901,42.143
113.643,36.523,39.241,42.511
101.762,34.853,39.585,42.883
94.459,35.340,39.585,42.883
85.468,34.320,39.931,43.259
77.445,32.519,39.931,43.259
70.078,31.373,39.931,43.259
66.312,32.192,39.931,43.259
60.582,30.718,39.931,43.259
57.143,32.192,39.931,43.259
53.378,30.718,39.931,43.259
49.612,30.555,39.931,43.259
45.846,30.063,39.931,43.259
43.390,28.917,39.931,43.259
44.209,29.408,39.931,43.259
41.753,28.262,39.931,43.259
42.899,28.426,39.931,43.259
40.771,26.625,39.931,43.259
41.262,25.806,39.931,43.259
41.926,24.107,40.280,43.637
41.101,21.960,40.280,43.637
39.614,19.813,40.280,43.637
40.961,20.130,40.633,44.019
39.129,17.297,40.633,44.019
37.629,15.131,40.633,44.019
39.462,16.631,40.633,44.019
36.630,14.798,40.633,44.019
33.890,14.093,40.988,44.404
31.369,12.917,40.988,44.404
29.521,14.766,40.988,44.404
28.008,15.942,40.988,44.404
25.487,17.455,40.988,44.404
21.958,16.950,40.988,44.404
19.195,17.962,41.347,44.793
16.313,19.149,41.347,44.793
