264.000,311.000,37.000,69.000
265.119,310.056,37.000,69.000
263.675,308.612,37.000,69.000
264.706,306.343,37.000,69.000
265.325,301.186,37.000,69.000
265.944,298.505,37.000,69.000
266.975,296.649,37.000,69.000
265.944,296.030,37.000,69.000
266.150,295.411,37.000,69.000
264.294,293.967,37.000,69.000
264.500,294.173,37.000,69.000
261.406,296.442,37.000,69.000
260.375,296.236,37.000,69.000
259.343,294.380,37.000,69.000
258.312,291.698,37.000,69.000
256.043,292.317,37.000,69.000
257.074,292.523,37.000,69.000
253.980,291.079,37.000,69.000
252.124,289.635,37.000,69.000
253.155,291.492,37.000,69.000
250.886,289.635,37.000,69.000
251.092,288.191,37.000,69.000
251.452,287.480,36.684,68.411
252.883,286.048,36.684,68.411
252.270,284.208,36.684,68.411
249.803,283.699,37.005,69.010
249.853,284.454,37.329,69.613
249.229,286.743,37.329,69.613
247.561,289.274,37.010,69.019
244.878,291.956,37.010,69.019
240.958,295.051,37.010,69.019
239.707,293.131,36.694,68.430
243.594,291.290,36.694,68.430
246.662,289.858,36.694,68.430
252.186,292.108,36.694,68.430
255.663,292.722,36.694,68.430
264.460,289.654,36.694,68.430
275.302,291.904,36.694,68.430
284.040,293.992,36.381,67.846
292.356,290.138,36.381,67.846
300.266,293.586,36.381,67.846
307.364,296.223,36.381,67.846
315.274,297.643,36.381,67.846
323.184,296.223,36.381,67.846
331.094,299.265,36.381,67.846
339.816,301.902,36.381,67.846
349.754,303.322,36.381,67.846
358.881,304.741,36.381,67.846
367.602,306.567,36.381,67.846
375.106,308.392,36.381,67.846
382.611,307.784,36.381,67.846
390.087,307.084,36.071,67.267
399.854,309.137,35.763,66.692
409.623,307.741,35.763,66.692
421.386,310.732,35.763,66.692
430.358,310.134,35.763,66.692
440.925,311.928,35.763,66.692
450.295,314.520,35.763,66.692
454.881,315.915,35.763,66.692
451.093,309.336,35.763,66.692
455.280,305.947,35.763,66.692
453.485,305.747,35.763,66.692
454.351,305.251,36.076,67.276
451.513,304.751,36.391,67.865
452.394,305.910,36.710,68.458
451.370,306.933,36.710,68.458
451.000,307.682,37.031,69.057
452.742,309.284,37.355,69.662
454.324,309.785,37.036,69.067
453.475,309.073,36.720,68.477
454.908,309.277,36.720,68.477
456.750,307.435,36.720,68.477
453.680,307.640,36.720,68.477
454.703,307.844,36.720,68.477
456.258,307.537,36.406,67.893
454.431,307.335,36.406,67.893
453.648,308.078,36.725,68.487
456.309,307.054,36.725,68.487
454.467,306.030,36.725,68.487
454.823,308.520,36.411,67.902
453.808,310.347,36.411,67.902
455.522,309.425,36.730,68.496
453.269,311.678,36.730,68.496
454.158,313.267,37.051,69.096
453.784,313.600,37.376,69.700
455.116,312.654,37.703,70.310
454.735,314.717,38.032,70.925
456.090,313.754,38.365,71.546
454.826,314.099,38.701,72.172
456.336,312.157,38.701,72.172
456.388,311.178,39.040,72.804
454.210,311.083,39.381,73.441
394.403,277.681,39.726,74.083
389.462,287.572,40.073,74.731
393.339,288.545,39.731,74.094
396.318,291.671,39.392,73.461
395.843,295.198,39.056,72.834
398.127,294.656,39.398,73.471
401.861,294.436,39.398,73.471
404.716,294.656,39.398,73.471
408.889,298.390,39.398,73.471
411.744,298.170,39.398,73.471
415.039,297.951,39.398,73.471
424.483,295.974,39.398,73.471
422.067,301.904,39.398,73.471
425.272,301.358,39.742,74.114
426.688,300.352,40.090,74.763
429.693,300.017,39.748,74.124
437.449,301.568,39.748,74.124
439.997,304.263,39.409,73.492
438.665,306.077,39.072,72.864
441.496,307.166,39.072,72.864
443.892,307.819,39.072,72.864
446.724,308.037,39.072,72.864
443.892,309.562,39.072,72.864
443.847,311.360,38.739,72.242
446.654,312.008,38.739,72.242
446.006,311.792,38.739,72.242
428.684,313.575,38.408,71.625
371.514,324.496,38.408,71.625
373.013,321.284,38.408,71.625
375.368,322.783,38.408,71.625
378.152,324.281,38.408,71.625
377.938,321.070,38.408,71.625
381.062,318.342,38.744,72.252
384.656,318.690,39.083,72.884
387.924,320.215,39.083,72.884
398.600,322.612,39.083,72.884
402.304,326.316,39.083,72.884
406.444,324.355,39.083,72.884
412.750,325.153,39.425,73.522
418.684,322.735,39.425,73.522
424.618,323.395,39.425,73.522
430.576,324.352,39.088,72.895
434.717,325.005,39.088,72.895
439.293,328.274,39.088,72.895
442.997,330.671,39.088,72.895
446.266,332.197,39.088,72.895
449.535,331.979,39.088,72.895
452.803,333.940,39.088,72.895
455.200,329.800,39.088,72.895
456.726,328.274,39.088,72.895
459.559,330.671,39.088,72.895
422.521,338.848,38.755,72.272
420.368,337.681,38.424,71.655
421.439,338.324,38.424,71.655
421.394,339.257,38.096,71.044
422.456,335.646,38.096,71.044
423.942,336.284,38.096,71.044
423.483,336.794,37.771,70.437
424.536,337.426,37.771,70.437
423.904,335.531,37.771,70.437
427.484,337.426,37.771,70.437
430.316,338.753,37.448,69.836
432.612,339.380,37.448,69.836
431.378,335.436,37.776,70.447
434.537,336.911,37.776,70.447
438.539,335.015,37.776,70.447
440.434,336.911,37.776,70.447
442.444,336.184,37.453,69.846
445.994,337.228,37.453,69.846
446.203,337.437,37.453,69.846
449.752,338.481,37.453,69.846
453.720,339.107,37.453,69.846
450.345,337.732,37.781,70.457
451.691,338.503,38.112,71.073
452.178,337.103,38.445,71.695
454.536,335.174,38.445,71.695
454.321,337.103,38.445,71.695
452.603,336.782,38.117,71.083
454.091,336.569,38.117,71.083
454.728,335.082,38.117,71.083
397.992,278.345,38.117,71.083
401.179,276.432,38.117,71.083
403.622,278.187,37.792,70.476
354.954,287.668,37.792,70.476
355.732,283.652,37.469,69.875
358.030,286.785,37.469,69.875
360.432,289.325,37.149,69.278
363.124,292.018,37.149,69.278
365.402,288.497,37.149,69.278
367.680,290.775,37.149,69.278
369.958,293.053,37.149,69.278
372.651,295.745,37.149,69.278
375.343,293.053,37.149,69.278
376.378,294.089,37.149,69.278
378.656,295.952,37.149,69.278
380.520,296.574,37.149,69.278
380.995,297.332,37.474,69.884
383.397,298.649,37.154,69.288
385.145,294.737,37.479,69.894
387.547,296.462,37.159,69.297
389.826,297.084,37.159,69.297
391.150,297.842,37.485,69.904
392.195,298.887,37.485,69.904
393.657,296.171,37.485,69.904
394.993,297.792,37.813,70.515
396.047,299.690,37.813,70.515
398.470,301.019,37.490,69.913
400.351,299.138,37.490,69.913
400.978,301.437,37.490,69.913
402.859,302.064,37.490,69.913
402.650,303.109,37.490,69.913
403.986,304.303,37.818,70.525
406.198,304.642,38.149,71.142
407.993,300.625,38.483,71.765
410.782,302.556,38.483,71.765
412.713,303.629,38.483,71.765
414.214,305.989,38.483,71.765
417.003,307.061,38.483,71.765
420.650,308.134,38.483,71.765
422.901,309.359,38.819,72.393
424.849,305.680,38.819,72.393
426.363,307.628,38.819,72.393
429.177,309.576,38.819,72.393
431.557,305.897,38.819,72.393
433.505,307.845,38.819,72.393
436.751,308.927,38.819,72.393
439.021,310.606,39.159,73.026
441.423,306.895,39.159,73.026
443.388,307.987,39.159,73.026
445.789,308.641,39.159,73.026
446.881,309.733,39.159,73.026
448.845,312.571,39.159,73.026
451.247,314.972,39.159,73.026
452.338,319.557,39.159,73.026
454.303,318.029,39.159,73.026
455.394,315.191,39.159,73.026
454.740,310.606,39.159,73.026
454.792,314.538,39.502,73.665
455.893,317.842,39.502,73.665
453.471,314.979,39.502,73.665
444.442,302.867,39.502,73.665
441.139,301.325,39.502,73.665
443.561,301.986,39.502,73.665
440.258,299.123,39.502,73.665
442.360,300.512,39.164,73.036
440.395,297.673,39.164,73.036
442.360,298.765,39.164,73.036
440.395,296.800,39.164,73.036
444.107,297.455,39.164,73.036
444.762,293.743,39.164,73.036
446.290,294.398,39.164,73.036
445.635,289.377,39.164,73.036
447.478,283.910,39.507,73.675
447.079,279.750,39.853,74.320
447.746,281.305,39.853,74.320
449.745,284.637,39.853,74.320
452.634,286.637,39.853,74.320
449.745,281.527,39.853,74.320
447.977,276.420,40.201,74.970
446.181,276.958,39.858,74.330
445.070,277.625,39.858,74.330
445.292,278.291,39.858,74.330
446.847,280.291,39.858,74.330
447.514,279.180,39.858,74.330
446.847,276.292,39.858,74.330
447.958,277.847,39.858,74.330
446.645,276.383,40.207,74.981
448.996,276.285,40.559,75.637
447.866,276.511,40.559,75.637
447.640,274.024,40.559,75.637
448.770,275.154,40.559,75.637
447.434,276.446,40.914,76.299
449.827,278.216,41.272,76.966
452.240,279.058,41.633,77.640
450.151,276.970,41.633,77.640
453.169,278.594,41.633,77.640
452.472,280.219,41.633,77.640
389.247,246.335,41.997,78.319
383.063,244.793,42.365,79.004
382.152,246.626,42.735,79.696
380.008,244.958,42.735,79.696
376.434,241.861,42.735,79.696
373.561,242.733,43.109,80.393
371.155,242.628,43.486,81.096
366.740,243.516,43.867,81.806
366.799,241.403,44.251,82.522
367.539,243.623,44.251,82.522
367.786,246.830,44.251,82.522
369.019,245.597,44.251,82.522
370.253,244.857,44.251,82.522
370.993,246.584,44.251,82.522
372.720,244.857,44.251,82.522
373.953,246.584,44.251,82.522
375.187,245.350,44.251,82.522
375.752,244.736,44.638,83.244
378.987,241.999,44.638,83.244
380.729,238.764,44.638,83.244
382.133,236.448,44.257,82.533
382.192,235.329,44.644,83.255
382.762,234.709,45.035,83.984
383.516,233.454,45.035,83.984
385.120,231.800,45.429,84.719
387.906,230.027,45.429,84.719
390.043,230.954,45.826,85.460
392.200,229.795,46.227,86.208
394.660,230.414,45.833,85.472
399.004,232.203,45.833,85.472
401.303,232.969,45.833,85.472
405.647,232.714,45.833,85.472
409.375,233.649,46.234,86.220
414.272,232.876,46.234,86.220
418.138,234.165,46.234,86.220
422.520,235.969,46.234,86.220
427.933,236.227,46.234,86.220
432.314,236.485,46.234,86.220
435.665,237.258,46.234,86.220
439.531,237.000,46.234,86.220
439.980,240.637,45.839,85.484
442.791,243.448,45.839,85.484
440.491,244.726,45.839,85.484
439.214,246.004,45.839,85.484
442.025,246.770,45.839,85.484
442.280,248.048,45.839,85.484
442.536,248.815,45.839,85.484
440.236,246.515,45.839,85.484
437.689,246.132,45.448,84.754
442.424,247.059,45.845,85.496
443.702,248.848,45.845,85.496
445.145,250.959,45.454,84.766
444.597,246.623,45.066,84.042
446.356,248.885,45.066,84.042
448.114,249.638,45.066,84.042
449.532,251.713,44.681,83.325
448.508,248.423,44.300,82.613
448.456,250.944,43.922,81.908
450.316,252.011,43.547,81.209
451.530,254.681,43.547,81.209
451.005,250.054,43.175,80.516
452.690,251.257,43.175,80.516
451.267,247.698,43.553,81.220
452.481,248.426,43.553,81.220
452.430,249.957,43.181,80.527
452.671,253.087,43.181,80.527
452.621,248.029,42.812,79.839
451.905,250.654,42.812,79.839
450.234,258.530,42.812,79.839
384.727,240.322,43.187,80.538
379.190,239.600,43.187,80.538
381.838,237.915,43.187,80.538
383.524,240.563,43.187,80.538
380.875,243.211,43.187,80.538
378.227,242.971,43.187,80.538
379.912,239.841,43.187,80.538
376.515,230.357,43.565,81.243
375.786,229.143,43.565,81.243
372.629,232.786,43.565,81.243
369.472,232.058,43.565,81.243
370.842,235.959,43.193,80.549
367.712,234.273,43.193,80.549
369.071,239.550,42.824,79.862
366.922,238.834,42.824,79.862
368.594,237.640,42.824,79.862
370.609,241.940,43.199,80.560
369.886,246.998,43.199,80.560
367.719,245.312,43.199,80.560
370.368,248.924,43.199,80.560
371.572,247.720,43.199,80.560
374.221,246.516,43.199,80.560
376.870,250.610,43.199,80.560
376.148,253.741,43.199,80.560
376.097,253.380,42.830,79.873
378.376,255.817,42.465,79.191
375.522,252.316,42.836,79.884
376.558,250.253,43.211,80.583
373.426,250.013,43.211,80.583
372.222,253.144,43.211,80.583
368.608,251.940,43.211,80.583
363.728,249.365,43.589,81.288
358.307,244.775,43.971,81.999
353.843,248.185,44.355,82.717
352.606,252.389,44.355,82.717
349.624,248.732,44.743,83.440
345.883,243.494,44.743,83.440
343.139,245.739,44.743,83.440
344.733,249.209,45.135,84.170
346.494,252.480,45.135,84.170
345.236,254.744,45.135,84.170
347.501,257.512,45.135,84.170
346.746,259.274,45.135,84.170
345.488,261.035,45.135,84.170
345.236,262.796,45.135,84.170
342.468,259.525,45.135,84.170
340.707,261.287,45.135,84.170
338.690,262.382,44.750,83.452
336.944,264.628,44.750,83.452
337.004,268.610,45.141,84.182
334.236,270.874,45.141,84.182
336.501,272.133,45.141,84.182
339.269,273.894,45.141,84.182
337.507,275.656,45.141,84.182
336.249,277.921,45.141,84.182
336.501,279.682,45.141,84.182
336.249,281.444,45.141,84.182
335.278,284.429,45.536,84.919
335.024,287.221,45.536,84.919
335.785,290.014,45.536,84.919
337.055,294.330,45.536,84.919
336.011,300.884,45.147,84.194
333.242,297.108,45.147,84.194
336.011,301.890,45.147,84.194
335.759,297.612,45.147,84.194
339.031,301.890,45.147,84.194
339.091,298.168,45.542,84.930
341.376,301.977,45.542,84.930
343.154,297.661,45.542,84.930
344.423,293.344,45.542,84.930
348.127,295.315,45.941,85.674
350.572,290.933,45.549,84.942
352.716,294.466,45.947,85.685
355.928,296.979,46.349,86.435
359.168,293.158,46.755,87.192
362.557,288.727,46.755,87.192
365.291,285.941,47.164,87.954
369.761,282.522,47.164,87.954
374.675,279.173,47.577,88.724
383.982,281.775,47.993,89.500
387.995,278.832,47.993,89.500
392.996,276.521,48.413,90.284
396.505,273.552,48.413,90.284
399.889,276.200,48.837,91.074
403.862,276.639,49.264,91.870
407.306,277.645,49.695,92.674
409.799,280.692,49.695,92.674
408.968,278.199,49.695,92.674
411.461,281.800,49.695,92.674
413.955,283.740,49.695,92.674
415.340,282.354,49.695,92.674
418.387,284.294,49.695,92.674
419.773,280.692,49.695,92.674
420.604,279.307,49.695,92.674
423.651,281.246,49.695,92.674
423.150,277.717,50.130,93.485
425.106,279.673,50.130,93.485
425.746,275.540,50.568,94.303
426.970,276.573,51.011,95.128
423.842,275.151,51.011,95.128
426.401,277.710,51.011,95.128
426.685,275.151,51.011,95.128
427.920,276.775,51.457,95.961
428.780,278.209,51.457,95.961
426.772,277.349,51.457,95.961
429.354,276.488,51.457,95.961
431.533,276.618,51.018,95.142
430.918,274.527,50.582,94.329
434.020,277.064,50.582,94.329
433.738,275.091,50.582,94.329
431.200,273.117,50.582,94.329
434.158,275.883,51.025,95.155
437.287,276.737,51.025,95.155
440.416,278.159,51.025,95.155
442.407,281.288,51.025,95.155
441.238,277.531,50.589,94.342
444.196,279.142,51.032,95.168
444.692,276.495,50.596,94.356
444.410,275.085,50.596,94.356
445.256,273.110,50.596,94.356
447.230,274.521,50.596,94.356
448.454,273.819,51.039,95.181
447.032,270.120,51.039,95.181
450.600,272.912,51.486,96.014
450.540,268.561,51.046,95.194
454.239,264.861,51.046,95.194
457.370,262.869,51.046,95.194
460.500,266.000,51.046,95.194
458.508,263.439,51.046,95.194
462.207,264.861,51.046,95.194
459.646,262.300,51.046,95.194
462.776,266.000,51.046,95.194
460.496,263.352,50.610,94.382
463.189,263.480,50.178,93.576
459.855,261.423,49.750,92.777
463.044,240.984,49.325,91.985
463.110,235.226,49.757,92.790
461.471,236.242,50.192,93.602
462.310,237.641,50.192,93.602
463.890,239.951,49.764,92.803
460.838,239.119,49.764,92.803
464.444,239.951,49.764,92.803
466.551,243.866,49.339,92.011
469.027,242.491,49.339,92.011
396.136,265.321,49.339,92.011
392.560,263.395,49.339,92.011
394.486,262.570,49.339,92.011
397.648,265.378,48.918,91.225
401.739,266.741,48.918,91.225
404.739,266.469,48.918,91.225
408.284,268.378,48.918,91.225
411.284,269.196,48.918,91.225
409.630,268.255,48.500,90.446
414.227,268.525,48.500,90.446
416.660,266.092,48.500,90.446
418.553,264.199,48.500,90.446
422.717,263.266,48.086,89.674
428.882,264.070,48.086,89.674
427.542,262.730,48.086,89.674
431.027,263.534,48.086,89.674
432.904,264.339,48.086,89.674
434.780,265.143,48.086,89.674
436.657,265.947,48.086,89.674
437.997,267.287,48.086,89.674
436.895,269.501,47.676,88.909
439.287,270.830,47.676,88.909
440.084,272.159,47.676,88.909
439.818,271.361,47.676,88.909
440.084,271.627,47.676,88.909
442.476,272.956,47.676,88.909
440.616,274.285,47.676,88.909
441.413,275.082,47.676,88.909
440.839,273.647,47.269,88.150
442.683,274.437,47.269,88.150
441.893,274.701,47.269,88.150
440.295,273.277,46.865,87.397
443.035,274.234,47.275,88.162
442.245,275.552,47.275,88.162
441.454,273.707,47.275,88.162
442.772,273.971,47.275,88.162
444.090,274.234,47.275,88.162
442.772,272.916,47.275,88.162
445.144,273.180,47.275,88.162
443.299,272.916,47.275,88.162
445.671,273.707,47.275,88.162
443.299,275.025,47.275,88.162
441.981,276.343,47.275,88.162
438.555,274.498,47.275,88.162
443.035,274.761,47.275,88.162
445.935,276.079,47.275,88.162
443.563,276.870,47.275,88.162
441.450,278.017,46.872,87.410
445.370,278.801,46.872,87.410
443.541,279.585,46.872,87.410
442.757,279.846,46.872,87.410
446.676,279.585,46.872,87.410
444.325,278.279,46.872,87.410
443.541,279.063,46.872,87.410
442.234,277.233,46.872,87.410
441.226,273.369,47.282,88.174
440.435,272.051,47.282,88.174
443.334,271.260,47.282,88.174
445.179,272.578,47.282,88.174
443.334,270.206,47.282,88.174
444.652,271.524,47.282,88.174
442.807,269.679,47.282,88.174
440.435,270.997,47.282,88.174
443.334,272.315,47.282,88.174
440.962,272.578,47.282,88.174
442.964,273.726,46.878,87.422
441.657,274.510,46.878,87.422
439.305,273.203,46.878,87.422
443.225,273.988,46.878,87.422
441.919,275.294,46.878,87.422
445.316,273.988,46.878,87.422
443.487,274.249,46.878,87.422
441.657,273.465,46.878,87.422
444.009,274.772,46.878,87.422
441.393,274.657,47.288,88.187
444.424,272.719,46.885,87.434
441.549,274.025,46.885,87.434
444.424,274.287,46.885,87.434
441.549,272.980,46.885,87.434
443.902,275.332,46.885,87.434
442.072,276.116,46.885,87.434
444.424,277.423,46.885,87.434
443.117,278.730,46.885,87.434
444.947,279.514,46.885,87.434
441.795,280.471,47.295,88.199
445.223,281.790,47.295,88.199
443.377,283.108,47.295,88.199
441.004,283.372,47.295,88.199
445.579,279.890,46.891,87.446
443.749,281.720,46.891,87.446
442.965,281.981,46.891,87.446
445.317,278.583,46.891,87.446
443.487,277.798,46.891,87.446
445.317,279.105,46.891,87.446
443.487,278.321,46.891,87.446
444.795,275.446,46.891,87.446
442.189,273.524,46.491,86.699
443.485,272.746,46.491,86.699
441.153,270.413,46.491,86.699
444.522,272.746,46.491,86.699
443.226,273.524,46.491,86.699
443.485,271.191,46.491,86.699
441.671,272.487,46.491,86.699
444.522,272.746,46.491,86.699
442.189,270.413,46.491,86.699
444.522,271.191,46.491,86.699
446.855,271.968,46.491,86.699
445.040,272.746,46.491,86.699
443.744,273.005,46.491,86.699
443.485,273.264,46.491,86.699
445.818,274.560,46.491,86.699
445.040,275.338,46.491,86.699
444.263,275.597,46.491,86.699
442.967,273.783,46.491,86.699
444.263,274.560,46.491,86.699
442.967,273.264,46.491,86.699
443.744,274.042,46.491,86.699
444.004,271.191,46.491,86.699
443.226,273.524,46.491,86.699
442.967,274.301,46.491,86.699
444.781,275.079,46.491,86.699
444.522,273.264,46.491,86.699
443.744,274.560,46.491,86.699
445.040,274.819,46.491,86.699
444.781,274.560,46.491,86.699
445.559,275.338,46.491,86.699
444.781,276.634,46.491,86.699
444.522,277.411,46.491,86.699
445.299,278.189,46.491,86.699
444.004,278.448,46.491,86.699
443.226,277.670,46.491,86.699
442.967,278.448,46.491,86.699
443.226,278.707,46.491,86.699
443.485,279.485,46.491,86.699
444.263,280.262,46.491,86.699
443.485,281.040,46.491,86.699
445.818,281.817,46.491,86.699
444.522,282.595,46.491,86.699
442.708,283.372,46.491,86.699
446.193,285.513,46.094,85.959
444.148,285.400,46.497,86.711
446.481,283.585,46.497,86.711
447.777,283.845,46.497,86.711
449.073,281.512,46.497,86.711
450.888,282.289,46.497,86.711
449.073,280.475,46.497,86.711
449.851,281.771,46.497,86.711
448.036,279.438,46.497,86.711
447.258,279.697,46.497,86.711
445.962,276.846,46.497,86.711
445.703,275.031,46.497,86.711
446.481,273.735,46.497,86.711
446.222,270.365,46.497,86.711
444.926,267.514,46.497,86.711
444.456,263.680,46.904,87.470
442.626,262.896,46.904,87.470
444.456,259.497,46.904,87.470
444.718,260.281,46.904,87.470
443.410,263.157,46.904,87.470
442.626,265.511,46.904,87.470
444.612,267.160,46.504,86.723
443.316,268.456,46.504,86.723
443.056,267.160,46.504,86.723
444.353,267.937,46.504,86.723
444.093,269.234,46.504,86.723
444.353,271.567,46.504,86.723
443.056,271.308,46.504,86.723
444.353,272.604,46.504,86.723
443.575,271.826,46.504,86.723
442.279,272.086,46.504,86.723
444.612,272.863,46.504,86.723
444.871,274.160,46.504,86.723
444.612,275.456,46.504,86.723
443.316,276.752,46.504,86.723
444.612,278.048,46.504,86.723
444.353,279.345,46.504,86.723
443.056,281.159,46.504,86.723
441.760,280.382,46.504,86.723
436.834,281.159,46.504,86.723
432.946,280.382,46.504,86.723
429.575,280.122,46.504,86.723
423.612,280.900,46.504,86.723
420.242,278.048,46.504,86.723
415.835,274.678,46.504,86.723
406.675,272.772,46.107,85.983
410.016,275.599,46.107,85.983
400.935,271.703,45.713,85.249
396.602,268.900,45.713,85.249
393.799,271.703,45.713,85.249
396.472,274.726,46.113,85.995
392.102,278.582,46.113,85.995
388.475,282.686,46.517,86.748
443.294,288.420,46.924,87.507
446.171,291.297,46.924,87.507
442.480,294.936,47.334,88.272
437.466,300.478,47.334,88.272
432.262,304.716,46.930,87.519
422.058,300.792,46.930,87.519
417.919,299.379,46.530,86.772
414.322,297.471,46.132,86.031
411.257,295.079,45.739,85.296
408.452,293.804,45.739,85.296
406.667,291.509,45.739,85.296
411.589,294.112,45.348,84.568
415.976,294.719,44.961,83.846
421.303,291.898,44.577,83.131
426.522,293.141,44.577,83.131
430.657,294.560,44.967,83.858
435.420,297.318,44.967,83.858
439.770,296.942,44.583,83.142
443.001,295.202,44.583,83.142
445.735,293.462,44.583,83.142
449.463,291.225,44.583,83.142
452.197,291.474,44.583,83.142
455.925,290.231,44.583,83.142
459.753,286.464,44.203,82.432
462.464,284.246,44.203,82.432
466.160,282.028,44.203,82.432
461.971,257.139,44.203,82.432
465.667,252.457,44.203,82.432
415.150,273.896,44.203,82.432
418.846,275.621,44.203,82.432
424.021,274.389,44.203,82.432
428.703,274.635,44.203,82.432
434.371,275.375,44.203,82.432
439.608,275.967,43.826,81.729
444.739,277.189,43.826,81.729
447.427,278.410,43.826,81.729
446.205,276.211,43.826,81.729
446.264,277.106,44.209,82.444
446.828,274.472,44.596,83.165
447.574,276.212,44.596,83.165
448.320,273.974,44.596,83.165
447.360,270.298,44.986,83.893
448.113,265.031,44.986,83.893
449.868,261.771,44.986,83.893
451.624,257.006,44.986,83.893
453.379,257.758,44.986,83.893
457.038,257.648,45.380,84.627
458.809,254.865,45.380,84.627
461.086,252.082,45.380,84.627
465.296,248.860,45.777,85.367
446.666,286.374,45.777,85.367
448.820,285.739,46.177,86.114
451.137,281.363,46.177,86.114
458.116,277.461,45.783,85.379
462.046,275.584,45.392,84.650
464.462,270.761,45.005,83.928
458.691,281.047,45.005,83.928
469.553,277.337,45.399,84.662
470.312,258.355,45.399,84.662
469.046,259.114,45.399,84.662
466.262,261.898,45.399,84.662
461.654,258.156,45.796,85.403
465.379,256.997,46.197,86.150
462.031,267.556,46.197,86.150
453.117,271.139,46.601,86.904
449.984,275.286,47.008,87.664
452.733,277.857,47.420,88.432
452.255,279.909,47.835,89.205
454.655,282.309,47.835,89.205
456.359,281.098,48.253,89.986
459.856,285.133,48.253,89.986
456.060,281.707,48.676,90.773
456.126,277.694,49.101,91.568
457.494,281.252,49.101,91.568
461.053,282.621,49.101,91.568
458.874,279.134,49.531,92.369
462.464,277.753,49.531,92.369
457.217,281.343,49.531,92.369
453.628,283.828,49.531,92.369
455.560,286.313,49.531,92.369
452.230,285.626,49.964,93.177
450.838,288.690,49.964,93.177
450.002,286.740,49.964,93.177
452.509,286.462,49.964,93.177
455.016,288.969,49.964,93.177
450.838,288.690,49.964,93.177
451.116,286.740,49.964,93.177
453.066,286.462,49.964,93.177
456.269,286.588,49.538,92.382
454.888,284.102,49.538,92.382
453.752,283.688,49.115,91.593
456.764,281.224,49.115,91.593
458.681,288.069,49.115,91.593
457.020,286.056,48.696,90.811
455.663,283.613,48.696,90.811
452.134,290.400,48.696,90.811
446.634,285.828,49.122,91.606
450.317,291.830,48.703,90.824
455.475,297.532,48.703,90.824
458.324,301.865,49.129,91.618
460.241,305.974,49.129,91.618
458.622,303.608,49.559,92.420
458.898,301.121,49.559,92.420
463.043,303.608,49.559,92.420
462.214,297.806,49.559,92.420
461.714,293.154,49.992,93.229
464.780,290.645,49.992,93.229
460.847,285.381,50.430,94.044
456.630,281.164,50.430,94.044
453.240,279.312,50.871,94.867
449.819,276.280,51.316,95.697
453.407,271.463,51.765,96.535
457.736,265.980,51.765,96.535
461.487,262.806,51.765,96.535
464.805,262.373,51.323,95.711
461.954,260.828,50.885,94.894
464.348,257.214,51.330,95.724
459.137,254.742,51.779,96.562
457.117,257.340,51.779,96.562
454.240,261.413,51.337,95.737
457.960,258.265,51.337,95.737
459.964,262.558,51.337,95.737
456.243,262.272,51.337,95.737
452.274,267.427,50.899,94.920
454.087,270.211,51.344,95.751
450.048,267.152,51.794,96.588
449.182,265.131,51.794,96.588
447.431,268.078,51.352,95.764
450.008,270.655,51.352,95.764
445.714,269.223,51.352,95.764
446.000,267.219,51.352,95.764
444.569,271.514,51.352,95.764
447.860,274.436,50.913,94.946
445.873,271.882,50.913,94.946
442.751,273.868,50.913,94.946
441.899,273.585,50.913,94.946
439.913,271.598,50.913,94.946
441.899,275.288,50.913,94.946
441.048,273.868,50.913,94.946
440.196,279.829,50.913,94.946
439.583,284.388,50.479,94.136
440.227,284.264,50.920,94.959
438.506,283.839,50.486,94.149
439.728,285.446,50.927,94.973
442.124,282.994,51.373,95.804
440.692,284.999,51.373,95.804
439.833,283.567,51.373,95.804
440.119,286.717,51.373,95.804
442.697,284.712,51.373,95.804
440.401,283.165,50.934,94.986
438.680,283.294,50.500,94.175
440.087,288.080,50.500,94.175
442.058,287.235,50.500,94.175
442.903,286.391,50.500,94.175
444.873,284.983,50.500,94.175
441.213,281.886,50.500,94.175
440.932,278.789,50.500,94.175
437.027,277.269,50.069,93.371
438.603,276.305,49.641,92.574
441.093,275.475,49.641,92.574
440.593,274.219,50.075,93.384
438.080,273.382,50.075,93.384
440.200,278.410,49.648,92.587
439.602,277.995,49.224,91.796
443.606,280.688,49.655,92.600
447.205,279.857,49.655,92.600
447.481,282.903,49.655,92.600
444.436,283.733,49.655,92.600
446.928,285.671,49.655,92.600
443.883,282.626,49.655,92.600
446.525,287.072,49.231,91.809
445.153,291.738,49.231,91.809
448.721,289.817,49.231,91.809
451.191,291.738,49.231,91.809
452.015,294.757,49.231,91.809
454.485,297.227,49.231,91.809
456.801,293.731,49.662,92.612
456.300,287.934,50.096,93.423
456.786,286.970,49.669,92.625
460.386,285.032,49.669,92.625
463.986,284.755,49.669,92.625
460.940,284.478,49.669,92.625
458.168,279.816,50.103,93.436
455.096,277.860,50.103,93.436
455.037,282.347,49.676,92.638
451.437,282.070,49.676,92.638
453.375,286.224,49.676,92.638
455.314,293.147,49.676,92.638
450.933,301.918,49.251,91.847
447.363,306.586,49.251,91.847
449.285,304.664,49.251,91.847
447.663,300.603,49.682,92.651
449.433,297.643,50.117,93.462
449.500,294.657,50.556,94.280
452.036,297.193,50.556,94.280
448.372,295.784,50.556,94.280
450.909,297.193,50.556,94.280
453.288,298.225,50.998,95.104
454.141,301.921,50.998,95.104
456.131,299.931,50.998,95.104
458.121,299.647,50.998,95.104
455.562,296.519,50.998,95.104
452.435,303.058,50.998,95.104
458.477,313.172,50.563,94.293
453.685,310.636,50.563,94.293
450.286,317.446,51.005,95.118
453.269,324.316,51.451,95.950
456.998,328.619,51.451,95.950
460.296,331.547,51.012,95.131
464.675,333.895,50.577,94.319
458.754,332.486,50.577,94.319
455.354,336.408,51.019,95.144
454.500,340.106,51.019,95.144
451.940,343.803,51.019,95.144
448.812,342.950,51.019,95.144
446.252,350.060,51.019,95.144
443.972,357.404,50.584,94.332
447.638,362.198,50.584,94.332
445.928,367.828,50.152,93.527
450.122,365.311,50.152,93.527
455.921,358.311,50.591,94.345
459.023,353.516,50.591,94.345
457.864,353.093,50.159,93.540
459.442,353.220,49.731,92.741
464.055,349.688,50.166,93.553
466.989,347.846,50.605,94.371
463.886,343.614,50.605,94.371
458.748,340.598,51.048,95.197
462.448,340.314,51.048,95.197
413.784,264.330,51.048,95.197
415.019,267.122,51.494,96.030
412.436,269.706,51.494,96.030
413.297,272.289,51.494,96.030
414.543,273.341,51.945,96.870
413.674,269.576,51.945,96.870
411.647,267.549,51.945,96.870
412.516,266.680,51.945,96.870
413.772,268.928,52.399,97.718
414.649,270.973,52.399,97.718
414.357,266.591,52.399,97.718
412.896,265.130,52.399,97.718
416.825,266.972,51.952,96.884
416.535,264.366,51.952,96.884
426.672,266.972,51.952,96.884
428.872,262.582,51.509,96.056
438.359,257.747,51.959,96.897
442.704,254.561,51.959,96.897
444.732,253.112,51.959,96.897
446.760,256.878,51.959,96.897
451.580,258.532,52.414,97.745
456.547,262.915,52.414,97.745
456.018,270.574,52.873,98.600
452.506,277.034,52.421,97.758
455.136,288.432,52.421,97.758
456.013,293.400,52.421,97.758
432.925,327.008,52.421,97.758
431.797,322.087,52.880,98.614
437.912,317.727,53.343,99.477
442.251,317.597,53.809,100.347
446.012,319.310,54.280,101.225
448.736,312.955,54.280,101.225
454.485,308.416,54.280,101.225
432.395,296.009,54.280,101.225
430.277,292.681,54.280,101.225
435.312,293.168,54.755,102.111
439.140,290.531,55.234,103.004
436.985,287.760,55.234,103.004
434.534,288.256,55.717,103.906
430.788,283.026,56.205,104.815
425.724,282.889,56.697,105.732
419.321,280.806,57.193,106.657
412.861,276.091,57.693,107.590
422.188,280.272,57.693,107.590
424.440,282.524,57.693,107.590
427.978,283.488,57.693,107.590
443.095,287.026,57.693,107.590
445.346,289.921,57.693,107.590
444.764,292.417,58.198,108.532
448.333,293.391,58.198,108.532
443.466,291.769,58.198,108.532
440.546,294.689,58.198,108.532
443.284,297.207,58.707,109.481
437.721,293.607,58.707,109.481
441.975,296.552,58.707,109.481
444.067,299.763,59.221,110.439
438.732,295.558,59.739,111.406
439.065,291.228,59.739,111.406
440.064,294.892,59.739,111.406
441.509,295.428,60.262,112.380
440.501,291.061,60.262,112.380
443.525,292.069,60.262,112.380
442.517,289.045,60.262,112.380
444.197,293.413,60.262,112.380
443.861,294.421,60.262,112.380
441.509,292.069,60.262,112.380
440.213,289.167,60.789,113.364
443.263,290.861,60.789,113.364
445.635,292.556,60.789,113.364
444.618,287.472,60.789,113.364
446.313,290.522,60.789,113.364
442.226,284.816,61.321,114.356
437.781,280.372,61.321,114.356
433.337,279.346,61.321,114.356
434.821,279.196,61.858,115.356
431.717,274.713,61.858,115.356
426.852,271.027,62.399,116.366
421.230,269.448,62.945,117.384
417.370,267.694,62.945,117.384
410.703,268.045,62.945,117.384
406.141,266.992,62.945,117.384
414.212,270.150,62.945,117.384
424.388,272.607,62.945,117.384
428.950,270.852,62.945,117.384
431.193,272.137,63.496,118.411
433.670,273.907,63.496,118.411
431.193,270.721,63.496,118.411
431.547,271.783,63.496,118.411
429.455,272.353,64.051,119.447
433.383,269.140,64.051,119.447
438.025,271.639,64.051,119.447
441.238,274.853,64.051,119.447
440.167,276.638,64.051,119.447
443.381,276.995,64.051,119.447
439.453,275.210,64.051,119.447
443.381,276.995,64.051,119.447
439.453,273.068,64.051,119.447
438.807,275.839,64.612,120.492
436.285,276.920,64.612,120.492
438.807,277.280,64.612,120.492
435.565,274.758,64.612,120.492
436.645,278.000,64.612,120.492
440.424,280.058,65.177,121.547
437.154,275.334,65.177,121.547
440.221,278.154,65.747,122.610
437.655,275.588,65.747,122.610
441.154,277.900,65.186,121.563
437.883,273.175,65.186,121.563
436.066,273.539,65.186,121.563
441.517,274.629,65.186,121.563
435.768,266.994,64.630,120.526
430.685,265.358,65.195,121.580
433.752,266.689,65.766,122.644
427.827,268.032,66.341,123.717
425.238,264.703,66.341,123.717
428.769,264.870,65.775,122.661
432.803,263.037,65.775,122.661
428.769,259.737,65.775,122.661
424.399,257.040,65.213,121.614
434.215,258.858,65.213,121.614
437.487,259.949,65.213,121.614
442.941,261.767,65.213,121.614
438.941,262.130,65.213,121.614
441.486,263.948,65.213,121.614
438.941,260.676,65.213,121.614
440.032,263.221,65.213,121.614
441.850,265.766,65.213,121.614
438.578,259.585,65.213,121.614
443.304,261.403,65.213,121.614
434.715,254.474,64.657,120.576
430.750,251.230,64.657,120.576
434.531,251.072,65.222,121.631
429.805,247.072,65.222,121.631
426.181,245.817,64.666,120.593
430.867,247.620,64.666,120.593
439.159,248.701,64.666,120.593
436.973,245.347,64.114,119.563
439.475,247.849,64.114,119.563
440.547,245.347,64.114,119.563
439.475,247.849,64.114,119.563
439.118,252.496,64.114,119.563
433.041,255.713,64.114,119.563
426.250,256.785,64.114,119.563
423.748,259.287,64.114,119.563
420.884,260.146,63.566,118.542
425.490,264.044,63.566,118.542
423.010,265.816,63.566,118.542
416.985,266.879,63.566,118.542
409.544,265.107,63.566,118.542
396.432,264.044,63.566,118.542
401.747,265.107,63.566,118.542
406.354,263.335,63.566,118.542
409.046,261.421,63.024,117.531
411.714,258.838,62.486,116.527
412.062,255.703,62.486,116.527
416.591,256.051,62.486,116.527
413.456,252.219,62.486,116.527
426.345,253.264,62.486,116.527
430.873,251.522,62.486,116.527
428.435,246.297,62.486,116.527
432.440,247.134,61.952,115.532
428.641,243.335,61.952,115.532
432.440,245.062,61.952,115.532
430.022,241.954,61.952,115.532
433.821,244.371,61.952,115.532
421.868,241.388,62.494,116.543
419.429,239.646,62.494,116.543
421.171,236.510,62.494,116.543
424.307,238.252,62.494,116.543
421.171,234.420,62.494,116.543
425.857,233.898,61.961,115.549
421.066,232.032,61.432,114.562
425.004,236.196,60.907,113.584
421.620,233.037,60.387,112.615
417.560,231.509,60.916,113.600
416.541,233.207,60.916,113.600
419.783,230.710,60.396,112.630
419.055,232.833,59.880,111.669
414.345,232.003,60.404,112.646
420.070,235.033,60.404,112.646
415.318,233.505,60.933,113.631
421.093,237.242,60.933,113.631
425.661,239.384,60.413,112.661
428.693,241.068,60.413,112.661
426.335,242.752,60.413,112.661
420.610,240.394,60.413,112.661
418.926,244.099,60.413,112.661
416.226,244.908,59.897,111.700
415.892,247.246,59.897,111.700
419.565,249.583,59.897,111.700
413.485,246.699,60.421,112.677
418.399,247.932,60.950,113.663
420.778,250.990,60.950,113.663
417.392,250.481,60.429,112.693
416.006,248.661,59.914,111.731
421.564,251.253,60.438,112.708
418.532,249.569,60.438,112.708
415.174,248.406,59.922,111.746
409.495,244.063,59.922,111.746
415.174,245.734,59.922,111.746
413.800,248.492,59.410,110.792
409.207,246.057,58.903,109.846
414.132,246.385,58.903,109.846
407.893,242.773,58.903,109.846
412.162,244.415,58.903,109.846
416.431,245.400,58.903,109.846
413.799,248.752,58.400,108.909
410.218,245.822,58.400,108.909
413.961,247.240,57.902,107.979
418.302,249.905,57.408,107.057
415.113,248.801,56.917,106.143
412.892,246.580,56.917,106.143
418.286,246.897,56.917,106.143
415.110,243.506,57.415,107.072
418.790,246.773,56.925,106.158
417.203,243.282,56.925,106.158
421.328,243.600,56.925,106.158
424.185,246.456,56.925,106.158
420.694,242.965,56.925,106.158
423.372,245.428,57.423,107.087
419.512,246.600,57.926,108.024
417.251,246.277,57.926,108.024
420.334,243.903,57.431,107.102
423.036,247.044,57.934,108.039
418.838,244.137,57.934,108.039
419.160,240.585,57.934,108.039
419.900,241.767,58.441,108.984
419.574,238.183,58.441,108.984
425.113,235.903,58.441,108.984
424.787,232.319,58.441,108.984
426.416,234.600,58.441,108.984
432.505,236.460,58.952,109.938
436.778,231.531,58.952,109.938
441.050,233.174,58.952,109.938
444.666,238.104,58.952,109.938
440.028,233.917,59.468,110.900
436.382,234.249,59.468,110.900
432.383,234.103,59.988,111.870
417.381,229.843,60.513,112.849
412.995,230.181,60.513,112.849
412.385,230.033,61.043,113.837
413.862,232.674,61.577,114.833
416.265,233.017,61.577,114.833
419.162,236.385,62.116,115.837
422.279,236.039,62.116,115.837
421.652,234.467,62.659,116.851
424.796,237.611,62.659,116.851
428.639,237.262,62.659,116.851
429.439,235.677,63.207,117.873
434.019,240.962,63.207,117.873
435.549,241.530,63.761,118.905
438.549,239.188,64.318,119.945
440.105,241.236,64.881,120.995
442.417,244.785,65.449,122.053
444.241,246.609,65.449,122.053
440.589,240.465,66.022,123.121
435.804,237.153,66.022,123.121
426.838,238.501,66.599,124.199
424.644,234.532,67.182,125.285
426.516,235.656,67.182,125.285
427.640,238.277,67.182,125.285
430.801,237.345,67.770,126.382
430.423,237.723,67.770,126.382
432.063,235.234,68.363,127.488
430.158,238.664,68.363,127.488
427.490,238.283,68.363,127.488
432.444,241.713,68.363,127.488
428.252,239.045,68.363,127.488
433.969,240.189,68.363,127.488
431.301,239.807,68.363,127.488
429.395,239.426,68.363,127.488
427.924,233.790,68.961,128.603
428.309,236.481,68.961,128.603
431.000,234.559,68.961,128.603
431.384,234.944,68.961,128.603
428.324,237.139,69.564,129.728
422.852,232.994,70.173,130.863
426.373,233.385,70.173,130.863
428.329,236.906,70.173,130.863
430.027,239.141,70.787,132.008
431.211,232.432,70.787,132.008
433.184,224.934,70.787,132.008
435.157,219.804,70.787,132.008
437.130,215.463,70.787,132.008
420.236,194.256,71.407,133.164
416.252,185.921,72.031,134.329
418.260,182.307,72.031,134.329
414.240,177.191,72.662,135.504
413.025,173.546,72.662,135.504
409.379,170.710,72.662,135.504
417.076,173.546,72.662,135.504
419.911,178.812,72.662,135.504
423.557,179.217,72.662,135.504
425.315,178.209,73.297,136.690
428.175,175.348,73.297,136.690
432.670,170.036,73.297,136.690
323.567,185.155,73.297,136.690
315.289,178.275,73.939,137.886
319.823,180.336,73.939,137.886
324.357,175.801,73.939,137.886
329.716,179.511,73.939,137.886
333.195,175.950,74.586,139.092
336.704,171.506,75.238,140.309
342.996,176.120,75.238,140.309
348.449,177.378,75.238,140.309
351.385,174.442,75.238,140.309
346.771,171.506,75.238,140.309
353.063,175.281,75.238,140.309
357.463,170.798,75.897,141.537
361.901,168.010,76.561,142.776
365.743,165.022,76.561,142.776
369.345,160.460,77.231,144.025
374.081,165.197,77.231,144.025
371.067,157.877,77.231,144.025
374.081,155.724,77.231,144.025
377.715,151.122,77.906,145.285
383.361,155.031,77.906,145.285
379.452,148.517,77.906,145.285
384.230,154.163,77.906,145.285
378.992,147.740,78.588,146.556
379.996,142.159,79.276,147.839
383.973,147.020,79.276,147.839
378.643,139.578,79.969,149.132
381.764,137.349,79.969,149.132
378.643,130.662,79.969,149.132
384.439,130.216,79.969,149.132
388.451,126.204,79.969,149.132
387.114,121.300,79.969,149.132
392.910,126.204,79.969,149.132
389.789,121.300,79.969,149.132
384.885,115.504,79.969,149.132
390.680,120.408,79.969,149.132
386.668,114.612,79.969,149.132
380.872,110.600,79.969,149.132
383.102,114.612,79.969,149.132
378.197,107.925,79.969,149.132
380.427,103.021,79.969,149.132
375.523,97.225,79.969,149.132
381.318,102.129,79.969,149.132
384.439,97.225,79.969,149.132
389.343,101.238,79.969,149.132
396.030,103.467,79.969,149.132
401.826,104.804,79.969,149.132
406.730,103.467,79.969,149.132
411.634,108.371,79.969,149.132
407.622,102.575,79.969,149.132
415.357,106.256,79.287,147.859
420.219,100.510,79.287,147.859
424.197,102.720,79.287,147.859
428.175,105.814,79.287,147.859
431.533,101.702,78.610,146.597
431.638,93.424,79.298,147.880
433.848,98.287,79.298,147.880
436.943,99.613,79.298,147.880
436.143,92.169,79.992,149.174
432.129,87.264,79.992,149.174
436.807,94.382,80.692,150.479
434.558,95.732,80.692,150.479
431.830,99.446,80.003,149.194
427.816,96.324,80.003,149.194
429.154,103.014,80.003,149.194
428.190,106.697,79.320,147.921
431.286,101.833,79.320,147.921
435.266,104.044,79.320,147.921
433.055,105.370,79.320,147.921
436.150,104.044,79.320,147.921
434.331,98.204,78.643,146.658
438.277,95.135,78.643,146.658
440.469,100.834,78.643,146.658
434.770,94.258,78.643,146.658
429.545,89.323,77.971,145.406
431.998,96.305,77.306,144.165
435.877,95.874,77.306,144.165
348.390,86.824,77.306,144.165
346.235,89.841,77.306,144.165
351.838,91.995,77.306,144.165
357.440,94.150,77.306,144.165
363.043,87.686,77.306,144.165
370.521,89.562,76.646,142.934
375.003,92.003,77.316,144.185
381.469,95.020,77.316,144.185
385.348,88.555,77.316,144.185
390.089,94.158,77.316,144.185
393.968,96.313,77.316,144.185
397.848,97.606,77.316,144.185
395.693,91.141,77.316,144.185
395.262,96.744,77.316,144.185
391.382,90.279,77.316,144.185
387.503,83.813,77.316,144.185
385.348,86.831,77.316,144.185
381.893,81.979,76.656,142.954
381.466,84.971,76.656,142.954
379.329,84.543,76.656,142.954
378.047,81.552,76.656,142.954
381.293,84.247,76.002,141.734
379.174,87.213,76.002,141.734
383.219,91.538,75.353,140.524
382.799,87.757,75.353,140.524
389.100,88.177,75.353,140.524
394.561,88.597,75.353,140.524
398.571,87.968,74.710,139.324
403.794,82.662,75.364,140.543
411.904,85.311,74.720,139.343
418.152,79.063,74.720,139.343
421.068,81.146,74.720,139.343
424.817,81.562,74.720,139.343
427.981,82.564,74.082,138.154
426.742,77.195,74.082,138.154
427.981,77.608,74.082,138.154
429.220,80.499,74.082,138.154
429.939,83.909,73.450,136.974
427.892,81.042,73.450,136.974
427.806,86.021,72.823,135.805
428.212,89.675,72.823,135.805
424.558,86.021,72.823,135.805
420.904,87.239,72.823,135.805
419.686,82.774,72.823,135.805
418.952,84.260,73.460,136.993
415.669,83.646,72.833,135.824
412.015,79.180,72.833,135.824
405.924,82.022,72.833,135.824
401.028,82.676,73.470,137.012
396.522,83.086,73.470,137.012
392.440,77.677,72.843,135.843
391.222,82.144,72.843,135.843
390.004,78.489,72.843,135.843
392.034,82.144,72.843,135.843
389.572,79.158,72.221,134.683
394.806,83.587,72.221,134.683
392.793,83.989,72.221,134.683
396.416,85.197,72.221,134.683
394.761,86.165,71.605,133.534
399.152,84.169,71.605,133.534
398.289,85.128,70.994,132.394
399.476,87.899,70.994,132.394
397.497,89.878,70.994,132.394
401.059,90.274,70.994,132.394
398.289,91.461,70.994,132.394
397.102,95.023,70.994,132.394
396.385,98.095,71.615,133.552
394.389,100.091,71.615,133.552
394.788,102.886,71.615,133.552
397.583,104.882,71.615,133.552
394.383,101.946,71.004,132.412
399.529,105.509,71.004,132.412
398.673,108.777,70.397,131.282
402.991,106.815,70.397,131.282
406.523,104.853,70.397,131.282
411.625,102.891,70.397,131.282
418.155,103.523,71.013,132.430
420.135,102.335,71.013,132.430
424.489,104.315,71.013,132.430
428.844,99.960,71.013,132.430
431.615,101.939,71.013,132.430
434.622,98.256,70.407,131.300
439.135,99.199,69.806,130.179
443.416,90.249,69.806,130.179
427.554,115.607,70.417,131.318
319.810,199.130,71.033,132.467
326.400,194.086,71.655,133.626
331.593,190.490,71.655,133.626
336.786,194.885,71.655,133.626
342.778,191.289,71.655,133.626
349.569,193.287,71.655,133.626
358.756,192.887,71.655,133.626
366.346,190.890,71.655,133.626
370.740,192.088,71.655,133.626
372.738,188.493,71.655,133.626
377.132,189.691,71.655,133.626
380.727,189.292,71.655,133.626
383.523,187.295,71.655,133.626
387.714,190.395,72.282,134.795
385.699,191.604,72.282,134.795
387.714,192.007,72.282,134.795
386.057,192.975,71.665,133.645
389.652,194.973,71.665,133.645
392.449,195.373,71.665,133.645
390.451,194.174,71.665,133.645
393.248,194.574,71.665,133.645
390.451,191.777,71.665,133.645
395.824,194.296,71.053,132.504
395.428,189.939,71.053,132.504
398.201,189.543,71.053,132.504
396.220,187.562,71.053,132.504
397.128,183.328,71.674,133.663
399.126,178.933,71.674,133.663
399.525,176.935,71.674,133.663
407.916,178.933,71.674,133.663
416.204,171.386,72.302,134.833
412.995,167.078,72.934,136.013
415.028,168.297,72.934,136.013
419.501,168.704,72.934,136.013
417.098,156.856,73.572,137.203
420.789,155.626,73.572,137.203
420.379,152.755,73.572,137.203
417.955,147.530,74.216,138.403
422.506,150.426,74.216,138.403
422.093,145.875,74.216,138.403
420.496,142.301,74.866,139.614
418.409,137.710,74.866,139.614
423.000,143.970,74.866,139.614
420.913,141.049,74.866,139.614
424.669,145.640,74.866,139.614
425.396,143.385,74.227,138.422
422.499,145.454,74.227,138.422
414.637,140.075,74.227,138.422
407.102,142.438,74.876,139.634
404.180,137.847,74.876,139.634
407.703,138.519,75.531,140.855
408.966,135.572,75.531,140.855
412.756,129.256,75.531,140.855
417.388,130.519,75.531,140.855
420.079,125.155,76.192,142.088
425.601,119.633,76.192,142.088
428.315,116.834,76.859,143.331
427.539,113.133,77.531,144.585
426.243,110.107,77.531,144.585
421.488,106.217,77.531,144.585
424.771,102.196,76.869,143.351
419.200,78.626,76.869,143.351
421.619,77.148,76.213,142.127
418.237,74.349,76.880,143.371
423.808,73.063,76.880,143.371
428.736,72.420,76.224,142.147
394.316,-1.944,76.224,142.147
390.910,-6.727,75.573,140.934
387.961,-9.676,75.573,140.934
393.438,-5.041,75.573,140.934
396.387,-8.833,75.573,140.934
392.170,-11.609,76.234,142.167
398.545,-6.084,76.234,142.167
393.870,-10.759,76.234,142.167
400.245,-12.034,76.234,142.167
400.156,-13.500,75.584,140.953
397.206,-15.607,75.584,140.953
403.527,-10.129,75.584,140.953
402.263,-14.765,75.584,140.953
399.708,-17.041,74.938,139.750
406.141,-11.145,74.299,138.557
405.246,-15.807,73.664,137.374
409.763,-17.039,73.664,137.374
408.876,-12.847,73.036,136.201
406.840,-14.069,73.036,136.201
412.133,-7.961,73.036,136.201
415.798,-11.626,73.036,136.201
414.918,-13.031,72.412,135.039
419.358,-9.397,72.412,135.039
422.184,-12.223,72.412,135.039
425.010,-6.975,72.412,135.039
422.184,-7.379,72.412,135.039
425.817,-7.783,72.412,135.039
427.308,-10.751,71.794,133.886
433.311,-5.548,71.794,133.886
429.323,-7.710,71.181,132.743
434.481,-4.138,71.181,132.743
432.849,-5.507,70.573,131.610
429.696,-6.097,69.971,130.486
428.092,-7.443,69.374,129.372
432.346,-3.962,69.374,129.372
430.061,-4.925,69.981,130.504
435.753,-2.696,70.593,131.646
431.813,-5.289,71.211,132.798
433.798,-6.480,71.211,132.798
432.940,-7.075,70.603,131.665
434.908,-7.469,70.603,131.665
437.664,-4.714,70.603,131.665
434.908,-1.958,70.603,131.665
434.515,0.010,70.603,131.665
431.760,0.403,70.603,131.665
436.089,3.158,70.603,131.665
431.760,1.190,70.603,131.665
432.153,5.520,70.603,131.665
432.071,2.626,70.000,130.541
431.680,4.577,70.000,130.541
430.075,3.231,69.402,129.426
427.367,0.522,69.402,129.426
415.373,0.909,69.402,129.426
413.027,-1.181,68.810,128.321
412.643,-0.030,68.810,128.321
392.353,-4.347,68.223,127.226
394.255,-9.292,68.223,127.226
398.438,-13.475,68.223,127.226
404.143,-12.334,68.223,127.226
408.327,-14.236,68.223,127.226
413.271,-9.292,68.223,127.226
416.694,-11.193,68.223,127.226
420.325,-11.763,67.640,126.140
416.567,-15.272,67.063,125.063
423.054,-8.537,66.490,123.995
418.636,-12.709,65.923,122.937
423.999,-9.857,66.500,124.013
421.027,-14.753,65.932,122.954
426.541,-7.769,65.932,122.954
425.746,-11.189,65.369,121.904
428.514,-5.336,64.811,120.864
424.208,-9.402,64.258,119.832
427.628,-6.444,63.709,118.809
422.009,-10.442,63.165,117.795
425.883,-5.160,63.165,117.795
422.713,-9.033,63.165,117.795
426.762,-4.064,62.626,116.789
429.904,-5.810,62.626,116.789
428.857,-11.745,62.626,116.789
428.784,-19.762,62.092,115.792
434.790,-18.255,61.561,114.804
436.506,-24.776,61.561,114.804
435.764,-29.978,61.036,113.824
441.004,-25.840,60.515,112.852
437.968,-16.731,60.515,112.852
436.956,-11.671,60.515,112.852
434.252,-12.835,59.998,111.889
430.572,-14.507,59.998,111.889
433.583,-13.504,59.998,111.889
430.572,-17.852,59.998,111.889
427.562,-18.856,59.998,111.889
431.241,-16.514,59.998,111.889
435.590,-14.842,59.998,111.889
432.256,-15.343,59.486,110.934
434.578,-13.022,59.486,110.934
431.593,-17.333,59.486,110.934
429.935,-19.654,59.486,110.934
431.593,-16.670,59.486,110.934
430.229,-19.108,58.978,109.987
433.188,-15.491,58.978,109.987
430.571,-18.332,59.494,110.949
432.893,-15.346,59.494,110.949
434.118,-15.844,58.986,110.002
435.973,-14.412,58.483,109.063
430.431,-16.694,58.483,109.063
426.844,-13.760,58.483,109.063
431.735,-12.129,58.483,109.063
438.664,-8.165,57.984,108.132
439.858,-7.388,57.489,107.209
442.292,-4.742,56.998,106.294
441.339,-3.153,56.998,106.294
440.386,-2.835,56.998,106.294
441.339,-5.060,56.998,106.294
441.021,-3.471,56.998,106.294
439.432,-4.424,56.998,106.294
441.021,-6.013,56.998,106.294
442.194,-8.969,56.511,105.386
440.619,-12.435,56.511,105.386
443.012,-10.448,56.029,104.486
442.337,-12.745,55.551,103.595
442.027,-10.577,55.551,103.595
439.545,-12.250,55.076,102.710
442.308,-10.714,55.076,102.710
438.931,-15.934,55.076,102.710
441.694,-12.557,55.076,102.710
439.545,-17.776,55.076,102.710
442.476,-14.043,54.606,101.833
439.127,-19.827,54.606,101.833
443.085,-18.305,54.606,101.833
440.345,-17.392,54.606,101.833
437.905,-20.224,54.140,100.964
440.622,-15.697,54.140,100.964
440.320,-14.187,54.140,100.964
437.000,-18.715,54.140,100.964
440.923,-14.187,54.140,100.964
439.414,-12.075,54.140,100.964
440.923,-9.358,54.140,100.964
438.207,-7.849,54.140,100.964
434.887,-9.358,54.140,100.964
438.207,-6.642,54.140,100.964
436.094,-5.133,54.140,100.964
437.000,-3.624,54.140,100.964
434.283,-6.944,54.140,100.964
434.585,-6.038,54.140,100.964
431.265,-8.755,54.140,100.964
431.202,-5.673,53.678,100.102
433.895,-3.579,53.678,100.102
432.740,-2.483,54.148,100.978
436.060,-2.181,54.148,100.978
433.947,-6.709,54.148,100.978
438.596,-4.806,53.685,100.116
441.290,-8.098,53.685,100.116
443.983,-10.193,53.685,100.116
444.881,-8.696,53.685,100.116
443.385,-6.601,53.685,100.116
443.085,-3.309,53.685,100.116
441.589,-3.010,53.685,100.116
440.092,-5.703,53.685,100.116
444.117,-4.984,53.227,99.261
439.666,-8.248,53.227,99.261
440.557,-6.765,53.227,99.261
438.178,-7.209,52.773,98.414
437.543,-10.521,52.322,97.574
440.896,-6.405,51.876,96.741
438.014,-9.095,51.433,95.915
440.751,-5.609,50.994,95.096
437.624,-8.167,50.994,95.096
439.614,-5.609,50.994,95.096
437.624,-8.167,50.994,95.096
440.751,-5.040,50.994,95.096
438.761,-8.736,50.994,95.096
441.320,-4.472,50.994,95.096
441.260,-6.562,50.558,94.285
439.001,-9.184,50.127,93.480
440.957,-6.669,50.127,93.480
444.715,-3.271,49.699,92.682
443.884,-5.211,49.699,92.682
442.499,-6.042,49.699,92.682
441.114,-7.427,49.699,92.682
444.715,-6.042,49.699,92.682
443.884,-5.765,49.699,92.682
442.499,-5.488,49.699,92.682
441.668,-7.427,49.699,92.682
441.391,-7.150,49.699,92.682
441.332,-7.025,49.275,91.891
439.410,-6.201,49.275,91.891
435.838,-7.574,49.275,91.891
441.607,-8.948,49.275,91.891
440.234,-8.673,49.275,91.891
444.354,-7.300,49.275,91.891
441.332,-6.476,49.275,91.891
443.805,-4.553,49.275,91.891
441.882,-7.574,49.275,91.891
444.904,-5.102,49.275,91.891
442.431,-5.926,49.275,91.891
440.766,-7.946,48.854,91.106
443.761,-6.039,48.854,91.106
442.641,-8.573,48.437,90.328
441.531,-10.032,48.023,89.557
445.011,-6.016,48.023,89.557
442.343,-5.895,47.614,88.793
446.431,-3.185,47.207,88.035
444.062,-6.607,47.207,88.035
441.694,-8.449,47.207,88.035
446.260,-5.762,46.804,87.283
448.242,-8.190,46.405,86.538
448.187,-5.044,46.008,85.799
448.634,-7.431,45.616,85.067
448.581,-9.300,45.226,84.341
448.833,-6.023,45.226,84.341
448.288,-7.385,44.840,83.621
446.538,-5.135,44.840,83.621
445.788,-7.385,44.840,83.621
445.538,-4.635,44.840,83.621
444.288,-5.885,44.840,83.621
443.538,-4.135,44.840,83.621
442.788,-2.885,44.840,83.621
447.038,-0.635,44.840,83.621
448.788,0.615,44.840,83.621
450.038,1.365,44.840,83.621
448.788,3.114,44.840,83.621
447.538,0.865,44.840,83.621
446.788,-1.385,44.840,83.621
444.538,-0.135,44.840,83.621
443.288,-3.385,44.840,83.621
441.039,-1.135,44.840,83.621
445.288,-3.385,44.840,83.621
443.772,-4.247,44.457,82.907
446.994,-5.982,44.457,82.907
446.251,-9.204,44.457,82.907
448.617,-6.674,44.078,82.199
448.172,-1.745,44.464,82.918
449.907,-2.984,44.464,82.918
448.172,-1.745,44.464,82.918
447.428,-3.976,44.464,82.918
448.172,-1.745,44.464,82.918
446.933,-3.976,44.464,82.918
449.659,-1.249,44.464,82.918
447.673,-2.588,44.084,82.211
446.935,-4.308,44.084,82.211
445.215,-5.537,44.084,82.211
442.020,-2.342,44.084,82.211
436.368,-4.554,44.084,82.211
432.900,-6.173,44.470,82.930
429.677,-4.438,44.470,82.930
425.958,-1.711,44.470,82.930
423.727,-0.967,44.470,82.930
423.278,-0.059,44.859,83.656
421.028,1.691,44.859,83.656
418.277,-0.559,44.859,83.656
416.526,0.691,44.859,83.656
414.275,-2.060,44.859,83.656
416.526,-3.810,44.859,83.656
425.279,-2.060,44.859,83.656
429.030,-4.311,44.859,83.656
441.284,-2.560,44.859,83.656
446.536,-1.310,44.859,83.656
447.787,-4.561,44.859,83.656
446.536,-4.811,44.859,83.656
446.286,-3.560,44.859,83.656
445.536,-5.311,44.859,83.656
444.786,-6.061,44.859,83.656
444.535,-7.312,44.859,83.656
445.286,-6.061,44.859,83.656
444.535,-9.812,44.859,83.656
443.019,-11.163,44.476,82.941
445.251,-8.436,44.476,82.941
443.515,-11.163,44.476,82.941
441.283,-9.428,44.476,82.941
443.515,-11.659,44.476,82.941
441.283,-13.395,44.476,82.941
