204.000,41.000,23.000,30.000
204.188,39.730,23.000,30.000
202.418,39.210,23.000,30.000
200.856,39.314,23.000,30.000
200.128,40.459,23.000,30.000
199.191,42.437,23.000,30.000
198.254,46.497,23.000,30.000
196.276,50.765,23.000,30.000
193.049,55.658,23.000,30.000
191.487,60.343,23.000,30.000
189.717,65.235,23.000,30.000
187.948,70.128,23.000,30.000
185.761,75.021,23.000,30.000
184.408,79.914,23.000,30.000
185.553,84.390,23.000,30.000
186.907,87.201,23.000,30.000
187.635,90.428,23.000,30.000
187.115,93.656,23.000,30.000
194.090,95.842,23.000,30.000
193.153,100.735,23.000,30.000
191.799,100.006,23.000,30.000
190.238,98.653,23.000,30.000
189.093,94.176,23.000,30.000
187.739,86.577,23.000,30.000
185.137,77.520,23.000,30.000
180.452,65.756,23.000,30.000
175.574,54.204,22.804,29.744
169.071,43.367,22.804,29.744
164.633,36.658,22.804,29.744
159.393,32.253,22.609,29.490
155.596,27.487,22.416,29.238
151.842,22.922,22.416,29.238
147.277,19.979,22.416,29.238
143.117,18.254,22.416,29.238
138.551,16.732,22.416,29.238
165.438,25.559,22.416,29.238
160.669,28.908,22.416,29.238
157.727,33.676,22.416,29.238
158.843,40.474,22.416,29.238
164.423,51.127,22.416,29.238
172.735,43.828,22.225,28.989
177.463,54.189,22.225,28.989
181.788,62.136,22.225,28.989
188.729,69.278,22.225,28.989
193.658,74.006,22.225,28.989
200.800,78.131,22.225,28.989
205.327,81.048,22.225,28.989
208.244,83.361,22.225,28.989
210.989,87.116,22.035,28.741
214.081,89.610,22.035,28.741
218.369,93.699,22.035,28.741
219.865,95.793,22.035,28.741
221.808,97.181,21.847,28.496
223.291,97.082,21.847,28.496
224.775,95.994,21.847,28.496
223.489,91.347,21.847,28.496
222.797,86.106,21.847,28.496
221.907,85.414,21.847,28.496
220.424,83.733,21.847,28.496
224.082,88.183,21.847,28.496
228.730,95.401,21.847,28.496
231.621,102.758,21.660,28.253
232.574,104.122,21.475,28.011
228.589,106.746,21.475,28.011
224.798,108.205,21.475,28.011
221.191,111.833,21.292,27.772
220.060,113.362,21.110,27.535
221.493,113.839,21.110,27.535
223.117,112.215,21.110,27.535
222.555,110.561,20.930,27.300
222.081,108.383,20.930,27.300
221.229,104.120,20.930,27.300
220.376,100.614,20.930,27.300
221.986,98.435,20.930,27.300
221.513,94.172,20.930,27.300
220.471,91.804,20.930,27.300
219.997,88.109,20.930,27.300
221.608,85.741,20.930,27.300
223.786,82.046,20.930,27.300
225.397,80.247,20.930,27.300
224.165,80.720,20.930,27.300
220.850,80.247,20.930,27.300
219.808,80.910,20.930,27.300
221.229,82.899,20.930,27.300
