256.000,152.000,73.000,210.000
258.122,155.203,73.000,210.000
257.581,156.824,73.000,210.000
257.041,153.041,73.000,210.000
258.662,156.824,73.000,210.000
257.041,153.041,73.000,210.000
258.662,155.743,73.000,210.000
257.041,154.122,73.000,210.000
257.581,156.824,73.000,210.000
255.959,153.041,73.000,210.000
257.581,156.824,73.000,210.000
257.041,154.122,73.000,210.000
257.275,155.973,73.639,211.838
255.639,154.337,73.639,211.838
256.185,153.792,73.639,211.838
256.730,155.428,73.639,211.838
255.094,152.701,73.639,211.838
257.820,156.518,73.639,211.838
256.185,152.701,73.639,211.838
257.820,156.518,73.639,211.838
256.185,152.701,73.639,211.838
257.820,156.518,73.639,211.838
256.185,152.701,73.639,211.838
257.820,156.518,73.639,211.838
256.185,152.701,73.639,211.838
257.820,156.518,73.639,211.838
256.185,152.701,73.639,211.838
256.730,155.428,73.639,211.838
255.094,152.701,73.639,211.838
257.820,156.518,73.639,211.838
256.185,152.701,73.639,211.838
256.730,155.428,73.639,211.838
255.094,152.701,73.639,211.838
257.820,156.518,73.639,211.838
256.185,152.701,73.639,211.838
256.730,155.428,73.639,211.838
255.094,152.701,73.639,211.838
257.820,156.518,73.639,211.838
256.185,152.701,73.639,211.838
256.730,155.428,73.639,211.838
255.094,152.701,73.639,211.838
257.820,156.518,73.639,211.838
256.185,152.701,73.639,211.838
256.730,155.428,73.639,211.838
255.094,152.701,73.639,211.838
257.820,156.518,73.639,211.838
256.185,152.701,73.639,211.838
256.730,155.428,73.639,211.838
255.094,152.701,73.639,211.838
257.820,156.518,73.639,211.838
256.185,152.701,73.639,211.838
256.730,155.428,73.639,211.838
255.094,152.701,73.639,211.838
256.730,155.428,73.639,211.838
255.094,152.701,73.639,211.838
257.820,156.518,73.639,211.838
256.185,152.701,73.639,211.838
256.730,155.428,73.639,211.838
255.094,152.701,73.639,211.838
256.730,155.428,73.639,211.838
255.094,152.701,73.639,211.838
256.730,155.428,73.639,211.838
255.094,152.701,73.639,211.838
256.730,155.428,73.639,211.838
255.094,152.701,73.639,211.838
256.730,155.428,73.639,211.838
255.094,152.701,73.639,211.838
256.730,155.428,73.639,211.838
255.094,152.701,73.639,211.838
256.730,155.428,73.639,211.838
255.094,152.701,73.639,211.838
256.730,155.428,73.639,211.838
255.094,152.701,73.639,211.838
256.730,155.428,73.639,211.838
255.094,152.701,73.639,211.838
256.730,155.428,73.639,211.838
255.094,152.701,73.639,211.838
256.730,155.428,73.639,211.838
255.094,152.701,73.639,211.838
256.730,155.428,73.639,211.838
255.094,152.701,73.639,211.838
256.730,155.428,73.639,211.838
255.094,152.701,73.639,211.838
256.730,156.518,73.639,211.838
255.094,152.701,73.639,211.838
256.730,156.518,73.639,211.838
256.185,152.701,73.639,211.838
256.730,155.428,73.639,211.838
255.094,152.701,73.639,211.838
256.730,156.518,73.639,211.838
255.094,152.701,73.639,211.838
256.730,155.428,73.639,211.838
255.094,152.701,73.639,211.838
256.730,155.428,73.639,211.838
255.094,152.701,73.639,211.838
256.730,155.428,73.639,211.838
255.094,152.701,73.639,211.838
257.820,156.518,73.639,211.838
256.185,152.701,73.639,211.838
256.730,155.428,73.639,211.838
255.094,152.701,73.639,211.838
257.820,156.518,73.639,211.838
256.185,152.701,73.639,211.838
256.730,155.428,73.639,211.838
255.094,152.701,73.639,211.838
257.820,156.518,73.639,211.838
257.275,152.701,73.639,211.838
258.911,156.518,73.639,211.838
258.366,153.792,73.639,211.838
258.911,156.518,73.639,211.838
257.629,153.699,73.010,210.029
259.251,156.402,73.010,210.029
259.792,155.861,73.010,210.029
259.251,156.402,73.010,210.029
259.792,154.780,73.010,210.029
260.332,156.402,73.010,210.029
259.792,154.780,73.010,210.029
261.414,157.483,73.010,210.029
259.792,154.780,73.010,210.029
261.414,157.483,73.010,210.029
259.792,154.780,73.010,210.029
260.332,157.483,73.010,210.029
259.792,154.780,73.010,210.029
260.631,159.368,72.387,208.236
260.095,155.616,72.387,208.236
261.703,159.368,72.387,208.236
260.095,156.688,72.387,208.236
261.703,159.368,72.387,208.236
260.095,156.688,72.387,208.236
260.631,159.368,72.387,208.236
260.095,156.688,72.387,208.236
260.631,158.296,72.387,208.236
260.095,155.616,72.387,208.236
261.703,159.368,72.387,208.236
260.095,156.688,72.387,208.236
260.631,158.296,72.387,208.236
260.095,155.616,72.387,208.236
260.927,159.120,71.769,206.459
260.395,156.463,71.769,206.459
260.927,160.183,71.769,206.459
260.395,156.463,71.769,206.459
260.927,160.183,71.769,206.459
260.395,156.463,71.769,206.459
260.927,160.183,71.769,206.459
260.395,156.463,71.769,206.459
260.927,160.183,71.769,206.459
260.395,156.463,71.769,206.459
260.927,160.183,71.769,206.459
260.395,156.463,71.769,206.459
260.927,160.183,71.769,206.459
260.395,156.463,71.769,206.459
260.927,160.183,71.769,206.459
260.395,156.463,71.769,206.459
260.927,160.183,71.769,206.459
260.395,156.463,71.769,206.459
261.990,160.183,71.769,206.459
261.458,157.526,71.769,206.459
261.990,161.245,71.769,206.459
261.458,157.526,71.769,206.459
261.990,161.245,71.769,206.459
261.458,158.588,71.769,206.459
261.990,159.120,71.769,206.459
260.395,156.463,71.769,206.459
260.927,160.183,71.769,206.459
260.395,156.463,71.769,206.459
260.927,160.183,71.769,206.459
260.395,156.463,71.769,206.459
260.927,160.183,71.769,206.459
260.395,156.463,71.769,206.459
260.927,160.183,71.769,206.459
260.395,156.463,71.769,206.459
260.927,160.183,71.769,206.459
260.395,156.463,71.769,206.459
260.927,160.183,71.769,206.459
260.395,156.463,71.769,206.459
260.927,160.183,71.769,206.459
260.395,156.463,71.769,206.459
260.927,160.183,71.769,206.459
260.395,156.463,71.769,206.459
260.927,160.183,71.769,206.459
260.395,156.463,71.769,206.459
260.927,160.183,71.769,206.459
260.395,156.463,71.769,206.459
260.927,160.183,71.769,206.459
260.395,156.463,71.769,206.459
260.927,160.183,71.769,206.459
260.395,156.463,71.769,206.459
260.927,160.183,71.769,206.459
260.395,156.463,71.769,206.459
260.927,160.183,71.769,206.459
260.395,156.463,71.769,206.459
261.990,160.183,71.769,206.459
260.395,156.463,71.769,206.459
260.927,160.183,71.769,206.459
260.395,156.463,71.769,206.459
260.927,160.183,71.769,206.459
260.395,156.463,71.769,206.459
260.927,160.183,71.769,206.459
260.395,156.463,71.769,206.459
260.927,160.183,71.769,206.459
260.395,156.463,71.769,206.459
261.990,160.183,71.769,206.459
261.458,157.526,71.769,206.459
261.990,160.183,71.769,206.459
261.458,157.526,71.769,206.459
261.990,160.183,71.769,206.459
260.395,156.463,71.769,206.459
261.990,160.183,71.769,206.459
260.395,156.463,71.769,206.459
260.927,159.120,71.769,206.459
260.395,155.400,71.769,206.459
260.927,158.057,71.769,206.459
260.395,157.526,71.769,206.459
260.927,159.120,71.769,206.459
260.395,155.400,71.769,206.459
260.927,158.057,71.769,206.459
261.458,158.588,71.769,206.459
260.927,158.057,71.769,206.459
260.395,157.526,71.769,206.459
260.927,160.183,71.769,206.459
259.332,156.463,71.769,206.459
259.864,161.245,71.769,206.459
258.270,157.526,71.769,206.459
256.675,160.183,71.769,206.459
255.081,156.463,71.769,206.459
254.550,160.183,71.769,206.459
252.956,157.526,71.769,206.459
255.613,160.183,71.769,206.459
254.018,156.463,71.769,206.459
255.613,160.183,71.769,206.459
254.018,156.463,71.769,206.459
255.613,160.183,71.769,206.459
254.018,156.463,71.769,206.459
254.550,160.183,71.769,206.459
252.956,157.526,71.769,206.459
253.487,160.183,71.769,206.459
252.956,157.526,71.769,206.459
253.487,160.183,71.769,206.459
251.893,157.526,71.769,206.459
253.487,160.183,71.769,206.459
251.893,157.526,71.769,206.459
254.550,161.245,71.769,206.459
252.956,157.526,71.769,206.459
254.550,160.183,71.769,206.459
251.893,157.526,71.769,206.459
253.487,160.183,71.769,206.459
252.956,157.526,71.769,206.459
254.550,160.183,71.769,206.459
252.956,157.526,71.769,206.459
254.550,161.245,71.769,206.459
252.956,158.588,71.769,206.459
254.550,160.183,71.769,206.459
252.956,156.463,71.769,206.459
254.550,160.183,71.769,206.459
252.956,157.526,71.769,206.459
254.550,161.245,71.769,206.459
252.956,158.588,71.769,206.459
254.550,160.183,71.769,206.459
252.956,157.526,71.769,206.459
254.550,161.245,71.769,206.459
252.956,157.526,71.769,206.459
254.550,161.245,71.769,206.459
252.956,157.526,71.769,206.459
255.613,161.245,71.769,206.459
252.956,157.526,71.769,206.459
254.550,161.245,71.769,206.459
252.956,157.526,71.769,206.459
254.550,161.245,71.769,206.459
254.018,158.588,71.769,206.459
254.550,159.120,71.769,206.459
252.956,156.463,71.769,206.459
255.613,160.183,71.769,206.459
254.018,155.400,71.769,206.459
254.550,160.183,71.769,206.459
252.956,156.463,71.769,206.459
255.613,161.245,71.769,206.459
254.018,158.588,71.769,206.459
254.550,160.183,71.769,206.459
252.956,157.526,71.769,206.459
254.550,161.245,71.769,206.459
254.018,158.588,71.769,206.459
255.613,160.183,71.769,206.459
255.081,155.400,71.769,206.459
255.613,159.120,71.769,206.459
255.081,155.400,71.769,206.459
255.613,159.120,71.769,206.459
256.144,156.463,71.769,206.459
256.675,160.183,71.769,206.459
256.144,157.526,71.769,206.459
256.969,160.999,71.156,204.696
256.759,161.359,70.549,202.949
257.281,161.881,70.549,202.949
257.803,161.359,70.549,202.949
258.326,160.836,70.549,202.949
257.803,162.403,70.549,202.949
258.326,160.836,70.549,202.949
257.803,163.448,70.549,202.949
257.281,161.881,70.549,202.949
258.848,163.448,70.549,202.949
257.281,162.926,70.549,202.949
258.848,164.493,70.549,202.949
141.314,170.239,70.549,202.949
135.568,165.538,70.549,202.949
137.937,169.469,71.166,204.725
135.302,165.780,71.166,204.725
137.937,170.523,71.166,204.725
135.302,165.780,71.166,204.725
137.937,170.523,71.166,204.725
135.302,165.780,71.166,204.725
137.937,170.523,71.166,204.725
135.302,165.780,71.166,204.725
137.937,170.523,71.166,204.725
135.302,165.780,71.166,204.725
137.937,170.523,71.166,204.725
135.302,165.780,71.166,204.725
136.883,169.469,71.166,204.725
135.302,165.780,71.166,204.725
137.937,170.523,71.166,204.725
135.302,165.780,71.166,204.725
137.937,170.523,71.166,204.725
135.302,165.780,71.166,204.725
137.937,170.523,71.166,204.725
135.302,165.780,71.166,204.725
137.937,170.523,71.166,204.725
136.356,166.834,71.166,204.725
140.045,171.576,71.166,204.725
137.410,166.834,71.166,204.725
140.045,170.523,71.166,204.725
136.356,165.780,71.166,204.725
141.098,171.576,71.166,204.725
137.410,166.834,71.166,204.725
141.098,171.576,71.166,204.725
138.464,166.834,71.166,204.725
142.152,172.630,71.166,204.725
138.060,165.793,71.789,206.516
141.781,170.577,71.789,206.516
138.060,166.856,71.789,206.516
141.781,170.577,71.789,206.516
138.060,166.856,71.789,206.516
140.718,169.514,71.789,206.516
138.060,165.793,71.789,206.516
140.718,169.514,71.789,206.516
136.997,164.730,71.789,206.516
140.718,168.451,71.789,206.516
137.394,165.702,71.176,204.753
140.029,169.392,71.176,204.753
138.448,165.702,71.176,204.753
141.083,169.392,71.176,204.753
138.448,165.702,71.176,204.753
141.083,169.392,71.176,204.753
138.448,164.648,71.176,204.753
141.083,168.338,71.176,204.753
138.448,164.648,71.176,204.753
141.083,167.284,71.176,204.753
138.448,163.594,71.176,204.753
141.083,167.284,71.176,204.753
139.502,164.648,71.176,204.753
142.137,168.338,71.176,204.753
139.502,164.648,71.176,204.753
142.137,168.338,71.176,204.753
139.502,164.648,71.176,204.753
142.137,169.392,71.176,204.753
139.502,165.702,71.176,204.753
142.137,170.446,71.176,204.753
139.502,165.702,71.176,204.753
142.137,170.446,71.176,204.753
139.502,165.702,71.176,204.753
142.137,171.500,71.176,204.753
139.502,166.756,71.176,204.753
142.137,171.500,71.176,204.753
138.448,166.756,71.176,204.753
141.083,171.500,71.176,204.753
138.448,166.756,71.176,204.753
138.975,170.446,71.176,204.753
136.340,166.756,71.176,204.753
137.921,170.446,71.176,204.753
136.340,166.756,71.176,204.753
140.029,171.500,71.176,204.753
136.340,166.756,71.176,204.753
140.029,171.500,71.176,204.753
138.448,167.811,71.176,204.753
141.083,171.500,71.176,204.753
138.448,167.811,71.176,204.753
142.137,172.554,71.176,204.753
138.045,165.716,71.799,206.545
141.766,170.500,71.799,206.545
138.045,166.779,71.799,206.545
141.766,170.500,71.799,206.545
139.108,166.779,71.799,206.545
141.766,170.500,71.799,206.545
138.045,165.716,71.799,206.545
141.766,170.500,71.799,206.545
138.045,165.716,71.799,206.545
140.703,170.500,71.799,206.545
138.045,165.716,71.799,206.545
141.766,170.500,71.799,206.545
138.045,165.716,71.799,206.545
141.766,170.500,71.799,206.545
139.108,165.716,71.799,206.545
142.829,170.500,71.799,206.545
140.171,166.779,71.799,206.545
143.893,171.564,71.799,206.545
141.234,167.842,71.799,206.545
143.893,170.500,71.799,206.545
142.298,167.842,71.799,206.545
143.893,169.437,71.799,206.545
142.298,167.842,71.799,206.545
143.893,169.437,71.799,206.545
143.361,168.906,71.799,206.545
141.766,167.311,71.799,206.545
144.424,171.032,71.799,206.545
145.745,168.494,72.427,208.352
144.136,170.102,72.427,208.352
139.971,170.840,73.061,210.175
135.103,168.135,73.061,210.175
132.010,164.443,73.700,212.014
128.191,159.532,73.700,212.014
136.376,167.717,73.700,212.014
134.376,165.112,74.345,213.869
140.257,170.383,74.995,215.740
138.221,170.008,75.652,217.628
131.575,161.592,76.314,219.532
117.920,150.785,76.981,221.453
116.999,143.390,77.655,223.391
124.320,139.466,78.334,225.346
132.896,137.885,79.020,227.317
138.161,143.151,79.020,227.317
143.213,140.357,79.711,229.306
147.099,139.959,80.409,231.313
149.799,143.219,81.112,233.337
141.991,145.021,81.112,233.337
134.183,144.420,81.112,233.337
133.944,150.690,80.420,231.345
129.059,152.258,79.733,229.370
129.975,156.117,79.053,227.412
129.390,154.361,79.053,227.412
132.582,159.329,78.378,225.471
130.841,155.267,78.378,225.471
132.874,160.192,77.709,223.546
129.997,156.164,77.709,223.546
133.136,159.925,77.045,221.638
131.424,158.214,77.045,221.638
134.536,161.943,76.388,219.746
132.839,159.115,76.388,219.746
134.536,160.812,76.388,219.746
132.839,159.115,76.388,219.746
135.667,161.943,76.388,219.746
132.839,157.984,76.388,219.746
136.799,160.812,76.388,219.746
133.970,157.984,76.388,219.746
136.799,161.943,76.388,219.746
133.970,157.984,76.388,219.746
136.799,161.943,76.388,219.746
133.970,157.984,76.388,219.746
136.799,161.943,76.388,219.746
133.970,157.984,76.388,219.746
137.930,161.943,76.388,219.746
135.102,157.984,76.388,219.746
135.667,160.812,76.388,219.746
135.102,159.115,76.388,219.746
136.799,160.812,76.388,219.746
133.970,157.984,76.388,219.746
137.930,161.943,76.388,219.746
135.102,157.984,76.388,219.746
136.799,160.812,76.388,219.746
135.102,157.984,76.388,219.746
138.187,161.681,75.736,217.870
135.383,158.877,75.736,217.870
135.944,161.681,75.736,217.870
137.626,161.120,75.736,217.870
135.944,158.316,75.736,217.870
137.626,162.241,75.736,217.870
136.308,160.436,75.089,216.010
137.976,163.216,75.089,216.010
136.669,162.510,74.448,214.166
138.323,164.164,74.448,214.166
136.669,161.408,74.448,214.166
138.323,164.164,74.448,214.166
136.669,161.408,74.448,214.166
139.425,164.164,74.448,214.166
139.205,163.465,73.813,212.338
141.120,165.971,73.182,210.525
139.846,165.283,72.558,208.728
139.309,164.746,72.558,208.728
139.846,165.283,72.558,208.728
137.160,164.746,72.558,208.728
136.623,164.209,72.558,208.728
134.312,167.721,71.938,206.946
130.981,167.045,71.324,205.179
130.453,168.629,71.324,205.179
128.869,167.045,71.324,205.179
128.341,167.573,71.324,205.179
129.925,168.101,71.324,205.179
129.397,166.517,71.324,205.179
130.981,167.045,71.324,205.179
131.509,163.348,71.324,205.179
134.150,159.651,71.324,205.179
138.903,155.954,71.324,205.179
146.825,154.370,71.324,205.179
156.859,152.786,71.324,205.179
168.997,148.099,71.948,206.975
187.643,147.566,71.948,206.975
198.795,148.299,72.578,208.786
216.655,145.733,73.213,210.613
228.039,145.191,73.213,210.613
239.423,145.733,73.213,210.613
251.891,141.938,73.213,210.613
255.686,147.901,73.213,210.613
256.228,150.612,73.213,210.613
254.602,147.901,73.213,210.613
252.976,145.191,73.213,210.613
251.349,147.901,73.213,210.613
249.723,146.275,73.213,210.613
250.265,147.901,73.213,210.613
249.723,148.443,73.213,210.613
248.449,148.813,72.588,208.815
250.061,150.426,72.588,208.815
248.449,147.739,72.588,208.815
250.061,150.426,72.588,208.815
248.449,147.739,72.588,208.815
250.061,150.426,72.588,208.815
248.449,147.739,72.588,208.815
250.061,149.351,72.588,208.815
248.798,150.767,71.968,207.032
248.585,151.130,71.354,205.265
249.114,150.602,71.354,205.265
249.934,153.025,70.745,203.513
249.410,153.548,70.745,203.513
249.201,153.906,70.141,201.775
248.681,153.387,70.141,201.775
250.239,152.867,70.141,201.775
249.720,154.425,70.141,201.775
249.201,152.867,70.141,201.775
249.720,153.387,70.141,201.775
250.239,152.867,70.141,201.775
249.720,154.425,70.141,201.775
249.201,152.867,70.141,201.775
249.720,153.387,70.141,201.775
249.201,152.867,70.141,201.775
249.720,154.425,70.141,201.775
249.201,152.867,70.141,201.775
249.720,154.425,70.141,201.775
249.201,153.906,70.141,201.775
249.720,154.425,70.141,201.775
249.201,153.906,70.141,201.775
249.720,155.464,70.141,201.775
249.513,155.819,69.542,200.053
248.998,154.274,69.542,200.053
249.513,155.819,69.542,200.053
248.998,154.274,69.542,200.053
249.513,155.819,69.542,200.053
248.998,154.274,69.542,200.053
249.513,155.819,69.542,200.053
247.968,153.244,69.542,200.053
249.513,152.729,69.542,200.053
250.028,153.244,69.542,200.053
249.513,154.789,69.542,200.053
250.028,154.274,69.542,200.053
250.543,155.819,69.542,200.053
250.337,155.165,68.948,198.345
249.827,154.655,68.948,198.345
250.337,154.144,68.948,198.345
250.848,156.697,68.948,198.345
250.337,155.165,68.948,198.345
250.848,155.676,68.948,198.345
250.337,155.165,68.948,198.345
250.848,156.697,68.948,198.345
250.337,155.165,68.948,198.345
250.848,155.676,68.948,198.345
250.337,155.165,68.948,198.345
249.827,154.655,68.948,198.345
250.337,154.144,68.948,198.345
249.827,154.655,68.948,198.345
250.337,154.144,68.948,198.345
249.827,155.676,68.948,198.345
250.337,155.165,68.948,198.345
250.848,156.697,68.948,198.345
250.337,155.165,68.948,198.345
249.827,155.676,68.948,198.345
250.337,155.165,68.948,198.345
249.827,155.676,68.948,198.345
250.337,155.165,68.948,198.345
249.827,155.676,68.948,198.345
250.337,155.165,68.948,198.345
249.827,156.697,68.948,198.345
249.316,155.165,68.948,198.345
250.848,156.697,68.948,198.345
249.316,155.165,68.948,198.345
248.805,154.655,68.948,198.345
250.337,153.123,68.948,198.345
249.827,155.676,68.948,198.345
249.316,154.144,68.948,198.345
249.827,153.634,68.948,198.345
249.316,152.102,68.948,198.345
249.827,155.676,68.948,198.345
249.316,154.144,68.948,198.345
248.805,153.634,68.948,198.345
250.337,152.102,68.948,198.345
249.827,156.697,68.948,198.345
249.316,154.144,68.948,198.345
249.827,154.655,68.948,198.345
250.337,154.144,68.948,198.345
249.827,157.718,68.948,198.345
248.295,156.186,68.948,198.345
250.848,161.802,68.948,198.345
253.632,165.139,68.360,196.652
256.163,159.571,68.360,196.652
253.632,155.016,68.360,196.652
251.101,153.497,68.360,196.652
252.620,158.053,68.360,196.652
253.126,156.534,68.360,196.652
253.632,157.040,68.360,196.652
253.430,157.386,67.776,194.973
252.928,158.892,67.776,194.973
253.430,157.386,67.776,194.973
254.209,157.729,67.198,193.309
252.716,155.241,67.198,193.309
254.209,158.724,67.198,193.309
252.716,156.236,67.198,193.309
254.459,158.517,66.624,191.658
253.300,156.929,66.055,190.022
255.013,158.217,65.491,188.400
253.874,157.602,64.932,186.792
255.558,160.745,64.378,185.197
256.035,158.361,64.378,185.197
255.844,161.477,63.829,183.616
256.317,160.059,63.829,183.616
256.790,162.422,63.829,183.616
256.601,160.901,63.284,182.049
256.132,164.181,63.284,182.049
255.664,160.901,63.284,182.049
256.132,165.118,63.284,182.049
257.538,161.838,63.284,182.049
256.132,165.118,63.284,182.049
255.664,162.775,63.284,182.049
256.132,164.181,63.284,182.049
255.664,162.775,63.284,182.049
256.132,164.181,63.284,182.049
255.664,162.775,63.284,182.049
256.132,162.306,63.284,182.049
256.601,161.838,63.284,182.049
256.132,162.306,63.284,182.049
256.601,161.838,63.284,182.049
256.132,162.306,63.284,182.049
256.601,161.838,63.284,182.049
256.132,162.306,63.284,182.049
256.601,161.838,63.284,182.049
256.132,163.243,63.284,182.049
255.664,161.838,63.284,182.049
255.195,161.369,63.284,182.049
256.601,162.775,63.284,182.049
256.132,162.306,63.284,182.049
256.601,161.838,63.284,182.049
257.070,163.243,63.284,182.049
256.601,161.838,63.284,182.049
257.070,163.243,63.284,182.049
256.601,161.838,63.284,182.049
257.070,163.243,63.284,182.049
256.601,161.838,63.284,182.049
257.070,162.306,63.284,182.049
257.538,161.838,63.284,182.049
257.351,164.900,62.743,180.495
256.887,162.578,62.743,180.495
257.351,163.971,62.743,180.495
257.816,162.578,62.743,180.495
257.351,163.971,62.743,180.495
257.816,162.578,62.743,180.495
257.351,163.971,62.743,180.495
257.816,162.578,62.743,180.495
256.422,163.042,62.743,180.495
256.887,162.578,62.743,180.495
257.351,163.971,62.743,180.495
257.816,162.578,62.743,180.495
257.351,163.971,62.743,180.495
257.816,162.578,62.743,180.495
257.351,163.971,62.743,180.495
257.816,162.578,62.743,180.495
256.422,163.971,62.743,180.495
256.887,162.578,62.743,180.495
256.422,164.900,62.743,180.495
255.957,162.578,62.743,180.495
256.159,164.169,63.292,182.074
255.690,162.763,63.292,182.074
255.222,162.294,63.292,182.074
255.690,161.826,63.292,182.074
254.285,162.294,63.292,182.074
256.628,161.826,63.292,182.074
255.222,163.232,63.292,182.074
255.690,162.763,63.292,182.074
255.222,162.294,63.292,182.074
255.690,162.763,63.292,182.074
255.222,162.294,63.292,182.074
255.690,161.826,63.292,182.074
255.222,163.232,63.292,182.074
256.628,162.763,63.292,182.074
255.222,163.232,63.292,182.074
255.690,162.763,63.292,182.074
255.222,162.294,63.292,182.074
255.690,162.763,63.292,182.074
256.159,163.232,63.292,182.074
255.690,162.763,63.292,182.074
255.222,162.294,63.292,182.074
256.628,162.763,63.292,182.074
256.159,163.232,63.292,182.074
255.690,162.763,63.292,182.074
255.222,162.294,63.292,182.074
256.628,162.763,63.292,182.074
256.159,163.232,63.292,182.074
255.690,162.763,63.292,182.074
256.159,164.169,63.292,182.074
255.690,163.700,63.292,182.074
256.159,165.106,63.292,182.074
255.690,162.763,63.292,182.074
256.159,164.169,63.292,182.074
256.628,163.700,63.292,182.074
256.159,164.169,63.292,182.074
256.628,163.700,63.292,182.074
257.096,165.106,63.292,182.074
258.502,163.700,63.292,182.074
259.908,166.981,63.292,182.074
257.565,162.763,63.292,182.074
256.159,160.420,63.292,182.074
254.753,164.637,63.292,182.074
252.410,168.855,63.292,182.074
249.129,173.073,63.292,182.074
269.281,237.277,63.292,182.074
264.126,244.307,63.292,182.074
255.222,241.964,63.292,182.074
244.062,240.455,62.752,180.520
235.233,239.061,62.752,180.520
228.264,243.242,62.752,180.520
219.919,243.560,62.216,178.979
209.731,242.304,62.761,180.545
203.689,246.487,62.761,180.545
194.860,243.234,62.761,180.545
188.819,247.416,62.761,180.545
180.473,245.920,62.225,179.004
169.876,243.616,62.225,179.004
158.741,245.194,62.770,180.570
146.193,241.011,62.770,180.570
135.125,244.956,62.234,179.029
126.369,240.809,62.234,179.029
119.012,236.719,62.778,180.595
111.110,240.903,62.778,180.595
103.208,236.719,62.778,180.595
97.165,234.395,62.778,180.595
97.630,237.649,62.778,180.595
92.517,232.536,62.778,180.595
94.841,235.790,62.778,180.595
90.657,231.606,62.778,180.595
94.841,234.860,62.778,180.595
94.376,231.606,62.778,180.595
98.560,234.860,62.778,180.595
99.954,231.606,62.778,180.595
103.208,234.860,62.778,180.595
105.532,230.677,62.778,180.595
109.881,235.529,62.242,179.053
115.992,230.448,61.711,177.525
123.760,227.250,61.711,177.525
133.356,231.362,61.711,177.525
140.210,228.163,61.711,177.525
149.835,232.933,61.184,176.009
156.726,237.662,60.662,174.507
164.361,234.518,60.662,174.507
174.692,240.357,60.662,174.507
182.328,236.315,60.662,174.507
190.862,240.357,60.662,174.507
196.701,238.111,60.662,174.507
202.657,237.542,60.144,173.017
208.446,235.315,60.144,173.017
223.142,241.104,60.144,173.017
233.385,236.206,60.144,173.017
246.299,239.323,60.144,173.017
260.105,237.096,60.144,173.017
270.347,233.979,60.144,173.017
277.918,229.971,60.144,173.017
258.027,176.721,60.670,174.531
255.781,169.084,60.670,174.531
256.230,165.939,60.670,174.531
257.578,166.389,60.670,174.531
258.925,172.229,60.670,174.531
257.578,168.185,60.670,174.531
258.925,166.838,60.670,174.531
258.476,168.185,60.670,174.531
257.420,166.739,60.152,173.041
257.866,167.184,60.152,173.041
258.311,167.630,60.152,173.041
256.975,165.403,60.152,173.041
258.311,168.521,60.152,173.041
257.264,166.218,59.639,171.564
257.706,168.425,59.639,171.564
257.264,165.334,59.639,171.564
257.949,169.082,59.130,170.099
256.636,166.018,59.130,170.099
257.949,169.082,59.130,170.099
256.636,166.018,59.130,170.099
257.949,169.958,59.130,170.099
257.512,166.893,59.130,170.099
257.949,169.082,59.130,170.099
256.920,165.964,58.625,168.647
258.223,169.871,58.625,168.647
258.049,166.779,58.125,167.208
258.480,169.792,58.125,167.208
257.189,168.501,58.125,167.208
258.480,169.792,58.125,167.208
257.189,168.501,58.125,167.208
258.480,169.792,58.125,167.208
257.189,169.362,58.125,167.208
257.857,167.976,57.628,165.780
259.137,170.109,57.628,165.780
258.134,169.568,57.136,164.365
259.403,170.837,57.136,164.365
258.134,169.568,57.136,164.365
259.403,169.991,57.136,164.365
258.980,172.953,57.136,164.365
259.403,169.145,57.136,164.365
258.980,172.106,57.136,164.365
258.557,168.299,57.136,164.365
259.826,170.414,57.136,164.365
258.557,171.683,57.136,164.365
258.980,168.722,57.136,164.365
259.403,170.837,57.136,164.365
258.134,168.722,57.136,164.365
259.403,169.991,57.136,164.365
259.826,172.953,57.136,164.365
259.403,169.145,57.136,164.365
259.826,172.106,57.136,164.365
258.557,169.145,57.136,164.365
259.826,170.414,57.136,164.365
257.711,170.837,57.136,164.365
257.288,167.876,57.136,164.365
257.711,170.837,57.136,164.365
257.288,168.722,57.136,164.365
257.711,169.991,57.136,164.365
257.288,170.414,57.136,164.365
256.865,169.145,57.136,164.365
258.134,170.414,57.136,164.365
257.139,169.052,56.649,162.962
258.398,172.827,56.649,162.962
258.817,168.213,56.649,162.962
258.398,172.827,56.649,162.962
257.978,168.213,56.649,162.962
259.237,172.827,56.649,162.962
257.978,169.052,56.649,162.962
259.237,171.988,56.649,162.962
257.978,169.052,56.649,162.962
258.398,170.310,56.649,162.962
257.139,168.213,56.649,162.962
257.559,171.988,56.649,162.962
257.391,169.819,56.165,161.571
257.807,173.562,56.165,161.571
258.223,171.483,56.165,161.571
257.807,171.899,56.165,161.571
259.055,174.810,56.165,161.571
257.266,172.659,55.686,160.192
258.503,175.545,55.686,160.192
258.091,172.659,55.686,160.192
258.731,175.354,55.210,158.824
259.139,177.398,55.210,158.824
257.913,173.719,55.210,158.824
259.957,177.398,55.210,158.824
261.183,178.625,55.210,158.824
264.045,179.033,55.210,158.824
269.359,176.172,55.210,158.824
277.127,177.398,55.210,158.824
286.529,177.807,55.210,158.824
294.296,183.121,55.210,158.824
309.558,179.493,55.693,160.214
326.466,165.885,55.693,160.214
356.569,158.050,55.693,160.214
364.404,154.338,55.693,160.214
372.192,148.143,56.181,161.616
356.604,181.705,55.701,160.236
357.244,188.425,55.226,158.868
361.742,186.380,55.226,158.868
359.983,188.255,54.754,157.512
358.767,186.228,54.754,157.512
359.774,182.630,55.233,158.890
359.365,186.311,55.233,158.890
357.320,185.084,55.233,158.890
359.174,180.616,55.717,160.281
359.587,184.329,55.717,160.281
360.612,179.822,56.204,161.683
359.086,176.982,56.696,163.098
360.990,178.420,57.192,164.525
360.305,173.793,57.692,165.964
358.468,177.419,57.200,164.548
358.891,177.843,57.200,164.548
357.069,180.611,56.712,163.143
357.489,178.511,56.712,163.143
357.069,178.091,56.712,163.143
356.649,178.511,56.712,163.143
358.121,182.895,56.227,161.750
356.872,179.148,56.227,161.750
357.288,178.731,56.227,161.750
357.122,184.702,55.747,160.369
357.301,179.347,56.235,161.773
358.550,181.428,56.235,161.773
359.584,178.587,56.727,163.188
359.767,177.442,57.224,164.616
358.496,177.866,57.224,164.616
360.417,174.106,57.724,166.056
359.726,175.570,58.229,167.509
359.295,176.863,58.229,167.509
362.313,181.606,58.229,167.509
363.384,176.012,58.739,168.975
362.681,173.043,59.253,170.454
363.771,170.949,59.771,171.945
363.329,172.276,59.771,171.945
362.886,171.834,59.771,171.945
361.558,174.047,59.771,171.945
360.231,173.604,59.771,171.945
362.237,174.213,60.294,173.450
359.685,171.166,60.822,174.967
361.937,173.418,60.822,174.967
361.210,167.574,61.354,176.498
358.030,171.663,61.354,176.498
355.433,175.082,61.891,178.043
348.116,165.378,62.433,179.601
340.736,159.380,62.979,181.172
344.762,160.021,63.530,182.757
348.823,168.383,64.086,184.356
353.893,175.845,64.647,185.970
358.026,183.372,65.212,187.597
361.406,191.581,65.212,187.597
361.616,189.275,65.783,189.238
363.322,200.062,65.221,187.623
365.956,206.045,64.665,186.021
367.393,204.609,64.665,186.021
368.829,207.961,64.665,186.021
369.308,214.185,64.665,186.021
367.871,218.494,64.665,186.021
365.477,214.185,64.665,186.021
364.704,207.973,65.230,187.649
365.187,206.524,65.230,187.649
365.936,212.508,64.673,186.047
365.457,210.114,64.673,186.047
364.684,206.845,65.239,187.675
363.903,200.578,65.810,189.317
362.441,196.192,65.810,189.317
361.954,192.781,65.810,189.317
364.163,168.478,66.386,190.974
361.354,173.185,66.967,192.645
360.858,182.606,66.967,192.645
362.090,191.420,67.553,194.330
363.590,198.923,67.553,194.330
363.090,196.422,67.553,194.330
363.590,194.921,67.553,194.330
363.090,194.421,67.553,194.330
364.591,200.923,67.553,194.330
363.090,197.422,67.553,194.330
364.591,201.924,67.553,194.330
362.090,200.423,67.553,194.330
364.591,207.926,67.553,194.330
371.223,206.316,66.976,192.671
375.505,200.898,67.562,194.357
375.004,196.395,67.562,194.357
370.502,190.893,67.562,194.357
368.001,187.391,67.562,194.357
368.777,178.947,66.986,192.698
368.281,187.379,66.986,192.698
367.785,178.947,66.986,192.698
368.281,187.379,66.986,192.698
371.753,196.803,66.986,192.698
369.935,190.368,67.572,194.384
373.640,187.780,66.995,192.725
370.168,183.316,66.995,192.725
371.656,190.757,66.995,192.725
370.168,186.292,66.995,192.725
367.332,180.873,67.581,194.411
370.627,190.793,68.172,196.112
367.742,188.383,68.769,197.828
370.288,195.003,68.769,197.828
367.377,191.528,69.371,199.559
367.891,186.905,69.371,199.559
369.432,192.555,69.371,199.559
368.918,187.932,69.371,199.559
365.982,185.480,69.978,201.305
368.573,189.107,69.978,201.305
365.611,184.508,70.590,203.067
365.089,183.986,70.590,203.067
365.316,181.490,71.208,204.844
366.897,185.181,71.208,204.844
365.316,182.544,71.208,204.844
364.788,178.854,71.208,204.844
363.207,177.272,71.208,204.844
363.436,179.078,71.831,206.636
361.840,175.355,71.831,206.636
360.981,172.815,72.459,208.444
363.663,179.790,72.459,208.444
363.127,174.961,72.459,208.444
361.517,171.206,72.459,208.444
361.750,177.443,73.093,210.268
361.209,175.819,73.093,210.268
363.915,180.690,73.093,210.268
362.291,177.984,73.093,210.268
363.915,177.443,73.093,210.268
363.374,182.314,73.093,210.268
364.997,181.773,73.093,210.268
363.374,179.067,73.093,210.268
360.280,173.154,73.733,212.108
360.826,176.976,73.733,212.108
360.280,172.062,73.733,212.108
361.918,176.976,73.733,212.108
360.280,172.062,73.733,212.108
361.918,178.067,73.733,212.108
358.797,174.341,74.378,213.964
354.521,170.583,75.029,215.836
356.187,165.583,75.029,215.836
355.290,169.764,75.685,217.724
352.086,165.939,76.347,219.630
293.860,155.198,76.347,219.630
284.250,153.502,76.347,219.630
284.815,149.545,76.347,219.630
286.511,152.372,76.347,219.630
285.945,152.937,76.347,219.630
287.641,152.372,76.347,219.630
286.728,148.514,77.015,221.551
287.298,152.505,77.015,221.551
284.447,148.514,77.015,221.551
283.877,151.365,77.015,221.551
282.166,150.795,77.015,221.551
283.582,150.410,77.689,223.490
281.857,148.684,77.689,223.490
282.750,149.077,77.026,221.582
284.166,152.200,77.700,223.521
282.814,150.347,77.037,221.613
283.385,153.199,77.037,221.613
283.955,149.206,77.037,221.613
285.666,152.058,77.037,221.613
283.955,151.488,77.037,221.613
284.525,150.918,77.037,221.613
286.237,153.770,77.037,221.613
285.666,149.777,77.037,221.613
286.552,153.505,76.379,219.721
284.855,151.808,76.379,219.721
285.420,151.243,76.379,219.721
286.825,153.180,77.048,221.644
285.114,149.187,77.048,221.644
286.825,153.180,77.048,221.644
285.114,149.187,77.048,221.644
286.825,153.180,77.048,221.644
285.114,149.187,77.048,221.644
286.825,153.180,77.048,221.644
285.114,149.187,77.048,221.644
286.825,153.180,77.048,221.644
285.114,149.187,77.048,221.644
286.825,153.180,77.048,221.644
285.114,149.187,77.048,221.644
287.966,154.321,77.048,221.644
290.819,157.174,77.048,221.644
291.066,154.450,77.722,223.583
285.887,150.421,77.722,223.583
284.161,149.846,77.722,223.583
285.887,150.421,77.722,223.583
286.463,148.695,77.722,223.583
288.189,146.968,77.722,223.583
290.798,141.861,78.402,225.539
295.811,134.329,79.088,227.513
302.067,127.931,79.780,229.503
325.332,127.533,80.478,231.512
336.585,128.352,81.182,233.537
346.804,144.582,81.182,233.537
354.618,154.801,81.182,233.537
361.230,160.211,81.182,233.537
366.640,168.025,81.182,233.537
368.134,163.923,81.892,235.581
366.314,166.955,81.892,235.581
368.134,167.561,81.892,235.581
365.525,169.158,81.193,233.570
368.531,167.355,81.193,233.570
363.599,171.284,80.500,231.576
367.771,167.112,80.500,231.576
366.370,172.171,79.813,229.599
367.288,170.268,79.132,227.639
367.874,173.198,79.132,227.639
368.459,170.268,79.132,227.639
366.702,174.369,79.132,227.639
368.459,171.440,79.132,227.639
364.358,170.854,79.132,227.639
366.116,172.612,79.132,227.639
367.874,169.682,79.132,227.639
367.288,174.955,79.132,227.639
366.702,172.026,79.132,227.639
364.181,178.142,78.456,225.696
364.762,176.399,78.456,225.696
365.343,175.818,78.456,225.696
365.111,177.349,77.786,223.769
367.129,173.246,77.122,221.859
368.842,172.675,77.122,221.859
371.697,168.678,77.122,221.859
374.553,158.970,77.122,221.859
364.845,149.263,77.122,221.859
340.104,156.338,76.464,219.965
311.333,184.972,77.133,221.890
290.202,176.405,77.133,221.890
272.888,164.312,77.808,223.831
261.941,153.365,77.808,223.831
259.829,143.528,78.489,225.790
258.086,137.135,78.489,225.790
259.530,134.361,79.176,227.765
257.380,135.167,79.868,229.758
257.637,135.980,80.567,231.769
254.654,135.384,80.567,231.769
252.865,134.787,80.567,231.769
254.654,134.190,80.567,231.769
255.251,132.401,80.567,231.769
255.848,131.804,80.567,231.769
251.215,127.733,81.272,233.797
249.409,125.928,81.272,233.797
250.011,128.936,81.272,233.797
250.273,126.063,81.983,235.842
247.237,121.814,81.983,235.842
246.995,121.044,81.283,233.829
246.755,122.629,80.590,231.833
248.545,125.613,80.590,231.833
247.142,124.856,79.902,229.854
250.101,126.631,79.902,229.854
250.692,127.222,79.902,229.854
250.949,123.185,80.601,231.865
251.546,122.588,80.601,231.865
250.949,120.797,80.601,231.865
251.208,121.618,81.306,233.894
249.402,118.608,81.306,233.894
249.663,120.670,82.017,235.941
250.271,118.848,82.017,235.941
248.449,118.241,82.017,235.941
249.391,119.840,81.317,233.926
248.789,116.830,81.317,233.926
246.983,111.411,81.317,233.926
248.789,114.421,81.317,233.926
249.724,117.182,80.623,231.929
246.739,111.810,80.623,231.929
249.724,115.988,80.623,231.929
245.545,111.810,80.623,231.929
246.472,114.547,79.935,229.950
247.063,111.587,79.935,229.950
249.137,115.456,79.252,227.987
250.897,119.564,79.252,227.987
246.790,118.977,79.252,227.987
245.029,118.390,79.252,227.987
249.137,117.803,79.252,227.987
250.897,116.043,79.252,227.987
251.484,117.803,79.252,227.987
250.897,114.869,79.252,227.987
252.658,116.630,79.252,227.987
255.319,117.437,79.946,229.982
255.910,115.661,79.946,229.982
252.951,113.885,79.946,229.982
253.543,118.029,79.946,229.982
251.767,116.253,79.946,229.982
252.359,114.477,79.946,229.982
248.215,113.885,79.946,229.982
249.991,116.845,79.946,229.982
247.031,115.069,79.946,229.982
248.807,115.661,79.946,229.982
249.399,113.885,79.946,229.982
249.656,109.845,80.645,231.994
249.418,117.243,79.957,230.013
247.642,114.283,79.957,230.013
249.418,113.691,79.957,230.013
250.888,112.078,80.657,232.026
251.486,116.259,80.657,232.026
253.277,118.050,80.657,232.026
250.291,115.064,80.657,232.026
252.083,116.856,80.657,232.026
251.486,115.064,80.657,232.026
250.888,116.856,80.657,232.026
247.902,112.675,80.657,232.026
248.499,110.884,80.657,232.026
249.426,117.118,79.968,230.045
246.466,114.157,79.968,230.045
248.242,114.749,79.968,230.045
246.466,114.157,79.968,230.045
248.242,115.934,79.968,230.045
248.834,115.342,79.968,230.045
249.426,114.749,79.968,230.045
245.282,114.157,79.968,230.045
249.426,115.934,79.968,230.045
257.124,117.710,79.968,230.045
261.269,120.671,79.968,230.045
257.124,131.921,79.968,230.045
256.167,146.087,80.668,232.058
241.235,153.852,80.668,232.058
227.011,149.598,79.979,230.077
215.759,143.084,79.979,230.077
225.922,134.244,79.296,228.113
235.904,123.088,79.296,228.113
243.689,120.052,78.620,226.166
245.435,121.799,78.620,226.166
247.182,118.888,78.620,226.166
247.764,113.649,78.620,226.166
249.510,113.067,78.620,226.166
252.421,115.977,78.620,226.166
251.480,116.778,79.307,228.145
246.195,112.667,79.307,228.145
247.957,114.429,79.307,228.145
248.544,118.540,79.307,228.145
249.131,117.952,79.307,228.145
247.370,118.540,79.307,228.145
249.131,120.301,79.307,228.145
246.195,118.540,79.307,228.145
243.259,119.127,79.307,228.145
242.672,122.063,79.307,228.145
243.259,117.952,79.307,228.145
241.497,122.063,79.307,228.145
243.554,121.318,78.630,226.197
242.972,121.900,78.630,226.197
241.226,120.154,78.630,226.197
245.301,120.736,78.630,226.197
243.933,119.997,77.959,224.266
243.000,121.975,78.641,226.229
243.582,120.228,78.641,226.229
243.000,124.304,78.641,226.229
240.089,121.392,78.641,226.229
246.673,121.790,77.970,224.297
244.190,123.310,77.304,222.383
242.844,121.467,76.645,220.484
245.940,127.391,75.990,218.602
245.377,124.578,75.990,218.602
244.815,124.015,75.990,218.602
246.503,124.578,75.990,218.602
244.815,124.015,75.990,218.602
245.377,125.703,75.990,218.602
243.689,122.890,75.990,218.602
246.503,125.703,75.990,218.602
243.689,125.141,75.990,218.602
245.377,124.578,75.990,218.602
243.689,126.266,75.990,218.602
244.252,126.829,75.990,218.602
245.940,124.015,75.990,218.602
243.127,122.327,75.990,218.602
244.000,127.103,75.342,216.736
244.866,123.130,74.698,214.886
247.631,125.895,74.698,214.886
179.840,151.601,75.352,216.766
168.731,140.006,74.709,214.916
162.034,133.908,74.071,213.081
161.486,132.263,74.071,213.081
162.337,135.847,73.439,211.262
160.706,133.129,73.439,211.262
162.337,135.847,73.439,211.262
161.793,133.129,73.439,211.262
161.249,133.672,73.439,211.262
161.793,134.216,73.439,211.262
162.029,131.620,74.081,213.110
162.578,133.265,74.081,213.110
160.932,131.620,74.081,213.110
162.578,134.362,74.081,213.110
162.029,132.717,74.081,213.110
164.516,134.596,74.729,214.975
163.963,132.936,74.729,214.975
163.410,133.489,74.729,214.975
161.750,131.829,74.729,214.975
163.410,133.489,74.729,214.975
163.963,132.936,74.729,214.975
162.303,132.382,74.729,214.975
162.856,132.936,74.729,214.975
161.196,132.382,74.729,214.975
160.643,130.722,74.729,214.975
162.303,133.489,74.729,214.975
160.643,131.829,74.729,214.975
162.303,132.382,74.729,214.975
161.750,131.829,74.729,214.975
162.303,132.382,74.729,214.975
161.750,131.829,74.729,214.975
162.303,132.382,74.729,214.975
162.856,132.936,74.729,214.975
162.303,133.489,74.729,214.975
161.750,132.936,74.729,214.975
162.303,133.489,74.729,214.975
161.750,131.829,74.729,214.975
162.303,132.382,74.729,214.975
162.856,132.936,74.729,214.975
161.196,131.276,74.729,214.975
161.750,131.829,74.729,214.975
162.303,132.382,74.729,214.975
160.643,130.722,74.729,214.975
162.303,132.382,74.729,214.975
161.750,130.722,74.729,214.975
162.303,132.382,74.729,214.975
161.750,130.722,74.729,214.975
162.303,132.382,74.729,214.975
160.643,130.722,74.729,214.975
158.263,135.419,74.092,213.140
160.185,140.075,73.459,211.321
165.274,135.140,72.832,209.517
169.049,109.794,72.832,209.517
167.431,111.412,72.832,209.517
157.185,106.558,72.832,209.517
249.401,128.668,72.832,209.517
255.333,127.051,72.832,209.517
259.327,133.732,72.210,207.728
261.200,129.924,71.594,205.955
260.670,129.394,71.594,205.955
256.959,132.045,71.594,205.955
257.490,133.635,71.594,205.955
258.020,132.045,71.594,205.955
258.842,135.510,70.983,204.197
259.368,132.882,70.983,204.197
257.107,135.292,70.377,202.453
258.670,137.897,70.377,202.453
256.429,134.186,69.776,200.725
258.239,139.579,69.180,199.012
259.776,135.993,69.180,199.012
260.288,137.530,69.180,199.012
262.849,138.042,69.180,199.012
257.821,131.396,69.786,200.753
260.639,139.815,69.190,199.039
261.152,135.204,69.190,199.039
261.664,134.692,69.190,199.039
262.176,138.278,69.190,199.039
258.590,131.618,69.190,199.039
261.152,138.278,69.190,199.039
262.424,132.681,69.795,200.781
263.975,136.298,69.795,200.781
255.701,135.643,69.199,199.067
251.090,143.329,69.199,199.067
238.708,163.990,69.805,200.809
256.798,154.170,69.805,200.809
260.416,138.147,69.805,200.809
250.125,137.492,69.209,199.095
247.920,135.842,68.618,197.395
250.461,137.366,68.618,197.395
249.953,135.842,68.618,197.395
251.477,138.382,68.618,197.395
251.985,135.842,68.618,197.395
250.461,137.366,68.618,197.395
250.969,135.842,68.618,197.395
251.477,138.382,68.618,197.395
249.953,134.825,68.618,197.395
251.477,139.398,68.618,197.395
250.969,134.825,68.618,197.395
250.766,140.129,68.032,195.710
251.270,136.603,68.032,195.710
250.766,139.122,68.032,195.710
250.565,138.483,67.452,194.039
251.340,141.747,66.876,192.383
249.855,138.281,66.876,192.383
251.340,140.757,66.876,192.383
249.855,139.271,66.876,192.383
251.340,141.747,66.876,192.383
248.864,139.271,66.876,192.383
251.340,141.747,66.876,192.383
248.864,139.271,66.876,192.383
251.340,142.738,66.876,192.383
247.874,139.271,66.876,192.383
250.350,142.738,66.876,192.383
248.864,139.271,66.876,192.383
252.330,139.766,66.876,192.383
252.826,141.252,66.876,192.383
249.729,144.489,66.305,190.740
246.660,147.698,65.739,189.112
252.858,152.358,66.314,190.767
381.045,142.155,65.748,189.138
382.505,139.721,65.748,189.138
382.311,140.053,65.187,187.524
382.794,143.432,65.187,187.524
383.276,141.984,65.187,187.524
383.759,143.432,65.187,187.524
382.311,141.018,65.187,187.524
383.759,144.397,65.187,187.524
383.276,141.984,65.187,187.524
384.724,145.362,65.187,187.524
383.276,141.984,65.187,187.524
383.759,141.501,65.187,187.524
385.207,143.914,65.187,187.524
385.690,142.466,65.187,187.524
386.172,143.914,65.187,187.524
385.393,142.599,65.757,189.165
384.906,141.139,65.757,189.165
385.393,140.652,65.757,189.165
387.827,143.086,65.757,189.165
383.445,140.652,65.757,189.165
384.906,144.060,65.757,189.165
382.471,139.678,65.757,189.165
382.958,143.086,65.757,189.165
381.497,140.652,65.757,189.165
382.253,143.834,65.196,187.550
380.805,141.420,65.196,187.550
381.554,143.634,64.639,185.949
381.363,143.961,64.088,184.361
382.100,145.210,63.540,182.788
380.994,144.614,62.998,181.227
383.538,147.663,62.460,179.680
384.001,147.200,62.460,179.680
384.718,150.223,61.927,178.146
385.430,148.747,61.398,176.626
385.249,151.718,60.874,175.118
384.798,149.465,60.874,175.118
385.497,153.290,60.355,173.623
385.051,150.162,60.355,173.623
384.872,151.339,59.839,172.141
383.543,150.010,59.839,172.141
385.960,153.770,59.329,170.671
384.927,152.356,58.822,169.214
387.105,153.663,58.822,169.214
385.798,151.485,58.822,169.214
389.024,156.031,58.320,167.770
385.481,154.641,57.822,166.338
384.475,155.769,57.329,164.918
386.790,155.230,56.839,163.510
384.980,155.518,56.354,162.114
387.901,157.604,56.354,162.114
386.106,157.889,55.873,160.730
388.174,159.957,55.873,160.730
385.278,158.716,55.873,160.730
387.347,158.303,55.873,160.730
386.933,159.544,55.873,160.730
387.575,159.019,55.396,159.358
387.985,160.249,55.396,159.358
386.755,159.019,55.396,159.358
387.391,160.099,54.923,157.998
386.171,159.693,54.923,157.998
386.578,159.286,54.923,157.998
388.612,161.319,54.923,157.998
385.765,159.286,54.923,157.998
387.983,161.944,54.454,156.649
386.773,159.928,54.454,156.649
387.177,161.138,54.454,156.649
386.773,159.928,54.454,156.649
388.789,161.944,54.454,156.649
385.967,159.928,54.454,156.649
388.166,163.350,53.989,155.312
386.167,161.351,53.989,155.312
388.166,163.350,53.989,155.312
386.167,160.552,53.989,155.312
387.367,162.551,53.989,155.312
386.167,160.552,53.989,155.312
387.367,161.751,53.989,155.312
386.167,160.552,53.989,155.312
387.568,163.165,53.528,153.986
386.379,161.976,53.528,153.986
388.361,163.958,53.528,153.986
386.379,161.183,53.528,153.986
387.568,163.165,53.528,153.986
387.172,162.768,53.528,153.986
386.775,162.372,53.528,153.986
388.757,162.768,53.528,153.986
387.568,162.372,53.528,153.986
388.757,162.768,53.528,153.986
386.775,162.372,53.528,153.986
388.757,162.768,53.528,153.986
386.775,162.372,53.528,153.986
387.964,161.976,53.528,153.986
389.153,162.372,53.528,153.986
386.379,161.183,53.528,153.986
388.361,162.372,53.528,153.986
387.172,161.976,53.528,153.986
387.568,163.165,53.528,153.986
387.172,162.768,53.528,153.986
388.361,163.165,53.528,153.986
387.964,161.183,53.528,153.986
387.568,162.372,53.528,153.986
387.172,161.976,53.528,153.986
388.361,162.372,53.528,153.986
387.964,161.976,53.528,153.986
388.361,162.372,53.528,153.986
387.964,161.976,53.528,153.986
388.361,162.372,53.528,153.986
387.172,161.183,53.528,153.986
388.560,163.774,53.071,152.671
388.167,163.381,53.071,152.671
386.988,162.202,53.071,152.671
388.953,164.167,53.071,152.671
386.202,162.202,53.071,152.671
388.167,164.167,53.071,152.671
386.202,162.202,53.071,152.671
387.381,163.381,53.071,152.671
388.560,162.988,53.071,152.671
386.595,162.595,53.071,152.671
388.560,163.774,53.071,152.671
386.595,162.595,53.071,152.671
387.774,163.774,53.071,152.671
388.953,163.381,53.071,152.671
386.988,162.202,53.071,152.671
388.953,162.595,53.071,152.671
386.988,162.202,53.071,152.671
388.953,163.381,53.071,152.671
387.774,162.202,53.071,152.671
388.953,162.595,53.071,152.671
386.202,161.416,53.071,152.671
389.739,163.381,53.071,152.671
390.349,164.416,52.618,151.368
389.719,164.153,53.079,152.692
389.562,163.654,52.626,151.389
386.536,161.794,53.086,152.714
388.319,163.140,53.551,154.050
387.922,161.158,53.551,154.050
389.112,162.347,53.551,154.050
386.336,161.158,53.551,154.050
388.134,161.703,54.019,155.398
386.934,160.503,54.019,155.398
387.928,158.593,54.492,156.758
386.448,158.321,54.969,158.129
389.298,160.356,54.969,158.129
386.448,159.135,54.969,158.129
390.112,161.170,54.969,158.129
386.448,159.949,54.969,158.129
388.484,159.542,54.969,158.129
386.991,157.599,55.450,159.513
384.939,156.367,55.450,159.513
384.528,158.420,55.450,159.513
388.223,158.830,55.450,159.513
386.170,158.420,55.450,159.513
391.508,158.009,55.450,159.513
405.878,161.704,55.450,159.513
293.272,165.636,55.935,160.909
288.716,161.908,55.935,160.909
286.645,159.837,55.935,160.909
287.888,159.423,55.935,160.909
287.474,161.494,55.935,160.909
285.403,159.423,55.935,160.909
287.662,162.938,55.457,159.535
286.430,160.885,55.457,159.535
282.734,160.475,55.457,159.535
389.935,159.153,54.984,158.173
387.085,160.374,54.984,158.173
385.864,158.338,54.984,158.173
388.713,160.374,54.984,158.173
388.306,159.967,54.984,158.173
387.899,160.374,54.984,158.173
385.864,158.338,54.984,158.173
387.899,159.560,54.984,158.173
385.864,158.338,54.984,158.173
388.713,159.560,54.984,158.173
387.492,158.338,54.984,158.173
388.713,159.560,54.984,158.173
386.678,159.153,54.984,158.173
388.713,159.560,54.984,158.173
387.492,159.967,54.984,158.173
390.507,162.628,54.515,156.823
387.682,162.224,54.515,156.823
388.893,161.013,54.515,156.823
386.067,160.610,54.515,156.823
388.085,161.821,54.515,156.823
387.682,159.802,54.515,156.823
388.085,160.206,54.515,156.823
386.874,159.802,54.515,156.823
388.288,160.866,54.049,155.484
386.287,159.665,54.049,155.484
389.089,162.466,54.049,155.484
387.088,161.266,54.049,155.484
390.052,163.882,53.588,154.157
387.571,162.604,53.130,152.841
390.324,164.571,53.130,152.841
389.144,163.391,53.130,152.841
390.324,162.997,53.130,152.841
391.505,163.391,53.130,152.841
392.685,162.211,53.130,152.841
392.528,164.782,52.677,151.536
390.578,165.172,52.677,151.536
394.868,163.222,52.677,151.536
390.578,163.612,52.677,151.536
393.308,163.222,52.677,151.536
389.017,162.832,52.677,151.536
389.407,163.222,52.677,151.536
389.017,164.392,52.677,151.536
387.847,163.222,52.677,151.536
385.117,162.052,52.677,151.536
387.067,164.002,52.677,151.536
385.897,162.832,52.677,151.536
385.507,163.222,52.677,151.536
386.677,163.612,52.677,151.536
387.067,164.002,52.677,151.536
385.897,163.612,52.677,151.536
386.287,164.002,52.677,151.536
387.457,165.172,52.677,151.536
387.067,164.002,52.677,151.536
387.457,165.172,52.677,151.536
386.287,163.222,52.677,151.536
387.457,165.172,52.677,151.536
387.067,163.222,52.677,151.536
386.677,163.612,52.677,151.536
387.067,164.002,52.677,151.536
387.457,164.392,52.677,151.536
387.627,163.329,53.138,152.862
387.233,162.936,53.138,152.862
386.840,163.329,53.138,152.862
387.450,165.901,52.684,151.557
387.060,163.950,52.684,151.557
388.230,165.901,52.684,151.557
387.060,164.731,52.684,151.557
386.670,163.560,52.684,151.557
387.639,163.297,53.145,152.883
388.033,162.904,53.145,152.883
387.639,163.297,53.145,152.883
387.246,162.117,53.145,152.883
386.852,163.297,53.145,152.883
387.246,162.904,53.145,152.883
387.639,163.297,53.145,152.883
388.033,163.691,53.145,152.883
386.852,164.084,53.145,152.883
388.033,165.265,53.145,152.883
386.065,162.510,53.145,152.883
387.246,164.478,53.145,152.883
386.065,163.297,53.145,152.883
387.043,162.225,53.610,154.221
386.646,162.622,53.610,154.221
387.043,162.225,53.610,154.221
386.646,163.416,53.610,154.221
386.249,162.225,53.610,154.221
385.852,162.622,53.610,154.221
385.455,161.431,53.610,154.221
386.646,162.622,53.610,154.221
386.249,161.431,53.610,154.221
386.646,161.828,53.610,154.221
386.249,161.431,53.610,154.221
386.646,161.828,53.610,154.221
387.837,161.431,53.610,154.221
388.233,160.240,53.610,154.221
390.218,160.637,53.610,154.221
391.409,161.034,53.610,154.221
393.394,166.194,53.610,154.221
472.387,186.439,53.610,154.221
475.166,190.011,53.610,154.221
473.181,187.233,53.610,154.221
475.166,190.011,53.610,154.221
473.181,188.027,53.610,154.221
475.166,189.218,53.610,154.221
472.684,188.714,53.152,152.904
474.651,190.682,53.152,152.904
472.191,188.647,52.699,151.599
474.922,191.378,52.699,151.599
471.721,188.599,52.249,150.305
474.429,192.081,52.249,150.305
472.765,189.326,51.803,149.022
475.450,191.243,51.803,149.022
474.299,187.791,51.803,149.022
475.450,190.476,51.803,149.022
475.066,188.558,51.803,149.022
474.683,189.709,51.803,149.022
475.066,190.093,51.803,149.022
475.450,191.243,51.803,149.022
474.299,190.093,51.803,149.022
475.450,192.011,51.803,149.022
474.299,190.093,51.803,149.022
475.450,191.243,51.803,149.022
473.532,188.558,51.803,149.022
474.876,191.814,51.361,147.750
472.974,189.152,51.361,147.750
474.306,193.122,50.922,146.488
473.175,191.991,50.922,146.488
474.306,194.630,50.922,146.488
473.175,192.745,50.922,146.488
475.060,192.368,50.922,146.488
473.929,190.482,50.922,146.488
475.060,191.614,50.922,146.488
474.683,189.728,50.922,146.488
475.815,192.368,50.922,146.488
473.929,188.974,50.922,146.488
475.815,192.368,50.922,146.488
473.929,188.974,50.922,146.488
475.060,192.368,50.922,146.488
474.683,190.482,50.922,146.488
475.815,192.368,50.922,146.488
473.175,191.236,50.922,146.488
475.060,194.630,50.922,146.488
473.175,191.236,50.922,146.488
474.306,193.122,50.922,146.488
473.929,189.728,50.922,146.488
475.060,191.614,50.922,146.488
473.175,189.728,50.922,146.488
475.815,192.368,50.922,146.488
473.175,188.974,50.922,146.488
474.496,193.646,50.487,145.238
473.375,192.524,50.487,145.238
475.070,193.038,50.929,146.509
473.938,191.153,50.929,146.509
475.648,192.445,51.375,147.791
473.746,189.021,51.375,147.791
475.079,192.992,50.936,146.529
473.947,189.598,50.936,146.529
475.079,191.483,50.936,146.529
473.947,189.598,50.936,146.529
475.833,192.238,50.936,146.529
473.947,188.843,50.936,146.529
475.269,193.516,50.501,145.278
473.399,191.646,50.501,145.278
475.094,193.694,50.943,146.549
473.208,190.299,50.943,146.549
474.340,192.939,50.943,146.549
473.963,191.053,50.943,146.549
475.094,192.939,50.943,146.549
473.208,190.299,50.943,146.549
475.094,192.939,50.943,146.549
473.963,190.299,50.943,146.549
475.849,192.939,50.943,146.549
473.963,189.545,50.943,146.549
475.094,192.185,50.943,146.549
473.208,189.545,50.943,146.549
475.094,192.939,50.943,146.549
473.208,190.299,50.943,146.549
475.094,193.694,50.943,146.549
473.963,190.299,50.943,146.549
474.340,192.185,50.943,146.549
474.717,190.299,50.943,146.549
475.094,192.185,50.943,146.549
473.963,189.545,50.943,146.549
475.094,192.185,50.943,146.549
473.963,189.545,50.943,146.549
475.094,191.431,50.943,146.549
473.963,189.545,50.943,146.549
475.094,192.185,50.943,146.549
474.717,190.299,50.943,146.549
475.849,192.939,50.943,146.549
473.208,189.545,50.943,146.549
475.094,192.939,50.943,146.549
473.963,190.299,50.943,146.549
475.094,192.185,50.943,146.549
473.208,189.545,50.943,146.549
475.094,192.185,50.943,146.549
473.208,189.545,50.943,146.549
475.094,192.185,50.943,146.549
473.963,189.545,50.943,146.549
475.094,192.185,50.943,146.549
473.208,190.299,50.943,146.549
474.340,192.939,50.943,146.549
473.963,191.053,50.943,146.549
475.849,192.939,50.943,146.549
473.963,189.545,50.943,146.549
475.094,192.185,50.943,146.549
473.963,190.299,50.943,146.549
475.849,192.185,50.943,146.549
473.963,188.790,50.943,146.549
475.284,193.464,50.508,145.298
473.414,190.098,50.508,145.298
474.725,194.732,50.077,144.058
474.354,192.136,50.077,144.058
474.725,193.248,50.077,144.058
475.646,191.478,50.515,145.319
473.775,192.600,50.515,145.319
474.149,190.730,50.515,145.319
473.775,192.600,50.515,145.319
474.149,189.982,50.515,145.319
474.524,192.600,50.515,145.319
473.401,189.234,50.515,145.319
473.982,193.868,50.084,144.078
474.353,191.272,50.084,144.078
473.982,193.126,50.084,144.078
472.869,192.014,50.084,144.078
