331.000,39.000,38.000,42.000
337.955,37.139,38.000,42.000
332.127,28.256,37.676,41.641
332.907,19.671,37.676,41.641
334.000,14.520,37.676,41.641
336.653,14.052,37.676,41.641
339.307,19.203,37.676,41.641
351.013,28.412,37.676,41.641
357.413,35.748,37.676,41.641
358.506,42.772,37.676,41.641
342.116,49.796,37.676,41.641
336.341,47.767,37.676,41.641
338.058,40.743,37.676,41.641
336.653,45.894,37.676,41.641
346.799,46.050,37.676,41.641
341.024,38.402,37.676,41.641
339.619,35.436,37.676,41.641
330.795,28.761,37.354,41.286
325.972,23.955,37.035,40.934
323.978,20.733,37.035,40.934
321.983,18.738,37.035,40.934
323.364,19.812,37.035,40.934
320.977,26.124,36.719,40.584
324.780,29.927,36.719,40.584
328.279,32.818,36.719,40.584
332.082,34.187,36.719,40.584
335.885,35.860,36.719,40.584
340.906,33.578,36.719,40.584
341.970,29.167,36.719,40.584
342.731,23.538,36.719,40.584
346.534,22.169,36.719,40.584
356.726,25.972,36.719,40.584
369.657,34.035,36.719,40.584
378.328,46.053,36.719,40.584
373.004,38.903,36.719,40.584
378.632,35.100,36.719,40.584
380.001,36.164,36.719,40.584
378.937,37.838,36.719,40.584
371.787,32.513,36.719,40.584
374.677,31.144,36.719,40.584
373.004,30.384,36.719,40.584
374.870,31.298,37.040,40.939
392.245,4.674,36.724,40.590
394.223,16.085,36.724,40.590
397.961,18.870,37.045,40.945
366.498,59.848,37.045,40.945
350.383,34.832,37.045,40.945
337.479,21.596,37.370,41.303
320.604,18.035,37.370,41.303
304.657,16.332,37.370,41.303
303.066,18.849,37.697,41.665
301.348,21.504,37.697,41.665
299.630,24.159,37.697,41.665
305.408,26.501,37.697,41.665
308.375,27.907,37.697,41.665
310.612,26.284,38.026,42.029
304.468,20.455,38.026,42.029
298.009,14.311,38.026,42.029
301.947,12.263,38.026,42.029
304.940,13.996,38.026,42.029
301.632,18.249,38.026,42.029
303.680,19.352,38.026,42.029
310.457,12.871,38.359,42.397
324.135,5.681,38.695,42.768
332.017,6.315,39.033,43.142
329.360,9.939,39.375,43.520
325.608,13.691,39.375,43.520
327.729,15.159,39.375,43.520
329.396,14.801,39.719,43.900
328.902,10.358,39.719,43.900
331.159,1.074,39.380,43.526
331.975,-1.373,39.380,43.526
326.264,-2.189,39.380,43.526
314.355,2.216,39.380,43.526
305.708,15.431,39.380,43.526
269.652,37.130,39.380,43.526
275.035,65.355,39.380,43.526
257.905,61.276,39.380,43.526
254.479,60.134,39.380,43.526
247.116,61.449,39.725,43.906
255.838,63.917,39.725,43.906
250.078,90.414,39.725,43.906
252.097,103.886,40.072,44.291
239.840,101.480,40.423,44.678
231.595,114.846,40.777,45.069
276.701,135.287,40.777,45.069
268.761,120.589,40.777,45.069
276.025,127.854,40.777,45.069
261.821,150.340,41.134,45.463
261.310,156.646,41.134,45.463
259.094,144.205,41.134,45.463
256.538,156.305,41.134,45.463
260.376,148.245,41.494,45.861
273.131,129.825,41.139,45.470
281.823,148.744,41.139,45.470
275.517,156.073,41.139,45.470
287.618,142.608,41.139,45.470
275.176,130.507,41.139,45.470
273.642,128.973,41.139,45.470
228.136,103.919,41.139,45.470
