117.000,68.000,122.000,125.000
111.179,60.234,122.000,125.000
107.776,51.969,122.000,125.000
108.262,43.703,122.000,125.000
105.831,36.410,122.000,125.000
108.262,33.007,122.000,125.000
113.610,29.603,122.000,125.000
119.931,23.282,122.000,125.000
127.224,16.962,122.000,125.000
134.517,11.613,122.000,125.000
143.755,7.237,122.000,125.000
152.021,8.696,122.000,125.000
159.314,4.320,122.000,125.000
167.580,10.641,122.000,125.000
175.845,18.906,122.000,125.000
182.166,28.144,122.000,125.000
186.542,37.382,122.000,125.000
191.890,43.703,122.000,125.000
197.239,50.996,122.000,125.000
200.642,58.290,122.000,125.000
203.073,62.665,122.000,125.000
198.697,66.069,122.000,125.000
197.239,68.500,122.000,125.000
195.780,71.903,122.000,125.000
194.321,76.279,122.000,125.000
190.299,79.221,123.068,126.094
192.751,75.788,123.068,126.094
193.755,78.719,122.017,125.017
191.324,85.040,122.017,125.017
181.112,93.307,122.017,125.017
173.102,89.271,123.085,126.111
174.106,78.802,122.034,125.035
176.050,63.678,120.992,123.967
174.038,60.664,122.051,125.052
170.288,48.385,121.009,123.985
172.216,28.683,119.976,122.926
168.869,6.210,119.976,122.926
167.434,-13.394,119.976,122.926
161.218,-22.479,119.976,122.926
156.915,-28.695,119.976,122.926
153.568,-28.216,119.976,122.926
157.871,-29.651,119.976,122.926
241.547,-21.522,119.976,122.926
246.413,-28.431,121.026,124.002
244.400,-34.412,122.085,125.087
238.075,-37.818,122.085,125.087
233.053,-36.869,123.153,126.181
227.986,-33.900,124.230,127.285
226.935,-35.979,125.317,128.399
221.780,-33.981,126.414,129.523
221.743,-30.933,127.520,130.656
218.185,-30.425,127.520,130.656
211.898,-27.350,128.636,131.799
206.945,-24.287,127.538,130.674
209.486,-21.745,127.538,130.674
207.961,-24.287,127.538,130.674
200.337,-18.696,127.538,130.674
195.090,-14.578,128.654,131.817
197.155,-13.578,129.780,132.971
191.816,-11.509,130.915,134.134
190.848,-8.392,129.798,132.989
196.953,-11.357,128.689,131.854
204.007,-12.295,127.591,130.728
212.652,-17.889,127.591,130.728
199.939,-7.210,127.591,130.728
207.925,-11.117,126.502,129.612
190.319,-9.100,127.609,130.747
182.984,-7.066,128.725,131.891
181.031,-9.006,127.626,130.765
176.453,-6.462,127.626,130.765
174.927,-10.023,127.626,130.765
182.557,-15.618,127.626,130.765
159.779,-7.616,126.537,129.648
132.863,-20.072,127.644,130.783
125.233,-25.668,127.644,130.783
132.229,-20.643,126.554,129.666
127.023,-14.490,127.662,130.801
124.093,-7.479,126.572,129.684
118.236,2.425,125.491,128.577
121.737,20.930,125.491,128.577
113.978,30.749,124.420,127.480
106.285,40.485,123.358,126.391
99.617,50.138,122.305,125.312
88.250,58.757,121.261,124.243
78.102,70.838,121.261,124.243
65.054,80.020,121.261,124.243
54.121,91.860,122.322,125.330
37.045,100.481,121.278,124.260
23.888,109.027,120.242,123.199
13.825,115.257,120.242,123.199
3.966,121.103,121.295,124.277
-7.152,129.321,121.295,124.277
-16.538,139.755,120.259,123.216
-14.142,150.779,120.259,123.216
-17.124,153.679,121.311,124.294
34.378,164.532,122.373,125.382
116.799,145.512,122.373,125.382
123.139,152.828,122.373,125.382
115.573,149.081,121.328,124.312
108.320,145.696,121.328,124.312
101.067,144.245,121.328,124.312
93.814,139.894,121.328,124.312
86.561,136.509,121.328,124.312
81.890,131.850,120.292,123.251
75.388,126.296,119.266,122.198
68.258,121.068,119.266,122.198
64.593,114.633,118.247,121.155
58.467,108.507,118.247,121.155
51.398,102.381,118.247,121.155
46.214,95.312,118.247,121.155
41.031,88.243,118.247,121.155
41.075,80.944,117.238,120.121
45.281,66.460,117.238,120.121
49.486,59.451,117.238,120.121
47.150,56.181,117.238,120.121
52.863,59.965,118.264,121.172
63.703,65.150,118.264,121.172
58.518,55.252,118.264,121.172
52.391,45.354,118.264,121.172
48.149,33.571,118.264,121.172
53.334,25.559,118.264,121.172
50.035,16.604,118.264,121.172
50.506,9.534,118.264,121.172
50.977,1.522,118.264,121.172
54.276,-4.606,118.264,121.172
59.461,-13.561,118.264,121.172
64.646,-22.516,118.264,121.172
72.658,-28.643,118.264,121.172
90.982,99.816,119.299,122.232
97.163,96.488,119.299,122.232
105.245,88.405,119.299,122.232
114.279,78.421,119.299,122.232
121.746,70.129,118.280,121.189
132.587,59.287,118.280,121.189
138.715,51.274,118.280,121.189
147.672,43.260,118.280,121.189
154.743,35.247,118.280,121.189
164.372,44.863,119.315,122.249
156.067,22.653,118.297,121.206
179.168,87.242,118.297,121.206
184.732,93.739,117.287,120.171
188.939,102.620,117.287,120.171
187.537,110.566,117.287,120.171
191.744,116.643,117.287,120.171
191.788,121.260,116.286,119.145
188.544,123.577,116.286,119.145
184.373,125.894,116.286,119.145
187.130,127.759,115.293,118.128
185.381,132.298,114.309,117.120
188.570,139.131,114.309,117.120
192.169,143.631,113.333,116.120
192.621,149.503,113.333,116.120
194.879,150.858,113.333,116.120
192.621,154.020,113.333,116.120
193.072,158.988,113.333,116.120
195.331,161.246,113.333,116.120
198.492,166.215,113.333,116.120
201.179,162.745,112.365,115.129
205.210,168.566,112.365,115.129
205.252,168.621,111.406,114.146
203.920,164.625,111.406,114.146
203.963,162.080,110.455,113.171
207.044,164.281,110.455,113.171
210.126,161.199,110.455,113.171
