51.000,53.000,87.000,290.000
56.503,54.215,87.000,290.000
60.077,52.071,87.000,290.000
63.650,55.644,87.000,290.000
65.794,50.641,87.000,290.000
67.939,54.215,87.000,290.000
71.512,53.500,87.000,290.000
73.656,49.926,87.000,290.000
77.230,53.500,87.000,290.000
77.945,51.356,87.000,290.000
82.948,52.071,87.000,290.000
85.092,49.926,87.000,290.000
90.095,53.500,87.000,290.000
92.239,51.356,87.000,290.000
95.813,53.500,87.000,290.000
96.528,49.926,87.000,290.000
100.101,54.929,87.000,290.000
102.245,49.926,87.000,290.000
105.819,54.929,87.000,290.000
109.393,55.644,87.000,290.000
110.107,50.641,87.000,290.000
115.110,54.215,87.000,290.000
118.684,56.359,87.000,290.000
119.753,51.321,86.257,287.524
124.713,56.281,86.257,287.524
128.256,58.407,86.257,287.524
128.965,54.864,86.257,287.524
132.508,58.407,86.257,287.524
134.634,54.864,86.257,287.524
138.177,54.156,86.257,287.524
141.720,57.699,86.257,287.524
138.177,52.738,86.257,287.524
143.137,54.864,86.257,287.524
143.846,48.487,86.257,287.524
145.972,54.864,86.257,287.524
145.263,52.738,86.257,287.524
151.641,57.699,86.257,287.524
149.515,55.573,86.257,287.524
157.310,59.116,86.257,287.524
158.018,55.573,86.257,287.524
164.396,61.950,86.257,287.524
167.939,56.990,86.257,287.524
165.813,54.864,86.257,287.524
165.104,54.156,86.257,287.524
162.979,52.030,86.257,287.524
169.356,54.156,86.257,287.524
167.230,50.612,86.257,287.524
173.608,54.156,86.257,287.524
170.065,49.195,86.257,287.524
176.224,51.569,87.012,290.040
179.799,53.713,87.012,290.040
181.943,54.428,87.012,290.040
176.939,50.854,87.012,290.040
184.982,55.579,86.269,287.564
183.276,54.732,85.533,285.109
189.600,56.840,85.533,285.109
186.087,54.732,85.533,285.109
191.250,58.006,84.803,282.676
194.734,55.916,84.803,282.676
191.250,56.612,84.803,282.676
197.520,58.702,84.803,282.676
193.125,55.151,84.079,280.263
203.485,59.986,84.079,280.263
199.127,61.856,83.361,277.870
203.921,63.911,83.361,277.870
207.345,64.596,83.361,277.870
204.360,62.441,82.649,275.498
210.471,65.836,82.649,275.498
208.837,62.375,81.944,273.146
210.856,64.394,81.944,273.146
207.490,62.375,81.944,273.146
215.065,68.138,81.244,270.814
209.058,62.131,81.244,270.814
217.869,69.148,80.551,268.503
212.403,65.774,79.863,266.210
218.308,70.367,79.863,266.210
216.339,67.087,79.863,266.210
219.620,69.055,79.863,266.210
216.760,68.271,79.181,263.938
221.314,71.523,79.181,263.938
224.566,70.873,79.181,263.938
223.916,68.921,79.181,263.938
221.081,65.606,78.505,261.685
226.885,67.540,78.505,261.685
224.950,69.475,78.505,261.685
228.175,70.120,78.505,261.685
221.589,68.091,77.835,259.451
227.535,71.070,77.171,257.236
228.169,69.168,77.171,257.236
228.803,69.802,77.171,257.236
231.973,70.436,77.171,257.236
226.736,67.204,76.512,255.040
221.079,69.090,76.512,255.040
234.279,65.947,76.512,255.040
241.351,66.423,75.859,252.863
240.728,65.799,75.859,252.863
242.597,65.176,75.859,252.863
240.728,64.553,75.859,252.863
244.091,68.672,75.211,250.704
244.709,66.819,75.211,250.704
241.620,64.965,75.211,250.704
246.161,69.049,74.569,248.564
246.773,65.986,74.569,248.564
251.061,65.373,74.569,248.564
247.998,67.211,74.569,248.564
251.061,69.049,74.569,248.564
252.899,70.887,74.569,248.564
251.945,71.683,75.222,250.739
256.271,68.593,75.222,250.739
253.181,65.504,75.222,250.739
256.271,66.122,75.222,250.739
258.401,62.972,74.580,248.599
260.512,62.239,73.943,246.477
263.549,61.632,73.943,246.477
259.297,61.024,73.943,246.477
256.260,57.987,73.943,246.477
255.983,59.632,73.312,244.373
250.562,61.439,73.312,244.373
247.551,62.041,73.312,244.373
249.358,62.643,73.312,244.373
251.165,63.245,73.312,244.373
248.153,60.234,73.312,244.373
253.755,63.040,72.686,242.286
248.822,62.326,72.065,240.218
254.328,67.395,71.450,238.167
256.089,65.634,71.450,238.167
256.676,63.873,71.450,238.167
254.915,62.112,71.450,238.167
259.023,62.699,71.450,238.167
256.089,62.112,71.450,238.167
259.023,60.351,71.450,238.167
262.192,61.940,70.840,236.134
258.520,63.516,70.236,234.119
257.131,61.701,69.636,232.120
262.451,66.598,69.042,230.138
257.765,64.814,68.452,228.174
262.995,66.336,67.868,226.226
264.917,68.934,67.288,224.295
263.586,67.195,66.714,222.380
268.519,71.031,66.714,222.380
263.991,69.307,66.145,220.482
269.969,67.677,66.145,220.482
266.540,71.268,65.580,218.600
270.311,67.497,65.580,218.600
271.117,70.007,65.020,216.734
274.000,69.369,64.465,214.883
271.692,71.836,63.915,213.049
276.417,68.160,63.915,213.049
272.080,71.631,63.369,211.230
277.806,72.152,63.369,211.230
274.521,70.514,62.828,209.427
281.336,70.904,62.292,207.639
277.108,71.291,61.760,205.867
283.704,71.799,61.760,205.867
280.153,71.291,61.760,205.867
285.734,74.843,61.760,205.867
284.212,72.306,61.760,205.867
287.763,76.872,61.760,205.867
284.212,71.291,61.760,205.867
288.930,75.635,61.233,204.109
285.409,72.114,61.233,204.109
291.069,75.439,60.710,202.367
287.577,70.950,60.710,202.367
291.069,75.439,60.710,202.367
288.895,72.896,60.192,200.639
294.459,77.130,59.678,198.927
290.046,72.717,59.678,198.927
295.562,76.914,59.169,197.229
291.188,74.484,59.169,197.229
294.590,77.887,59.169,197.229
290.215,74.484,59.169,197.229
296.534,73.998,59.169,197.229
292.160,71.568,59.169,197.229
297.507,71.082,59.169,197.229
293.132,70.595,59.169,197.229
298.479,72.054,59.169,197.229
295.412,71.473,58.663,195.545
300.834,71.837,58.163,193.876
296.887,71.266,57.666,192.221
302.098,74.582,57.666,192.221
298.184,73.092,57.174,190.580
303.351,72.622,57.174,190.580
298.555,72.978,56.686,188.953
301.814,72.512,56.686,188.953
299.486,70.183,56.686,188.953
303.677,72.512,56.686,188.953
300.739,71.047,56.202,187.340
305.033,74.099,55.722,185.740
300.913,69.979,55.722,185.740
306.956,73.898,55.246,184.155
304.093,70.699,54.775,182.583
309.156,75.429,54.307,181.024
306.925,74.091,54.307,181.024
311.074,79.651,53.844,179.479
310.009,77.396,53.384,177.947
313.079,78.712,53.384,177.947
310.886,77.396,53.384,177.947
313.956,76.958,53.384,177.947
315.272,79.151,53.384,177.947
313.079,77.835,53.384,177.947
317.026,80.028,53.384,177.947
313.079,77.835,53.384,177.947
316.149,78.273,53.384,177.947
314.238,76.038,52.928,176.428
311.194,72.994,52.928,176.428
315.977,76.908,52.928,176.428
314.672,74.734,52.928,176.428
318.716,79.304,52.476,174.922
315.996,77.107,52.029,173.428
318.988,78.389,52.029,173.428
317.125,77.044,51.584,171.948
320.092,79.163,51.584,171.948
316.278,76.197,51.584,171.948
320.939,79.163,51.584,171.948
319.092,77.830,51.144,170.480
323.819,82.247,50.707,169.025
320.378,80.936,50.275,167.582
324.219,82.860,49.845,166.151
321.635,81.572,49.420,164.733
326.101,84.414,49.420,164.733
322.748,82.345,48.998,163.327
327.276,85.005,48.580,161.932
322.886,82.212,48.580,161.932
327.377,84.071,48.165,160.550
323.024,81.301,48.165,160.550
325.794,84.071,48.165,160.550
322.233,80.510,48.165,160.550
327.457,84.669,47.754,159.179
323.926,81.138,47.754,159.179
327.457,83.885,47.754,159.179
324.216,81.885,47.346,157.821
326.939,83.052,47.346,157.821
323.438,79.551,47.346,157.821
328.573,84.399,46.942,156.473
324.331,81.699,46.942,156.473
327.802,83.628,46.942,156.473
324.331,80.157,46.942,156.473
330.175,84.963,46.541,155.138
326.734,83.052,46.541,155.138
330.290,87.071,46.144,153.813
326.878,83.659,46.144,153.813
330.290,86.313,46.144,153.813
326.878,84.417,46.144,153.813
331.048,86.313,46.144,153.813
327.636,83.659,46.144,153.813
330.290,83.280,46.144,153.813
326.878,82.143,46.144,153.813
331.143,86.128,45.750,152.500
327.305,84.212,45.360,151.198
331.498,87.402,44.972,149.908
328.446,86.961,44.588,148.628
332.567,90.097,44.208,147.359
329.299,88.281,44.208,147.359
332.676,92.099,43.830,146.101
329.435,89.578,43.830,146.101
333.396,92.099,43.830,146.101
329.435,89.578,43.830,146.101
332.676,92.099,43.830,146.101
328.715,88.858,43.830,146.101
332.767,91.941,43.456,144.854
329.554,90.156,43.456,144.854
333.570,92.515,43.085,143.617
330.385,90.746,43.085,143.617
334.367,94.467,42.717,142.391
332.153,92.678,42.353,141.176
335.980,95.113,42.353,141.176
333.106,94.019,41.991,139.971
336.314,96.299,41.633,138.776
334.604,93.905,41.633,138.776
331.526,91.511,41.633,138.776
335.374,95.773,41.277,137.591
333.000,93.400,41.277,137.591
336.154,95.641,40.925,136.417
334.473,94.632,40.925,136.417
337.600,97.511,40.576,135.252
334.846,95.812,40.229,134.098
333.854,94.159,40.229,134.098
336.928,96.344,39.886,132.953
333.979,94.050,39.886,132.953
338.305,96.855,39.545,131.818
334.731,95.231,39.545,131.818
338.305,97.505,39.545,131.818
336.031,95.231,39.545,131.818
338.955,97.505,39.545,131.818
336.031,94.581,39.545,131.818
338.305,95.556,39.545,131.818
334.731,93.282,39.545,131.818
338.387,96.697,39.208,130.693
336.132,95.086,39.208,130.693
339.128,97.215,38.873,129.577
336.892,95.619,38.873,129.577
337.370,95.237,38.541,128.471
335.786,94.287,38.541,128.471
339.269,94.604,38.541,128.471
336.654,95.461,38.212,127.374
340.107,96.403,38.212,127.374
336.654,94.833,38.212,127.374
340.735,97.031,38.212,127.374
337.909,95.461,38.212,127.374
341.363,97.658,38.212,127.374
339.165,97.345,38.212,127.374
342.085,100.645,37.886,126.287
339.906,98.466,37.886,126.287
342.800,100.523,37.563,125.209
340.640,98.980,37.563,125.209
344.112,101.020,37.242,124.140
342.779,100.057,36.924,123.080
344.295,102.787,36.924,123.080
342.973,100.649,36.609,122.029
345.079,102.153,36.609,122.029
342.973,100.649,36.609,122.029
344.477,101.552,36.609,122.029
343.575,100.649,36.609,122.029
343.274,99.747,36.609,122.029
343.575,100.649,36.609,122.029
341.677,99.703,36.296,120.988
343.869,102.838,35.986,119.955
341.799,100.177,35.986,119.955
343.972,102.131,35.679,118.931
341.334,99.493,35.679,118.931
342.916,102.574,35.375,117.916
341.463,99.959,35.375,117.916
343.598,102.447,35.073,116.909
341.218,100.978,34.773,115.911
343.218,102.978,34.773,115.911
340.858,102.079,34.476,114.922
342.739,103.608,34.778,115.927
340.937,101.595,34.481,114.937
343.018,104.020,34.187,113.956
340.150,102.588,33.895,112.983
342.740,104.429,33.606,112.019
340.255,103.048,33.606,112.019
342.188,103.876,33.606,112.019
340.255,102.496,33.606,112.019
342.188,103.876,33.606,112.019
340.807,102.496,33.606,112.019
342.740,103.324,33.606,112.019
340.255,101.944,33.606,112.019
342.740,103.324,33.606,112.019
340.255,101.944,33.606,112.019
342.740,103.324,33.606,112.019
340.255,101.944,33.606,112.019
343.361,104.846,33.319,111.063
341.445,103.478,33.319,111.063
343.991,105.287,33.034,110.115
341.548,103.930,33.034,110.115
344.602,106.253,32.752,109.175
342.379,104.882,32.473,108.243
345.314,106.216,32.473,108.243
343.630,105.376,32.196,107.319
345.574,107.641,31.921,106.402
