289.000,67.000,64.000,236.000
287.803,64.671,64.000,236.000
286.105,64.105,64.000,236.000
284.086,65.972,64.560,238.065
280.091,66.543,64.560,238.065
273.813,68.255,64.560,238.065
269.818,67.685,64.560,238.065
264.681,71.680,64.560,238.065
260.686,72.250,64.560,238.065
254.408,73.962,64.560,238.065
251.555,75.675,64.560,238.065
247.560,79.670,64.560,238.065
245.848,83.665,64.560,238.065
241.853,85.377,64.560,238.065
237.117,91.404,64.009,236.033
238.577,87.472,64.569,238.098
236.865,89.184,64.569,238.098
234.011,85.188,64.569,238.098
238.006,80.051,64.569,238.098
244.159,74.914,65.134,240.181
248.190,70.884,65.134,240.181
244.159,69.156,65.134,240.181
248.006,68.696,65.704,242.283
240.455,72.761,65.704,242.283
232.904,86.120,65.704,242.283
232.323,94.833,65.704,242.283
232.904,94.252,65.704,242.283
235.808,89.025,65.704,242.283
244.451,76.653,66.279,244.403
248.553,70.208,66.279,244.403
256.169,63.763,66.279,244.403
263.687,59.691,66.859,246.541
272.481,64.065,67.444,248.699
275.462,59.891,67.444,248.699
278.223,49.636,68.034,250.875
272.377,46.689,68.629,253.070
266.917,52.150,68.629,253.070
271.164,50.329,68.629,253.070
264.490,54.576,68.629,253.070
272.377,60.036,68.629,253.070
275.411,67.923,68.629,253.070
269.950,74.597,68.629,253.070
275.411,63.070,68.629,253.070
285.724,63.677,68.629,253.070
301.998,66.532,68.043,250.910
307.249,66.051,68.639,253.105
305.429,65.444,68.639,253.105
302.395,61.197,68.639,253.105
306.643,65.444,68.639,253.105
303.609,64.838,68.639,253.105
296.934,60.590,68.639,253.105
302.395,63.624,68.639,253.105
306.643,65.444,68.639,253.105
299.968,61.197,68.639,253.105
303.002,64.231,68.639,253.105
297.541,61.197,68.639,253.105
301.788,64.231,68.639,253.105
298.755,59.984,68.639,253.105
300.575,58.163,68.639,253.105
302.395,55.129,68.639,253.105
306.643,52.095,68.639,253.105
303.609,49.062,68.639,253.105
308.046,50.734,68.053,250.944
309.850,52.539,68.053,250.944
313.075,49.501,67.472,248.802
310.454,47.654,66.896,246.678
302.766,41.149,66.896,246.678
296.261,34.644,66.896,246.678
300.401,37.601,66.896,246.678
290.347,33.461,66.896,246.678
283.842,35.235,66.896,246.678
286.799,38.192,66.896,246.678
279.112,43.514,66.896,246.678
280.886,45.288,66.896,246.678
283.624,46.028,67.481,248.837
281.834,39.466,67.481,248.837
274.079,43.641,67.481,248.837
267.517,47.817,67.481,248.837
260.496,62.015,68.072,251.014
268.319,78.262,68.072,251.014
264.106,76.457,68.072,251.014
274.377,81.638,67.491,248.871
267.815,58.370,67.491,248.871
281.537,50.614,67.491,248.871
295.213,42.945,66.914,246.747
302.902,42.353,66.914,246.747
311.775,44.128,66.914,246.747
309.175,42.296,66.343,244.640
314.454,47.574,66.343,244.640
318.559,54.025,66.343,244.640
310.935,53.439,66.343,244.640
312.694,57.544,66.343,244.640
319.017,63.086,66.924,246.781
324.181,68.677,67.509,248.940
335.520,77.629,67.509,248.940
344.401,88.162,68.100,251.119
335.371,86.356,68.100,251.119
328.748,89.366,68.100,251.119
323.330,94.784,68.100,251.119
331.157,97.794,68.100,251.119
337.779,94.784,68.100,251.119
331.157,89.366,68.100,251.119
319.718,80.336,68.100,251.119
308.280,72.510,68.100,251.119
298.046,67.092,68.100,251.119
284.828,57.005,67.519,248.975
277.069,50.439,67.519,248.975
271.697,48.648,67.519,248.975
277.226,57.281,66.942,246.849
267.166,48.404,66.942,246.849
258.289,44.262,66.942,246.849
254.963,46.215,67.528,249.009
260.175,53.080,68.119,251.188
264.390,60.908,68.119,251.188
252.949,53.080,68.119,251.188
245.120,48.865,68.119,251.188
250.540,54.284,68.119,251.188
245.120,47.660,68.119,251.188
251.744,51.876,68.119,251.188
255.960,50.069,68.119,251.188
254.153,45.854,68.119,251.188
255.960,48.865,68.119,251.188
260.175,44.649,68.119,251.188
264.390,45.252,68.119,251.188
264.992,42.241,68.119,251.188
269.208,46.456,68.119,251.188
277.036,50.671,68.119,251.188
283.660,56.091,68.119,251.188
290.284,63.919,68.119,251.188
287.273,69.339,68.119,251.188
290.284,73.554,68.119,251.188
282.455,68.134,68.119,251.188
289.079,75.963,68.119,251.188
294.499,75.360,68.119,251.188
303.532,78.371,68.119,251.188
302.929,76.565,68.119,251.188
298.714,68.737,68.119,251.188
300.521,62.113,68.119,251.188
295.101,57.897,68.119,251.188
289.248,53.712,68.715,253.386
277.707,50.675,68.715,253.386
269.810,46.423,68.715,253.386
264.343,51.890,68.715,253.386
263.735,48.853,68.715,253.386
269.202,50.675,68.715,253.386
267.380,47.638,68.715,253.386
273.928,40.926,69.316,255.603
270.865,41.538,69.316,255.603
273.928,39.700,69.316,255.603
272.090,40.313,69.316,255.603
278.830,44.602,69.316,255.603
272.090,41.538,69.316,255.603
281.281,40.926,69.316,255.603
286.796,42.764,69.316,255.603
292.311,42.151,69.316,255.603
289.247,41.538,69.316,255.603
292.311,49.504,69.316,255.603
294.149,51.342,69.316,255.603
302.115,55.632,69.316,255.603
299.052,52.568,69.316,255.603
307.017,56.857,69.316,255.603
302.728,51.342,69.316,255.603
311.920,43.377,69.316,255.603
307.630,36.636,69.316,255.603
300.890,33.572,69.316,255.603
306.405,40.313,69.316,255.603
318.047,28.670,69.316,255.603
313.758,19.479,69.316,255.603
321.724,27.445,69.316,255.603
317.835,24.351,68.724,253.421
308.722,20.098,68.724,253.421
305.684,26.781,68.724,253.421
309.937,33.464,68.724,253.421
306.899,26.781,68.724,253.421
318.454,32.012,68.138,251.258
319.057,35.024,68.138,251.258
314.840,34.421,68.138,251.258
317.852,31.410,68.138,251.258
319.659,33.217,68.138,251.258
325.080,37.433,68.138,251.258
319.659,29.602,68.138,251.258
322.671,24.181,68.138,251.258
329.296,28.398,68.138,251.258
334.717,31.410,68.138,251.258
326.887,24.784,68.138,251.258
315.442,27.795,68.138,251.258
309.269,22.404,67.556,249.113
306.283,26.584,67.556,249.113
310.650,31.726,66.979,246.986
310.058,33.502,66.979,246.986
311.834,35.278,66.979,246.986
308.874,38.239,66.979,246.986
304.729,35.278,66.979,246.986
300.187,37.232,67.565,249.148
298.396,34.246,67.565,249.148
297.798,34.843,67.565,249.148
297.201,34.246,67.565,249.148
298.742,25.197,68.157,251.328
298.140,18.570,68.157,251.328
291.512,17.967,68.157,251.328
284.884,24.595,68.157,251.328
275.847,15.557,68.157,251.328
271.629,7.724,68.157,251.328
276.889,13.418,68.753,253.527
273.850,4.301,68.753,253.527
279.320,8.556,68.753,253.527
273.850,0.655,68.753,253.527
269.596,0.047,68.753,253.527
273.850,4.301,68.753,253.527
269.596,-1.169,68.753,253.527
272.635,-2.992,68.753,253.527
274.458,-1.169,68.753,253.527
281.144,1.870,68.753,253.527
285.398,9.771,68.753,253.527
281.982,1.809,69.355,255.745
289.953,11.006,69.355,255.745
294.048,15.543,69.961,257.983
295.904,18.635,69.961,257.983
291.574,15.543,69.961,257.983
290.956,22.346,69.961,257.983
291.574,25.438,69.961,257.983
288.482,23.583,69.961,257.983
291.574,26.675,69.961,257.983
287.245,26.057,69.961,257.983
291.574,27.912,69.961,257.983
296.097,33.237,69.364,255.781
294.257,25.266,69.364,255.781
302.330,31.742,68.772,253.597
304.154,27.486,68.772,253.597
312.158,31.534,68.185,251.432
311.555,26.109,68.185,251.432
316.980,21.890,68.185,251.432
319.994,23.698,68.185,251.432
314.135,15.802,68.782,253.632
308.663,13.978,68.782,253.632
310.487,19.450,68.782,253.632
317.175,24.922,68.782,253.632
290.775,18.293,68.194,251.467
291.378,26.130,68.194,251.467
287.158,18.293,68.194,251.467
291.378,21.307,68.194,251.467
284.746,14.676,68.194,251.467
287.761,12.868,68.194,251.467
279.924,9.853,68.194,251.467
280.526,10.456,68.194,251.467
276.306,13.471,68.194,251.467
278.115,20.102,68.194,251.467
271.484,12.265,68.194,251.467
273.292,15.279,68.194,251.467
274.848,19.740,68.791,253.667
273.023,22.781,68.791,253.667
282.145,24.605,68.791,253.667
282.753,20.348,68.791,253.667
291.875,24.605,68.791,253.667
287.618,20.348,68.791,253.667
295.524,19.740,68.791,253.667
299.781,25.213,68.791,253.667
300.389,31.903,68.791,253.667
300.997,41.024,68.791,253.667
300.389,48.930,68.791,253.667
298.564,39.808,68.791,253.667
291.875,35.551,68.791,253.667
290.051,39.808,68.791,253.667
297.956,41.632,68.791,253.667
294.916,36.159,68.791,253.667
298.176,37.835,68.204,251.502
295.161,36.027,68.204,251.502
292.146,39.041,68.204,251.502
293.955,40.850,68.204,251.502
288.952,48.394,67.622,249.355
288.355,46.601,67.622,249.355
284.561,55.247,67.044,247.226
281.597,55.839,67.044,247.226
277.449,58.803,67.044,247.226
270.929,59.395,67.044,247.226
262.039,58.803,67.044,247.226
254.334,57.025,67.044,247.226
253.741,51.691,67.044,247.226
257.890,54.654,67.044,247.226
258.483,49.320,67.044,247.226
256.705,49.912,67.044,247.226
257.297,54.061,67.044,247.226
258.162,59.164,66.472,245.116
263.450,58.576,66.472,245.116
266.389,62.690,66.472,245.116
270.502,60.927,66.472,245.116
268.739,61.514,66.472,245.116
265.801,63.277,66.472,245.116
269.914,59.164,66.472,245.116
277.553,62.102,66.472,245.116
276.966,61.514,66.472,245.116
272.852,58.576,66.472,245.116
267.564,55.638,66.472,245.116
271.677,51.525,66.472,245.116
278.141,54.463,66.472,245.116
273.265,45.763,65.905,243.023
282.072,49.643,65.342,240.949
272.771,44.472,64.784,238.892
276.780,46.190,64.784,238.892
286.516,51.345,64.784,238.892
291.670,46.190,64.784,238.892
286.516,51.345,64.784,238.892
288.234,57.644,64.784,238.892
281.934,63.944,64.784,238.892
272.198,56.499,64.784,238.892
276.207,67.380,64.784,238.892
280.216,74.825,64.784,238.892
270.480,69.671,64.784,238.892
261.890,65.662,64.784,238.892
253.299,62.799,64.784,238.892
247.000,63.371,64.784,238.892
239.554,60.508,64.784,238.892
236.691,57.644,64.784,238.892
241.845,65.089,64.784,238.892
245.854,64.517,64.784,238.892
251.008,63.944,64.784,238.892
256.163,66.807,64.784,238.892
252.154,62.799,64.784,238.892
258.454,69.098,64.784,238.892
252.154,65.089,64.784,238.892
259.599,70.244,64.784,238.892
257.881,71.962,64.784,238.892
261.890,73.680,64.784,238.892
257.881,69.671,64.784,238.892
264.180,73.680,64.784,238.892
263.608,69.671,64.784,238.892
267.617,67.953,64.784,238.892
271.626,62.799,64.784,238.892
276.780,64.517,64.784,238.892
275.062,62.799,64.784,238.892
274.489,56.499,64.784,238.892
278.498,59.362,64.784,238.892
282.507,54.208,64.784,238.892
283.984,52.576,65.351,240.982
285.718,54.309,65.351,240.982
282.829,54.887,65.351,240.982
279.941,54.309,65.351,240.982
286.295,59.508,65.351,240.982
288.028,62.397,65.351,240.982
289.762,60.664,65.351,240.982
292.650,55.464,65.351,240.982
293.228,51.420,65.351,240.982
289.184,54.309,65.351,240.982
285.140,59.508,65.351,240.982
282.251,56.620,65.351,240.982
274.741,60.664,65.351,240.982
271.853,65.863,65.351,240.982
270.975,71.323,65.923,243.091
266.895,73.071,65.923,243.091
265.147,70.157,65.923,243.091
261.448,70.626,65.360,241.016
259.386,70.164,65.932,243.125
252.974,75.409,65.932,243.125
247.729,75.992,65.932,243.125
243.649,77.741,65.932,243.125
241.900,79.489,65.932,243.125
238.986,73.078,65.932,243.125
244.074,72.612,66.509,245.252
235.255,68.496,66.509,245.252
227.612,66.732,66.509,245.252
230.334,67.467,67.091,247.398
221.438,68.060,67.091,247.398
230.334,69.840,67.091,247.398
232.113,65.688,67.091,247.398
235.079,59.164,67.091,247.398
241.472,59.905,67.678,249.563
244.464,52.128,67.678,249.563
246.259,56.316,67.678,249.563
244.464,52.128,67.678,249.563
252.242,55.119,67.678,249.563
256.429,48.538,67.678,249.563
261.814,50.333,67.678,249.563
270.858,49.647,67.100,247.432
276.197,51.427,67.100,247.432
272.045,54.393,67.100,247.432
276.197,56.172,67.100,247.432
279.163,56.765,67.100,247.432
282.128,58.545,67.100,247.432
275.604,55.579,67.100,247.432
271.451,56.172,67.100,247.432
272.045,59.138,67.100,247.432
272.638,60.917,67.100,247.432
269.672,67.442,67.100,247.432
275.010,75.154,67.100,247.432
266.113,68.629,67.100,247.432
263.147,72.781,67.100,247.432
260.181,65.070,67.100,247.432
258.402,58.545,67.100,247.432
266.113,56.765,67.100,247.432
270.265,57.358,67.100,247.432
277.976,53.206,67.100,247.432
284.501,51.427,67.100,247.432
293.399,59.138,67.100,247.432
295.178,58.545,67.100,247.432
285.094,49.647,67.100,247.432
279.756,44.309,67.100,247.432
282.722,36.597,67.100,247.432
277.383,33.631,67.100,247.432
275.604,28.293,67.100,247.432
278.569,33.631,67.100,247.432
293.476,23.429,67.687,249.597
297.664,25.224,67.687,249.597
289.886,16.249,67.687,249.597
282.107,21.634,67.687,249.597
277.918,27.019,67.687,249.597
270.140,32.404,67.687,249.597
259.968,36.593,67.687,249.597
255.003,39.410,67.110,247.467
253.223,45.935,67.110,247.467
257.376,41.783,67.110,247.467
261.714,37.630,66.537,245.354
257.981,43.842,65.969,243.260
252.004,46.587,65.406,241.183
247.956,52.947,65.406,241.183
234.133,59.053,64.847,239.124
226.681,61.919,64.847,239.124
221.522,60.200,64.847,239.124
218.656,59.626,64.847,239.124
218.373,55.614,64.294,237.083
220.078,56.182,64.294,237.083
219.510,61.297,64.294,237.083
223.488,58.455,64.294,237.083
226.330,53.340,64.294,237.083
228.035,49.362,64.294,237.083
379.788,56.750,64.294,237.083
377.290,58.317,63.745,235.059
375.912,62.069,63.201,233.052
375.354,60.393,63.201,233.052
371.443,54.247,63.201,233.052
373.119,52.571,63.201,233.052
369.573,56.291,62.661,231.063
374.704,57.818,62.126,229.090
378.720,62.546,61.596,227.135
375.998,67.447,61.596,227.135
373.604,70.010,61.070,225.196
372.285,71.498,60.549,223.273
366.397,66.681,60.549,223.273
363.000,69.200,60.032,221.367
360.668,73.769,59.519,219.478
359.089,71.138,59.519,219.478
355.750,74.642,59.011,217.604
353.142,70.990,59.011,217.604
353.663,73.599,59.011,217.604
351.371,73.001,58.508,215.746
351.888,73.518,58.508,215.746
350.624,75.952,58.008,213.905
347.034,80.568,58.008,213.905
342.050,78.055,58.516,215.776
335.325,82.710,58.516,215.776
335.842,87.366,58.516,215.776
331.875,94.375,59.028,217.664
323.004,95.941,59.028,217.664
315.620,99.415,58.524,215.806
310.964,96.828,58.524,215.806
308.690,103.302,58.024,213.964
303.047,108.944,58.024,213.964
295.353,103.302,58.024,213.964
292.789,101.763,58.024,213.964
289.198,100.224,58.024,213.964
292.789,96.633,58.024,213.964
291.250,86.887,58.024,213.964
286.633,79.193,58.024,213.964
294.327,86.887,58.024,213.964
292.789,79.193,58.024,213.964
252.266,68.422,58.024,213.964
252.779,64.831,58.024,213.964
259.448,66.370,58.024,213.964
262.012,68.935,58.024,213.964
263.336,70.627,58.532,215.836
260.749,69.075,58.532,215.836
264.371,69.592,58.532,215.836
270.062,71.145,58.532,215.836
275.640,71.792,59.044,217.725
