162.000,188.000,34.000,84.000
161.365,185.549,34.000,84.000
160.230,184.414,34.000,84.000
160.457,186.003,34.000,84.000
160.230,185.322,34.000,84.000
160.003,184.187,34.000,84.000
160.230,183.506,34.000,84.000
160.003,183.279,34.000,84.000
160.230,182.598,34.000,84.000
159.549,183.279,34.000,84.000
159.322,180.782,34.000,84.000
159.095,180.555,34.000,84.000
160.230,182.598,34.000,84.000
160.003,181.463,34.000,84.000
160.230,183.052,34.000,84.000
159.549,182.371,34.000,84.000
160.230,184.414,34.000,84.000
158.641,185.549,34.000,84.000
157.960,186.230,34.000,84.000
159.549,187.819,34.000,84.000
160.230,188.500,34.000,84.000
160.003,188.273,34.000,84.000
160.230,187.592,34.000,84.000
160.003,187.819,34.000,84.000
160.684,188.500,34.000,84.000
158.836,188.637,33.710,83.283
160.411,187.512,33.710,83.283
164.288,189.404,33.422,82.572
168.082,190.966,33.422,82.572
166.073,189.851,33.422,82.572
168.528,191.413,33.422,82.572
165.840,189.370,33.137,81.867
164.903,190.367,32.854,81.168
163.367,188.832,32.854,81.168
162.270,189.490,32.854,81.168
160.735,190.587,32.854,81.168
159.377,189.007,32.573,80.475
158.290,189.659,32.573,80.475
167.206,192.052,32.573,80.475
166.554,191.834,32.573,80.475
165.032,192.922,32.573,80.475
161.769,193.574,32.573,80.475
158.072,194.227,32.573,80.475
154.375,192.704,32.573,80.475
158.507,194.227,32.573,80.475
161.769,193.574,32.573,80.475
159.812,194.227,32.573,80.475
157.617,192.236,32.295,79.788
156.282,191.946,32.020,79.107
154.786,192.587,32.020,79.107
152.434,193.656,32.020,79.107
155.213,191.732,32.020,79.107
157.227,192.695,31.746,78.432
154.472,191.635,31.746,78.432
152.140,190.999,31.746,78.432
150.232,191.635,31.746,78.432
147.053,192.271,31.746,78.432
147.689,189.516,31.746,78.432
147.901,187.608,31.746,78.432
148.113,186.548,31.746,78.432
147.053,185.912,31.746,78.432
145.145,184.853,31.746,78.432
143.662,185.912,31.746,78.432
142.602,186.124,31.746,78.432
141.118,184.217,31.746,78.432
144.297,187.396,31.746,78.432
143.662,190.152,31.746,78.432
141.330,188.244,31.746,78.432
137.727,185.488,31.746,78.432
137.939,187.396,31.746,78.432
134.335,185.488,31.746,78.432
135.505,184.789,31.475,77.762
137.894,183.686,31.207,77.099
140.186,183.061,31.207,77.099
144.562,186.186,31.207,77.099
147.270,187.228,31.207,77.099
149.562,185.770,31.207,77.099
161.439,188.895,31.207,77.099
164.621,189.021,30.940,76.440
164.001,187.988,30.940,76.440
162.555,186.542,30.940,76.440
164.749,185.149,31.211,77.109
160.373,182.440,31.211,77.109
176.002,184.732,31.211,77.109
178.711,184.940,31.211,77.109
181.837,184.315,31.211,77.109
184.963,182.440,31.211,77.109
181.837,181.398,31.211,77.109
184.129,183.273,31.211,77.109
194.757,184.315,31.211,77.109
197.825,185.046,31.484,77.784
197.194,183.574,31.484,77.784
198.995,183.018,31.759,78.465
199.509,185.066,32.037,79.151
201.342,186.693,32.318,79.844
200.979,188.334,32.600,80.542
204.244,192.035,32.600,80.542
201.850,190.511,32.600,80.542
199.891,188.552,32.600,80.542
196.626,186.158,32.600,80.542
192.925,185.505,32.600,80.542
191.402,184.852,32.600,80.542
191.619,184.199,32.600,80.542
193.143,183.546,32.600,80.542
193.361,182.893,32.600,80.542
194.449,182.675,32.600,80.542
195.537,183.763,32.600,80.542
195.755,181.369,32.600,80.542
196.408,179.410,32.600,80.542
197.496,177.886,32.600,80.542
198.585,176.363,32.600,80.542
200.108,175.274,32.600,80.542
202.067,173.751,32.600,80.542
204.462,173.098,32.600,80.542
214.692,173.315,32.600,80.542
218.828,171.356,32.600,80.542
218.908,169.442,32.886,81.247
221.690,169.312,33.173,81.958
221.912,167.318,33.173,81.958
221.690,166.211,33.173,81.958
224.569,166.432,33.173,81.958
223.743,166.755,33.464,82.675
223.073,165.191,33.464,82.675
226.424,167.202,33.464,82.675
223.520,167.425,33.464,82.675
219.721,167.649,33.464,82.675
220.392,168.319,33.464,82.675
217.934,168.542,33.464,82.675
218.604,169.213,33.464,82.675
217.934,170.330,33.464,82.675
219.051,169.213,33.464,82.675
219.275,170.330,33.464,82.675
218.604,169.213,33.464,82.675
219.275,170.330,33.464,82.675
219.498,169.213,33.464,82.675
218.381,170.330,33.464,82.675
217.264,170.106,33.464,82.675
217.487,168.989,33.464,82.675
217.264,170.106,33.464,82.675
217.040,168.096,33.464,82.675
217.711,169.213,33.464,82.675
217.934,169.436,33.464,82.675
218.157,168.319,33.464,82.675
218.381,167.649,33.464,82.675
220.296,167.516,33.757,83.399
224.578,167.741,33.757,83.399
225.705,165.262,33.757,83.399
228.184,165.938,33.757,83.399
227.959,167.516,33.757,83.399
228.042,166.920,34.052,84.128
226.262,165.387,34.350,84.864
227.287,167.131,34.650,85.607
226.593,164.586,34.650,85.607
227.750,167.131,34.650,85.607
228.575,165.465,34.355,84.876
229.722,167.530,34.355,84.876
229.033,170.970,34.355,84.876
228.061,174.242,34.061,84.152
226.469,175.379,34.061,84.152
225.155,173.379,34.359,84.888
224.925,175.444,34.359,84.888
223.058,174.687,34.066,84.163
223.425,176.600,33.775,83.445
220.944,174.119,33.775,83.445
222.974,176.148,33.775,83.445
221.395,173.217,33.775,83.445
221.941,170.771,34.071,84.175
222.623,171.454,34.071,84.175
221.486,171.226,34.071,84.175
219.894,167.814,34.071,84.175
217.598,165.732,33.780,83.456
217.372,164.604,33.780,83.456
217.296,163.420,33.492,82.744
217.967,164.091,33.492,82.744
217.296,162.526,33.492,82.744
216.626,160.066,33.492,82.744
216.114,161.946,33.206,82.038
212.560,158.633,33.496,82.755
209.653,158.857,33.496,82.755
208.818,159.641,33.789,83.480
210.849,172.049,33.789,83.480
213.782,168.214,33.789,83.480
215.812,171.147,33.789,83.480
218.294,171.824,33.789,83.480
215.812,167.537,33.789,83.480
214.416,164.592,33.501,82.767
213.467,162.981,33.215,82.060
212.960,163.115,32.931,81.360
210.981,164.654,32.931,81.360
208.123,165.754,32.931,81.360
208.049,167.603,32.650,80.665
208.267,169.129,32.650,80.665
206.741,169.783,32.650,80.665
203.471,171.309,32.650,80.665
201.073,171.527,32.650,80.665
199.724,171.233,32.372,79.977
198.211,170.584,32.372,79.977
197.130,169.504,32.372,79.977
195.617,168.423,32.372,79.977
195.833,166.910,32.372,79.977
196.049,166.262,32.372,79.977
196.820,166.814,32.095,79.294
197.463,166.171,32.095,79.294
196.820,166.814,32.095,79.294
194.463,165.314,32.095,79.294
191.464,167.116,31.821,78.617
189.552,169.878,31.821,78.617
188.489,171.790,31.821,78.617
187.427,173.702,31.821,78.617
185.940,175.614,31.821,78.617
184.028,174.552,31.821,78.617
182.540,175.189,31.821,78.617
181.478,173.702,31.821,78.617
184.240,175.189,31.821,78.617
188.277,172.852,31.821,78.617
191.039,173.065,31.821,78.617
192.951,171.577,31.821,78.617
192.050,170.047,31.550,77.946
196.090,172.230,31.280,77.281
194.210,170.350,31.280,77.281
197.343,170.977,31.280,77.281
195.046,169.515,31.280,77.281
192.938,170.048,31.013,76.621
189.636,169.769,30.748,75.967
191.894,172.028,30.748,75.967
195.384,173.054,30.748,75.967
193.126,172.438,30.748,75.967
192.256,171.360,30.486,75.318
191.645,169.528,30.486,75.318
191.034,167.697,30.486,75.318
189.610,166.679,30.486,75.318
188.999,168.511,30.486,75.318
187.981,166.679,30.486,75.318
186.149,166.068,30.486,75.318
189.202,166.679,30.486,75.318
191.849,165.661,30.486,75.318
191.238,165.458,30.486,75.318
189.813,166.475,30.486,75.318
189.202,164.643,30.486,75.318
191.441,164.440,30.486,75.318
189.202,163.422,30.486,75.318
187.778,162.404,30.486,75.318
189.610,163.422,30.486,75.318
187.778,162.811,30.486,75.318
192.866,163.015,30.486,75.318
193.884,164.440,30.486,75.318
194.495,163.015,30.486,75.318
196.239,162.477,30.753,75.977
198.087,162.271,30.753,75.977
196.058,159.624,31.022,76.642
197.508,160.660,31.022,76.642
195.462,158.838,31.293,77.313
192.746,159.883,31.293,77.313
196.297,158.838,31.293,77.313
196.089,159.883,31.293,77.313
195.044,161.763,31.293,77.313
199.432,163.644,31.293,77.313
200.058,166.360,31.293,77.313
191.427,164.855,31.026,76.653
189.562,167.134,31.026,76.653
193.498,168.170,31.026,76.653
195.363,166.720,31.026,76.653
196.398,168.170,31.026,76.653
199.091,167.134,31.026,76.653
201.784,166.098,31.026,76.653
204.063,165.891,31.026,76.653
202.613,163.612,31.026,76.653
204.063,162.162,31.026,76.653
205.099,163.612,31.026,76.653
207.792,163.820,31.026,76.653
210.485,164.441,31.026,76.653
210.692,162.162,31.026,76.653
216.700,160.298,31.026,76.653
220.636,162.162,31.026,76.653
223.329,164.027,31.026,76.653
227.679,164.648,31.026,76.653
232.858,163.612,31.026,76.653
235.136,171.691,31.026,76.653
230.786,169.413,31.026,76.653
235.136,167.134,31.026,76.653
239.072,165.270,31.026,76.653
243.422,167.134,31.026,76.653
246.116,168.998,31.026,76.653
244.665,168.377,31.026,76.653
247.715,169.528,31.298,77.323
244.365,170.689,31.571,78.000
240.781,170.900,31.571,78.000
241.724,170.775,31.848,78.683
244.913,172.263,31.848,78.683
248.953,173.326,31.848,78.683
253.419,173.539,31.848,78.683
256.183,174.177,31.848,78.683
256.396,173.114,31.848,78.683
259.160,170.775,31.848,78.683
259.373,169.711,31.848,78.683
257.034,172.476,31.848,78.683
255.120,170.987,31.848,78.683
258.309,168.223,31.848,78.683
262.775,168.010,31.848,78.683
265.033,170.064,32.126,79.371
267.822,173.281,32.126,79.371
259.797,169.644,31.852,78.693
255.757,166.879,31.852,78.693
253.417,163.689,31.852,78.693
252.354,154.119,31.852,78.693
255.969,152.630,31.852,78.693
259.159,162.200,31.852,78.693
269.701,177.333,32.131,79.382
269.058,179.264,32.131,79.382
262.836,179.478,32.131,79.382
256.615,178.835,32.131,79.382
252.539,176.904,32.131,79.382
248.463,176.260,32.131,79.382
245.674,177.333,32.131,79.382
236.878,168.108,32.131,79.382
231.680,166.661,32.412,80.077
239.745,165.646,32.696,80.777
246.513,162.371,32.696,80.777
247.168,156.040,32.696,80.777
244.766,151.893,32.696,80.777
241.492,151.238,32.696,80.777
244.766,160.188,32.696,80.777
244.111,167.829,32.696,80.777
242.147,169.357,32.696,80.777
240.182,173.941,32.696,80.777
239.090,178.525,32.696,80.777
240.619,180.490,32.696,80.777
238.654,179.835,32.696,80.777
239.745,180.490,32.696,80.777
239.964,178.525,32.696,80.777
239.745,178.307,32.696,80.777
242.147,177.216,32.696,80.777
243.238,176.561,32.696,80.777
242.583,174.596,32.696,80.777
244.454,176.704,32.982,81.484
239.389,174.282,32.982,81.484
234.324,172.740,32.982,81.484
233.664,172.080,32.982,81.484
235.205,148.957,32.982,81.484
237.628,139.048,32.982,81.484
240.132,137.032,32.700,80.788
241.223,135.941,32.700,80.788
243.094,136.259,32.986,81.495
249.481,138.681,32.986,81.495
252.785,139.783,32.986,81.495
257.410,138.681,32.986,81.495
272.607,139.783,32.986,81.495
279.875,138.241,32.986,81.495
282.665,130.886,33.275,82.208
287.775,125.776,33.275,82.208
293.322,127.011,33.566,82.928
298.477,135.751,33.566,82.928
300.046,138.216,33.566,82.928
301.507,135.786,33.860,83.653
298.346,134.725,34.156,84.385
299.031,131.760,34.156,84.385
296.522,121.042,34.156,84.385
321.380,118.533,34.156,84.385
320.529,109.048,34.455,85.124
267.388,47.625,34.455,85.124
258.416,51.076,34.455,85.124
255.886,54.066,34.455,85.124
257.956,55.217,34.455,85.124
252.665,53.606,34.455,85.124
240.012,51.076,34.455,85.124
230.120,54.526,34.455,85.124
228.970,64.879,34.455,85.124
228.112,68.043,34.756,85.869
238.555,43.677,34.756,85.869
233.217,44.373,34.756,85.869
224.167,45.997,34.756,85.869
205.834,51.335,34.756,85.869
190.286,49.710,34.756,85.869
187.269,40.196,34.756,85.869
185.380,32.186,34.460,85.136
184.230,36.557,34.460,85.136
191.822,31.265,34.460,85.136
204.477,24.593,34.460,85.136
257.625,19.301,34.460,85.136
266.138,17.230,34.460,85.136
283.203,12.849,34.761,85.881
311.750,9.367,34.761,85.881
302.234,9.600,34.761,85.881
303.395,5.190,34.761,85.881
302.234,4.493,34.761,85.881
304.323,0.548,34.761,85.881
316.780,-2.920,35.065,86.632
321.228,-3.623,35.065,86.632
353.771,-7.135,35.065,86.632
355.878,-6.432,35.065,86.632
378.120,-10.412,35.065,86.632
381.164,-11.115,35.065,86.632
389.826,-13.690,35.065,86.632
399.425,-21.416,35.065,86.632
405.746,-24.928,35.065,86.632
413.941,-22.821,35.065,86.632
415.580,-23.523,35.065,86.632
417.687,-26.567,35.065,86.632
416.984,-25.865,35.065,86.632
420.028,-27.972,35.065,86.632
