152.000,102.000,40.000,67.000
151.037,100.202,40.000,67.000
152.500,101.664,40.000,67.000
153.545,103.545,40.000,67.000
154.172,104.172,40.000,67.000
154.798,103.545,40.000,67.000
155.007,105.843,40.000,67.000
153.127,107.724,40.000,67.000
149.993,110.022,40.000,67.000
146.858,111.485,40.000,67.000
143.306,111.694,40.000,67.000
139.336,109.395,40.000,67.000
135.784,107.515,40.000,67.000
136.829,108.977,40.000,67.000
139.545,107.515,40.000,67.000
141.844,105.216,40.000,67.000
144.978,102.918,40.000,67.000
152.291,104.381,40.000,67.000
157.899,103.445,40.350,67.586
163.123,104.662,40.703,68.178
171.415,107.851,40.703,68.178
179.301,110.822,41.059,68.774
182.518,111.465,41.059,68.774
186.164,109.106,41.059,68.774
187.963,109.904,41.418,69.376
191.108,111.596,41.781,69.983
190.017,112.688,41.781,69.983
185.434,111.596,41.781,69.983
183.685,110.172,42.146,70.595
182.373,107.832,42.515,71.213
183.780,104.106,42.887,71.836
179.689,98.051,43.263,72.465
170.002,90.553,43.641,73.099
161.567,88.045,43.641,73.099
157.404,89.828,44.023,73.738
152.262,86.913,44.408,74.384
146.599,83.972,44.797,75.034
139.345,80.930,44.797,75.034
132.672,79.882,45.189,75.691
122.071,77.373,45.584,76.353
117.234,81.677,45.983,77.021
112.847,87.002,46.385,77.695
109.913,90.885,46.791,78.375
108.956,94.300,47.201,79.061
109.696,97.998,47.201,79.061
111.764,100.938,47.614,79.753
115.380,103.903,48.030,80.451
116.970,107.923,48.450,81.155
112.348,107.308,48.874,81.865
114.135,105.521,48.874,81.865
110.305,101.692,48.874,81.865
108.783,97.932,49.302,82.581
111.616,98.189,49.302,82.581
114.964,97.932,49.302,82.581
117.124,98.890,49.733,83.304
119.303,100.390,50.169,84.032
116.129,99.216,50.608,84.768
123.223,102.910,51.050,85.509
135.224,106.910,51.050,85.509
141.890,103.977,51.050,85.509
148.500,100.596,51.497,86.258
153.514,94.979,51.948,87.012
155.956,90.366,51.948,87.012
153.226,85.257,52.402,87.774
156.237,82.794,52.402,87.774
158.153,83.615,52.402,87.774
160.616,85.531,52.402,87.774
164.035,88.795,52.861,88.542
167.483,94.351,53.323,89.317
172.674,99.956,53.790,90.098
176.759,102.154,54.261,90.886
180.879,104.952,54.735,91.682
205.754,98.947,54.735,91.682
212.841,102.356,55.214,92.484
220.052,107.259,55.214,92.484
226.610,106.559,55.697,93.293
230.840,104.660,56.185,94.109
228.785,101.431,56.185,94.109
231.247,106.735,56.676,94.933
227.054,104.196,57.172,95.764
224.049,101.022,57.673,96.601
219.530,97.105,57.673,96.601
213.410,94.521,58.177,97.447
207.636,91.786,58.177,97.447
204.578,92.917,58.686,98.299
199.980,90.158,58.686,98.299
196.608,87.399,58.686,98.299
193.236,83.414,58.686,98.299
187.411,76.976,58.686,98.299
181.587,72.991,58.686,98.299
172.696,70.232,58.686,98.299
162.580,67.473,58.686,98.299
151.850,66.553,58.686,98.299
139.895,63.181,58.686,98.299
135.659,64.498,58.185,97.460
130.273,64.024,57.689,96.628
126.110,62.967,57.196,95.803
123.421,63.863,57.196,95.803
120.458,62.232,56.708,94.986
112.898,65.238,56.224,94.175
109.080,66.119,56.224,94.175
104.087,64.651,56.224,94.175
98.883,61.328,55.744,93.371
85.197,57.542,55.744,93.371
76.297,56.835,56.232,94.188
80.116,49.492,56.232,94.188
85.590,44.564,56.724,95.012
83.824,39.592,57.220,95.843
80.816,33.965,57.721,96.682
73.708,29.377,57.228,95.857
66.411,24.361,57.729,96.695
60.285,20.538,58.234,97.541
58.764,15.975,58.234,97.541
65.057,23.967,58.743,98.395
67.205,27.956,58.743,98.395
71.808,25.808,58.743,98.395
82.559,28.838,59.257,99.256
88.963,25.548,59.776,100.124
93.647,27.734,59.776,100.124
97.706,24.923,59.776,100.124
102.885,26.086,60.299,101.000
109.402,28.549,60.826,101.884
115.323,32.337,61.359,102.776
120.772,30.094,61.359,102.776
126.221,34.902,61.359,102.776
133.593,30.094,61.359,102.776
160.837,45.799,61.359,102.776
172.696,50.607,61.359,102.776
176.863,49.645,61.359,102.776
181.029,51.248,61.359,102.776
185.196,52.851,61.359,102.776
188.272,51.100,60.835,101.898
185.742,48.125,60.315,101.028
182.906,41.509,60.315,101.028
175.660,29.851,60.315,101.028
160.851,12.522,60.315,101.028
151.714,5.276,60.315,101.028
143.838,4.961,60.315,101.028
136.591,9.056,60.315,101.028
130.605,13.783,60.315,101.028
125.879,18.509,60.315,101.028
122.413,20.084,60.315,101.028
118.947,24.180,60.315,101.028
114.221,30.796,60.315,101.028
109.495,33.002,60.315,101.028
98.468,29.536,60.315,101.028
95.002,27.330,60.315,101.028
91.832,21.398,60.843,101.912
87.064,14.724,60.843,101.912
83.568,11.228,60.843,101.912
80.708,10.910,60.843,101.912
66.406,15.678,60.843,101.912
60.367,13.453,60.843,101.912
48.608,12.499,60.843,101.912
43.840,11.546,60.843,101.912
37.801,8.685,60.843,101.912
34.030,3.849,60.324,101.042
38.284,2.743,59.809,100.180
43.112,0.428,59.298,99.325
47.758,-1.741,59.298,99.325
51.785,-0.811,59.298,99.325
55.362,-1.898,58.792,98.477
58.740,-2.206,58.792,98.477
61.504,-3.741,58.792,98.477
65.497,-2.206,58.792,98.477
77.474,1.787,58.792,98.477
85.152,4.551,58.792,98.477
96.542,10.731,59.307,99.338
103.047,14.758,59.307,99.338
107.694,21.264,59.307,99.338
108.624,27.770,59.307,99.338
112.032,35.514,59.307,99.338
123.494,48.216,59.307,99.338
130.000,59.059,59.307,99.338
134.647,63.706,59.307,99.338
138.674,67.733,59.307,99.338
140.843,73.000,59.307,99.338
143.631,78.267,59.307,99.338
145.800,86.011,59.307,99.338
149.207,91.898,59.307,99.338
147.658,93.447,59.307,99.338
147.349,99.952,59.307,99.338
150.137,112.035,59.307,99.338
155.275,119.538,59.825,100.208
114.337,112.976,59.825,100.208
110.274,108.288,59.825,100.208
108.712,107.351,59.825,100.208
107.489,107.873,60.349,101.085
112.218,110.080,60.349,101.085
106.460,107.376,60.877,101.969
157.369,103.996,61.410,102.861
155.456,110.451,61.947,103.761
150.210,109.002,62.489,104.669
130.865,102.187,63.036,105.585
116.751,96.662,63.587,106.509
111.769,91.016,63.587,106.509
106.384,86.124,64.144,107.441
100.265,81.876,64.705,108.381
96.863,78.976,65.271,109.329
93.433,79.547,65.842,110.286
86.898,84.018,65.842,110.286
81.322,88.118,66.418,111.251
77.205,88.932,65.851,110.301
73.794,90.409,65.289,109.360
69.361,89.386,65.289,109.360
72.430,91.091,65.289,109.360
78.228,92.797,65.289,109.360
84.708,95.866,65.289,109.360
89.824,97.571,65.289,109.360
105.171,100.641,65.289,109.360
110.969,100.982,65.289,109.360
115.402,99.959,65.289,109.360
121.759,103.325,65.861,110.317
126.760,103.901,66.437,111.282
110.449,102.860,66.437,111.282
73.315,99.042,66.437,111.282
70.192,98.001,66.437,111.282
69.151,94.183,66.437,111.282
71.580,98.695,66.437,111.282
67.763,94.183,66.437,111.282
68.804,98.001,66.437,111.282
63.598,93.489,66.437,111.282
64.639,95.919,66.437,111.282
62.904,95.572,66.437,111.282
63.680,97.575,67.018,112.256
61.930,93.724,67.018,112.256
64.149,97.180,67.605,113.238
160.500,76.776,68.196,114.229
159.431,79.982,68.196,114.229
150.525,76.776,68.196,114.229
137.344,80.695,68.196,114.229
119.889,83.188,68.196,114.229
111.696,82.120,68.196,114.229
92.775,81.985,68.793,115.228
75.167,80.188,68.793,115.228
60.433,79.110,68.793,115.228
57.199,82.344,68.793,115.228
65.464,85.578,68.793,115.228
82.354,89.531,68.793,115.228
79.120,95.640,68.793,115.228
82.870,94.031,69.395,116.236
79.608,98.019,69.395,116.236
73.446,101.281,69.395,116.236
74.095,97.887,68.802,115.244
74.900,101.435,69.404,116.252
94.840,105.423,69.404,116.252
103.826,108.259,70.012,117.270
102.729,104.968,70.012,117.270
106.546,104.080,70.624,118.296
110.397,103.940,71.242,119.331
115.979,108.034,71.242,119.331
217.514,86.532,71.866,120.375
219.391,91.412,71.866,120.375
209.256,88.784,71.866,120.375
199.870,92.163,71.866,120.375
179.223,94.040,71.866,120.375
164.583,95.917,71.866,120.375
150.606,98.262,71.252,119.347
143.284,94.051,70.644,118.329
128.155,91.468,70.644,118.329
120.405,86.671,70.644,118.329
103.831,81.236,71.262,119.364
97.503,73.418,71.262,119.364
89.686,68.579,71.262,119.364
72.190,64.484,71.262,119.364
66.607,64.857,71.262,119.364
61.767,64.484,71.262,119.364
58.417,62.623,71.262,119.364
62.512,68.207,71.262,119.364
62.140,64.857,71.262,119.364
66.234,68.207,71.262,119.364
