125.000,162.000,74.000,55.000
124.740,162.753,74.000,55.000
124.994,162.500,74.000,55.000
124.740,162.753,74.000,55.000
124.676,162.772,74.648,55.481
124.745,162.760,74.010,55.008
124.492,162.000,74.010,55.008
125.252,162.760,74.010,55.008
124.492,162.000,74.010,55.008
125.252,162.760,74.010,55.008
124.332,162.253,73.378,54.538
125.588,163.007,73.378,54.538
125.166,162.504,72.752,54.072
125.614,163.033,73.389,54.546
125.192,162.531,72.762,54.080
125.639,163.060,73.399,54.553
125.217,162.558,72.772,54.087
125.665,163.087,73.409,54.561
125.243,162.585,72.782,54.095
125.690,163.114,73.419,54.568
125.268,162.611,72.792,54.102
126.226,163.141,73.429,54.576
124.970,162.387,73.429,54.576
125.421,162.406,74.072,55.053
124.996,162.393,73.440,54.583
125.447,162.412,74.082,55.061
125.194,162.666,74.082,55.061
124.940,162.412,74.082,55.061
125.504,162.895,73.450,54.591
125.252,163.146,73.450,54.591
125.001,162.392,73.450,54.591
124.937,162.411,74.092,55.069
125.501,162.893,73.460,54.599
124.747,162.642,73.460,54.599
124.998,162.390,73.460,54.599
124.934,162.409,74.103,55.076
124.681,162.663,74.103,55.076
124.427,162.916,74.103,55.076
124.174,162.156,74.103,55.076
124.934,162.409,74.103,55.076
125.003,162.397,73.470,54.606
125.562,162.875,72.843,54.140
126.310,162.626,72.843,54.140
125.405,162.127,72.221,53.678
124.663,161.386,72.221,53.678
123.922,161.139,72.221,53.678
124.663,161.386,72.221,53.678
123.766,159.927,71.605,53.220
126.952,161.152,71.605,53.220
126.216,160.907,71.605,53.220
125.971,160.662,71.605,53.220
127.197,160.907,71.605,53.220
125.971,160.662,71.605,53.220
127.197,160.907,71.605,53.220
126.462,160.662,71.605,53.220
126.216,160.907,71.605,53.220
127.442,161.642,71.605,53.220
126.216,159.927,71.605,53.220
127.442,161.152,71.605,53.220
126.707,160.907,71.605,53.220
127.442,161.152,71.605,53.220
126.707,160.907,71.605,53.220
126.952,160.662,71.605,53.220
127.197,160.417,71.605,53.220
127.135,160.435,72.231,53.685
125.899,159.694,72.231,53.685
127.629,160.930,72.231,53.685
126.393,160.188,72.231,53.685
127.629,160.435,72.231,53.685
126.887,159.200,72.231,53.685
127.629,159.941,72.231,53.685
126.553,157.426,72.863,54.155
126.303,156.678,72.863,54.155
125.729,154.652,73.501,54.629
127.490,154.400,73.501,54.629
128.748,154.149,73.501,54.629
130.288,153.646,72.873,54.163
130.356,152.660,72.251,53.700
130.603,151.424,72.251,53.700
132.600,150.929,71.634,53.242
133.826,150.194,71.634,53.242
134.562,148.968,71.634,53.242
134.150,147.043,71.023,52.787
135.365,145.828,71.023,52.787
135.122,143.640,71.023,52.787
137.559,144.577,70.417,52.337
137.318,141.926,70.417,52.337
138.041,140.721,70.417,52.337
138.764,139.998,70.417,52.337
139.487,137.347,70.417,52.337
138.282,135.660,70.417,52.337
140.229,135.649,69.815,51.890
140.945,134.454,69.815,51.890
139.751,131.826,69.815,51.890
141.214,131.814,69.219,51.447
142.399,130.630,69.219,51.447
142.636,128.972,69.219,51.447
143.346,128.261,69.219,51.447
144.531,127.076,69.219,51.447
146.663,127.313,69.219,51.447
143.491,125.915,68.629,51.008
145.605,124.741,68.629,51.008
146.310,123.567,68.629,51.008
144.666,121.922,68.629,51.008
144.606,119.533,69.229,51.454
142.603,116.151,69.835,51.904
145.483,118.128,70.446,52.358
141.384,115.476,70.446,52.358
144.518,117.646,70.446,52.358
140.420,115.476,70.446,52.358
137.286,112.824,70.446,52.358
140.190,113.337,71.062,52.817
136.638,110.862,71.684,53.279
139.337,112.089,71.684,53.279
135.754,109.593,72.311,53.745
137.487,110.830,72.311,53.745
140.209,112.067,72.311,53.745
137.102,109.549,72.944,54.215
140.093,110.511,72.321,53.752
136.986,107.993,72.954,54.223
140.231,109.741,72.954,54.223
141.979,110.989,72.954,54.223
139.868,107.937,73.593,54.697
140.624,109.700,73.593,54.697
138.357,107.433,73.593,54.697
141.128,108.189,73.593,54.697
143.394,108.944,73.593,54.697
140.749,107.414,74.236,55.176
143.297,109.385,73.603,54.705
141.030,107.621,73.603,54.705
144.304,108.881,73.603,54.705
141.534,108.125,73.603,54.705
144.808,108.881,73.603,54.705
141.534,108.629,73.603,54.705
143.535,109.164,74.247,55.183
140.740,107.385,74.247,55.183
143.784,109.852,73.613,54.712
143.361,110.331,72.985,54.245
144.610,111.580,72.985,54.245
141.862,111.830,72.985,54.245
144.110,113.578,72.985,54.245
141.862,112.829,72.985,54.245
143.611,114.577,72.985,54.245
141.363,115.327,72.985,54.245
142.611,114.078,72.985,54.245
140.863,114.328,72.985,54.245
143.611,115.077,72.985,54.245
144.360,116.326,72.985,54.245
141.612,114.577,72.985,54.245
144.360,115.826,72.985,54.245
146.108,116.576,72.985,54.245
142.362,114.827,72.985,54.245
144.110,117.075,72.985,54.245
141.363,116.825,72.985,54.245
143.611,119.573,72.985,54.245
140.364,117.825,72.985,54.245
142.112,121.072,72.985,54.245
139.364,120.322,72.985,54.245
137.116,121.571,72.985,54.245
136.367,122.820,72.985,54.245
137.616,125.567,72.985,54.245
135.368,125.817,72.985,54.245
135.118,127.566,72.985,54.245
135.868,127.815,72.985,54.245
136.117,129.564,72.985,54.245
134.869,130.313,72.985,54.245
135.118,131.562,72.985,54.245
135.673,133.499,72.362,53.782
135.921,134.242,72.362,53.782
136.664,135.480,72.362,53.782
135.921,136.719,72.362,53.782
137.655,138.452,72.362,53.782
136.577,138.978,72.995,54.253
138.825,140.227,72.995,54.253
140.074,141.476,72.995,54.253
138.825,140.727,72.995,54.253
140.573,142.476,72.995,54.253
140.823,143.225,72.995,54.253
142.072,143.974,72.995,54.253
140.823,143.725,72.995,54.253
143.072,144.474,72.995,54.253
141.323,144.224,72.995,54.253
143.072,144.974,72.995,54.253
143.008,143.968,73.633,54.728
142.944,142.437,74.278,55.206
142.880,140.372,74.928,55.689
144.392,138.814,75.583,56.177
145.387,138.303,76.245,56.668
147.213,139.086,76.245,56.668
148.752,134.826,76.912,57.164
149.765,131.069,77.585,57.664
148.064,127.279,78.264,58.169
147.996,125.102,78.948,58.678
148.807,123.211,78.948,58.678
147.077,120.462,79.639,59.191
146.804,116.919,79.639,59.191
144.897,113.921,79.639,59.191
142.989,110.923,79.639,59.191
140.536,109.560,79.639,59.191
138.083,109.288,79.639,59.191
134.540,110.105,79.639,59.191
130.452,108.742,79.639,59.191
117.642,105.744,79.639,59.191
111.866,104.136,78.959,58.686
109.831,104.123,78.285,58.185
109.563,105.998,78.285,58.185
106.080,104.123,78.285,58.185
106.561,106.889,78.970,58.694
104.669,104.456,78.970,58.694
106.852,105.498,78.296,58.193
109.799,107.374,78.296,58.193
106.852,104.962,78.296,58.193
109.264,106.302,78.296,58.193
111.951,105.243,77.628,57.696
115.133,106.785,76.965,57.204
112.236,104.415,76.965,57.204
109.338,103.625,76.965,57.204
104.860,99.674,76.965,57.204
108.285,102.044,76.965,57.204
120.664,108.102,76.965,57.204
132.477,111.902,77.639,57.704
143.902,114.293,77.639,57.704
147.887,115.090,77.639,57.704
145.641,113.476,78.318,58.209
144.837,115.352,78.318,58.209
144.033,114.548,78.318,58.209
145.909,114.816,78.318,58.209
145.641,114.548,78.318,58.209
146.760,115.058,77.649,57.712
145.431,114.792,77.649,57.712
147.291,113.995,77.649,57.712
149.403,114.015,78.329,58.217
148.599,114.819,78.329,58.217
145.783,113.740,79.014,58.727
149.041,114.315,79.705,59.241
144.404,112.405,79.705,59.241
141.538,111.867,80.403,59.759
139.212,110.759,81.106,60.282
137.825,109.371,81.106,60.282
137.547,109.649,81.106,60.282
135.604,108.816,81.106,60.282
134.771,109.649,81.106,60.282
135.604,108.816,81.106,60.282
132.430,109.344,80.414,59.767
125.550,107.968,80.414,59.767
119.220,106.042,80.414,59.767
114.999,104.954,79.728,59.257
111.998,104.682,79.728,59.257
108.345,104.136,79.047,58.751
112.114,106.234,78.372,58.250
115.064,107.039,78.372,58.250
113.723,106.234,78.372,58.250
111.846,106.502,78.372,58.250
115.058,107.536,77.703,57.752
110.085,104.830,78.383,58.258
120.546,109.390,78.383,58.258
132.081,111.805,78.383,58.258
142.543,114.755,78.383,58.258
145.493,115.024,78.383,58.258
144.689,114.219,78.383,58.258
145.285,115.776,77.714,57.760
145.019,113.914,77.714,57.760
144.753,114.180,77.714,57.760
144.487,114.446,77.714,57.760
143.157,114.180,77.714,57.760
143.423,113.914,77.714,57.760
143.157,113.116,77.714,57.760
145.019,113.914,77.714,57.760
144.221,113.648,77.714,57.760
146.083,114.978,77.714,57.760
145.817,114.712,77.714,57.760
146.615,116.042,77.714,57.760
147.413,115.776,77.714,57.760
148.742,116.042,77.714,57.760
148.477,116.308,77.714,57.760
149.806,116.574,77.714,57.760
147.945,114.712,77.714,57.760
148.211,115.510,77.714,57.760
149.008,114.712,77.714,57.760
149.806,114.446,77.714,57.760
150.284,114.466,78.394,58.266
148.406,113.125,78.394,58.266
151.096,114.159,77.725,57.768
152.665,113.633,78.405,58.274
150.250,113.365,78.405,58.274
151.592,112.023,78.405,58.274
148.523,112.010,77.735,57.776
150.385,112.276,77.735,57.776
148.523,110.414,77.735,57.776
146.129,110.148,77.735,57.776
142.138,108.286,77.735,57.776
141.872,108.552,77.735,57.776
142.138,107.754,77.735,57.776
140.808,108.552,77.735,57.776
142.670,107.754,77.735,57.776
145.597,109.084,77.735,57.776
142.670,107.754,77.735,57.776
144.001,108.552,77.735,57.776
146.927,108.818,77.735,57.776
142.936,106.424,77.735,57.776
140.542,107.222,77.735,57.776
140.614,106.690,77.072,57.283
142.745,107.192,76.414,56.794
140.391,105.361,76.414,56.794
143.791,106.669,76.414,56.794
140.391,105.361,76.414,56.794
143.524,107.389,75.762,56.309
139.206,105.283,76.425,56.802
142.339,106.801,75.772,56.317
139.486,104.986,75.772,56.317
143.099,105.985,75.125,55.836
140.785,104.700,75.125,55.836
144.641,106.499,75.125,55.836
141.813,105.214,75.125,55.836
145.156,105.985,75.125,55.836
141.813,104.700,75.125,55.836
145.156,107.013,75.125,55.836
142.327,104.700,75.125,55.836
145.156,106.499,75.125,55.836
147.469,107.271,75.125,55.836
144.127,105.471,75.125,55.836
146.170,107.598,75.783,56.325
143.317,106.302,75.783,56.325
145.651,108.117,75.783,56.325
147.467,109.414,75.783,56.325
143.577,110.192,75.783,56.325
145.392,112.526,75.783,56.325
147.453,116.267,76.446,56.818
144.705,118.968,77.115,57.315
140.310,129.808,77.789,57.816
137.266,133.951,77.125,57.323
134.363,137.382,77.125,57.323
132.515,140.813,77.125,57.323
129.497,140.800,76.467,56.834
129.758,143.156,76.467,56.834
128.450,142.894,76.467,56.834
128.521,144.924,75.814,56.348
127.742,146.740,75.814,56.348
129.838,148.752,75.167,55.867
125.465,150.038,75.167,55.867
123.150,150.296,75.167,55.867
124.667,152.424,75.825,56.356
118.698,148.532,75.825,56.356
115.325,146.715,75.825,56.356
116.103,148.532,75.825,56.356
112.123,147.000,75.177,55.875
113.924,147.772,75.177,55.875
109.036,144.428,75.177,55.875
106.720,143.141,75.177,55.875
109.550,145.457,75.177,55.875
106.848,143.366,75.835,56.364
104.512,142.069,75.835,56.364
107.886,144.404,75.835,56.364
105.425,141.860,75.188,55.883
107.741,143.661,75.188,55.883
104.395,141.345,75.188,55.883
102.457,139.826,74.546,55.406
100.161,137.530,74.546,55.406
97.355,134.214,74.546,55.406
94.548,131.918,74.546,55.406
97.355,135.745,74.546,55.406
94.038,132.938,74.546,55.406
91.232,130.132,74.546,55.406
88.936,128.346,74.546,55.406
86.640,127.071,74.546,55.406
85.529,125.521,75.198,55.891
87.331,124.234,75.198,55.891
85.015,123.462,75.198,55.891
87.331,121.661,75.198,55.891
85.015,117.286,75.198,55.891
83.213,120.116,75.198,55.891
84.500,113.683,75.198,55.891
83.728,111.881,75.198,55.891
83.470,111.109,75.198,55.891
83.728,110.337,75.198,55.891
83.470,109.565,75.198,55.891
84.757,107.249,75.198,55.891
85.529,105.962,75.198,55.891
85.272,105.190,75.198,55.891
85.529,104.933,75.198,55.891
86.816,104.161,75.198,55.891
88.103,104.418,75.198,55.891
89.904,104.161,75.198,55.891
90.894,103.653,75.856,56.380
91.673,103.393,75.856,56.380
92.971,103.133,75.856,56.380
93.750,103.393,75.856,56.380
94.529,104.172,75.856,56.380
95.612,102.639,75.209,55.898
97.414,103.926,75.209,55.898
99.215,104.699,75.209,55.898
99.473,104.956,75.209,55.898
100.245,105.728,75.209,55.898
102.047,106.500,75.209,55.898
101.454,106.520,75.867,56.387
103.791,106.260,75.867,56.387
103.531,106.000,75.867,56.387
105.868,107.298,75.867,56.387
105.089,107.558,75.867,56.387
106.906,107.818,75.867,56.387
106.127,107.558,75.867,56.387
109.503,107.298,75.867,56.387
110.801,107.039,75.867,56.387
110.541,107.298,75.867,56.387
110.801,107.558,75.867,56.387
111.580,108.337,75.867,56.387
110.281,108.077,75.867,56.387
110.216,109.694,76.531,56.881
109.075,107.565,77.200,57.379
110.633,106.502,77.876,57.881
109.473,104.337,78.557,58.387
108.303,103.806,79.245,58.898
110.201,104.077,79.245,58.898
112.100,101.636,79.245,58.898
112.371,103.534,79.245,58.898
109.522,99.107,79.938,59.413
110.575,99.688,80.637,59.933
110.299,98.309,80.637,59.933
113.604,100.449,79.949,59.422
110.595,97.439,79.949,59.422
111.963,99.355,79.949,59.422
109.500,96.345,79.949,59.422
111.415,98.807,79.949,59.422
107.859,96.345,79.949,59.422
108.350,96.365,80.649,59.942
106.583,95.254,81.354,60.466
109.089,96.646,81.354,60.466
108.810,98.039,81.354,60.466
106.861,96.646,81.354,60.466
109.924,99.709,81.354,60.466
106.861,98.317,81.354,60.466
109.924,97.482,81.354,60.466
109.089,98.317,81.354,60.466
113.265,98.595,81.354,60.466
113.340,99.668,80.660,59.950
115.825,99.392,80.660,59.950
114.445,99.668,80.660,59.950
113.616,100.496,80.660,59.950
116.101,101.877,80.660,59.950
114.721,99.944,80.660,59.950
118.309,100.773,80.660,59.950
120.241,101.601,80.660,59.950
120.517,100.220,80.660,59.950
120.054,101.823,79.971,59.438
119.060,101.276,79.289,58.931
119.548,101.296,79.982,59.446
119.274,100.475,79.982,59.446
119.000,101.296,79.982,59.446
120.369,101.570,79.982,59.446
121.190,102.391,79.982,59.446
119.128,101.309,79.300,58.939
121.028,101.038,79.300,58.939
119.128,100.224,79.300,58.939
117.390,98.575,79.993,59.455
118.759,100.491,79.993,59.455
118.128,98.267,80.693,59.975
117.852,99.648,80.693,59.975
118.914,100.235,81.399,60.500
118.636,99.399,81.399,60.500
119.707,98.849,82.112,61.029
121.112,100.816,82.112,61.029
120.831,99.973,82.112,61.029
119.988,100.816,82.112,61.029
122.517,102.221,82.112,61.029
119.566,101.090,82.830,61.563
122.684,103.074,82.830,61.563
120.700,101.090,82.830,61.563
120.777,104.394,82.123,61.037
122.744,102.427,82.123,61.037
122.463,102.708,82.123,61.037
122.182,102.427,82.123,61.037
123.025,102.708,82.123,61.037
