139.000,90.000,45.000,59.000
139.704,90.296,45.000,59.000
139.091,90.091,45.000,59.000
139.296,89.070,45.000,59.000
137.866,86.823,45.000,59.000
136.436,85.802,45.000,59.000
135.006,83.147,45.000,59.000
134.393,80.900,45.000,59.000
133.781,81.513,45.000,59.000
132.351,83.351,45.000,59.000
131.330,85.598,45.000,59.000
129.900,86.619,45.000,59.000
127.400,85.314,45.394,59.516
121.424,85.108,45.394,59.516
119.748,82.947,45.791,60.037
119.955,81.908,45.791,60.037
122.242,83.778,45.791,60.037
122.865,86.896,45.791,60.037
125.983,90.429,45.791,60.037
129.516,91.884,45.791,60.037
132.634,91.677,45.791,60.037
136.583,89.390,45.791,60.037
140.117,87.935,45.791,60.037
141.987,86.065,45.791,60.037
143.027,83.778,45.791,60.037
141.987,85.649,45.791,60.037
141.364,88.351,45.791,60.037
143.235,90.222,45.791,60.037
143.858,92.924,45.791,60.037
145.729,96.457,45.791,60.037
146.768,98.744,45.791,60.037
148.223,100.198,45.791,60.037
146.768,99.991,45.791,60.037
148.911,99.089,46.192,60.562
145.766,98.460,46.192,60.562
143.879,101.605,46.192,60.562
146.186,110.621,46.192,60.562
148.911,115.024,46.192,60.562
152.056,120.265,46.192,60.562
156.459,128.442,46.192,60.562
154.992,136.200,46.192,60.562
150.169,146.893,46.192,60.562
144.508,147.942,46.192,60.562
140.653,144.023,46.596,61.092
140.645,135.824,46.198,60.571
142.113,126.807,46.198,60.571
141.484,122.403,46.198,60.571
140.637,120.634,46.602,61.101
140.002,119.576,46.602,61.101
139.148,118.658,47.010,61.635
139.788,121.005,47.010,61.635
139.801,118.767,47.421,62.175
139.814,115.627,47.836,62.719
140.718,113.795,48.255,63.267
142.251,112.700,48.255,63.267
144.222,111.604,48.255,63.267
146.481,108.409,48.677,63.821
148.470,102.443,48.677,63.821
149.574,94.268,48.677,63.821
152.889,90.954,48.677,63.821
159.296,89.407,48.677,63.821
167.471,88.744,48.677,63.821
179.624,92.059,48.677,63.821
189.125,95.815,48.677,63.821
192.762,98.933,49.103,64.380
189.864,98.710,49.103,64.380
181.617,98.041,49.103,64.380
175.691,97.074,49.533,64.943
171.869,97.749,49.533,64.943
170.295,96.624,49.533,64.943
173.668,97.299,49.533,64.943
177.040,98.873,49.533,64.943
182.124,97.897,49.966,65.511
186.433,100.846,49.966,65.511
194.371,104.248,49.966,65.511
197.773,106.743,49.966,65.511
200.722,109.237,49.966,65.511
202.763,111.732,49.966,65.511
199.814,115.134,49.966,65.511
197.773,120.804,49.966,65.511
195.278,126.021,49.966,65.511
185.993,123.642,50.403,66.084
173.868,119.752,50.403,66.084
159.912,117.236,50.403,66.084
148.244,117.007,50.403,66.084
141.692,113.669,50.844,66.663
136.501,110.302,51.289,67.246
132.220,105.952,51.738,67.834
128.228,101.489,51.738,67.834
124.705,97.027,51.738,67.834
120.387,94.083,52.191,68.428
114.088,91.112,52.647,69.027
107.636,89.918,52.647,69.027
102.751,87.411,53.108,69.631
100.100,88.134,53.108,69.631
95.519,89.822,53.108,69.631
87.082,94.402,53.108,69.631
80.573,96.571,53.108,69.631
71.199,98.985,53.573,70.240
66.092,102.146,53.573,70.240
61.958,106.280,53.573,70.240
58.484,109.711,54.041,70.854
54.804,113.882,54.041,70.854
60.351,120.863,54.514,71.474
62.902,123.848,54.991,72.100
67.011,127.882,55.473,72.731
75.801,130.402,55.958,73.367
78.420,125.135,56.448,74.009
60.913,129.700,55.966,73.377
59.643,135.035,55.966,73.377
63.454,141.894,55.966,73.377
73.364,146.520,56.455,74.019
83.355,151.586,55.973,73.387
92.225,149.963,56.463,74.030
99.217,149.529,55.981,73.398
104.442,141.134,56.471,74.040
112.865,137.920,56.965,74.688
115.001,130.967,57.464,75.341
118.392,121.838,57.464,75.341
121.082,111.616,57.966,76.000
124.502,102.407,57.966,76.000
127.396,93.724,57.966,76.000
129.238,89.251,57.966,76.000
128.449,83.200,57.966,76.000
124.150,76.125,58.474,76.665
118.725,70.076,58.985,77.336
113.638,66.060,58.985,77.336
108.015,65.257,58.985,77.336
103.999,66.060,58.985,77.336
101.054,65.257,58.985,77.336
99.180,68.737,58.985,77.336
96.452,68.125,59.501,78.013
94.021,72.176,59.501,78.013
92.377,72.111,60.022,78.696
94.829,76.743,60.022,78.696
95.404,79.471,60.547,79.384
95.421,83.349,61.077,80.079
92.028,90.671,61.611,80.779
92.618,97.484,62.151,81.486
93.214,102.043,62.694,82.199
97.898,97.891,63.243,82.918
107.920,94.292,63.796,83.644
112.093,85.912,64.355,84.376
122.291,80.453,64.918,85.114
125.532,79.569,64.918,85.114
128.774,79.274,64.918,85.114
130.604,77.392,65.486,85.859
131.231,77.321,66.059,86.610
131.531,81.219,66.059,86.610
134.230,83.318,66.059,86.610
133.930,89.015,66.059,86.610
136.029,94.112,66.059,86.610
138.728,98.010,66.059,86.610
142.626,101.908,66.059,86.610
146.524,106.406,66.059,86.610
150.422,110.904,66.059,86.610
153.720,108.805,66.059,86.610
154.620,107.905,66.059,86.610
156.719,104.607,66.059,86.610
152.821,103.108,66.059,86.610
147.921,104.880,66.637,87.368
143.384,109.417,66.637,87.368
140.302,112.445,67.220,88.133
138.167,116.412,67.220,88.133
135.683,120.092,67.808,88.904
138.453,121.015,67.808,88.904
141.839,120.707,67.808,88.904
143.994,116.706,67.808,88.904
143.686,112.089,67.808,88.904
140.300,109.319,67.808,88.904
136.914,107.780,67.808,88.904
134.144,109.319,67.808,88.904
128.296,107.780,67.808,88.904
126.422,106.445,68.401,89.682
123.895,109.553,69.000,90.466
122.956,112.998,69.000,90.466
119.765,117.418,69.603,91.258
117.193,120.581,70.212,92.056
121.974,122.175,70.212,92.056
123.300,124.058,70.827,92.862
124.638,125.300,71.447,93.674
126.652,126.552,72.072,94.494
129.355,121.780,72.702,95.321
123.745,122.770,72.702,95.321
140.001,116.602,73.339,96.155
147.784,113.440,72.712,95.334
157.953,111.331,73.349,96.168
165.611,110.333,73.349,96.168
169.939,108.002,73.349,96.168
173.372,103.827,73.990,97.010
175.723,98.790,73.990,97.010
171.357,86.363,73.990,97.010
170.349,82.669,73.990,97.010
163.968,78.975,73.990,97.010
150.850,74.474,73.359,96.182
141.859,69.479,73.359,96.182
130.205,65.150,73.359,96.182
126.542,62.819,73.359,96.182
123.149,62.057,74.001,97.023
125.500,66.424,74.001,97.023
121.806,68.775,74.001,97.023
118.782,71.798,74.001,97.023
121.806,76.837,74.001,97.023
119.454,79.188,74.001,97.023
119.442,81.896,73.369,96.195
121.511,82.499,74.011,97.037
123.191,84.851,74.011,97.037
128.230,89.890,74.011,97.037
132.382,97.385,74.659,97.886
143.566,104.502,74.659,97.886
150.682,107.552,74.659,97.886
162.513,104.692,75.312,98.742
174.447,101.107,75.971,99.606
178.241,99.382,75.971,99.606
179.275,93.520,75.971,99.606
177.175,91.317,76.636,100.478
176.132,90.969,76.636,100.478
173.301,88.747,77.306,101.357
173.652,94.712,77.306,101.357
171.195,101.379,77.306,101.357
173.652,103.134,77.306,101.357
174.704,101.379,77.306,101.357
175.757,91.905,77.306,101.357
177.512,83.834,77.306,101.357
179.968,75.763,77.306,101.357
183.126,69.798,77.306,101.357
186.025,63.240,77.983,102.244
187.087,63.594,77.983,102.244
184.609,61.824,77.983,102.244
180.715,65.718,77.983,102.244
180.361,63.240,77.983,102.244
178.591,66.426,77.983,102.244
176.114,64.656,77.983,102.244
173.233,62.395,78.665,103.138
169.595,64.505,79.353,104.041
169.617,62.204,80.048,104.951
170.384,62.862,80.748,105.870
172.660,61.272,81.455,106.796
175.988,57.205,81.455,106.796
177.836,62.012,81.455,106.796
182.152,60.664,80.759,105.884
183.252,56.631,80.759,105.884
180.268,61.053,81.466,106.811
180.638,64.381,81.466,106.811
185.445,66.969,81.466,106.811
191.731,69.558,81.466,106.811
187.206,72.502,82.179,107.745
182.356,75.113,82.179,107.745
174.732,78.083,82.898,108.688
166.270,76.450,83.623,109.639
159.817,74.552,83.623,109.639
151.846,73.413,83.623,109.639
144.635,72.275,83.623,109.639
138.182,69.618,83.623,109.639
134.006,66.202,83.623,109.639
130.590,61.267,83.623,109.639
128.692,57.092,83.623,109.639
124.517,55.194,83.623,109.639
120.060,58.995,82.909,108.703
114.415,60.876,82.909,108.703
110.275,63.511,82.909,108.703
106.135,66.145,82.909,108.703
103.501,64.263,82.909,108.703
100.867,63.134,82.909,108.703
103.501,62.758,82.909,108.703
98.609,63.134,82.909,108.703
93.716,67.274,82.909,108.703
88.339,67.184,83.635,109.654
79.802,69.428,84.367,110.614
64.867,70.577,84.367,110.614
60.654,69.428,84.367,110.614
