130.000,132.000,31.000,115.000
130.775,130.023,31.000,115.000
130.500,129.197,31.000,115.000
130.225,130.023,31.000,115.000
128.848,128.646,31.000,115.000
130.225,128.922,31.000,115.000
128.848,127.545,31.000,115.000
129.674,127.821,31.000,115.000
128.848,126.444,31.000,115.000
129.124,127.270,31.000,115.000
127.197,126.444,31.000,115.000
126.922,126.720,31.000,115.000
127.747,127.545,31.000,115.000
128.573,128.371,31.000,115.000
128.155,128.150,31.271,116.006
126.212,125.096,31.271,116.006
127.045,125.374,31.271,116.006
125.101,122.319,31.271,116.006
125.934,123.152,31.271,116.006
125.101,120.653,31.271,116.006
125.379,120.931,31.271,116.006
125.101,120.098,31.271,116.006
125.379,120.376,31.271,116.006
126.212,121.209,31.271,116.006
124.268,119.265,31.271,116.006
125.101,120.098,31.271,116.006
123.158,117.599,31.271,116.006
122.880,116.766,31.271,116.006
122.602,115.378,31.271,116.006
123.435,115.655,31.271,116.006
122.047,113.157,31.271,116.006
123.435,115.100,31.271,116.006
123.713,116.488,31.271,116.006
122.880,115.100,31.271,116.006
124.268,116.488,31.271,116.006
122.325,115.100,31.271,116.006
123.713,115.933,31.271,116.006
121.769,112.879,31.271,116.006
122.047,113.157,31.271,116.006
120.659,111.213,31.271,116.006
122.047,110.935,31.271,116.006
122.325,111.768,31.271,116.006
121.492,109.825,31.271,116.006
122.880,110.102,31.271,116.006
122.602,109.825,31.271,116.006
123.991,110.658,31.271,116.006
122.047,109.269,31.271,116.006
122.880,110.102,31.271,116.006
121.492,108.159,31.271,116.006
120.659,106.215,31.271,116.006
122.047,107.048,31.271,116.006
120.103,105.104,31.271,116.006
122.047,106.493,31.271,116.006
120.659,105.104,31.271,116.006
122.602,106.493,31.271,116.006
122.325,107.326,31.271,116.006
122.602,108.159,31.271,116.006
121.214,106.215,31.271,116.006
122.047,107.048,31.271,116.006
119.548,103.994,31.271,116.006
121.492,104.827,31.271,116.006
119.548,102.328,31.271,116.006
120.936,103.716,31.271,116.006
119.548,101.217,31.271,116.006
120.936,102.605,31.271,116.006
119.548,100.106,31.271,116.006
121.492,102.050,31.271,116.006
121.214,102.328,31.271,116.006
120.381,101.495,31.271,116.006
121.769,102.328,31.271,116.006
119.270,99.273,31.271,116.006
120.659,100.662,31.271,116.006
118.896,98.177,31.004,115.016
120.823,97.902,31.004,115.016
121.649,99.278,31.004,115.016
119.722,97.902,31.004,115.016
121.098,99.278,31.004,115.016
120.823,99.554,31.004,115.016
121.649,100.379,31.004,115.016
119.171,97.351,31.004,115.016
119.997,98.728,31.004,115.016
118.070,96.250,31.004,115.016
117.795,94.323,31.004,115.016
119.722,95.699,31.004,115.016
117.795,93.772,31.004,115.016
119.171,94.598,31.004,115.016
117.795,93.772,31.004,115.016
119.722,94.598,31.004,115.016
119.997,94.874,31.004,115.016
120.272,95.699,31.004,115.016
118.525,93.236,30.740,114.034
119.889,94.055,30.740,114.034
117.979,92.690,30.740,114.034
119.343,94.055,30.740,114.034
117.433,90.507,30.740,114.034
118.798,91.325,30.740,114.034
120.162,92.144,30.740,114.034
118.252,90.234,30.740,114.034
120.162,92.144,30.740,114.034
118.252,91.325,30.740,114.034
120.708,92.690,30.740,114.034
118.252,90.234,30.740,114.034
117.979,88.869,30.740,114.034
116.614,87.504,30.740,114.034
118.525,88.323,30.740,114.034
116.614,86.413,30.740,114.034
118.525,87.777,30.740,114.034
116.614,85.867,30.740,114.034
118.525,87.231,30.740,114.034
117.160,85.321,30.740,114.034
119.071,87.231,30.740,114.034
117.160,85.867,30.740,114.034
119.071,87.231,30.740,114.034
117.706,85.867,30.740,114.034
116.887,85.048,30.740,114.034
118.252,86.413,30.740,114.034
116.341,82.864,30.740,114.034
118.252,84.229,30.740,114.034
116.341,82.318,30.740,114.034
118.252,84.775,30.740,114.034
115.795,82.864,30.740,114.034
118.252,85.321,30.740,114.034
115.795,82.864,30.740,114.034
116.614,84.229,30.740,114.034
114.158,81.773,30.740,114.034
113.339,80.954,30.740,114.034
115.334,81.707,30.477,113.061
113.440,79.812,30.477,113.061
115.334,81.707,30.477,113.061
113.088,79.813,30.217,112.095
114.966,82.228,30.217,112.095
113.088,80.350,30.217,112.095
114.966,82.228,30.217,112.095
113.088,80.886,30.217,112.095
112.283,79.545,30.217,112.095
114.698,81.960,30.217,112.095
112.820,79.545,30.217,112.095
114.161,80.886,30.217,112.095
112.283,77.935,30.217,112.095
114.161,79.277,30.217,112.095
111.746,76.862,30.217,112.095
114.161,79.813,30.217,112.095
111.746,77.935,30.217,112.095
113.088,79.813,30.217,112.095
110.673,77.399,30.217,112.095
113.088,79.277,30.217,112.095
110.137,76.862,30.217,112.095
108.259,74.984,30.217,112.095
110.137,76.325,30.217,112.095
107.722,73.911,30.217,112.095
110.673,76.325,30.217,112.095
107.923,74.448,29.959,111.139
110.849,76.842,29.959,111.139
108.641,75.500,29.703,110.190
110.487,76.291,29.703,110.190
108.641,74.972,29.703,110.190
110.487,77.346,29.703,110.190
108.641,74.972,29.703,110.190
107.322,72.599,29.703,110.190
110.224,74.972,29.703,110.190
107.850,72.071,29.703,110.190
108.641,73.917,29.703,110.190
106.795,70.489,29.703,110.190
108.641,72.862,29.703,110.190
106.267,71.016,29.703,110.190
108.114,73.390,29.703,110.190
105.925,71.544,29.450,109.249
107.232,73.375,29.450,109.249
104.879,70.498,29.450,109.249
106.709,71.806,29.450,109.249
104.356,68.930,29.450,109.249
106.186,70.237,29.450,109.249
103.833,68.407,29.450,109.249
106.186,70.760,29.450,109.249
104.356,68.930,29.450,109.249
106.709,71.283,29.450,109.249
105.402,69.452,29.450,109.249
107.232,71.806,29.450,109.249
105.925,70.498,29.450,109.249
104.775,68.669,29.198,108.317
106.590,71.521,29.198,108.317
105.293,68.669,29.198,108.317
103.647,66.855,28.949,107.392
105.447,69.168,28.949,107.392
102.812,66.868,28.702,106.475
104.086,69.162,28.702,106.475
101.971,66.881,28.457,105.566
100.707,67.639,28.457,105.566
100.455,68.397,28.457,105.566
99.035,70.784,28.706,106.490
96.741,71.549,28.706,106.490
86.949,76.569,28.957,107.422
84.635,78.883,28.957,107.422
88.492,79.655,28.957,107.422
89.156,81.029,29.211,108.362
89.415,78.695,29.211,108.362
90.085,81.145,29.466,109.310
91.393,83.500,29.466,109.310
92.178,80.099,29.466,109.310
92.440,75.651,29.466,109.310
93.748,76.436,29.466,109.310
93.486,74.081,29.466,109.310
93.225,69.634,29.466,109.310
92.440,67.279,29.466,109.310
92.178,63.878,29.466,109.310
94.010,65.186,29.466,109.310
93.748,66.494,29.466,109.310
96.103,67.802,29.466,109.310
95.318,68.064,29.466,109.310
97.602,70.535,29.724,110.266
95.755,67.104,29.724,110.266
98.130,70.008,29.724,110.266
98.922,71.855,29.724,110.266
97.075,68.424,29.724,110.266
95.227,66.049,29.724,110.266
98.130,68.952,29.724,110.266
98.922,70.272,29.724,110.266
104.464,83.732,29.724,110.266
108.423,91.913,29.724,110.266
110.799,95.872,29.724,110.266
111.590,99.303,29.724,110.266
113.438,102.206,29.724,110.266
114.757,105.637,29.724,110.266
112.382,101.678,29.724,110.266
114.757,106.165,29.724,110.266
112.910,101.678,29.724,110.266
112.118,98.247,29.724,110.266
113.438,99.567,29.724,110.266
113.702,96.664,29.724,110.266
113.842,98.075,29.984,111.231
114.108,98.874,29.984,111.231
115.440,100.205,29.984,111.231
116.238,101.004,29.984,111.231
115.972,102.335,29.984,111.231
117.836,103.666,29.984,111.231
116.504,104.465,29.984,111.231
116.771,104.731,29.984,111.231
116.504,101.802,29.984,111.231
116.238,101.004,29.984,111.231
115.972,101.270,29.984,111.231
117.205,101.602,30.246,112.204
116.400,102.945,30.246,112.204
117.742,103.213,30.246,112.204
118.011,105.630,30.246,112.204
117.205,108.047,30.246,112.204
119.550,110.034,30.511,113.186
119.821,111.930,30.511,113.186
121.076,114.490,30.778,114.177
122.989,118.042,30.778,114.177
121.076,114.490,30.778,114.177
122.443,117.496,30.778,114.177
121.623,113.397,30.778,114.177
120.256,108.751,30.778,114.177
121.623,109.024,30.778,114.177
121.896,107.658,30.778,114.177
122.042,109.679,31.047,115.176
124.523,109.955,31.047,115.176
125.901,112.436,31.047,115.176
125.625,108.852,31.047,115.176
128.106,110.230,31.047,115.176
127.279,111.057,31.047,115.176
130.252,113.097,31.319,116.183
128.861,108.369,31.319,116.183
130.150,110.996,31.593,117.200
129.308,106.228,31.593,117.200
130.607,108.303,31.869,118.225
130.758,110.976,32.148,119.260
129.902,105.552,32.148,119.260
131.900,106.980,32.148,119.260
131.467,109.091,32.430,120.303
131.179,109.379,32.430,120.303
132.618,105.060,32.430,120.303
133.482,105.924,32.430,120.303
133.770,105.636,32.430,120.303
133.482,106.500,32.430,120.303
133.770,106.787,32.430,120.303
133.482,107.651,32.430,120.303
133.770,109.091,32.430,120.303
134.634,104.772,32.430,120.303
136.074,105.636,32.430,120.303
134.634,107.075,32.430,120.303
136.650,107.939,32.430,120.303
136.362,108.803,32.430,120.303
137.105,111.523,32.713,121.356
137.855,114.267,33.000,122.418
138.011,118.237,33.288,123.489
137.563,113.152,33.580,124.570
138.457,107.487,33.580,124.570
139.352,108.978,33.580,124.570
140.246,105.102,33.580,124.570
142.333,105.400,33.580,124.570
140.246,108.084,33.580,124.570
142.333,103.611,33.580,124.570
140.658,105.817,33.873,125.660
140.959,101.907,33.873,125.660
140.057,103.411,33.873,125.660
139.756,104.313,33.873,125.660
140.533,104.688,34.170,126.759
140.229,104.385,34.170,126.759
141.635,105.385,34.469,127.868
140.716,105.079,34.469,127.868
141.635,106.609,34.469,127.868
143.052,108.873,34.770,128.987
140.274,106.712,34.770,128.987
138.730,106.403,34.770,128.987
140.274,107.329,34.770,128.987
137.495,105.786,34.770,128.987
136.569,103.625,34.770,128.987
136.878,102.698,34.770,128.987
136.569,101.155,34.770,128.987
138.113,102.081,34.770,128.987
137.186,98.685,34.770,128.987
138.730,101.463,34.770,128.987
137.804,98.067,34.770,128.987
139.965,101.463,34.770,128.987
138.421,98.685,34.770,128.987
139.348,101.463,34.770,128.987
139.656,99.302,34.770,128.987
139.965,97.759,34.770,128.987
142.744,99.920,34.770,128.987
141.817,97.141,34.770,128.987
143.979,98.067,34.770,128.987
142.435,94.671,34.770,128.987
144.596,96.215,34.770,128.987
144.287,93.436,34.770,128.987
145.831,93.745,34.770,128.987
145.522,94.054,34.770,128.987
146.448,93.128,34.770,128.987
147.992,95.289,34.770,128.987
147.066,93.128,34.770,128.987
148.609,94.671,34.770,128.987
146.448,93.745,34.770,128.987
146.140,92.202,34.770,128.987
147.066,92.510,34.770,128.987
146.140,90.349,34.770,128.987
146.448,90.658,34.770,128.987
145.522,89.114,34.770,128.987
145.831,88.188,34.770,128.987
146.757,89.114,34.770,128.987
145.213,86.953,34.770,128.987
146.140,89.732,34.770,128.987
145.213,88.805,34.770,128.987
145.522,89.732,34.770,128.987
145.213,88.805,34.770,128.987
144.905,89.732,34.770,128.987
145.213,88.188,34.770,128.987
144.287,86.644,34.770,128.987
145.831,88.188,34.770,128.987
144.287,85.409,34.770,128.987
143.979,86.336,34.770,128.987
143.670,84.792,34.770,128.987
143.979,86.953,34.770,128.987
141.817,85.409,34.770,128.987
140.274,83.866,34.770,128.987
139.348,85.409,34.770,128.987
138.421,85.718,34.770,128.987
140.582,87.262,34.770,128.987
136.569,85.101,34.770,128.987
134.408,84.792,34.770,128.987
132.247,85.101,34.770,128.987
129.468,82.322,34.770,128.987
131.629,84.483,34.770,128.987
126.998,81.705,34.770,128.987
125.038,80.749,34.474,127.886
123.508,81.055,34.474,127.886
120.370,81.900,34.179,126.794
118.246,83.417,34.179,126.794
115.514,83.114,34.179,126.794
112.176,82.203,34.179,126.794
108.838,81.900,34.179,126.794
105.499,79.775,34.179,126.794
106.410,81.293,34.179,126.794
101.858,81.596,34.179,126.794
97.305,80.686,34.179,126.794
95.181,82.810,34.179,126.794
93.664,84.935,34.179,126.794
94.574,84.024,34.179,126.794
90.022,85.542,34.179,126.794
85.134,88.747,33.888,125.712
82.210,91.590,34.184,126.812
78.638,91.969,34.483,127.922
74.408,91.095,34.785,129.041
69.434,88.331,34.488,127.939
63.905,89.774,34.194,126.847
60.792,86.464,33.902,125.764
60.643,79.072,33.612,124.691
60.496,77.566,33.325,123.626
54.575,79.537,33.041,122.571
47.241,80.417,33.041,122.571
41.372,77.220,32.759,121.525
38.957,81.427,32.479,120.487
97.336,31.017,32.202,119.459
96.079,28.458,31.927,118.439
94.094,26.474,31.927,118.439
97.273,31.128,31.654,117.428
96.037,29.161,31.384,116.425
99.102,32.227,31.384,116.425
97.152,29.719,31.384,116.425
95.926,28.312,31.116,115.432
99.563,32.309,30.851,114.446
96.550,29.844,30.851,114.446
95.728,28.474,30.851,114.446
99.334,31.368,30.587,113.469
96.138,27.809,30.855,114.462
93.672,24.248,30.855,114.462
90.111,17.947,30.855,114.462
86.001,11.645,30.855,114.462
87.919,13.015,30.855,114.462
84.042,10.029,30.592,113.485
82.140,8.128,30.592,113.485
84.585,9.486,30.592,113.485
83.227,10.301,30.592,113.485
81.869,7.856,30.592,113.485
80.510,5.411,30.592,113.485
82.412,7.856,30.592,113.485
80.510,5.955,30.592,113.485
82.955,8.399,30.592,113.485
81.597,7.584,30.592,113.485
79.152,5.683,30.592,113.485
83.227,7.584,30.592,113.485
81.325,8.399,30.592,113.485
78.881,4.868,30.592,113.485
83.498,7.856,30.592,113.485
82.140,8.128,30.592,113.485
80.239,4.597,30.592,113.485
80.510,7.041,30.592,113.485
83.556,8.851,30.330,112.516
81.846,5.390,30.072,111.556
80.672,6.126,29.815,110.603
81.996,7.450,29.815,110.603
79.282,4.565,29.560,109.659
81.119,6.927,29.560,109.659
80.332,8.764,29.560,109.659
78.666,6.415,29.308,108.723
79.967,8.757,29.308,108.723
77.807,6.429,29.058,107.795
79.613,8.751,29.058,107.795
80.903,10.041,29.058,107.795
78.065,6.171,29.058,107.795
78.839,9.009,29.058,107.795
77.549,6.687,29.058,107.795
79.355,8.493,29.058,107.795
80.645,11.331,29.058,107.795
78.839,6.945,29.058,107.795
79.097,8.235,29.058,107.795
77.291,5.913,29.058,107.795
78.065,7.203,29.058,107.795
77.673,4.880,29.312,108.738
79.495,6.702,29.312,108.738
77.500,4.892,29.568,109.690
78.287,6.205,29.568,109.690
76.620,3.856,29.316,108.753
78.443,5.678,29.316,108.753
76.620,4.897,29.316,108.753
77.826,6.289,29.573,109.705
78.614,6.551,29.573,109.705
77.301,5.764,29.573,109.705
76.513,4.976,29.573,109.705
78.351,6.814,29.573,109.705
75.988,4.976,29.573,109.705
78.351,6.814,29.573,109.705
75.988,5.501,29.573,109.705
78.351,6.814,29.573,109.705
76.513,6.026,29.573,109.705
75.726,5.764,29.573,109.705
74.938,4.976,29.573,109.705
76.776,6.289,29.573,109.705
77.992,6.616,29.831,110.665
76.668,4.232,29.831,110.665
79.052,5.557,29.831,110.665
77.198,4.762,29.831,110.665
77.992,4.497,29.831,110.665
79.317,5.822,29.831,110.665
76.933,3.967,29.831,110.665
75.768,2.114,29.577,109.720
77.606,3.952,29.577,109.720
78.919,5.265,29.577,109.720
77.081,2.377,29.577,109.720
78.919,4.740,29.577,109.720
78.277,3.415,29.324,108.783
79.579,4.717,29.324,108.783
78.798,4.977,29.324,108.783
78.161,3.663,29.074,107.855
80.484,4.954,29.074,107.855
78.342,3.148,28.826,106.934
81.211,5.352,28.580,106.021
78.928,5.099,28.580,106.021
81.719,6.367,28.580,106.021
79.435,4.591,28.580,106.021
81.785,5.786,28.336,105.116
80.527,6.038,28.336,105.116
78.766,4.277,28.336,105.116
82.037,6.038,28.336,105.116
80.779,5.786,28.336,105.116
79.018,4.528,28.336,105.116
81.348,5.222,28.094,104.219
80.251,4.937,27.854,103.329
81.487,6.668,27.854,103.329
80.251,4.442,27.854,103.329
80.128,5.125,27.616,102.447
