213.000,121.000,21.000,95.000
210.687,119.119,21.000,95.000
210.037,117.172,21.000,95.000
209.388,115.224,21.000,95.000
208.631,114.143,21.184,95.831
206.666,113.488,21.184,95.831
208.194,113.269,21.184,95.831
206.666,112.615,21.184,95.831
209.067,112.833,21.184,95.831
210.159,111.741,21.184,95.831
209.941,110.213,21.184,95.831
212.342,108.685,21.184,95.831
219.983,110.213,21.184,95.831
222.821,110.868,21.184,95.831
223.476,109.776,21.184,95.831
224.568,110.868,21.184,95.831
223.476,111.086,21.184,95.831
221.948,110.431,21.184,95.831
219.983,109.776,21.184,95.831
218.455,109.558,21.184,95.831
218.236,108.903,21.184,95.831
216.708,108.248,21.184,95.831
217.363,109.340,21.184,95.831
218.455,108.248,21.184,95.831
218.236,107.157,21.184,95.831
219.765,106.065,21.184,95.831
221.293,104.974,21.184,95.831
219.765,103.009,21.184,95.831
218.236,101.917,21.184,95.831
220.201,103.009,21.184,95.831
219.653,101.501,21.003,95.013
223.332,102.583,21.003,95.013
225.713,104.098,21.003,95.013
228.960,105.181,21.003,95.013
230.042,103.233,21.003,95.013
228.960,100.852,21.003,95.013
230.475,102.367,21.003,95.013
230.692,99.986,21.003,95.013
230.475,98.904,21.003,95.013
232.423,99.986,21.003,95.013
231.341,100.635,21.003,95.013
230.692,103.882,21.003,95.013
231.774,106.696,21.003,95.013
233.722,109.942,21.003,95.013
229.609,112.756,21.003,95.013
225.064,112.107,21.003,95.013
222.250,111.025,21.003,95.013
224.631,114.704,21.003,95.013
224.847,115.787,21.003,95.013
222.899,113.839,21.003,95.013
220.086,114.055,21.003,95.013
215.973,112.973,21.003,95.013
210.995,110.592,21.003,95.013
205.805,109.097,20.824,94.202
202.157,106.736,20.824,94.202
199.367,106.522,20.824,94.202
198.723,104.590,20.824,94.202
202.801,106.092,20.824,94.202
204.732,108.024,20.824,94.202
202.937,107.379,20.646,93.398
205.703,109.294,20.646,93.398
207.618,110.783,20.646,93.398
206.554,112.273,20.646,93.398
208.469,112.486,20.646,93.398
208.764,111.846,20.470,92.601
206.866,112.057,20.470,92.601
208.343,112.268,20.470,92.601
211.507,112.479,20.470,92.601
212.140,111.424,20.470,92.601
210.663,109.948,20.470,92.601
215.093,111.424,20.470,92.601
222.898,108.682,20.470,92.601
228.172,105.940,20.470,92.601
229.649,104.041,20.470,92.601
225.641,104.252,20.470,92.601
218.679,101.510,20.470,92.601
211.296,100.455,20.470,92.601
206.022,102.353,20.470,92.601
203.280,102.564,20.470,92.601
203.912,100.244,20.470,92.601
205.852,96.729,20.295,91.810
204.919,89.163,20.122,91.026
208.444,83.978,20.122,91.026
211.969,80.453,20.122,91.026
214.250,77.757,20.122,91.026
216.116,76.306,20.122,91.026
213.168,73.660,19.950,90.249
211.447,71.839,19.780,89.479
212.467,75.712,19.780,89.479
213.486,82.846,19.780,89.479
213.371,88.200,19.611,88.715
212.469,97.057,19.443,87.958
209.063,101.265,19.443,87.958
206.605,103.790,19.277,87.207
208.393,106.373,19.277,87.207
209.783,109.353,19.277,87.207
212.763,112.333,19.277,87.207
213.427,116.776,19.113,86.462
214.018,124.457,19.113,86.462
212.245,128.988,19.113,86.462
211.260,132.730,19.113,86.462
209.094,134.897,19.113,86.462
206.789,135.124,19.280,87.219
204.603,137.707,19.280,87.219
204.007,135.919,19.280,87.219
202.617,133.336,19.280,87.219
207.216,135.195,19.449,87.982
206.713,133.419,19.283,87.231
208.899,131.631,19.283,87.231
207.905,128.650,19.283,87.231
210.091,127.259,19.283,87.231
211.085,124.675,19.283,87.231
210.488,122.092,19.283,87.231
213.072,121.893,19.283,87.231
215.655,122.887,19.283,87.231
219.431,123.881,19.283,87.231
222.809,125.272,19.283,87.231
226.585,127.060,19.283,87.231
230.351,129.565,19.118,86.486
234.853,132.049,18.955,85.748
239.318,134.130,18.793,85.016
243.744,135.815,18.633,84.290
247.776,136.775,18.633,84.290
251.425,138.120,18.633,84.290
256.562,139.791,18.474,83.571
262.083,140.743,18.474,83.571
266.462,142.456,18.474,83.571
270.813,143.741,18.316,82.857
275.532,145.063,18.316,82.857
280.628,146.384,18.316,82.857
285.347,147.705,18.316,82.857
290.444,149.027,18.316,82.857
295.163,149.970,18.316,82.857
299.504,151.292,18.316,82.857
303.845,152.236,18.316,82.857
308.187,153.179,18.316,82.857
312.151,153.746,18.316,82.857
316.870,153.934,18.316,82.857
321.966,152.991,18.316,82.857
327.440,154.312,18.316,82.857
331.404,154.501,18.316,82.857
335.368,152.047,18.316,82.857
338.954,149.970,18.316,82.857
342.163,147.867,18.476,83.582
345.400,145.354,18.638,84.314
347.897,145.546,18.638,84.314
308.906,173.013,18.638,84.314
312.171,174.357,18.638,84.314
315.437,174.185,18.801,85.052
317.539,174.012,18.965,85.796
319.660,170.231,19.131,86.546
322.223,171.611,19.131,86.546
324.392,169.442,19.131,86.546
328.956,169.670,19.299,87.304
332.735,170.664,19.299,87.304
332.447,175.379,19.468,88.068
335.456,174.376,19.468,88.068
335.576,176.252,19.638,88.838
294.625,161.550,19.810,89.616
296.870,161.754,19.810,89.616
300.749,161.959,19.810,89.616
304.220,161.754,19.810,89.616
308.507,161.959,19.810,89.616
312.386,161.754,19.810,89.616
315.856,161.142,19.810,89.616
319.327,161.346,19.810,89.616
316.673,157.059,19.810,89.616
316.469,154.813,19.810,89.616
317.898,153.384,19.810,89.616
319.735,151.955,19.810,89.616
321.981,154.609,19.810,89.616
324.256,157.979,19.641,88.851
325.723,156.581,19.473,88.092
324.719,153.170,19.473,88.092
326.173,156.874,19.307,87.340
336.155,167.923,19.142,86.594
338.720,171.277,19.142,86.594
334.794,156.946,19.309,87.352
332.874,152.280,19.478,88.116
331.067,148.868,19.478,88.116
334.480,148.277,19.649,88.888
333.771,146.850,19.821,89.665
336.825,147.086,19.994,90.450
339.906,147.746,20.169,91.241
308.925,204.232,20.346,92.040
311.651,207.377,20.346,92.040
315.215,210.103,20.346,92.040
317.102,211.571,20.346,92.040
318.989,213.038,20.346,92.040
322.124,215.000,20.524,92.845
324.451,216.903,20.524,92.845
327.623,218.384,20.524,92.845
330.393,220.225,20.348,92.052
333.140,221.231,20.175,91.267
335.011,223.103,20.175,91.267
334.803,219.984,20.175,91.267
321.705,220.171,20.002,90.487
322.251,221.254,20.178,91.279
324.954,222.709,20.178,91.279
327.210,222.523,20.354,92.078
330.346,223.625,20.532,92.884
330.040,222.134,20.712,93.696
332.388,224.056,20.712,93.696
332.601,224.696,20.712,93.696
332.388,226.617,20.712,93.696
335.163,228.111,20.712,93.696
333.978,228.357,20.893,94.516
333.763,227.712,20.893,94.516
334.062,226.645,20.715,93.709
333.421,224.723,20.715,93.709
335.738,226.720,20.896,94.529
276.711,216.374,21.079,95.356
268.239,213.115,21.079,95.356
270.661,217.549,20.899,94.542
274.322,221.945,20.720,93.735
277.952,224.294,20.720,93.735
274.322,226.216,20.720,93.735
269.202,225.991,20.544,92.935
252.900,211.806,20.544,92.935
253.607,211.170,20.368,92.142
242.840,196.204,20.194,91.355
242.112,193.031,20.371,92.155
245.681,193.661,20.371,92.155
249.250,195.130,20.371,92.155
251.958,196.664,20.549,92.961
255.124,197.777,20.729,93.774
258.318,198.461,20.910,94.595
261.098,195.618,21.093,95.423
264.348,197.206,21.278,96.258
265.379,193.863,21.464,97.100
267.844,196.219,21.281,96.271
269.818,197.754,21.281,96.271
269.051,193.961,21.467,97.113
271.484,196.395,21.467,97.113
273.885,198.011,21.655,97.963
272.769,193.771,21.655,97.963
272.903,195.401,21.844,98.820
275.807,197.507,22.036,99.685
275.580,193.646,22.036,99.685
279.441,194.782,22.036,99.685
277.249,190.388,22.228,100.557
279.735,190.653,22.423,101.437
281.815,191.808,22.423,101.437
281.121,188.804,22.423,101.437
277.944,185.281,22.619,102.325
274.261,174.082,22.817,103.220
278.741,176.763,23.017,104.123
282.299,178.898,23.017,104.123
287.755,175.340,23.017,104.123
292.736,177.949,23.017,104.123
297.255,174.333,23.218,105.034
301.322,176.081,23.421,105.953
303.941,177.844,23.626,106.880
307.107,174.192,23.626,106.880
308.811,170.053,23.626,106.880
305.159,180.035,23.626,106.880
306.447,179.304,23.424,105.968
308.620,177.131,23.424,105.968
306.291,179.884,23.629,106.895
308.482,178.180,23.629,106.895
306.291,178.910,23.629,106.895
303.612,181.589,23.629,106.895
301.262,182.369,23.836,107.830
297.381,194.739,24.045,108.774
293.168,197.465,24.045,108.774
296.885,197.217,24.045,108.774
297.542,198.519,24.255,109.726
299.792,201.768,24.255,109.726
302.042,201.518,24.255,109.726
303.791,203.268,24.255,109.726
305.541,203.018,24.255,109.726
306.791,203.768,24.255,109.726
308.541,202.518,24.255,109.726
308.291,205.268,24.255,109.726
310.040,204.018,24.255,109.726
310.290,203.268,24.255,109.726
311.040,205.518,24.255,109.726
312.290,205.268,24.255,109.726
313.040,205.018,24.255,109.726
312.790,204.268,24.255,109.726
312.540,206.018,24.255,109.726
314.790,205.268,24.255,109.726
316.540,205.018,24.255,109.726
313.790,204.268,24.255,109.726
316.040,203.518,24.255,109.726
317.289,203.268,24.255,109.726
319.039,201.518,24.255,109.726
320.789,201.268,24.255,109.726
321.539,200.519,24.255,109.726
320.289,199.769,24.255,109.726
320.539,198.519,24.255,109.726
322.789,199.269,24.255,109.726
322.039,195.519,24.255,109.726
324.788,192.270,24.255,109.726
326.038,189.020,24.255,109.726
325.288,190.270,24.255,109.726
325.438,191.583,24.467,110.686
324.682,189.314,24.467,110.686
325.943,191.079,24.467,110.686
324.682,189.314,24.467,110.686
326.447,191.079,24.467,110.686
326.195,191.836,24.467,110.686
324.934,190.070,24.467,110.686
327.708,191.836,24.467,110.686
326.447,193.096,24.467,110.686
327.782,195.783,24.259,109.741
328.532,197.533,24.259,109.741
327.782,197.783,24.259,109.741
327.032,196.033,24.259,109.741
325.782,197.783,24.259,109.741
324.532,200.533,24.259,109.741
322.782,202.783,24.259,109.741
317.532,204.533,24.259,109.741
318.782,207.783,24.259,109.741
317.532,210.033,24.259,109.741
320.782,213.283,24.259,109.741
317.532,212.033,24.259,109.741
321.282,214.783,24.259,109.741
325.532,214.533,24.259,109.741
322.782,216.783,24.259,109.741
318.032,215.533,24.259,109.741
316.282,216.283,24.259,109.741
316.032,217.533,24.259,109.741
314.428,217.270,24.051,108.804
315.667,218.013,24.051,108.804
311.243,218.807,24.262,109.756
310.880,218.071,24.474,110.717
310.515,217.328,24.688,111.685
311.711,216.579,24.904,112.663
315.548,218.453,25.122,113.648
318.396,217.159,25.122,113.648
317.619,214.829,25.122,113.648
316.713,214.597,25.342,114.643
314.362,215.903,25.342,114.643
318.280,215.119,25.342,114.643
247.230,200.965,25.564,115.646
241.170,197.013,25.564,115.646
244.595,199.911,25.564,115.646
251.181,201.756,25.564,115.646
253.026,198.858,25.564,115.646
256.424,196.461,25.788,116.658
258.284,198.853,25.788,116.658
260.676,197.524,25.788,116.658
262.005,195.664,25.788,116.658
264.344,194.881,26.013,117.679
266.757,197.830,26.013,117.679
264.514,195.979,25.791,116.674
263.716,193.586,25.791,116.674
260.261,189.600,25.791,116.674
257.337,187.739,25.791,116.674
244.845,190.663,25.791,116.674
239.263,193.055,25.791,116.674
238.878,194.996,26.017,117.695
240.755,195.801,26.017,117.695
244.214,196.660,26.244,118.725
250.475,194.754,26.474,119.764
254.554,191.713,26.706,120.812
255.380,194.741,26.706,120.812
258.366,196.187,26.939,121.869
261.460,196.436,26.709,120.828
265.011,198.447,26.943,121.886
268.621,194.837,26.943,121.886
269.454,193.449,26.943,121.886
271.398,194.282,26.943,121.886
273.897,194.560,26.943,121.886
278.617,193.173,27.179,122.952
288.981,195.133,27.179,122.952
294.891,196.031,27.417,124.028
301.390,195.748,27.417,124.028
306.758,199.421,27.417,124.028
310.996,203.660,27.417,124.028
316.351,207.221,27.183,122.969
319.965,210.416,27.420,124.045
321.943,213.525,27.420,124.045
327.312,215.503,27.420,124.045
329.910,220.167,27.186,122.986
327.566,222.059,26.954,121.936
323.747,221.241,27.190,123.003
327.936,223.288,27.428,124.079
322.311,222.455,27.668,125.165
325.405,223.953,27.910,126.260
320.861,220.158,28.154,127.365
320.131,222.117,27.914,126.278
318.286,220.130,27.676,125.200
321.994,222.127,27.676,125.200
322.850,221.271,27.676,125.200
326.557,221.556,27.676,125.200
324.561,218.989,27.676,125.200
310.585,215.852,27.676,125.200
310.870,216.137,27.676,125.200
311.726,215.281,27.676,125.200
314.293,212.714,27.676,125.200
315.719,211.288,27.676,125.200
318.286,209.292,27.676,125.200
320.853,212.429,27.676,125.200
322.850,214.426,27.676,125.200
325.416,213.570,27.676,125.200
327.983,217.278,27.676,125.200
328.839,220.986,27.676,125.200
328.554,217.848,27.676,125.200
300.317,211.859,27.676,125.200
295.226,212.773,27.918,126.295
296.665,215.362,27.918,126.295
295.658,217.464,28.162,127.400
290.144,220.656,28.162,127.400
279.405,224.429,28.162,127.400
258.799,221.817,28.162,127.400
248.060,221.527,28.162,127.400
228.600,224.242,28.409,128.515
152.459,165.665,28.166,127.418
159.715,167.697,28.166,127.418
165.811,163.924,28.166,127.418
170.746,165.375,28.166,127.418
175.100,162.763,28.166,127.418
177.132,163.633,28.166,127.418
180.325,159.279,28.166,127.418
184.679,156.667,28.166,127.418
189.033,155.216,28.166,127.418
191.645,156.086,28.166,127.418
195.419,151.732,28.166,127.418
198.612,150.281,28.166,127.418
201.805,151.152,28.166,127.418
204.998,149.120,28.166,127.418
207.610,150.571,28.166,127.418
210.223,147.378,28.166,127.418
212.254,149.410,28.166,127.418
213.706,150.861,28.166,127.418
215.157,151.152,28.166,127.418
213.125,152.603,28.166,127.418
213.996,150.571,28.166,127.418
215.447,152.023,28.166,127.418
215.738,153.474,28.166,127.418
214.286,153.764,28.166,127.418
214.577,154.635,28.166,127.418
214.286,152.603,28.166,127.418
214.577,154.635,28.166,127.418
214.867,156.086,28.166,127.418
216.318,154.054,28.166,127.418
217.770,155.506,28.166,127.418
219.801,151.732,28.166,127.418
221.833,150.861,28.166,127.418
224.446,146.507,28.166,127.418
227.058,146.798,28.166,127.418
228.510,145.927,28.166,127.418
231.703,146.798,28.166,127.418
235.476,146.507,28.166,127.418
238.089,146.798,28.166,127.418
241.862,148.249,28.166,127.418
247.377,149.120,28.166,127.418
254.053,151.152,28.166,127.418
258.407,153.184,28.166,127.418
261.020,159.279,28.166,127.418
263.052,163.053,28.166,127.418
266.245,167.407,28.166,127.418
267.696,172.341,28.166,127.418
269.061,176.247,28.413,128.533
271.696,178.882,28.413,128.533
273.672,181.621,28.661,129.658
274.083,183.616,28.417,128.551
276.133,185.080,28.417,128.551
277.011,187.130,28.417,128.551
278.476,189.180,28.417,128.551
278.183,191.815,28.417,128.551
276.558,195.155,28.665,129.676
275.671,198.996,28.665,129.676
275.967,201.654,28.665,129.676
276.262,203.722,28.665,129.676
275.376,206.381,28.665,129.676
274.490,208.449,28.665,129.676
277.149,210.517,28.665,129.676
278.035,210.221,28.665,129.676
278.921,212.880,28.665,129.676
279.216,212.585,28.665,129.676
280.103,215.243,28.665,129.676
283.352,216.130,28.665,129.676
283.057,217.607,28.665,129.676
282.171,217.311,28.665,129.676
287.193,219.379,28.665,129.676
285.716,218.493,28.665,129.676
284.397,218.758,28.420,128.569
289.376,219.021,28.178,127.471
287.343,218.731,28.178,127.471
291.713,219.558,27.937,126.383
290.990,218.693,27.699,125.304
294.701,218.979,27.699,125.304
297.270,216.410,27.699,125.304
296.984,216.695,27.699,125.304
301.280,215.280,27.462,124.234
303.827,213.299,27.462,124.234
306.981,211.897,27.228,123.174
310.109,211.054,26.995,122.122
313.169,209.663,26.995,122.122
315.117,211.610,26.995,122.122
312.613,211.332,26.995,122.122
316.257,212.125,26.765,121.080
318.793,213.449,26.537,120.046
317.038,213.694,26.310,119.022
320.563,215.050,26.310,119.022
323.056,214.764,26.085,118.005
321.174,216.646,26.085,118.005
325.220,217.937,25.863,116.998
325.486,218.203,25.863,116.998
327.937,219.483,25.642,115.999
328.730,218.161,25.642,115.999
328.466,220.540,25.642,115.999
328.201,218.161,25.642,115.999
332.694,221.068,25.642,115.999
331.372,217.633,25.642,115.999
332.771,220.964,25.423,115.009
331.317,218.581,25.646,116.015
333.231,221.913,25.427,115.025
332.062,220.103,25.210,114.043
331.409,223.378,24.994,113.070
330.259,222.101,24.781,112.104
332.109,222.330,24.569,111.147
331.349,224.609,24.569,111.147
330.713,223.848,24.360,110.199
330.572,224.564,24.152,109.258
330.432,223.330,23.946,108.325
330.294,226.441,23.741,107.400
329.560,225.707,23.741,107.400
329.422,224.972,23.538,106.484
331.120,228.611,23.538,106.484
329.908,226.427,23.538,106.484
332.091,227.640,23.538,106.484
331.008,227.385,23.338,105.575
330.286,228.587,23.338,105.575
332.029,227.865,23.138,104.673
331.429,229.940,22.941,103.780
331.297,229.230,22.745,102.894
330.593,229.933,22.745,102.894
329.293,230.204,22.944,103.794
324.587,229.022,23.145,104.702
261.379,223.536,23.145,104.702
260.055,225.768,23.347,105.619
263.159,227.525,23.552,106.543
261.315,223.327,23.758,107.475
241.483,189.295,23.758,107.475
249.073,191.009,23.758,107.475
251.766,192.233,23.758,107.475
253.921,194.523,23.966,108.415
256.094,195.315,24.175,109.364
255.733,189.984,24.387,110.321
255.884,188.213,24.600,111.286
256.036,185.388,24.815,112.260
256.714,185.159,25.033,113.242
256.972,180.257,25.033,113.242
258.262,176.904,25.033,113.242
261.100,175.614,25.033,113.242
261.358,172.776,25.033,113.242
262.132,169.422,25.033,113.242
264.453,172.776,25.033,113.242
265.227,170.454,25.033,113.242
268.027,174.454,25.252,114.233
268.716,176.355,25.472,115.233
273.691,178.639,25.255,114.249
281.239,182.023,25.255,114.249
302.321,194.256,25.255,114.249
315.816,203.627,25.476,115.249
308.977,216.847,25.699,116.257
298.648,221.349,25.699,116.257
307.801,224.171,25.480,115.265
328.020,217.081,25.480,115.265
324.606,225.221,25.480,115.265
305.438,229.160,25.480,115.265
294.291,231.078,25.703,116.273
275.445,226.497,25.927,117.291
279.987,223.558,25.927,117.291
292.350,221.191,25.706,116.289
301.622,223.045,25.706,116.289
298.708,224.370,25.706,116.289
288.376,225.695,25.706,116.289
268.441,226.000,25.931,117.307
235.732,221.378,26.158,118.333
234.528,223.724,25.935,117.323
222.501,225.061,25.935,117.323
193.903,227.466,25.935,117.323
120.643,205.311,26.162,118.350
84.246,208.816,26.162,118.350
71.035,211.781,26.162,118.350
65.373,212.051,26.162,118.350
59.172,210.703,26.162,118.350
55.667,211.512,26.162,118.350
51.623,209.085,26.162,118.350
49.021,204.422,26.390,119.385
41.936,200.276,26.621,120.430
38.918,195.063,26.621,120.430
39.646,190.880,26.854,121.484
40.946,187.229,27.089,122.547
42.831,189.840,27.326,123.619
44.155,189.588,27.565,124.701
46.711,191.577,27.565,124.701
58.927,195.838,27.565,124.701
82.048,205.516,27.330,123.636
88.526,209.177,27.330,123.636
91.665,213.277,27.097,122.581
91.386,216.349,27.097,122.581
