246.000,226.000,94.000,114.000
246.909,226.091,94.000,114.000
247.318,225.682,94.000,114.000
247.727,225.273,94.000,114.000
248.136,224.864,94.000,114.000
248.545,224.455,94.000,114.000
248.954,224.046,94.000,114.000
249.363,223.637,94.000,114.000
249.772,223.228,94.000,114.000
250.181,222.819,94.000,114.000
250.590,222.410,94.000,114.000
250.999,222.001,94.000,114.000
251.408,222.410,94.000,114.000
251.817,222.819,94.000,114.000
252.226,223.228,94.000,114.000
252.635,223.637,94.000,114.000
253.044,224.046,94.000,114.000
253.453,224.455,94.000,114.000
253.862,224.864,94.000,114.000
254.271,225.273,94.000,114.000
254.680,225.682,94.000,114.000
254.271,226.091,94.000,114.000
253.862,226.500,94.000,114.000
253.453,226.909,94.000,114.000
253.044,227.318,94.000,114.000
252.635,227.727,94.000,114.000
252.226,228.136,94.000,114.000
251.817,228.545,94.000,114.000
251.408,228.954,94.000,114.000
250.999,229.363,94.000,114.000
250.590,229.772,94.000,114.000
250.181,230.181,94.000,114.000
249.772,230.590,94.000,114.000
249.363,230.999,94.000,114.000
248.954,231.408,94.000,114.000
248.545,231.817,94.000,114.000
248.136,231.408,94.000,114.000
247.727,231.817,94.000,114.000
247.318,232.226,94.000,114.000
246.909,232.635,94.000,114.000
247.318,233.044,94.000,114.000
246.909,233.453,94.000,114.000
246.500,233.044,94.000,114.000
246.091,233.453,94.000,114.000
245.682,233.862,94.000,114.000
245.273,234.271,94.000,114.000
244.864,234.680,94.000,114.000
244.455,235.088,94.000,114.000
244.046,235.497,94.000,114.000
243.637,235.906,94.000,114.000
243.228,236.315,94.000,114.000
242.819,236.724,94.000,114.000
242.410,237.133,94.000,114.000
242.001,237.542,94.000,114.000
241.592,237.133,94.000,114.000
241.183,236.724,94.000,114.000
240.774,237.133,94.000,114.000
240.365,237.542,94.000,114.000
239.956,237.951,94.000,114.000
239.547,238.360,94.000,114.000
239.138,238.769,94.000,114.000
238.729,239.178,94.000,114.000
239.138,239.587,94.000,114.000
239.547,239.178,94.000,114.000
239.138,239.587,94.000,114.000
238.729,239.996,94.000,114.000
238.320,240.405,94.000,114.000
237.912,240.814,94.000,114.000
237.503,241.223,94.000,114.000
237.094,241.632,94.000,114.000
236.685,242.041,94.000,114.000
236.276,242.450,94.000,114.000
235.867,242.859,94.000,114.000
236.276,243.268,94.000,114.000
236.685,242.859,94.000,114.000
237.094,242.450,94.000,114.000
236.685,242.859,94.000,114.000
236.276,243.268,94.000,114.000
236.685,243.677,94.000,114.000
237.094,243.268,94.000,114.000
236.685,243.677,94.000,114.000
236.276,244.086,94.000,114.000
236.685,243.677,94.000,114.000
237.094,243.268,94.000,114.000
237.503,242.859,94.000,114.000
237.094,243.268,94.000,114.000
236.685,243.677,94.000,114.000
236.276,244.086,94.000,114.000
235.867,244.495,94.000,114.000
236.276,244.904,94.000,114.000
236.685,244.495,94.000,114.000
237.094,244.086,94.000,114.000
237.503,243.677,94.000,114.000
237.094,244.086,94.000,114.000
236.685,244.495,94.000,114.000
236.276,244.904,94.000,114.000
235.867,245.313,94.000,114.000
235.458,245.722,94.000,114.000
235.049,246.131,94.000,114.000
234.640,246.540,94.000,114.000
234.648,246.460,94.823,114.998
235.060,246.048,94.823,114.998
235.473,245.635,94.823,114.998
235.885,245.223,94.823,114.998
235.473,244.810,94.823,114.998
235.060,245.223,94.823,114.998
234.648,245.635,94.823,114.998
234.656,244.709,95.652,116.004
235.072,244.293,95.652,116.004
235.080,243.359,96.489,117.019
235.500,242.939,96.489,117.019
235.508,242.857,97.333,118.043
235.931,243.281,97.333,118.043
236.355,242.857,97.333,118.043
236.778,242.434,97.333,118.043
237.202,242.010,97.333,118.043
237.625,241.587,97.333,118.043
238.049,241.164,97.333,118.043
237.625,241.587,97.333,118.043
237.202,242.010,97.333,118.043
236.778,242.434,97.333,118.043
236.355,242.857,97.333,118.043
235.931,243.281,97.333,118.043
235.508,243.704,97.333,118.043
235.084,244.128,97.333,118.043
234.661,243.704,97.333,118.043
235.084,243.281,97.333,118.043
235.508,242.857,97.333,118.043
235.084,243.281,97.333,118.043
234.661,243.704,97.333,118.043
234.237,244.128,97.333,118.043
234.246,244.046,98.185,119.076
234.673,244.473,98.185,119.076
235.100,244.046,98.185,119.076
235.527,243.618,98.185,119.076
235.100,244.046,98.185,119.076
234.673,244.473,98.185,119.076
234.246,244.900,98.185,119.076
233.819,245.327,98.185,119.076
233.391,245.754,98.185,119.076
232.964,246.181,98.185,119.076
233.391,246.609,98.185,119.076
232.964,247.036,98.185,119.076
232.537,247.463,98.185,119.076
232.964,247.890,98.185,119.076
233.391,247.463,98.185,119.076
233.819,247.036,98.185,119.076
234.246,246.609,98.185,119.076
233.819,247.036,98.185,119.076
234.246,246.609,98.185,119.076
234.673,246.181,98.185,119.076
235.100,245.754,98.185,119.076
235.527,245.327,98.185,119.076
235.100,245.754,98.185,119.076
235.527,245.327,98.185,119.076
235.100,244.900,98.185,119.076
235.527,244.473,98.185,119.076
235.100,244.900,98.185,119.076
234.673,244.473,98.185,119.076
235.100,244.046,98.185,119.076
235.527,243.618,98.185,119.076
235.100,244.046,98.185,119.076
235.527,244.473,98.185,119.076
235.954,244.046,98.185,119.076
236.382,243.618,98.185,119.076
236.809,244.046,98.185,119.076
236.382,244.473,98.185,119.076
236.809,244.046,98.185,119.076
237.236,243.618,98.185,119.076
236.809,244.046,98.185,119.076
236.382,244.473,98.185,119.076
236.809,244.046,98.185,119.076
237.236,243.618,98.185,119.076
237.663,243.191,98.185,119.076
238.090,242.764,98.185,119.076
238.518,243.191,98.185,119.076
238.945,243.618,98.185,119.076
239.372,244.046,98.185,119.076
239.799,244.473,98.185,119.076
240.226,244.046,98.185,119.076
240.653,243.618,98.185,119.076
240.226,244.046,98.185,119.076
239.799,244.473,98.185,119.076
240.226,244.046,98.185,119.076
240.653,243.618,98.185,119.076
241.081,243.191,98.185,119.076
241.508,242.764,98.185,119.076
241.935,243.191,98.185,119.076
242.362,243.618,98.185,119.076
242.789,244.046,98.185,119.076
243.217,244.473,98.185,119.076
243.644,244.046,98.185,119.076
244.071,243.618,98.185,119.076
244.498,243.191,98.185,119.076
244.071,242.764,98.185,119.076
243.644,242.337,98.185,119.076
243.217,242.764,98.185,119.076
242.789,243.191,98.185,119.076
242.362,242.764,98.185,119.076
242.370,241.805,99.044,120.117
241.940,241.374,99.044,120.117
241.509,241.805,99.044,120.117
241.078,242.236,99.044,120.117
240.647,242.667,99.044,120.117
240.216,243.098,99.044,120.117
240.647,243.529,99.044,120.117
241.078,243.098,99.044,120.117
241.509,242.667,99.044,120.117
241.940,242.236,99.044,120.117
242.370,241.805,99.044,120.117
242.801,241.374,99.044,120.117
243.232,241.805,99.044,120.117
243.663,242.236,99.044,120.117
243.232,242.667,99.044,120.117
243.663,243.098,99.044,120.117
244.094,243.529,99.044,120.117
243.663,243.960,99.044,120.117
243.232,243.529,99.044,120.117
242.801,243.098,99.044,120.117
242.370,243.529,99.044,120.117
241.940,243.960,99.044,120.117
241.509,244.391,99.044,120.117
241.078,244.822,99.044,120.117
240.647,245.253,99.044,120.117
240.216,245.683,99.044,120.117
239.785,246.114,99.044,120.117
239.354,245.683,99.044,120.117
239.785,245.253,99.044,120.117
239.354,244.822,99.044,120.117
238.923,244.391,99.044,120.117
238.492,244.822,99.044,120.117
238.061,245.253,99.044,120.117
238.492,245.683,99.044,120.117
238.923,245.253,99.044,120.117
239.354,244.822,99.044,120.117
239.785,244.391,99.044,120.117
240.216,243.960,99.044,120.117
239.785,243.529,99.044,120.117
239.354,243.960,99.044,120.117
238.923,244.391,99.044,120.117
238.492,244.822,99.044,120.117
238.061,245.253,99.044,120.117
237.630,245.683,99.044,120.117
237.199,246.114,99.044,120.117
236.324,246.031,99.911,121.168
236.759,246.465,99.911,121.168
237.194,246.900,99.911,121.168
236.759,247.335,99.911,121.168
236.324,247.769,99.911,121.168
235.890,248.204,99.911,121.168
236.324,248.639,99.911,121.168
236.759,248.204,99.911,121.168
237.194,247.769,99.911,121.168
237.628,247.335,99.911,121.168
237.194,246.900,99.911,121.168
236.759,247.335,99.911,121.168
236.324,247.769,99.911,121.168
235.890,248.204,99.911,121.168
235.455,248.639,99.911,121.168
235.020,249.073,99.911,121.168
235.455,249.508,99.911,121.168
235.890,249.943,99.911,121.168
235.455,250.377,99.911,121.168
235.020,250.812,99.911,121.168
235.455,251.247,99.911,121.168
235.890,250.812,99.911,121.168
236.324,250.377,99.911,121.168
235.890,249.943,99.911,121.168
235.455,250.377,99.911,121.168
235.020,250.812,99.911,121.168
234.586,251.247,99.911,121.168
234.151,250.812,99.911,121.168
233.716,250.377,99.911,121.168
233.282,250.812,99.911,121.168
233.290,250.728,100.785,122.229
233.729,250.289,100.785,122.229
234.167,249.851,100.785,122.229
234.606,249.412,100.785,122.229
235.044,248.974,100.785,122.229
234.606,249.412,100.785,122.229
234.167,249.851,100.785,122.229
233.729,250.289,100.785,122.229
233.290,250.728,100.785,122.229
233.729,251.166,100.785,122.229
234.167,250.728,100.785,122.229
234.606,250.289,100.785,122.229
234.614,249.305,101.667,123.298
235.056,248.863,101.667,123.298
235.499,248.420,101.667,123.298
235.941,247.978,101.667,123.298
236.383,248.420,101.667,123.298
235.941,248.863,101.667,123.298
235.499,249.305,101.667,123.298
234.601,249.219,102.557,124.377
235.047,249.665,102.557,124.377
235.493,249.219,102.557,124.377
235.939,248.773,102.557,124.377
235.033,247.771,103.454,125.465
234.119,246.761,104.359,126.563
233.197,245.742,105.272,127.671
233.655,245.284,105.272,127.671
234.113,244.826,105.272,127.671
234.571,245.284,105.272,127.671
233.641,245.195,106.193,128.788
234.103,245.657,106.193,128.788
234.112,244.620,107.123,129.915
234.578,244.154,107.123,129.915
234.112,244.620,107.123,129.915
233.646,245.086,107.123,129.915
234.112,245.552,107.123,129.915
234.578,245.086,107.123,129.915
235.044,244.620,107.123,129.915
235.053,243.574,108.060,131.051
235.063,242.518,109.005,132.198
235.537,242.044,109.005,132.198
236.011,241.570,109.005,132.198
236.485,242.044,109.005,132.198
236.960,242.518,109.005,132.198
237.434,242.993,109.005,132.198
237.908,242.518,109.005,132.198
238.382,242.044,109.005,132.198
238.857,241.570,109.005,132.198
238.866,240.505,109.959,133.355
239.344,240.027,109.959,133.355
238.866,239.548,109.959,133.355
238.387,240.027,109.959,133.355
237.909,240.505,109.959,133.355
237.431,240.984,109.959,133.355
236.952,241.462,109.959,133.355
236.474,240.984,109.959,133.355
236.952,240.505,109.959,133.355
236.961,240.412,110.921,134.522
236.971,240.318,111.892,135.699
237.458,239.832,111.892,135.699
237.944,239.345,111.892,135.699
237.458,239.832,111.892,135.699
237.944,240.318,111.892,135.699
238.431,240.805,111.892,135.699
238.918,241.292,111.892,135.699
238.431,241.779,111.892,135.699
238.918,241.292,111.892,135.699
239.405,240.805,111.892,135.699
239.414,239.713,112.871,136.886
239.905,239.221,112.871,136.886
239.414,239.713,112.871,136.886
238.923,240.204,112.871,136.886
239.414,240.695,112.871,136.886
239.905,241.186,112.871,136.886
239.414,241.677,112.871,136.886
238.923,242.168,112.871,136.886
239.414,241.677,112.871,136.886
239.905,241.186,112.871,136.886
240.397,240.695,112.871,136.886
240.888,240.204,112.871,136.886
240.397,240.695,112.871,136.886
239.905,241.186,112.871,136.886
240.397,240.695,112.871,136.886
240.888,240.204,112.871,136.886
241.379,239.713,112.871,136.886
240.888,240.204,112.871,136.886
240.397,240.695,112.871,136.886
239.905,241.186,112.871,136.886
239.414,241.677,112.871,136.886
238.923,242.168,112.871,136.886
239.414,241.677,112.871,136.886
239.905,241.186,112.871,136.886
240.397,240.695,112.871,136.886
239.905,241.186,112.871,136.886
239.414,241.677,112.871,136.886
238.923,242.168,112.871,136.886
238.432,242.659,112.871,136.886
238.923,242.168,112.871,136.886
238.933,242.072,113.859,138.084
239.428,241.577,113.859,138.084
239.924,241.082,113.859,138.084
239.428,240.586,113.859,138.084
238.933,241.082,113.859,138.084
238.438,241.577,113.859,138.084
237.942,242.072,113.859,138.084
237.447,242.568,113.859,138.084
236.951,243.063,113.859,138.084
236.456,243.559,113.859,138.084
235.961,244.054,113.859,138.084
235.465,244.549,113.859,138.084
234.970,245.045,113.859,138.084
234.474,245.540,113.859,138.084
233.979,246.035,113.859,138.084
233.484,246.531,113.859,138.084
232.988,247.026,113.859,138.084
232.493,247.522,113.859,138.084
231.998,248.017,113.859,138.084
231.502,248.512,113.859,138.084
231.007,248.017,113.859,138.084
230.511,247.522,113.859,138.084
230.016,248.017,113.859,138.084
229.521,248.512,113.859,138.084
229.025,249.008,113.859,138.084
229.521,248.512,113.859,138.084
230.016,248.017,113.859,138.084
230.511,247.522,113.859,138.084
231.007,247.026,113.859,138.084
231.502,246.531,113.859,138.084
231.007,247.026,113.859,138.084
230.511,247.522,113.859,138.084
230.016,248.017,113.859,138.084
229.521,248.512,113.859,138.084
229.025,249.008,113.859,138.084
229.521,249.503,113.859,138.084
229.025,249.998,113.859,138.084
228.530,250.494,113.859,138.084
228.035,250.989,113.859,138.084
227.539,251.485,113.859,138.084
227.044,251.980,113.859,138.084
226.548,252.475,113.859,138.084
227.044,251.980,113.859,138.084
227.539,251.485,113.859,138.084
227.044,250.989,113.859,138.084
226.548,250.494,113.859,138.084
226.053,249.998,113.859,138.084
225.558,250.494,113.859,138.084
226.053,250.989,113.859,138.084
225.558,251.485,113.859,138.084
226.053,251.980,113.859,138.084
226.548,251.485,113.859,138.084
226.053,251.980,113.859,138.084
226.548,251.485,113.859,138.084
227.044,250.989,113.859,138.084
227.539,250.494,113.859,138.084
228.035,249.998,113.859,138.084
229.004,251.071,112.887,136.905
229.965,252.135,111.923,135.736
230.452,251.648,111.923,135.736
230.939,252.135,111.923,135.736
230.452,252.622,111.923,135.736
229.965,253.109,111.923,135.736
229.478,253.595,111.923,135.736
228.991,254.082,111.923,135.736
228.504,254.569,111.923,135.736
228.017,255.056,111.923,135.736
227.530,255.543,111.923,135.736
227.043,256.030,111.923,135.736
226.556,256.517,111.923,135.736
226.069,257.004,111.923,135.736
225.582,257.491,111.923,135.736
225.095,257.978,111.923,135.736
224.608,258.465,111.923,135.736
224.121,258.952,111.923,135.736
223.634,259.439,111.923,135.736
223.148,259.926,111.923,135.736
222.661,260.413,111.923,135.736
222.174,260.900,111.923,135.736
221.687,261.387,111.923,135.736
221.200,261.874,111.923,135.736
220.713,262.361,111.923,135.736
220.226,262.848,111.923,135.736
219.739,263.335,111.923,135.736
219.252,262.848,111.923,135.736
218.765,262.361,111.923,135.736
219.252,261.874,111.923,135.736
219.739,261.387,111.923,135.736
220.226,260.900,111.923,135.736
220.713,260.413,111.923,135.736
221.200,259.926,111.923,135.736
221.687,259.439,111.923,135.736
221.200,258.952,111.923,135.736
220.713,258.465,111.923,135.736
221.200,257.978,111.923,135.736
221.687,257.491,111.923,135.736
222.174,257.004,111.923,135.736
222.661,256.517,111.923,135.736
223.148,256.030,111.923,135.736
222.661,256.517,111.923,135.736
222.174,257.004,111.923,135.736
221.687,257.491,111.923,135.736
222.174,257.004,111.923,135.736
221.687,256.517,111.923,135.736
222.174,256.030,111.923,135.736
222.661,255.543,111.923,135.736
223.148,255.056,111.923,135.736
223.634,254.569,111.923,135.736
224.121,254.082,111.923,135.736
224.608,253.595,111.923,135.736
225.095,253.109,111.923,135.736
225.582,252.622,111.923,135.736
225.095,252.135,111.923,135.736
224.608,251.648,111.923,135.736
224.121,251.161,111.923,135.736
223.634,250.674,111.923,135.736
223.148,250.187,111.923,135.736
222.661,250.674,111.923,135.736
222.174,251.161,111.923,135.736
221.687,251.648,111.923,135.736
221.200,252.135,111.923,135.736
