164.000,121.000,27.000,24.000
164.400,121.600,27.000,24.000
164.299,121.701,27.000,24.000
164.199,121.801,27.000,24.000
164.099,121.901,27.000,24.000
163.998,122.002,27.000,24.000
163.898,122.102,27.000,24.000
163.798,122.202,27.000,24.000
163.697,122.303,27.000,24.000
163.597,122.403,27.000,24.000
163.496,122.504,27.000,24.000
163.396,122.604,27.000,24.000
163.296,122.704,27.000,24.000
163.195,122.805,27.000,24.000
163.095,122.905,27.000,24.000
162.995,123.005,27.000,24.000
162.894,123.106,27.000,24.000
162.794,123.206,27.000,24.000
162.694,123.306,27.000,24.000
162.593,123.407,27.000,24.000
162.493,123.507,27.000,24.000
162.393,123.607,27.000,24.000
162.292,123.708,27.000,24.000
162.192,123.808,27.000,24.000
162.092,123.908,27.000,24.000
161.991,124.009,27.000,24.000
161.891,124.109,27.000,24.000
161.791,124.209,27.000,24.000
161.690,124.310,27.000,24.000
161.590,124.410,27.000,24.000
161.489,124.511,27.000,24.000
161.389,124.611,27.000,24.000
161.289,124.711,27.000,24.000
161.188,124.812,27.000,24.000
161.088,124.912,27.000,24.000
160.988,125.012,27.000,24.000
160.887,125.113,27.000,24.000
160.787,125.213,27.000,24.000
160.687,125.313,27.000,24.000
160.466,125.311,27.236,24.210
160.364,125.412,27.236,24.210
160.263,125.514,27.236,24.210
160.162,125.615,27.236,24.210
160.061,125.716,27.236,24.210
159.960,125.817,27.236,24.210
159.858,125.919,27.236,24.210
159.757,126.020,27.236,24.210
159.656,126.121,27.236,24.210
159.555,126.222,27.236,24.210
159.453,126.323,27.236,24.210
159.352,126.425,27.236,24.210
159.251,126.526,27.236,24.210
159.150,126.627,27.236,24.210
159.049,126.728,27.236,24.210
158.947,126.830,27.236,24.210
158.846,126.931,27.236,24.210
158.745,127.032,27.236,24.210
158.644,127.133,27.236,24.210
158.542,127.235,27.236,24.210
158.441,127.336,27.236,24.210
158.340,127.437,27.236,24.210
158.239,127.538,27.236,24.210
158.137,127.639,27.236,24.210
158.036,127.741,27.236,24.210
157.935,127.842,27.236,24.210
157.834,127.943,27.236,24.210
157.733,128.044,27.236,24.210
157.631,128.146,27.236,24.210
157.530,128.247,27.236,24.210
157.429,128.348,27.236,24.210
157.328,128.449,27.236,24.210
157.226,128.550,27.236,24.210
157.125,128.652,27.236,24.210
157.024,128.753,27.236,24.210
156.923,128.854,27.236,24.210
156.821,128.955,27.236,24.210
156.720,129.057,27.236,24.210
156.619,128.955,27.236,24.210
156.396,128.746,27.475,24.422
156.294,128.644,27.475,24.422
156.192,128.541,27.475,24.422
156.090,128.439,27.475,24.422
155.988,128.337,27.475,24.422
155.886,128.235,27.475,24.422
155.783,128.133,27.475,24.422
155.681,128.031,27.475,24.422
155.579,127.929,27.475,24.422
155.477,127.827,27.475,24.422
155.375,127.725,27.475,24.422
155.273,127.622,27.475,24.422
155.171,127.520,27.475,24.422
155.069,127.418,27.475,24.422
154.967,127.316,27.475,24.422
154.864,127.214,27.475,24.422
154.762,127.112,27.475,24.422
154.537,126.900,27.715,24.636
154.434,126.797,27.715,24.636
154.331,126.694,27.715,24.636
154.228,126.591,27.715,24.636
154.125,126.488,27.715,24.636
154.022,126.385,27.715,24.636
153.919,126.282,27.715,24.636
153.816,126.179,27.715,24.636
153.713,126.076,27.715,24.636
153.610,125.973,27.715,24.636
153.384,125.760,27.957,24.851
153.280,125.656,27.957,24.851
153.176,125.552,27.957,24.851
153.072,125.448,27.957,24.851
152.843,125.233,28.202,25.069
152.612,125.016,28.449,25.288
152.506,124.910,28.449,25.288
152.401,124.804,28.449,25.288
152.295,124.699,28.449,25.288
152.189,124.593,28.449,25.288
151.956,124.374,28.698,25.509
151.850,124.267,28.698,25.509
151.743,124.161,28.698,25.509
151.636,124.054,28.698,25.509
151.530,123.947,28.698,25.509
151.423,123.841,28.698,25.509
151.316,123.734,28.698,25.509
151.082,123.513,28.949,25.732
150.974,123.405,28.949,25.732
150.866,123.298,28.949,25.732
150.759,123.190,28.949,25.732
150.651,123.083,28.949,25.732
150.544,122.975,28.949,25.732
150.436,122.867,28.949,25.732
150.328,122.760,28.949,25.732
150.221,122.652,28.949,25.732
150.113,122.545,28.949,25.732
150.006,122.437,28.949,25.732
149.898,122.329,28.949,25.732
149.790,122.222,28.949,25.732
149.683,122.329,28.949,25.732
149.575,122.222,28.949,25.732
149.468,122.114,28.949,25.732
149.360,122.222,28.949,25.732
149.252,122.114,28.949,25.732
149.145,122.222,28.949,25.732
149.037,122.329,28.949,25.732
148.930,122.437,28.949,25.732
148.822,122.545,28.949,25.732
148.714,122.652,28.949,25.732
148.607,122.760,28.949,25.732
148.499,122.652,28.949,25.732
148.392,122.760,28.949,25.732
148.284,122.867,28.949,25.732
148.176,122.975,28.949,25.732
148.069,123.083,28.949,25.732
147.961,123.190,28.949,25.732
147.854,123.083,28.949,25.732
147.746,123.190,28.949,25.732
147.639,123.298,28.949,25.732
147.531,123.405,28.949,25.732
147.423,123.513,28.949,25.732
147.316,123.621,28.949,25.732
147.208,123.728,28.949,25.732
147.101,123.836,28.949,25.732
146.993,123.943,28.949,25.732
146.885,124.051,28.949,25.732
146.778,124.159,28.949,25.732
146.670,124.266,28.949,25.732
146.563,124.374,28.949,25.732
146.455,124.481,28.949,25.732
146.347,124.589,28.949,25.732
146.240,124.697,28.949,25.732
146.132,124.804,28.949,25.732
146.025,124.912,28.949,25.732
145.917,125.019,28.949,25.732
145.809,125.127,28.949,25.732
145.702,125.235,28.949,25.732
145.594,125.342,28.949,25.732
145.487,125.450,28.949,25.732
145.379,125.557,28.949,25.732
145.271,125.665,28.949,25.732
145.164,125.772,28.949,25.732
145.056,125.880,28.949,25.732
144.949,125.988,28.949,25.732
144.967,126.202,28.702,25.513
144.861,126.309,28.702,25.513
144.754,126.416,28.702,25.513
144.647,126.523,28.702,25.513
144.666,126.527,28.457,25.295
144.560,126.633,28.457,25.295
144.454,126.739,28.457,25.295
144.348,126.845,28.457,25.295
144.243,126.950,28.457,25.295
144.137,127.056,28.457,25.295
144.031,126.950,28.457,25.295
143.925,127.056,28.457,25.295
143.820,127.162,28.457,25.295
143.838,127.167,28.214,25.079
143.733,127.062,28.214,25.079
143.628,126.957,28.214,25.079
143.523,127.062,28.214,25.079
143.418,127.167,28.214,25.079
143.314,127.272,28.214,25.079
143.209,127.167,28.214,25.079
143.314,127.272,28.214,25.079
143.418,127.167,28.214,25.079
143.523,127.062,28.214,25.079
143.507,126.845,28.461,25.298
143.402,126.739,28.461,25.298
143.296,126.633,28.461,25.298
143.190,126.527,28.461,25.298
143.084,126.422,28.461,25.298
142.851,126.419,28.710,25.520
142.745,126.526,28.710,25.520
142.638,126.633,28.710,25.520
142.531,126.739,28.710,25.520
142.424,126.846,28.710,25.520
142.318,126.953,28.710,25.520
142.211,127.059,28.710,25.520
142.104,127.166,28.710,25.520
141.998,127.273,28.710,25.520
141.891,127.380,28.710,25.520
141.784,127.486,28.710,25.520
141.677,127.593,28.710,25.520
141.571,127.700,28.710,25.520
141.464,127.806,28.710,25.520
141.357,127.913,28.710,25.520
141.251,128.020,28.710,25.520
141.144,128.127,28.710,25.520
141.037,128.233,28.710,25.520
140.931,128.340,28.710,25.520
140.824,128.447,28.710,25.520
140.717,128.553,28.710,25.520
140.610,128.660,28.710,25.520
140.504,128.767,28.710,25.520
140.397,128.660,28.710,25.520
140.290,128.553,28.710,25.520
140.184,128.660,28.710,25.520
140.077,128.553,28.710,25.520
139.970,128.660,28.710,25.520
139.735,128.658,28.961,25.743
139.628,128.765,28.961,25.743
139.520,128.873,28.961,25.743
139.628,128.765,28.961,25.743
139.735,128.658,28.961,25.743
139.843,128.550,28.961,25.743
139.951,128.443,28.961,25.743
140.058,128.335,28.961,25.743
139.821,128.112,29.214,25.968
139.930,128.003,29.214,25.968
140.038,127.895,29.214,25.968
140.147,127.786,29.214,25.968
140.255,127.678,29.214,25.968
140.364,127.569,29.214,25.968
140.473,127.460,29.214,25.968
140.581,127.352,29.214,25.968
140.690,127.243,29.214,25.968
140.798,127.135,29.214,25.968
140.907,127.026,29.214,25.968
141.016,126.918,29.214,25.968
140.907,126.809,29.214,25.968
140.798,126.700,29.214,25.968
140.690,126.592,29.214,25.968
140.451,126.367,29.470,26.196
140.560,126.257,29.470,26.196
140.670,126.148,29.470,26.196
140.779,126.038,29.470,26.196
140.670,126.148,29.470,26.196
140.560,126.038,29.470,26.196
140.319,125.811,29.728,26.425
140.429,125.701,29.728,26.425
140.540,125.590,29.728,26.425
140.429,125.480,29.728,26.425
140.319,125.369,29.728,26.425
140.208,125.259,29.728,26.425
140.319,125.148,29.728,26.425
140.429,125.038,29.728,26.425
140.319,124.928,29.728,26.425
140.208,124.817,29.728,26.425
140.098,124.707,29.728,26.425
139.988,124.596,29.728,26.425
139.877,124.486,29.728,26.425
139.767,124.375,29.728,26.425
139.523,124.146,29.988,26.656
139.412,124.035,29.988,26.656
139.166,123.804,30.250,26.889
138.919,123.571,30.515,27.124
138.805,123.458,30.515,27.124
138.556,123.223,30.782,27.362
138.441,123.108,30.782,27.362
138.189,122.871,31.051,27.601
137.935,122.632,31.323,27.843
137.679,122.391,31.597,28.086
137.420,122.148,31.874,28.332
137.159,121.902,32.153,28.580
137.040,121.783,32.153,28.580
136.920,121.663,32.153,28.580
136.657,121.416,32.434,28.830
136.537,121.295,32.434,28.830
136.416,121.175,32.434,28.830
136.295,121.054,32.434,28.830
136.175,120.934,32.434,28.830
136.054,120.813,32.434,28.830
135.934,120.693,32.434,28.830
135.813,120.572,32.434,28.830
135.693,120.452,32.434,28.830
135.572,120.331,32.434,28.830
135.452,120.210,32.434,28.830
135.331,120.090,32.434,28.830
135.211,119.969,32.434,28.830
135.090,119.849,32.434,28.830
134.969,119.969,32.434,28.830
134.849,120.090,32.434,28.830
134.728,119.969,32.434,28.830
134.608,119.849,32.434,28.830
134.487,119.728,32.434,28.830
134.367,119.608,32.434,28.830
134.246,119.728,32.434,28.830
134.126,119.608,32.434,28.830
134.005,119.728,32.434,28.830
133.885,119.849,32.434,28.830
133.905,119.854,32.157,28.584
133.786,119.974,32.157,28.584
133.666,119.854,32.157,28.584
133.547,119.974,32.157,28.584
133.427,120.093,32.157,28.584
133.308,120.213,32.157,28.584
133.188,120.093,32.157,28.584
133.069,119.974,32.157,28.584
132.949,120.093,32.157,28.584
132.830,120.213,32.157,28.584
132.710,120.093,32.157,28.584
132.591,119.974,32.157,28.584
132.471,119.854,32.157,28.584
132.352,119.735,32.157,28.584
132.232,119.615,32.157,28.584
132.113,119.496,32.157,28.584
131.993,119.615,32.157,28.584
131.874,119.735,32.157,28.584
131.754,119.615,32.157,28.584
131.635,119.735,32.157,28.584
131.515,119.854,32.157,28.584
131.395,119.735,32.157,28.584
131.276,119.854,32.157,28.584
131.156,119.974,32.157,28.584
131.037,120.093,32.157,28.584
130.917,120.213,32.157,28.584
130.798,120.332,32.157,28.584
130.678,120.452,32.157,28.584
130.559,120.332,32.157,28.584
130.439,120.452,32.157,28.584
130.320,120.571,32.157,28.584
130.200,120.691,32.157,28.584
130.081,120.810,32.157,28.584
129.961,120.930,32.157,28.584
129.842,121.049,32.157,28.584
129.579,120.802,32.438,28.834
129.458,120.922,32.438,28.834
129.337,121.043,32.438,28.834
129.217,121.164,32.438,28.834
128.951,121.161,32.722,29.086
128.684,120.909,33.009,29.341
128.413,120.906,33.297,29.598
128.290,121.030,33.297,29.598
128.166,121.154,33.297,29.598
127.893,121.151,33.589,29.857
127.769,121.276,33.589,29.857
127.644,121.401,33.589,29.857
127.519,121.526,33.589,29.857
127.244,121.523,33.883,30.118
127.118,121.649,33.883,30.118
126.992,121.523,33.883,30.118
126.866,121.397,33.883,30.118
126.740,121.271,33.883,30.118
126.463,121.011,34.179,30.381
126.183,121.008,34.478,30.647
125.901,120.742,34.780,30.915
125.772,120.872,34.780,30.915
125.487,120.869,35.084,31.186
125.200,120.599,35.391,31.459
124.910,120.596,35.701,31.734
124.618,120.593,36.013,32.012
124.323,120.316,36.328,32.292
124.026,120.036,36.646,32.574
123.726,119.754,36.967,32.859
123.423,119.470,37.290,33.147
123.118,119.182,37.617,33.437
122.978,119.322,37.617,33.437
122.839,119.462,37.617,33.437
122.531,119.172,37.946,33.730
122.390,119.313,37.946,33.730
122.079,119.310,38.278,34.025
121.937,119.453,38.278,34.025
121.795,119.310,38.278,34.025
121.481,119.016,38.613,34.322
121.165,118.719,38.951,34.623
120.847,118.419,39.291,34.926
120.525,118.116,39.635,35.231
120.201,118.113,39.982,35.540
120.052,117.964,39.982,35.540
119.903,118.113,39.982,35.540
119.576,117.805,40.332,35.851
119.426,117.655,40.332,35.851
119.276,117.505,40.332,35.851
118.946,117.195,40.685,36.164
118.795,117.044,40.685,36.164
118.462,117.041,41.041,36.481
118.126,117.037,41.400,36.800
117.972,117.191,41.400,36.800
117.633,116.872,41.762,37.122
117.478,116.717,41.762,37.122
117.136,116.396,42.127,37.447
116.980,116.552,42.127,37.447
116.635,116.549,42.496,37.774
116.477,116.707,42.496,37.774
116.319,116.549,42.496,37.774
116.161,116.707,42.496,37.774
115.813,116.380,42.868,38.105
115.654,116.220,42.868,38.105
115.495,116.061,42.868,38.105
115.335,115.902,42.868,38.105
115.176,115.742,42.868,38.105
114.825,115.412,43.243,38.438
114.664,115.252,43.243,38.438
114.504,115.091,43.243,38.438
114.343,114.930,43.243,38.438
113.989,114.597,43.621,38.775
113.827,114.435,43.621,38.775
113.665,114.273,43.621,38.775
113.503,114.111,43.621,38.775
113.146,113.775,44.003,39.114
112.982,113.612,44.003,39.114
112.622,113.273,44.388,39.456
112.259,112.931,44.777,39.801
112.092,112.765,44.777,39.801
111.726,112.420,45.168,40.150
111.356,112.072,45.564,40.501
110.983,111.721,45.962,40.855
110.812,111.551,45.962,40.855
110.436,111.197,46.364,41.213
110.264,111.024,46.364,41.213
110.092,110.852,46.364,41.213
109.919,110.680,46.364,41.213
109.540,110.323,46.770,41.573
109.714,110.149,46.770,41.573
109.540,109.975,46.770,41.573
109.714,109.801,46.770,41.573
109.540,109.628,46.770,41.573
109.714,109.454,46.770,41.573
109.540,109.280,46.770,41.573
109.714,109.106,46.770,41.573
109.887,108.932,46.770,41.573
110.061,108.758,46.770,41.573
110.235,108.585,46.770,41.573
110.409,108.411,46.770,41.573
110.235,108.237,46.770,41.573
110.409,108.063,46.770,41.573
110.235,108.237,46.770,41.573
110.265,108.584,46.371,41.219
110.437,108.412,46.371,41.219
110.610,108.239,46.371,41.219
110.782,108.412,46.371,41.219
110.954,108.584,46.371,41.219
110.782,108.756,46.371,41.219
110.610,108.929,46.371,41.219
110.782,108.756,46.371,41.219
110.954,108.929,46.371,41.219
111.127,109.101,46.371,41.219
110.954,109.273,46.371,41.219
111.127,109.446,46.371,41.219
111.299,109.618,46.371,41.219
111.472,109.790,46.371,41.219
111.299,109.963,46.371,41.219
111.472,110.135,46.371,41.219
111.644,110.307,46.371,41.219
111.472,110.480,46.371,41.219
111.644,110.307,46.371,41.219
111.816,110.480,46.371,41.219
111.989,110.652,46.371,41.219
112.355,110.996,45.975,40.867
112.526,111.167,45.975,40.867
112.696,110.996,45.975,40.867
112.867,111.167,45.975,40.867
113.038,110.996,45.975,40.867
113.209,111.167,45.975,40.867
113.380,111.338,45.975,40.867
113.551,111.509,45.975,40.867
113.722,111.338,45.975,40.867
113.892,111.509,45.975,40.867
114.063,111.680,45.975,40.867
114.234,111.851,45.975,40.867
114.405,112.021,45.975,40.867
114.576,112.192,45.975,40.867
114.747,112.363,45.975,40.867
114.918,112.534,45.975,40.867
115.089,112.705,45.975,40.867
115.118,113.046,45.583,40.518
115.147,113.384,45.193,40.172
114.979,113.552,45.193,40.172
114.811,113.720,45.193,40.172
114.841,114.056,44.808,39.829
114.674,114.222,44.808,39.829
114.507,114.389,44.808,39.829
114.341,114.555,44.808,39.829
114.174,114.722,44.808,39.829
114.008,114.888,44.808,39.829
113.841,115.055,44.808,39.829
113.675,115.221,44.808,39.829
113.508,115.388,44.808,39.829
113.342,115.554,44.808,39.829
113.175,115.721,44.808,39.829
113.009,115.887,44.808,39.829
112.842,116.054,44.808,39.829
112.475,116.050,45.200,40.177
112.307,115.882,45.200,40.177
111.937,115.879,45.595,40.529
111.768,116.048,45.595,40.529
111.598,116.218,45.595,40.529
111.225,116.214,45.994,40.884
111.054,116.385,45.994,40.884
110.883,116.556,45.994,40.884
110.712,116.727,45.994,40.884
110.742,117.068,45.601,40.535
110.771,117.407,45.212,40.189
110.800,117.742,44.826,39.846
110.829,118.075,44.444,39.505
110.664,118.240,44.444,39.505
110.693,118.570,44.064,39.168
110.529,118.734,44.064,39.168
110.365,118.897,44.064,39.168
110.201,119.061,44.064,39.168
110.037,119.225,44.064,39.168
109.874,119.389,44.064,39.168
109.710,119.552,44.064,39.168
109.738,119.879,43.688,38.834
109.766,120.203,43.315,38.502
109.605,120.364,43.315,38.502
109.444,120.525,43.315,38.502
109.283,120.686,43.315,38.502
109.122,120.847,43.315,38.502
108.961,121.008,43.315,38.502
108.800,121.169,43.315,38.502
108.639,121.330,43.315,38.502
108.478,121.491,43.315,38.502
108.317,121.652,43.315,38.502
108.156,121.813,43.315,38.502
107.995,121.974,43.315,38.502
107.641,121.971,43.694,38.839
107.478,122.133,43.694,38.839
107.316,122.296,43.694,38.839
106.958,122.292,44.076,39.179
106.598,122.289,44.462,39.522
106.432,122.454,44.462,39.522
106.267,122.619,44.462,39.522
106.102,122.785,44.462,39.522
105.937,122.950,44.462,39.522
105.771,123.115,44.462,39.522
105.606,123.280,44.462,39.522
105.441,123.446,44.462,39.522
105.469,123.775,44.083,39.184
105.306,123.939,44.083,39.184
105.142,124.103,44.083,39.184
104.978,124.267,44.083,39.184
104.814,124.431,44.083,39.184
104.650,124.595,44.083,39.184
104.486,124.758,44.083,39.184
104.323,124.922,44.083,39.184
104.159,125.086,44.083,39.184
103.995,125.250,44.083,39.184
103.831,125.414,44.083,39.184
103.667,125.578,44.083,39.184
103.503,125.742,44.083,39.184
103.340,125.905,44.083,39.184
103.176,126.069,44.083,39.184
103.012,126.233,44.083,39.184
102.848,126.397,44.083,39.184
102.684,126.561,44.083,39.184
102.520,126.725,44.083,39.184
102.160,126.721,44.468,39.527
101.994,126.886,44.468,39.527
101.829,127.052,44.468,39.527
101.664,127.217,44.468,39.527
101.498,127.382,44.468,39.527
101.333,127.547,44.468,39.527
101.168,127.713,44.468,39.527
100.804,127.709,44.857,39.873
100.637,127.876,44.857,39.873
100.471,128.043,44.857,39.873
100.499,128.375,44.474,39.533
100.528,128.705,44.095,39.195
100.364,128.869,44.095,39.195
100.200,129.033,44.095,39.195
100.036,129.197,44.095,39.195
99.872,129.361,44.095,39.195
99.708,129.525,44.095,39.195
99.545,129.689,44.095,39.195
99.381,129.853,44.095,39.195
99.217,130.017,44.095,39.195
99.053,130.180,44.095,39.195
98.889,130.344,44.095,39.195
98.725,130.508,44.095,39.195
98.561,130.672,44.095,39.195
98.397,130.836,44.095,39.195
98.036,130.832,44.481,39.538
97.871,130.998,44.481,39.538
97.706,131.163,44.481,39.538
97.541,131.328,44.481,39.538
97.375,131.494,44.481,39.538
97.210,131.659,44.481,39.538
97.045,131.824,44.481,39.538
96.879,131.990,44.481,39.538
96.515,131.986,44.870,39.884
96.348,132.153,44.870,39.884
96.182,132.320,44.870,39.884
96.015,132.487,44.870,39.884
95.848,132.653,44.870,39.884
95.681,132.820,44.870,39.884
95.515,132.987,44.870,39.884
95.348,133.154,44.870,39.884
95.181,133.320,44.870,39.884
95.014,133.487,44.870,39.884
94.848,133.654,44.870,39.884
94.876,133.987,44.487,39.544
94.711,134.152,44.487,39.544
94.546,134.317,44.487,39.544
94.380,134.483,44.487,39.544
94.215,134.648,44.487,39.544
94.050,134.814,44.487,39.544
93.884,134.979,44.487,39.544
93.719,135.144,44.487,39.544
93.554,135.310,44.487,39.544
93.388,135.475,44.487,39.544
93.223,135.640,44.487,39.544
93.058,135.806,44.487,39.544
92.892,135.971,44.487,39.544
92.727,136.136,44.487,39.544
92.562,136.302,44.487,39.544
92.396,136.467,44.487,39.544
92.032,136.463,44.876,39.890
91.865,136.630,44.876,39.890
91.894,136.963,44.493,39.549
91.729,137.129,44.493,39.549
91.563,137.294,44.493,39.549
91.398,137.459,44.493,39.549
91.233,137.625,44.493,39.549
91.067,137.790,44.493,39.549
90.902,137.955,44.493,39.549
90.538,137.952,44.882,39.895
90.371,138.119,44.882,39.895
90.204,138.285,44.882,39.895
90.037,138.452,44.882,39.895
89.871,138.619,44.882,39.895
89.704,138.786,44.882,39.895
89.537,138.953,44.882,39.895
89.370,139.120,44.882,39.895
89.203,139.286,44.882,39.895
89.036,139.453,44.882,39.895
88.870,139.620,44.882,39.895
88.898,139.953,44.499,39.555
88.927,140.283,44.119,39.217
88.763,140.447,44.119,39.217
88.599,140.611,44.119,39.217
88.238,140.608,44.505,39.560
88.267,140.938,44.125,39.223
88.103,141.102,44.125,39.223
87.939,141.266,44.125,39.223
87.577,141.262,44.511,39.566
87.606,141.593,44.131,39.228
87.442,141.757,44.131,39.228
87.278,141.921,44.131,39.228
87.114,142.085,44.131,39.228
86.950,142.249,44.131,39.228
86.786,142.413,44.131,39.228
86.622,142.577,44.131,39.228
86.458,142.741,44.131,39.228
86.622,142.905,44.131,39.228
86.786,143.069,44.131,39.228
86.622,143.233,44.131,39.228
86.458,143.397,44.131,39.228
86.294,143.561,44.131,39.228
86.458,143.725,44.131,39.228
86.294,143.889,44.131,39.228
86.458,144.053,44.131,39.228
86.622,144.217,44.131,39.228
86.970,144.544,43.755,38.893
87.133,144.707,43.755,38.893
87.108,144.704,44.138,39.233
87.272,144.868,44.138,39.233
87.621,145.195,43.761,38.899
87.783,145.358,43.761,38.899
87.946,145.520,43.761,38.899
87.783,145.683,43.761,38.899
87.946,145.846,43.761,38.899
87.783,146.008,43.761,38.899
87.621,146.171,43.761,38.899
87.458,146.334,43.761,38.899
87.621,146.496,43.761,38.899
87.783,146.659,43.761,38.899
87.946,146.822,43.761,38.899
88.291,147.146,43.387,38.566
88.453,147.308,43.387,38.566
88.614,147.469,43.387,38.566
88.775,147.630,43.387,38.566
88.936,147.791,43.387,38.566
89.098,147.953,43.387,38.566
89.259,148.114,43.387,38.566
89.420,148.275,43.387,38.566
89.581,148.436,43.387,38.566
89.743,148.598,43.387,38.566
89.904,148.759,43.387,38.566
90.065,148.920,43.387,38.566
90.408,149.242,43.017,38.237
90.568,149.402,43.017,38.237
90.727,149.562,43.017,38.237
90.887,149.722,43.017,38.237
91.047,149.882,43.017,38.237
91.207,150.042,43.017,38.237
91.367,150.201,43.017,38.237
91.527,150.361,43.017,38.237
91.503,150.358,43.393,38.572
91.664,150.519,43.393,38.572
91.825,150.680,43.393,38.572
91.986,150.842,43.393,38.572
92.148,151.003,43.393,38.572
92.309,151.164,43.393,38.572
92.470,151.326,43.393,38.572
92.632,151.487,43.393,38.572
92.607,151.483,43.773,38.909
92.770,151.646,43.773,38.909
92.932,151.809,43.773,38.909
93.095,151.971,43.773,38.909
93.258,152.134,43.773,38.909
93.603,152.459,43.399,38.577
93.765,152.620,43.399,38.577
93.926,152.782,43.399,38.577
94.087,152.943,43.399,38.577
94.430,152.950,43.029,38.248
94.590,152.790,43.029,38.248
94.750,152.950,43.029,38.248
94.910,152.790,43.029,38.248
95.249,153.109,42.661,37.921
95.586,153.426,42.297,37.598
95.743,153.583,42.297,37.598
95.900,153.426,42.297,37.598
96.058,153.269,42.297,37.598
96.215,153.426,42.297,37.598
96.372,153.583,42.297,37.598
96.529,153.426,42.297,37.598
96.686,153.583,42.297,37.598
96.844,153.426,42.297,37.598
97.001,153.583,42.297,37.598
97.158,153.740,42.297,37.598
97.315,153.583,42.297,37.598
97.473,153.740,42.297,37.598
97.806,154.054,41.936,37.277
97.962,154.210,41.936,37.277
98.118,154.054,41.936,37.277
98.274,154.210,41.936,37.277
98.430,154.054,41.936,37.277
98.586,154.210,41.936,37.277
98.742,154.366,41.936,37.277
98.897,154.522,41.936,37.277
99.053,154.678,41.936,37.277
99.384,154.989,41.578,36.958
99.539,155.143,41.578,36.958
99.693,155.298,41.578,36.958
99.848,155.453,41.578,36.958
100.003,155.298,41.578,36.958
100.157,155.453,41.578,36.958
100.312,155.298,41.578,36.958
100.466,155.453,41.578,36.958
100.621,155.298,41.578,36.958
100.775,155.143,41.578,36.958
100.930,154.989,41.578,36.958
101.084,154.834,41.578,36.958
101.239,154.989,41.578,36.958
101.393,154.834,41.578,36.958
101.548,154.680,41.578,36.958
101.702,154.834,41.578,36.958
101.857,154.989,41.578,36.958
102.011,154.834,41.578,36.958
102.166,154.989,41.578,36.958
102.320,154.834,41.578,36.958
102.649,154.841,41.223,36.643
102.802,154.688,41.223,36.643
102.955,154.535,41.223,36.643
103.108,154.688,41.223,36.643
103.262,154.535,41.223,36.643
103.415,154.688,41.223,36.643
103.568,154.841,41.223,36.643
103.721,154.995,41.223,36.643
103.874,155.148,41.223,36.643
104.028,155.301,41.223,36.643
104.181,155.454,41.223,36.643
104.334,155.301,41.223,36.643
104.487,155.454,41.223,36.643
104.641,155.607,41.223,36.643
104.794,155.454,41.223,36.643
104.947,155.607,41.223,36.643
105.100,155.761,41.223,36.643
105.253,155.607,41.223,36.643
105.100,155.761,41.223,36.643
105.253,155.607,41.223,36.643
105.407,155.761,41.223,36.643
105.560,155.607,41.223,36.643
105.713,155.761,41.223,36.643
105.866,155.607,41.223,36.643
106.019,155.761,41.223,36.643
106.173,155.914,41.223,36.643
106.019,156.067,41.223,36.643
106.173,156.220,41.223,36.643
106.019,156.373,41.223,36.643
105.866,156.527,41.223,36.643
105.713,156.680,41.223,36.643
105.560,156.833,41.223,36.643
105.407,156.986,41.223,36.643
105.253,157.140,41.223,36.643
105.407,157.293,41.223,36.643
105.560,157.446,41.223,36.643
105.713,157.599,41.223,36.643
105.560,157.752,41.223,36.643
105.407,157.906,41.223,36.643
105.560,158.059,41.223,36.643
105.222,158.056,41.584,36.964
105.068,158.210,41.584,36.964
104.913,158.365,41.584,36.964
104.890,158.361,41.948,37.287
104.546,158.358,42.315,37.613
104.200,158.355,42.685,37.942
104.359,158.513,42.685,37.942
104.517,158.672,42.685,37.942
104.359,158.831,42.685,37.942
104.200,158.989,42.685,37.942
104.041,159.148,42.685,37.942
103.883,159.307,42.685,37.942
103.533,159.303,43.059,38.274
103.181,159.300,43.435,38.609
103.020,159.461,43.435,38.609
102.995,159.458,43.815,38.947
102.636,159.454,44.199,39.288
102.275,159.451,44.586,39.632
102.109,159.617,44.586,39.632
101.943,159.782,44.586,39.632
101.778,159.948,44.586,39.632
101.943,160.114,44.586,39.632
102.109,160.279,44.586,39.632
102.275,160.445,44.586,39.632
102.440,160.611,44.586,39.632
102.606,160.776,44.586,39.632
102.772,160.611,44.586,39.632
102.938,160.776,44.586,39.632
102.912,160.773,44.976,39.978
102.544,160.769,45.369,40.328
102.173,160.766,45.766,40.681
101.798,160.762,46.167,41.037
101.627,160.934,46.167,41.037
101.455,161.105,46.167,41.037
101.077,161.102,46.571,41.396
100.696,161.098,46.978,41.758
100.670,161.094,47.389,42.124
100.282,161.090,47.804,42.492
100.255,161.087,48.222,42.864
100.075,161.266,48.222,42.864
100.255,161.445,48.222,42.864
100.434,161.624,48.222,42.864
100.407,161.621,48.644,43.239
100.379,161.617,49.070,43.618
99.978,161.613,49.499,43.999
99.572,161.609,49.932,44.384
99.164,161.605,50.369,44.773
98.751,161.217,50.810,45.164
98.336,160.826,51.254,45.559
98.145,161.016,51.254,45.559
97.955,160.826,51.254,45.559
97.764,161.016,51.254,45.559
97.345,161.012,51.703,45.958
97.152,161.205,51.703,45.958
96.729,161.200,52.155,46.360
96.302,161.196,52.612,46.766
95.872,161.192,53.072,47.175
95.675,161.389,53.072,47.175
95.872,161.587,53.072,47.175
95.437,161.582,53.536,47.588
95.238,161.781,53.536,47.588
95.208,161.777,54.005,48.004
95.178,161.773,54.477,48.424
95.147,161.354,54.954,48.848
95.116,160.930,55.435,49.275
95.322,161.137,55.435,49.275
95.528,161.343,55.435,49.275
95.734,161.549,55.435,49.275
95.940,161.343,55.435,49.275
96.146,161.137,55.435,49.275
96.352,161.343,55.435,49.275
96.790,161.352,54.962,48.855
96.994,161.556,54.962,48.855
97.428,161.964,54.493,48.438
97.630,162.166,54.493,48.438
97.833,162.369,54.493,48.438
98.035,162.166,54.493,48.438
98.238,162.369,54.493,48.438
98.440,162.572,54.493,48.438
98.871,162.976,54.027,48.024
99.071,163.177,54.027,48.024
99.272,162.976,54.027,48.024
99.242,162.560,54.500,48.444
99.444,162.357,54.500,48.444
99.647,162.560,54.500,48.444
99.849,162.763,54.500,48.444
100.052,162.965,54.500,48.444
100.254,163.168,54.500,48.444
100.457,163.370,54.500,48.444
100.887,163.379,54.035,48.031
101.088,163.580,54.035,48.031
101.289,163.781,54.035,48.031
101.258,163.365,54.508,48.451
101.461,163.162,54.508,48.451
101.664,162.960,54.508,48.451
101.866,163.162,54.508,48.451
102.069,163.365,54.508,48.451
102.271,163.162,54.508,48.451
102.474,163.365,54.508,48.451
102.676,163.162,54.508,48.451
103.107,163.567,54.042,48.038
103.533,163.968,53.581,47.628
103.733,164.167,53.581,47.628
103.932,164.366,53.581,47.628
104.131,164.565,53.581,47.628
104.330,164.764,53.581,47.628
104.529,164.964,53.581,47.628
104.728,165.163,53.581,47.628
104.927,165.362,53.581,47.628
105.127,165.561,53.581,47.628
105.326,165.760,53.581,47.628
105.525,165.959,53.581,47.628
105.724,166.158,53.581,47.628
105.923,165.959,53.581,47.628
105.893,165.547,54.050,48.044
106.094,165.346,54.050,48.044
106.295,165.145,54.050,48.044
106.495,164.944,54.050,48.044
106.696,164.743,54.050,48.044
106.897,164.944,54.050,48.044
107.098,164.743,54.050,48.044
107.299,164.944,54.050,48.044
107.500,165.145,54.050,48.044
107.701,165.346,54.050,48.044
107.902,165.145,54.050,48.044
108.103,164.944,54.050,48.044
108.303,164.743,54.050,48.044
108.504,164.542,54.050,48.044
108.705,164.342,54.050,48.044
108.906,164.542,54.050,48.044
108.876,164.538,54.523,48.465
108.845,164.534,55.000,48.889
109.049,164.329,55.000,48.889
109.254,164.125,55.000,48.889
109.458,164.329,55.000,48.889
109.662,164.125,55.000,48.889
109.867,164.329,55.000,48.889
110.071,164.534,55.000,48.889
110.276,164.738,55.000,48.889
110.480,164.943,55.000,48.889
110.684,165.147,55.000,48.889
110.889,165.351,55.000,48.889
111.093,165.556,55.000,48.889
111.298,165.760,55.000,48.889
111.502,165.965,55.000,48.889
111.707,166.169,55.000,48.889
111.911,166.374,55.000,48.889
112.115,166.578,55.000,48.889
112.320,166.782,55.000,48.889
112.524,166.987,55.000,48.889
112.729,167.191,55.000,48.889
112.933,166.987,55.000,48.889
112.902,166.563,55.481,49.317
112.871,166.136,55.967,49.748
112.839,165.705,56.456,50.183
113.049,165.496,56.456,50.183
113.259,165.705,56.456,50.183
113.468,165.496,56.456,50.183
113.678,165.286,56.456,50.183
113.888,165.076,56.456,50.183
114.098,165.286,56.456,50.183
114.308,165.496,56.456,50.183
114.518,165.286,56.456,50.183
114.963,165.705,55.974,49.755
115.171,165.913,55.974,49.755
115.379,165.705,55.974,49.755
115.587,165.913,55.974,49.755
115.795,165.705,55.974,49.755
116.003,165.497,55.974,49.755
116.211,165.705,55.974,49.755
116.420,165.497,55.974,49.755
116.628,165.705,55.974,49.755
116.836,165.913,55.974,49.755
117.044,166.121,55.974,49.755
117.252,166.329,55.974,49.755
117.460,166.121,55.974,49.755
117.668,166.329,55.974,49.755
118.110,166.744,55.496,49.330
118.316,166.950,55.496,49.330
118.522,167.157,55.496,49.330
118.728,167.363,55.496,49.330
118.935,167.569,55.496,49.330
119.141,167.775,55.496,49.330
119.347,167.982,55.496,49.330
119.553,168.188,55.496,49.330
119.760,167.982,55.496,49.330
119.966,168.188,55.496,49.330
120.172,168.394,55.496,49.330
120.379,168.188,55.496,49.330
120.585,167.982,55.496,49.330
120.791,167.775,55.496,49.330
120.997,167.982,55.496,49.330
121.204,168.188,55.496,49.330
121.410,167.982,55.496,49.330
121.616,168.188,55.496,49.330
121.822,168.394,55.496,49.330
122.029,168.600,55.496,49.330
122.235,168.394,55.496,49.330
122.673,168.806,55.023,48.909
122.877,168.601,55.023,48.909
123.082,168.397,55.023,48.909
123.286,168.192,55.023,48.909
123.491,167.988,55.023,48.909
123.695,167.783,55.023,48.909
123.900,167.579,55.023,48.909
123.869,167.155,55.504,49.337
124.075,166.949,55.504,49.337
124.281,167.155,55.504,49.337
124.488,167.362,55.504,49.337
124.694,167.568,55.504,49.337
124.900,167.774,55.504,49.337
125.107,167.981,55.504,49.337
125.313,168.187,55.504,49.337
125.519,168.393,55.504,49.337
125.725,168.599,55.504,49.337
125.694,168.172,55.990,49.769
125.902,167.964,55.990,49.769
126.110,167.756,55.990,49.769
126.318,167.548,55.990,49.769
126.527,167.340,55.990,49.769
126.969,167.755,55.512,49.344
127.175,167.549,55.512,49.344
127.381,167.755,55.512,49.344
127.587,167.961,55.512,49.344
127.794,168.168,55.512,49.344
128.000,168.374,55.512,49.344
128.206,168.580,55.512,49.344
128.413,168.787,55.512,49.344
128.619,168.993,55.512,49.344
128.825,169.199,55.512,49.344
128.794,169.195,55.998,49.776
129.002,168.987,55.998,49.776
129.210,168.779,55.998,49.776
129.418,168.571,55.998,49.776
129.626,168.363,55.998,49.776
129.835,168.154,55.998,49.776
130.043,168.363,55.998,49.776
130.251,168.571,55.998,49.776
130.693,168.986,55.520,49.351
130.899,169.192,55.520,49.351
131.106,169.399,55.520,49.351
131.312,169.605,55.520,49.351
131.518,169.812,55.520,49.351
131.725,170.018,55.520,49.351
131.931,170.224,55.520,49.351
132.137,170.018,55.520,49.351
132.344,170.224,55.520,49.351
132.550,170.018,55.520,49.351
132.756,170.224,55.520,49.351
132.963,170.431,55.520,49.351
133.169,170.637,55.520,49.351
132.963,170.843,55.520,49.351
132.931,170.839,56.005,49.783
133.140,171.047,56.005,49.783
133.348,171.255,56.005,49.783
133.556,171.463,56.005,49.783
133.764,171.671,56.005,49.783
133.732,171.667,56.495,50.218
133.700,171.663,56.990,50.658
133.912,171.451,56.990,50.658
134.124,171.663,56.990,50.658
134.336,171.451,56.990,50.658
134.548,171.239,56.990,50.658
134.759,171.027,56.990,50.658
134.971,170.815,56.990,50.658
134.939,170.811,57.488,51.101
135.153,171.024,57.488,51.101
134.939,171.238,57.488,51.101
135.153,171.452,57.488,51.101
134.682,171.447,57.991,51.548
134.208,171.443,58.499,51.999
133.990,171.660,58.499,51.999
133.773,171.877,58.499,51.999
133.990,171.660,58.499,51.999
133.773,171.877,58.499,51.999
133.555,171.660,58.499,51.999
133.338,171.877,58.499,51.999
133.120,172.095,58.499,51.999
132.903,172.312,58.499,51.999
132.424,172.308,59.011,52.454
132.205,172.527,59.011,52.454
131.722,172.522,59.527,52.913
131.235,172.518,60.048,53.376
131.012,172.741,60.048,53.376
130.788,172.964,60.048,53.376
130.297,172.959,60.573,53.843
129.801,172.954,61.103,54.314
129.574,172.727,61.103,54.314
129.347,172.500,61.103,54.314
129.120,172.273,61.103,54.314
128.893,172.046,61.103,54.314
128.666,171.819,61.103,54.314
128.439,172.046,61.103,54.314
128.211,172.273,61.103,54.314
128.439,172.046,61.103,54.314
128.211,172.273,61.103,54.314
128.439,172.500,61.103,54.314
128.211,172.727,61.103,54.314
128.439,172.500,61.103,54.314
128.666,172.273,61.103,54.314
128.893,172.500,61.103,54.314
128.666,172.273,61.103,54.314
128.893,172.046,61.103,54.314
129.120,171.819,61.103,54.314
128.893,171.592,61.103,54.314
128.666,171.819,61.103,54.314
128.705,172.272,60.582,53.850
128.480,172.497,60.582,53.850
128.255,172.723,60.582,53.850
128.029,172.948,60.582,53.850
127.804,173.173,60.582,53.850
128.029,173.398,60.582,53.850
128.255,173.623,60.582,53.850
128.029,173.848,60.582,53.850
128.255,173.623,60.582,53.850
128.480,173.398,60.582,53.850
128.705,173.173,60.582,53.850
128.671,172.707,61.112,54.322
128.443,172.479,61.112,54.322
128.216,172.252,61.112,54.322
128.443,172.025,61.112,54.322
128.671,171.798,61.112,54.322
128.443,172.025,61.112,54.322
128.216,172.252,61.112,54.322
127.989,172.479,61.112,54.322
127.762,172.707,61.112,54.322
127.535,172.934,61.112,54.322
127.308,172.707,61.112,54.322
127.081,172.479,61.112,54.322
127.308,172.252,61.112,54.322
127.535,172.025,61.112,54.322
127.762,171.798,61.112,54.322
127.535,171.571,61.112,54.322
127.308,171.798,61.112,54.322
127.347,172.251,60.590,53.858
127.313,172.247,61.120,54.329
127.540,172.474,61.120,54.329
127.767,172.701,61.120,54.329
127.733,172.696,61.655,54.805
127.962,172.925,61.655,54.805
128.191,173.154,61.655,54.805
128.420,172.925,61.655,54.805
128.649,172.696,61.655,54.805
128.878,172.467,61.655,54.805
129.107,172.238,61.655,54.805
129.337,172.009,61.655,54.805
129.566,171.780,61.655,54.805
129.795,171.550,61.655,54.805
129.566,171.780,61.655,54.805
129.337,172.009,61.655,54.805
129.376,172.466,61.129,54.337
129.149,172.693,61.129,54.337
128.922,172.921,61.129,54.337
128.695,173.148,61.129,54.337
128.467,173.375,61.129,54.337
128.240,173.602,61.129,54.337
128.467,173.375,61.129,54.337
128.695,173.148,61.129,54.337
128.922,172.921,61.129,54.337
128.695,173.148,61.129,54.337
128.467,173.375,61.129,54.337
128.695,173.602,61.129,54.337
128.922,173.829,61.129,54.337
128.695,174.057,61.129,54.337
128.922,174.284,61.129,54.337
129.149,174.511,61.129,54.337
129.376,174.738,61.129,54.337
129.603,174.511,61.129,54.337
129.831,174.284,61.129,54.337
130.058,174.057,61.129,54.337
130.285,173.829,61.129,54.337
130.512,173.602,61.129,54.337
130.739,173.375,61.129,54.337
130.967,173.602,61.129,54.337
131.194,173.829,61.129,54.337
131.421,174.057,61.129,54.337
131.648,174.284,61.129,54.337
131.614,174.279,61.664,54.812
131.843,174.508,61.664,54.812
131.808,174.503,62.203,55.292
132.039,174.734,62.203,55.292
132.270,174.966,62.203,55.292
132.502,175.197,62.203,55.292
132.733,174.966,62.203,55.292
132.964,174.734,62.203,55.292
132.929,174.256,62.747,55.776
133.162,174.489,62.747,55.776
133.395,174.722,62.747,55.776
133.890,175.188,62.212,55.299
134.122,175.419,62.212,55.299
134.353,175.650,62.212,55.299
134.584,175.881,62.212,55.299
134.815,176.112,62.212,55.299
135.047,176.344,62.212,55.299
135.278,176.575,62.212,55.299
135.509,176.344,62.212,55.299
135.740,176.575,62.212,55.299
135.971,176.344,62.212,55.299
136.203,176.112,62.212,55.299
136.434,175.881,62.212,55.299
136.665,175.650,62.212,55.299
136.896,175.881,62.212,55.299
137.128,176.112,62.212,55.299
137.359,176.344,62.212,55.299
137.590,176.575,62.212,55.299
137.821,176.806,62.212,55.299
138.052,177.037,62.212,55.299
138.284,177.269,62.212,55.299
138.515,177.500,62.212,55.299
138.746,177.269,62.212,55.299
138.977,177.037,62.212,55.299
138.942,176.558,62.756,55.783
139.175,176.325,62.756,55.783
139.409,176.092,62.756,55.783
139.642,175.859,62.756,55.783
139.875,175.625,62.756,55.783
140.108,175.859,62.756,55.783
140.342,176.092,62.756,55.783
140.575,176.325,62.756,55.783
140.808,176.558,62.756,55.783
140.773,176.075,63.305,56.271
140.737,176.070,63.859,56.764
140.974,176.308,63.859,56.764
141.212,176.070,63.859,56.764
141.449,175.833,63.859,56.764
141.686,175.596,63.859,56.764
141.924,175.358,63.859,56.764
142.161,175.121,63.859,56.764
142.398,174.883,63.859,56.764
142.636,175.121,63.859,56.764
142.873,174.883,63.859,56.764
143.110,175.121,63.859,56.764
143.348,175.358,63.859,56.764
143.585,175.596,63.859,56.764
143.822,175.833,63.859,56.764
144.060,176.070,63.859,56.764
144.297,175.833,63.859,56.764
144.534,175.596,63.859,56.764
144.772,175.358,63.859,56.764
145.009,175.121,63.859,56.764
145.246,174.883,63.859,56.764
145.484,174.646,63.859,56.764
145.721,174.409,63.859,56.764
145.958,174.646,63.859,56.764
146.196,174.883,63.859,56.764
146.160,174.392,64.418,57.260
146.399,174.631,64.418,57.260
146.363,174.135,64.982,57.761
146.876,174.618,64.427,57.268
147.115,174.378,64.427,57.268
147.355,174.618,64.427,57.268
147.594,174.857,64.427,57.268
147.558,174.852,64.991,57.769
147.521,174.352,65.559,58.275
147.765,174.108,65.559,58.275
148.008,173.864,65.559,58.275
148.252,173.621,65.559,58.275
148.215,173.116,66.133,58.785
148.461,172.870,66.133,58.785
148.706,172.624,66.133,58.785
148.952,172.870,66.133,58.785
149.474,173.361,65.568,58.283
149.718,173.604,65.568,58.283
149.962,173.848,65.568,58.283
150.205,174.092,65.568,58.283
150.449,174.336,65.568,58.283
150.967,174.822,65.009,57.786
150.930,174.322,65.578,58.291
150.893,173.817,66.151,58.801
151.139,173.571,66.151,58.801
151.385,173.325,66.151,58.801
151.630,173.079,66.151,58.801
151.876,172.833,66.151,58.801
151.919,173.324,65.587,58.299
152.163,173.568,65.587,58.299
152.406,173.812,65.587,58.299
152.369,173.806,66.161,58.809
152.332,173.297,66.739,59.324
152.294,173.292,67.323,59.843
152.826,173.791,66.749,59.332
152.788,173.786,67.333,59.851
153.319,174.286,66.758,59.340
153.282,173.772,67.342,59.860
153.532,173.522,67.342,59.860
153.782,173.271,67.342,59.860
153.744,172.753,67.931,60.383
153.706,172.230,68.526,60.912
153.960,172.485,68.526,60.912
153.922,171.957,69.125,61.445
153.883,171.951,69.730,61.982
153.843,171.946,70.340,62.525
153.803,171.940,70.956,63.072
153.763,171.935,71.577,63.624
154.029,172.201,71.577,63.624
153.989,172.195,72.203,64.180
153.948,172.189,72.835,64.742
153.907,172.184,73.472,65.308
153.865,171.618,74.115,65.880
154.141,171.343,74.115,65.880
154.099,170.772,74.763,66.456
154.057,170.196,75.418,67.038
154.014,169.616,76.077,67.624
153.971,169.030,76.743,68.216
154.256,168.745,76.743,68.216
154.213,168.154,77.415,68.813
154.500,168.442,77.415,68.813
154.788,168.730,77.415,68.813
155.076,169.017,77.415,68.813
155.032,169.011,78.092,69.415
155.322,169.301,78.092,69.415
155.613,169.011,78.092,69.415
155.903,168.721,78.092,69.415
156.193,168.431,78.092,69.415
156.483,168.140,78.092,69.415
156.774,167.850,78.092,69.415
157.064,167.560,78.092,69.415
157.354,167.270,78.092,69.415
157.310,166.668,78.775,70.023
157.603,166.961,78.775,70.023
157.895,167.254,78.775,70.023
158.188,167.547,78.775,70.023
158.144,167.541,79.465,70.635
158.771,168.130,78.786,70.032
158.726,168.124,79.476,70.645
159.022,168.419,79.476,70.645
159.317,168.715,79.476,70.645
159.272,168.103,80.171,71.263
159.227,167.486,80.873,71.887
159.528,167.185,80.873,71.887
159.482,166.562,81.580,72.516
159.785,166.866,81.580,72.516
160.088,166.562,81.580,72.516
160.391,166.259,81.580,72.516
160.345,166.253,82.294,73.150
160.299,166.246,83.014,73.790
160.252,166.240,83.740,74.436
160.205,166.233,84.473,75.087
160.871,166.860,83.752,74.446
161.183,167.171,83.752,74.446
161.844,167.185,83.037,73.811
162.152,166.877,83.037,73.811
162.461,166.568,83.037,73.811
162.770,166.259,83.037,73.811
163.078,165.951,83.037,73.811
163.387,166.259,83.037,73.811
163.696,165.951,83.037,73.811
164.004,166.259,83.037,73.811
164.313,166.568,83.037,73.811
164.266,166.561,83.764,74.457
164.577,166.873,83.764,74.457
164.888,167.184,83.764,74.457
164.841,167.177,84.497,75.108
165.155,167.491,84.497,75.108
165.822,168.118,83.775,74.467
166.134,167.807,83.775,74.467
166.086,167.162,84.508,75.119
166.038,166.512,85.248,75.776
166.355,166.195,85.248,75.776
166.672,165.878,85.248,75.776
166.624,165.222,85.994,76.439
166.944,164.902,85.994,76.439
167.263,164.582,85.994,76.439
167.215,163.920,86.746,77.108
167.165,163.252,87.505,77.782
167.491,163.578,87.505,77.782
168.181,164.227,86.758,77.118
168.866,164.871,86.018,76.460
168.818,164.864,86.770,77.129
168.769,164.857,87.529,77.804
168.719,164.183,88.295,78.485
168.669,163.503,89.068,79.172
169.372,163.518,88.308,78.496
170.070,163.533,87.554,77.826
170.761,163.548,86.806,77.161
171.446,163.563,86.065,76.503
171.766,163.243,86.065,76.503
172.086,162.923,86.065,76.503
172.765,163.561,85.331,75.849
172.717,163.555,86.077,76.513
173.396,164.193,85.342,75.860
174.070,164.827,84.614,75.212
174.385,165.141,84.614,75.212
175.053,165.155,83.892,74.570
175.715,165.169,83.175,73.934
176.024,164.860,83.175,73.934
176.333,164.551,83.175,73.934
176.642,164.242,83.175,73.934
176.951,163.933,83.175,73.934
177.261,163.624,83.175,73.934
177.917,163.638,82.465,73.303
178.224,163.331,82.465,73.303
178.875,163.943,81.761,72.677
178.828,163.937,82.477,73.313
179.480,164.549,81.773,72.687
179.783,164.853,81.773,72.687
180.429,164.866,81.075,72.066
181.069,164.880,80.383,71.451
181.704,164.893,79.696,70.841
182.333,164.907,79.016,70.237
182.626,164.613,79.016,70.237
182.582,164.005,79.707,70.851
182.878,163.709,79.707,70.851
183.507,163.722,79.027,70.246
183.801,163.428,79.027,70.246
184.095,163.722,79.027,70.246
184.719,164.308,78.352,69.647
185.337,164.890,77.684,69.052
185.950,165.466,77.020,68.463
186.558,165.479,76.363,67.878
186.842,165.195,76.363,67.878
187.126,164.911,76.363,67.878
187.410,164.628,76.363,67.878
187.694,164.344,76.363,67.878
188.296,164.357,75.711,67.299
188.894,164.369,75.065,66.724
189.487,164.382,74.424,66.155
190.074,164.394,73.789,65.590
190.657,164.407,73.159,65.030
190.929,164.679,73.159,65.030
191.506,165.222,72.534,64.475
191.776,165.491,72.534,64.475
192.348,166.029,71.915,63.924
192.916,166.563,71.301,63.379
193.479,166.575,70.692,62.838
194.037,167.100,70.089,62.301
194.298,166.839,70.089,62.301
194.558,166.579,70.089,62.301
194.819,166.318,70.089,62.301
195.079,166.058,70.089,62.301
195.340,165.797,70.089,62.301
195.600,165.537,70.089,62.301
196.153,165.548,69.491,61.769
196.702,166.064,68.897,61.242
196.958,166.320,68.897,61.242
197.214,166.576,68.897,61.242
197.470,166.832,68.897,61.242
197.726,166.576,68.897,61.242
198.270,166.588,68.309,60.719
198.524,166.334,68.309,60.719
199.063,166.345,67.726,60.201
199.598,166.357,67.148,59.687
199.847,166.107,67.148,59.687
200.378,166.118,66.575,59.178
200.625,165.871,66.575,59.178
200.872,165.623,66.575,59.178
201.120,165.376,66.575,59.178
201.367,165.129,66.575,59.178
201.893,165.140,66.006,58.672
202.138,165.385,66.006,58.672
202.384,165.630,66.006,58.672
202.629,165.385,66.006,58.672
202.874,165.140,66.006,58.672
203.395,165.151,65.443,58.172
203.912,165.162,64.884,57.675
203.875,164.662,65.452,58.180
204.118,164.419,65.452,58.180
204.362,164.176,65.452,58.180
204.878,164.187,64.893,57.683
204.842,163.687,65.461,58.188
205.085,163.444,65.461,58.188
205.328,163.201,65.461,58.188
205.572,163.444,65.461,58.188
205.815,163.201,65.461,58.188
206.058,162.957,65.461,58.188
206.302,162.714,65.461,58.188
206.545,162.471,65.461,58.188
206.788,162.227,65.461,58.188
207.031,161.984,65.461,58.188
207.275,161.741,65.461,58.188
207.518,161.498,65.461,58.188
207.761,161.254,65.461,58.188
208.005,161.011,65.461,58.188
207.968,160.507,66.034,58.697
208.213,160.262,66.034,58.697
208.458,160.016,66.034,58.697
208.704,160.262,66.034,58.697
208.949,160.507,66.034,58.697
209.471,160.997,65.470,58.196
209.714,161.240,65.470,58.196
209.957,161.484,65.470,58.196
210.201,161.727,65.470,58.196
210.164,161.722,66.043,58.705
210.409,161.967,66.043,58.705
210.654,162.213,66.043,58.705
210.900,161.967,66.043,58.705
210.863,161.459,66.621,59.219
210.825,160.946,67.204,59.737
211.075,160.696,67.204,59.737
211.037,160.691,67.792,60.259
210.998,160.685,68.385,60.787
210.960,160.680,68.983,61.319
210.921,160.675,69.587,61.855
210.881,160.669,70.196,62.396
211.142,160.930,70.196,62.396
211.103,160.924,70.810,62.942
211.063,160.919,71.430,63.493
211.022,160.913,72.055,64.049
210.981,160.907,72.685,64.609
211.252,161.178,72.685,64.609
211.210,160.618,73.321,65.174
211.483,160.345,73.321,65.174
211.755,160.073,73.321,65.174
212.028,159.800,73.321,65.174
211.987,159.795,73.963,65.745
211.945,159.789,74.610,66.320
212.222,160.066,74.610,66.320
212.499,160.343,74.610,66.320
212.457,160.337,75.263,66.900
212.737,160.617,75.263,66.900
213.017,160.897,75.263,66.900
213.296,161.177,75.263,66.900
213.576,161.456,75.263,66.900
213.856,161.736,75.263,66.900
213.813,161.730,75.921,67.486
213.770,161.724,76.586,68.076
213.727,161.135,77.256,68.672
213.683,160.540,77.932,69.273
213.973,160.829,77.932,69.273
214.263,161.119,77.932,69.273
214.552,161.409,77.932,69.273
214.842,161.698,77.932,69.273
215.132,161.988,77.932,69.273
215.088,161.982,78.614,69.879
215.380,162.274,78.614,69.879
215.335,162.268,79.302,70.490
215.290,162.261,79.995,71.107
215.245,162.255,80.695,71.729
215.200,162.249,81.402,72.357
215.154,162.242,82.114,72.990
215.107,162.236,82.832,73.629
215.060,162.229,83.557,74.273
215.371,162.540,83.557,74.273
215.681,162.850,83.557,74.273
215.992,163.161,83.557,74.273
216.302,163.471,83.557,74.273
216.962,164.091,82.844,73.639
217.270,164.399,82.844,73.639
217.924,165.014,82.137,73.010
218.572,165.623,81.435,72.387
218.875,165.926,81.435,72.387
219.178,166.229,81.435,72.387
219.480,166.532,81.435,72.387
220.123,167.136,80.740,71.769
220.423,167.436,80.740,71.769
220.723,167.736,80.740,71.769
221.361,168.335,80.051,71.156
221.993,168.929,79.368,70.549
222.619,169.518,78.690,69.947
222.912,169.810,78.690,69.947
223.204,170.103,78.690,69.947
223.825,170.687,78.018,69.350
224.115,170.977,78.018,69.350
224.405,171.267,78.018,69.350
224.695,171.557,78.018,69.350
224.985,171.847,78.018,69.350
225.275,172.137,78.018,69.350
225.565,172.427,78.018,69.350
225.521,172.420,78.701,69.956
226.142,172.434,78.029,69.359
226.432,172.144,78.029,69.359
226.723,172.434,78.029,69.359
227.013,172.724,78.029,69.359
227.303,173.014,78.029,69.359
227.593,173.304,78.029,69.359
227.883,173.594,78.029,69.359
227.838,173.587,78.712,69.966
228.131,173.880,78.712,69.966
228.086,173.874,79.401,70.578
228.382,174.169,79.401,70.578
229.008,174.758,78.723,69.976
229.301,174.465,78.723,69.976
229.594,174.173,78.723,69.976
230.215,174.186,78.051,69.379
230.831,174.199,77.385,68.786
231.119,174.487,77.385,68.786
231.406,174.774,77.385,68.786
231.694,175.062,77.385,68.786
231.982,175.350,77.385,68.786
232.269,175.637,77.385,68.786
232.557,175.925,77.385,68.786
232.844,176.212,77.385,68.786
233.132,176.500,77.385,68.786
233.088,176.494,78.062,69.388
233.378,176.204,78.062,69.388
233.669,175.914,78.062,69.388
233.959,175.624,78.062,69.388
234.575,176.203,77.395,68.796
234.863,176.490,77.395,68.796
234.819,176.484,78.072,69.398
235.109,176.774,78.072,69.398
235.065,176.768,78.756,70.005
235.358,177.061,78.756,70.005
235.313,177.055,79.445,70.618
235.608,177.350,79.445,70.618
235.904,177.645,79.445,70.618
236.199,177.941,79.445,70.618
236.494,178.236,79.445,70.618
236.789,177.941,79.445,70.618
237.085,177.645,79.445,70.618
237.380,177.350,79.445,70.618
237.675,177.055,79.445,70.618
238.302,177.068,78.767,70.015
238.595,177.361,78.767,70.015
238.888,177.654,78.767,70.015
239.181,177.946,78.767,70.015
239.473,178.239,78.767,70.015
239.766,178.532,78.767,70.015
240.059,178.825,78.767,70.015
240.352,179.117,78.767,70.015
240.973,179.702,78.094,69.417
240.929,179.696,78.777,70.024
241.222,179.403,78.777,70.024
241.515,179.110,78.777,70.024
241.808,178.817,78.777,70.024
242.100,178.524,78.777,70.024
242.393,178.817,78.777,70.024
243.015,179.402,78.105,69.427
243.305,179.692,78.105,69.427
243.922,180.272,77.438,68.834
244.533,180.846,76.777,68.246
244.819,181.132,76.777,68.246
245.104,181.417,76.777,68.246
245.389,181.702,76.777,68.246
245.675,181.988,76.777,68.246
245.960,182.273,76.777,68.246
246.245,182.558,76.777,68.246
246.852,182.571,76.122,67.664
247.134,182.288,76.122,67.664
247.735,182.301,75.472,67.086
248.016,182.582,75.472,67.086
248.296,182.862,75.472,67.086
248.892,183.422,74.828,66.513
248.850,183.416,75.482,67.095
249.446,183.976,74.838,66.523
249.724,184.254,74.838,66.523
250.002,184.533,74.838,66.523
249.960,184.527,75.493,67.105
249.917,184.521,76.153,67.692
249.874,184.515,76.820,68.284
249.831,184.509,77.492,68.882
250.119,184.220,77.492,68.882
250.407,183.932,77.492,68.882
250.363,183.336,78.170,69.484
250.653,183.626,78.170,69.484
250.944,183.917,78.170,69.484
251.234,184.208,78.170,69.484
251.525,184.498,78.170,69.484
251.815,184.789,78.170,69.484
252.106,185.079,78.170,69.484
252.397,185.370,78.170,69.484
252.687,185.660,78.170,69.484
252.978,185.951,78.170,69.484
253.268,186.241,78.170,69.484
253.559,186.532,78.170,69.484
253.849,186.241,78.170,69.484
253.805,185.639,78.854,70.092
253.760,185.032,79.544,70.706
254.056,184.737,79.544,70.706
254.011,184.730,80.240,71.324
253.966,184.724,80.942,71.949
253.920,184.718,81.650,72.578
254.223,185.021,81.650,72.578
254.177,185.015,82.365,73.213
254.131,185.008,83.085,73.854
254.084,185.002,83.812,74.500
254.036,184.995,84.546,75.152
254.351,184.681,84.546,75.152
254.303,184.030,85.286,75.809
254.255,183.373,86.032,76.473
254.574,183.053,86.032,76.473
254.894,182.734,86.032,76.473
255.214,182.414,86.032,76.473
255.534,182.094,86.032,76.473
255.853,182.414,86.032,76.473
256.173,182.734,86.032,76.473
256.493,183.053,86.032,76.473
256.813,183.373,86.032,76.473
257.132,183.053,86.032,76.473
257.452,182.734,86.032,76.473
258.131,182.748,85.297,75.820
258.448,182.431,85.297,75.820
259.122,182.445,84.569,75.173
259.436,182.131,84.569,75.173
259.750,181.817,84.569,75.173
260.418,182.444,83.847,74.531
260.729,182.756,83.847,74.531
260.783,183.378,83.132,73.895
260.474,183.687,83.132,73.895
261.131,184.304,82.422,73.264
261.781,184.916,81.718,72.638
262.426,185.522,81.021,72.018
262.478,186.123,80.329,71.404
262.180,186.422,80.329,71.404
261.881,186.720,80.329,71.404
261.583,187.019,80.329,71.404
261.634,187.615,79.643,70.794
260.983,187.608,80.340,71.414
260.684,187.907,80.340,71.414
260.385,188.206,80.340,71.414
260.087,188.504,80.340,71.414
259.429,187.886,81.043,72.038
258.766,187.879,81.752,72.669
258.097,187.873,82.468,73.305
257.422,187.866,83.189,73.946
256.741,187.860,83.917,74.593
256.054,187.853,84.651,75.246
255.739,187.538,84.651,75.246
255.047,186.887,85.392,75.904
254.348,186.229,86.139,76.568
253.643,185.566,86.893,77.238
252.932,185.559,87.653,77.914
252.214,185.552,88.420,78.596
251.886,185.881,88.420,78.596
251.557,186.210,88.420,78.596
250.833,186.203,89.194,79.284
250.502,186.534,89.194,79.284
250.170,186.866,89.194,79.284
249.839,187.197,89.194,79.284
249.507,187.529,89.194,79.284
249.176,187.860,89.194,79.284
248.446,187.853,89.974,79.977
248.111,188.187,89.974,79.977
247.777,188.522,89.974,79.977
247.442,188.856,89.974,79.977
247.777,189.191,89.974,79.977
248.111,189.525,89.974,79.977
248.060,189.518,90.762,80.677
248.398,189.855,90.762,80.677
248.735,190.193,90.762,80.677
248.684,190.185,91.556,81.383
249.024,190.526,91.556,81.383
249.364,190.866,91.556,81.383
249.705,191.206,91.556,81.383
250.045,191.547,91.556,81.383
250.385,191.206,91.556,81.383
250.333,190.501,92.357,82.095
251.062,190.517,91.569,81.394
251.011,190.510,92.370,82.106
250.958,190.502,93.178,82.825
251.305,190.849,93.178,82.825
251.651,191.195,93.178,82.825
251.997,191.541,93.178,82.825
251.651,191.195,93.178,82.825
251.305,191.541,93.178,82.825
251.651,191.888,93.178,82.825
251.997,191.541,93.178,82.825
252.344,191.888,93.178,82.825
252.690,191.541,93.178,82.825
253.036,191.195,93.178,82.825
253.772,191.211,92.383,82.118
254.115,190.867,92.383,82.118
254.459,191.211,92.383,82.118
254.802,191.554,92.383,82.118
255.145,191.897,92.383,82.118
255.875,192.583,91.594,81.417
255.534,192.923,91.594,81.417
255.194,193.264,91.594,81.417
255.142,193.256,92.395,82.129
255.485,193.600,92.395,82.129
255.829,193.943,92.395,82.129
256.172,194.287,92.395,82.129
256.516,193.943,92.395,82.129
256.859,193.600,92.395,82.129
257.202,193.943,92.395,82.129
257.546,194.287,92.395,82.129
258.275,194.972,91.607,81.428
258.616,195.313,91.607,81.428
258.956,195.653,91.607,81.428
259.297,195.994,91.607,81.428
259.637,196.334,91.607,81.428
259.978,196.675,91.607,81.428
260.318,197.015,91.607,81.428
260.266,196.310,92.408,82.141
260.610,195.966,92.408,82.141
260.953,195.623,92.408,82.141
261.297,195.279,92.408,82.141
261.640,194.936,92.408,82.141
261.984,195.279,92.408,82.141
262.713,195.965,91.619,81.439
263.054,195.625,91.619,81.439
263.394,195.965,91.619,81.439
263.735,196.306,91.619,81.439
264.458,196.321,90.837,80.744
265.175,196.336,90.062,80.055
265.510,196.002,90.062,80.055
265.844,195.667,90.062,80.055
266.179,195.332,90.062,80.055
266.514,194.997,90.062,80.055
266.463,194.304,90.850,80.755
266.801,194.642,90.850,80.755
267.138,194.979,90.850,80.755
267.476,195.317,90.850,80.755
267.814,195.655,90.850,80.755
268.151,195.992,90.850,80.755
268.489,196.330,90.850,80.755
268.827,195.992,90.850,80.755
269.164,195.655,90.850,80.755
269.502,195.317,90.850,80.755
269.840,195.655,90.850,80.755
270.177,195.992,90.850,80.755
270.515,196.330,90.850,80.755
270.853,196.668,90.850,80.755
271.190,196.330,90.850,80.755
271.528,196.668,90.850,80.755
271.866,197.005,90.850,80.755
272.203,197.343,90.850,80.755
272.541,197.681,90.850,80.755
272.878,197.343,90.850,80.755
273.216,197.005,90.850,80.755
273.554,196.668,90.850,80.755
273.891,196.330,90.850,80.755
274.609,197.004,90.074,80.066
274.943,197.339,90.074,80.066
275.278,197.674,90.074,80.066
275.613,198.008,90.074,80.066
275.948,197.674,90.074,80.066
276.283,197.339,90.074,80.066
276.994,197.354,89.305,79.383
277.326,197.022,89.305,79.383
277.657,196.690,89.305,79.383
277.989,197.022,89.305,79.383
277.939,196.335,90.087,80.077
278.274,196.000,90.087,80.077
278.609,195.665,90.087,80.077
278.274,196.000,90.087,80.077
278.332,196.668,89.318,79.394
278.000,197.000,89.318,79.394
277.668,197.332,89.318,79.394
276.937,196.645,90.099,80.088
276.602,196.979,90.099,80.088
276.267,197.314,90.099,80.088
276.602,197.649,90.099,80.088
276.937,197.984,90.099,80.088
277.271,198.319,90.099,80.088
277.983,198.987,89.330,79.405
278.688,199.002,88.568,78.727
279.017,198.673,88.568,78.727
279.716,199.330,87.812,78.055
279.390,199.657,87.812,78.055
279.716,199.983,87.812,78.055
279.773,200.635,87.062,77.388
279.449,200.958,87.062,77.388
279.773,201.282,87.062,77.388
280.096,201.606,87.062,77.388
280.420,201.282,87.062,77.388
280.096,201.606,87.062,77.388
279.773,201.929,87.062,77.388
279.449,202.253,87.062,77.388
279.773,201.929,87.062,77.388
279.449,201.606,87.062,77.388
279.126,201.282,87.062,77.388
278.802,201.606,87.062,77.388
278.478,201.929,87.062,77.388
278.155,202.253,87.062,77.388
277.831,202.576,87.062,77.388
277.508,202.900,87.062,77.388
277.184,203.223,87.062,77.388
276.860,203.547,87.062,77.388
276.537,203.871,87.062,77.388
276.213,204.194,87.062,77.388
275.890,204.518,87.062,77.388
275.566,204.841,87.062,77.388
275.890,204.518,87.062,77.388
276.213,204.194,87.062,77.388
276.537,203.871,87.062,77.388
277.224,203.885,86.319,76.728
277.280,204.526,85.582,76.073
277.598,204.844,85.582,76.073
277.916,205.162,85.582,76.073
278.591,205.797,84.851,75.423
278.907,206.112,84.851,75.423
279.222,206.428,84.851,75.423
279.538,206.743,84.851,75.423
279.490,206.090,85.594,76.083
279.808,206.408,85.594,76.083
280.483,206.422,84.863,75.434
280.799,206.107,84.863,75.434
280.751,205.454,85.606,76.094
281.069,205.135,85.606,76.094
281.387,204.817,85.606,76.094
282.063,204.832,84.875,75.444
282.378,204.516,84.875,75.444
282.694,204.832,84.875,75.444
282.378,205.147,84.875,75.444
281.684,205.140,85.617,76.104
281.365,205.459,85.617,76.104
281.684,205.777,85.617,76.104
281.635,205.770,86.367,76.770
281.956,205.449,86.367,76.770
282.277,205.128,86.367,76.770
282.598,204.807,86.367,76.770
283.280,204.821,85.629,76.115
283.956,204.836,84.898,75.465
284.626,205.466,84.174,74.821
285.291,206.090,83.455,74.182
285.601,206.401,83.455,74.182
285.911,206.090,83.455,74.182
286.570,206.104,82.743,73.549
286.877,205.797,82.743,73.549
287.185,205.489,82.743,73.549
287.493,205.182,82.743,73.549
288.146,205.196,82.036,72.921
288.099,204.564,82.754,73.559
288.053,203.927,83.478,74.203
288.363,203.617,83.478,74.203
289.022,203.631,82.766,73.569
289.675,204.245,82.059,72.941
289.370,204.550,82.059,72.941
289.065,204.855,82.059,72.941
289.370,204.550,82.059,72.941
289.065,204.855,82.059,72.941
289.118,204.869,81.359,72.319
289.760,204.882,80.664,71.701
290.397,204.896,79.975,71.089
290.100,205.193,79.975,71.089
289.803,205.490,79.975,71.089
290.100,205.193,79.975,71.089
290.397,204.896,79.975,71.089
291.028,204.909,79.293,70.482
291.323,204.615,79.293,70.482
291.028,204.909,79.293,70.482
290.379,204.903,79.987,71.099
290.082,205.200,79.987,71.099
290.379,204.903,79.987,71.099
290.677,204.606,79.987,71.099
290.974,204.309,79.987,71.099
290.677,204.606,79.987,71.099
290.974,204.309,79.987,71.099
291.025,204.322,79.304,70.492
291.651,204.335,78.627,69.890
292.272,204.348,77.956,69.294
292.562,204.059,77.956,69.294
292.852,203.769,77.956,69.294
292.902,204.347,77.290,68.702
292.951,204.921,76.630,68.116
293.236,205.206,76.630,68.116
293.521,204.921,76.630,68.116
293.806,204.636,76.630,68.116
293.521,204.351,76.630,68.116
293.236,204.067,76.630,68.116
293.285,204.079,75.976,67.534
293.334,204.092,75.328,66.958
293.614,203.812,75.328,66.958
293.894,203.532,75.328,66.958
294.174,203.252,75.328,66.958
293.894,203.532,75.328,66.958
293.614,203.812,75.328,66.958
293.334,204.092,75.328,66.958
293.054,204.372,75.328,66.958
292.774,204.652,75.328,66.958
292.823,205.211,74.684,66.386
292.545,205.489,74.684,66.386
292.267,205.766,74.684,66.386
292.225,205.191,75.338,66.967
292.183,204.611,75.997,67.553
292.465,204.329,75.997,67.553
292.747,204.046,75.997,67.553
293.030,203.764,75.997,67.553
293.312,203.481,75.997,67.553
293.595,203.199,75.997,67.553
294.195,203.212,75.348,66.976
293.915,202.932,75.348,66.976
293.963,202.944,74.705,66.405
294.011,203.499,74.067,65.838
293.736,203.774,74.067,65.838
293.694,203.204,74.716,66.414
293.972,202.926,74.716,66.414
294.020,203.480,74.078,65.847
293.744,203.756,74.078,65.847
293.792,204.305,73.445,65.285
294.372,204.318,72.818,64.727
294.947,204.330,72.197,64.175
295.516,204.342,71.580,63.627
295.782,204.076,71.580,63.627
295.197,204.070,72.207,64.184
294.606,204.065,72.839,64.745
294.335,204.335,72.839,64.745
294.064,204.606,72.839,64.745
293.794,204.877,72.839,64.745
293.523,205.148,72.839,64.745
292.927,205.142,73.476,65.312
292.654,205.415,73.476,65.312
292.052,205.409,74.119,65.883
292.100,205.959,73.486,65.321
292.680,205.971,72.859,64.763
292.951,205.701,72.859,64.763
293.221,205.430,72.859,64.763
292.625,205.424,73.496,65.330
292.024,205.418,74.139,65.902
291.748,205.694,74.139,65.902
291.141,205.688,74.788,66.478
291.419,205.410,74.788,66.478
291.141,205.688,74.788,66.478
291.419,205.410,74.788,66.478
290.807,205.404,75.443,67.060
291.088,205.124,75.443,67.060
290.470,205.118,76.103,67.647
290.753,204.835,76.103,67.647
291.354,204.847,75.453,67.069
291.949,204.860,74.809,66.497
291.907,204.284,75.463,67.079
291.289,204.278,76.124,67.666
290.666,204.272,76.790,68.258
290.381,204.558,76.790,68.258
290.096,204.843,76.790,68.258
289.810,204.558,76.790,68.258
289.525,204.843,76.790,68.258
289.239,205.128,76.790,68.258
288.954,205.414,76.790,68.258
288.669,205.699,76.790,68.258
288.383,205.985,76.790,68.258
288.989,205.998,76.134,67.675
289.590,206.010,75.484,67.097
289.310,205.730,75.484,67.097
289.029,205.449,75.484,67.097
289.078,206.009,74.840,66.524
288.800,206.288,74.840,66.524
288.848,206.843,74.201,65.957
288.895,207.393,73.568,65.394
288.622,207.667,73.568,65.394
288.348,207.940,73.568,65.394
288.075,208.214,73.568,65.394
287.802,208.487,73.568,65.394
287.528,208.761,73.568,65.394
287.575,209.306,72.940,64.835
287.622,209.848,72.317,64.282
287.669,210.384,71.700,63.733
287.715,210.396,71.088,63.189
287.133,209.849,71.710,63.742
286.546,209.843,72.337,64.300
286.277,210.112,72.337,64.300
285.685,210.106,72.970,64.862
285.414,210.378,72.970,64.862
285.143,210.649,72.970,64.862
284.545,210.643,73.609,65.430
283.943,210.637,74.253,66.002
283.667,210.913,74.253,66.002
283.391,210.637,74.253,66.002
283.439,210.650,73.619,65.439
283.486,210.662,72.990,64.880
283.533,210.674,72.367,64.326
283.264,210.405,72.367,64.326
283.533,210.136,72.367,64.326
282.941,209.579,73.000,64.889
282.669,209.308,73.000,64.889
282.941,209.037,73.000,64.889
282.669,208.765,73.000,64.889
282.398,209.037,73.000,64.889
282.974,209.049,72.377,64.335
282.382,209.043,73.011,64.898
282.341,208.481,73.649,65.466
281.738,208.475,74.294,66.039
281.130,208.469,74.944,66.617
280.516,207.892,75.600,67.200
280.797,207.611,75.600,67.200
281.394,207.624,74.954,66.626
281.352,207.047,75.610,67.209
281.949,207.060,74.965,66.635
281.670,206.781,74.965,66.635
281.391,207.060,74.965,66.635
281.113,207.338,74.965,66.635
280.834,207.617,74.965,66.635
280.556,207.338,74.965,66.635
280.604,207.895,74.325,66.066
280.327,208.171,74.325,66.066
280.051,207.895,74.325,66.066
279.775,208.171,74.325,66.066
280.051,207.895,74.325,66.066
280.327,207.618,74.325,66.066
280.285,207.046,74.975,66.645
280.243,206.469,75.631,67.228
279.962,206.750,75.631,67.228
279.919,206.744,76.293,67.816
279.876,206.157,76.960,68.409
279.833,205.564,77.634,69.008
279.789,204.967,78.313,69.612
279.744,204.364,78.998,70.221
279.700,203.756,79.690,70.835
279.655,203.749,80.387,71.455
279.609,203.743,81.090,72.080
279.563,203.736,81.800,72.711
279.517,203.107,82.516,73.347
279.824,202.800,82.516,73.347
279.777,202.165,83.238,73.989
279.730,201.524,83.966,74.636
280.042,201.836,83.966,74.636
280.354,202.148,83.966,74.636
280.307,202.142,84.701,75.289
280.622,201.827,84.701,75.289
280.936,201.512,84.701,75.289
281.251,201.827,84.701,75.289
281.566,202.142,84.701,75.289
281.518,202.135,85.442,75.948
282.193,202.149,84.712,75.300
282.507,202.464,84.712,75.300
282.822,202.149,84.712,75.300
283.137,202.464,84.712,75.300
283.452,202.149,84.712,75.300
283.767,201.834,84.712,75.300
284.082,202.149,84.712,75.300
284.397,202.464,84.712,75.300
284.711,202.779,84.712,75.300
285.026,203.094,84.712,75.300
285.341,203.409,84.712,75.300
285.656,203.723,84.712,75.300
285.971,204.038,84.712,75.300
286.640,204.667,83.989,74.657
286.952,204.979,83.989,74.657
287.615,205.602,83.272,74.020
287.924,205.912,83.272,74.020
288.234,205.602,83.272,74.020
288.543,205.912,83.272,74.020
288.853,206.221,83.272,74.020
289.162,206.531,83.272,74.020
289.472,206.840,83.272,74.020
289.781,207.150,83.272,74.020
290.091,207.459,83.272,74.020
290.400,207.769,83.272,74.020
290.710,208.078,83.272,74.020
291.019,208.388,83.272,74.020
291.329,208.697,83.272,74.020
291.638,209.007,83.272,74.020
292.296,209.625,82.561,73.388
292.249,209.618,83.284,74.030
292.558,209.928,83.284,74.030
292.868,210.237,83.284,74.030
293.177,210.547,83.284,74.030
293.835,211.165,82.573,73.398
294.142,211.471,82.573,73.398
294.794,212.084,81.868,72.772
295.440,212.692,81.169,72.150
296.081,213.294,80.476,71.534
296.716,213.891,79.789,70.924
297.346,214.483,79.108,70.318
297.640,214.777,79.108,70.318
298.264,215.364,78.433,69.718
298.884,215.946,77.763,69.123
299.498,216.523,77.099,68.533
299.784,216.810,77.099,68.533
300.393,217.382,76.441,67.948
300.677,217.666,76.441,67.948
300.961,217.950,76.441,67.948
301.564,218.517,75.789,67.368
302.163,219.079,75.142,66.793
302.442,219.359,75.142,66.793
302.721,219.638,75.142,66.793
302.679,219.632,75.799,67.377
302.961,219.914,75.799,67.377
303.559,220.476,75.152,66.802
303.516,220.470,75.810,67.386
303.474,220.464,76.473,67.976
304.077,221.032,75.820,67.396
304.359,221.313,75.820,67.396
304.958,221.876,75.173,66.820
305.237,222.155,75.173,66.820
305.830,222.713,74.531,66.250
306.107,222.990,74.531,66.250
306.384,223.267,74.531,66.250
306.973,223.820,73.895,65.684
307.247,224.095,73.895,65.684
307.522,224.370,73.895,65.684
307.480,224.364,74.542,66.259
307.757,224.641,74.542,66.259
308.034,224.918,74.542,66.259
308.623,225.471,73.905,65.694
308.581,225.465,74.552,66.268
308.858,225.742,74.552,66.268
309.135,226.019,74.552,66.268
309.412,226.296,74.552,66.268
309.689,226.573,74.552,66.268
310.278,227.127,73.916,65.703
310.553,227.401,73.916,65.703
311.136,227.950,73.285,65.142
311.715,228.494,72.659,64.586
312.288,229.033,72.039,64.034
312.857,229.567,71.424,63.488
313.421,230.097,70.814,62.946
313.980,230.623,70.209,62.408
314.534,231.144,69.610,61.876
314.793,231.402,69.610,61.876
315.052,231.661,69.610,61.876
315.310,231.920,69.610,61.876
315.569,232.178,69.610,61.876
316.119,232.695,69.016,61.347
316.663,233.207,68.427,60.824
316.918,233.461,68.427,60.824
317.172,233.716,68.427,60.824
317.133,233.710,69.025,61.356
317.390,233.967,69.025,61.356
317.351,233.961,69.629,61.893
317.901,234.478,69.035,61.364
318.157,234.735,69.035,61.364
318.414,234.991,69.035,61.364
318.959,235.503,68.446,60.841
319.213,235.758,68.446,60.841
319.467,236.012,68.446,60.841
319.722,236.267,68.446,60.841
320.262,236.774,67.861,60.321
320.514,237.027,67.861,60.321
320.767,237.279,67.861,60.321
321.019,237.531,67.861,60.321
321.271,237.783,67.861,60.321
321.233,237.778,68.455,60.849
321.773,238.286,67.871,60.330
321.817,238.790,67.291,59.815
322.348,239.289,66.717,59.304
322.596,239.537,66.717,59.304
322.844,239.785,66.717,59.304
323.092,240.033,66.717,59.304
323.340,240.281,66.717,59.304
323.588,240.529,66.717,59.304
323.836,240.777,66.717,59.304
324.084,241.025,66.717,59.304
324.332,241.273,66.717,59.304
324.858,241.768,66.147,58.798
324.821,241.762,66.726,59.312
325.348,242.257,66.157,58.806
325.310,242.252,66.736,59.320
325.273,242.247,67.319,59.840
325.523,242.497,67.319,59.840
325.773,242.747,67.319,59.840
326.023,242.998,67.319,59.840
326.555,243.497,66.745,59.329
326.803,243.745,66.745,59.329
327.051,243.993,66.745,59.329
327.299,244.241,66.745,59.329
327.547,244.489,66.745,59.329
327.509,244.484,67.329,59.848
327.759,244.734,67.329,59.848
327.721,244.729,67.918,60.371
327.974,244.981,67.918,60.371
328.226,245.234,67.918,60.371
328.479,245.486,67.918,60.371
328.731,245.739,67.918,60.371
328.693,245.733,68.512,60.900
328.654,245.728,69.112,61.433
328.911,245.985,69.112,61.433
329.168,246.242,69.112,61.433
329.713,246.754,68.522,60.908
329.674,246.749,69.121,61.441
330.220,247.262,68.531,60.917
330.761,247.770,67.946,60.397
331.297,248.274,67.366,59.881
331.548,248.525,67.366,59.881
331.510,248.520,67.956,60.405
331.471,248.514,68.550,60.934
331.433,248.509,69.150,61.467
331.690,248.766,69.150,61.467
331.947,249.023,69.150,61.467
332.204,249.280,69.150,61.467
332.165,249.274,69.755,62.005
332.125,249.269,70.365,62.547
332.085,249.263,70.981,63.094
332.349,249.527,70.981,63.094
332.309,249.521,71.602,63.646
332.575,249.787,71.602,63.646
332.841,250.054,71.602,63.646
332.801,250.048,72.229,64.203
332.760,250.042,72.861,64.765
333.031,250.313,72.861,64.765
333.606,250.854,72.239,64.212
334.176,251.390,71.622,63.664
334.136,251.384,72.249,64.221
334.095,251.378,72.881,64.783
334.054,251.372,73.519,65.350
334.012,251.367,74.162,65.922
333.970,251.361,74.811,66.499
334.561,251.916,74.172,65.931
334.519,251.910,74.821,66.508
334.476,251.904,75.476,67.090
334.757,252.185,75.476,67.090
334.714,252.179,76.136,67.677
334.671,252.172,76.803,68.269
334.957,252.458,76.803,68.269
335.242,252.743,76.803,68.269
335.528,253.029,76.803,68.269
335.484,253.023,77.475,68.866
335.440,253.017,78.152,69.469
335.396,253.010,78.836,70.077
335.352,253.004,79.526,70.690
335.307,252.998,80.222,71.308
335.940,253.593,79.537,70.700
336.236,253.889,79.537,70.700
336.863,254.479,78.858,70.096
336.819,254.473,79.548,70.710
337.447,255.063,78.869,70.106
337.402,255.057,79.559,70.719
337.357,255.050,80.255,71.338
337.991,255.646,79.570,70.729
338.287,255.942,79.570,70.729
338.915,256.532,78.891,70.125
339.208,256.825,78.891,70.125
339.501,257.118,78.891,70.125
339.457,257.112,79.581,70.739
339.412,257.106,80.278,71.358
339.366,257.099,80.980,71.982
339.667,257.400,80.980,71.982
339.968,257.701,80.980,71.982
340.607,258.302,80.289,71.368
340.562,258.296,80.991,71.992
340.863,258.597,80.991,71.992
341.502,259.198,80.300,71.378
342.136,259.794,79.614,70.768
342.432,260.090,79.614,70.768
342.728,260.386,79.614,70.768
343.024,260.681,79.614,70.768
343.320,260.977,79.614,70.768
343.275,260.971,80.311,71.388
343.229,260.965,81.014,72.012
343.184,260.958,81.723,72.642
343.137,260.952,82.438,73.278
343.444,261.258,82.438,73.278
343.397,261.252,83.159,73.919
343.350,261.245,83.887,74.566
343.303,261.238,84.621,75.218
343.255,261.232,85.361,75.877
343.929,261.865,84.632,75.229
344.243,262.180,84.632,75.229
344.558,262.494,84.632,75.229
344.872,262.809,84.632,75.229
345.187,263.123,84.632,75.229
345.139,263.117,85.373,75.887
345.091,263.110,86.120,76.551
345.042,263.103,86.874,77.221
345.365,263.426,86.874,77.221
345.688,263.749,86.874,77.221
345.639,263.742,87.634,77.897
345.589,263.735,88.400,78.578
345.539,263.728,89.174,79.266
345.871,264.059,89.174,79.266
346.202,264.391,89.174,79.266
346.534,264.722,89.174,79.266
346.483,264.715,89.954,79.959
346.432,264.708,90.741,80.659
346.770,265.045,90.741,80.659
347.486,265.719,89.967,79.970
347.435,265.711,90.754,80.670
348.152,266.385,89.979,79.982
348.101,266.378,90.767,80.681
348.049,266.370,91.561,81.387
347.998,266.363,92.362,82.099
347.945,266.356,93.170,82.818
347.893,266.348,93.985,83.543
348.242,266.698,93.985,83.543
348.591,267.047,93.985,83.543
348.941,267.396,93.985,83.543
349.290,267.746,93.985,83.543
349.639,268.095,93.985,83.543
349.586,268.088,94.808,84.274
349.938,268.440,94.808,84.274
350.291,268.792,94.808,84.274
351.039,269.496,93.998,83.554
351.389,269.845,93.998,83.554
351.335,269.838,94.821,84.285
351.282,269.830,95.651,85.023
351.637,270.186,95.651,85.023
352.392,270.895,94.834,84.297
353.141,271.599,94.024,83.577
353.491,271.949,94.024,83.577
353.840,272.298,94.024,83.577
353.787,272.291,94.847,84.309
354.139,272.643,94.847,84.309
354.492,272.996,94.847,84.309
354.438,272.988,95.677,85.046
355.194,273.698,94.860,84.320
355.942,274.402,94.051,83.600
355.889,274.394,94.873,84.332
355.836,274.387,95.704,85.070
356.191,274.743,95.704,85.070
356.947,275.453,94.887,84.344
357.696,276.157,94.077,83.624
358.046,276.506,94.077,83.624
358.395,276.856,94.077,83.624
358.745,277.206,94.077,83.624
359.094,277.555,94.077,83.624
359.444,277.905,94.077,83.624
359.794,278.255,94.077,83.624
360.143,278.604,94.077,83.624
360.493,278.954,94.077,83.624
360.440,278.947,94.900,84.355
360.386,278.939,95.730,85.093
360.332,278.931,96.568,85.838
360.691,279.290,96.568,85.838
361.050,279.649,96.568,85.838
360.995,279.642,97.413,86.589
361.357,280.004,97.413,86.589
361.302,279.996,98.265,87.347
361.247,279.988,99.125,88.111
361.615,280.357,99.125,88.111
361.984,280.725,99.125,88.111
361.928,280.717,99.992,88.882
362.299,281.089,99.992,88.882
362.243,281.081,100.867,89.660
362.186,281.073,101.750,90.444
362.128,281.065,102.640,91.236
362.510,281.446,102.640,91.236
362.891,281.828,102.640,91.236
363.273,282.209,102.640,91.236
363.215,282.201,103.538,92.034
363.156,282.193,104.444,92.839
363.544,282.581,104.444,92.839
363.932,282.969,104.444,92.839
363.873,282.961,105.358,93.652
363.814,282.953,106.280,94.471
364.209,283.348,106.280,94.471
364.149,283.339,107.210,95.298
364.088,283.331,108.148,96.132
364.027,283.322,109.094,96.973
363.965,283.313,110.049,97.821
363.903,283.305,111.012,98.677
363.840,283.296,111.983,99.541
364.724,284.127,111.027,98.691
364.661,284.118,111.999,99.554
364.598,284.109,112.979,100.425
364.534,284.100,113.967,101.304
364.958,284.524,113.967,101.304
364.893,284.515,114.964,102.191
365.801,285.368,113.983,101.318
366.225,285.791,113.983,101.318
366.160,285.782,114.980,102.205
366.095,285.773,115.986,103.099
366.030,285.764,117.001,104.001
366.953,286.632,116.003,103.113
367.384,287.063,116.003,103.113
367.815,287.494,116.003,103.113
368.247,287.926,116.003,103.113
368.181,287.916,117.018,104.016
368.616,288.351,117.018,104.016
369.051,288.786,117.018,104.016
369.486,289.221,117.018,104.016
369.921,289.656,117.018,104.016
370.356,290.091,117.018,104.016
370.289,290.082,118.041,104.926
370.728,290.520,118.041,104.926
370.661,290.511,119.074,105.844
371.104,290.954,119.074,105.844
371.547,291.396,119.074,105.844
371.479,291.387,120.116,106.770
371.926,291.833,120.116,106.770
371.858,291.824,121.167,107.704
372.308,292.274,121.167,107.704
372.240,292.264,122.227,108.647
372.170,292.255,123.297,109.597
372.101,292.245,124.376,110.556
372.563,292.707,124.376,110.556
373.025,293.169,124.376,110.556
372.955,293.160,125.464,111.524
373.421,293.626,125.464,111.524
373.350,293.616,126.562,112.499
373.821,294.086,126.562,112.499
373.749,294.076,127.669,113.484
374.224,294.551,127.669,113.484
374.151,294.541,128.786,114.477
374.630,295.019,128.786,114.477
375.109,295.498,128.786,114.477
375.036,295.488,129.913,115.479
375.519,295.971,129.913,115.479
375.445,295.960,131.050,116.489
375.932,296.447,131.050,116.489
375.858,296.437,132.197,117.508
376.350,296.928,132.197,117.508
376.275,296.918,133.353,118.536
376.771,297.414,133.353,118.536
377.266,297.909,133.353,118.536
377.191,297.899,134.520,119.574
377.115,297.888,135.697,120.620
377.619,298.392,135.697,120.620
377.542,298.381,136.885,121.675
378.051,298.890,136.885,121.675
377.974,298.879,138.082,122.740
378.487,299.393,138.082,122.740
379.000,299.906,138.082,122.740
378.922,299.895,139.291,123.814
379.440,300.413,139.291,123.814
379.361,300.402,140.509,124.897
379.282,300.390,141.739,125.990
379.808,300.917,141.739,125.990
379.728,300.906,142.979,127.093
380.260,301.437,142.979,127.093
380.791,301.969,142.979,127.093
381.322,302.500,142.979,127.093
381.854,303.032,142.979,127.093
382.385,303.563,142.979,127.093
382.477,304.624,141.759,126.008
382.397,304.613,142.999,127.110
382.316,304.601,144.250,128.222
382.852,305.137,144.250,128.222
382.771,305.126,145.512,129.344
383.311,305.667,145.512,129.344
383.229,305.655,146.786,130.476
383.323,306.744,145.533,129.362
383.241,306.733,146.806,130.494
383.335,307.822,145.553,129.380
383.253,307.811,146.826,130.512
383.170,307.799,148.111,131.654
383.086,307.787,149.407,132.806
383.642,308.343,149.407,132.806
383.557,308.331,150.714,133.968
384.117,308.891,150.714,133.968
384.678,309.451,150.714,133.968
385.238,310.011,150.714,133.968
385.798,310.571,150.714,133.968
385.713,310.559,152.033,135.141
385.810,311.688,150.735,133.987
385.907,312.806,149.449,132.843
386.463,313.361,149.449,132.843
386.378,313.350,150.756,134.006
386.938,313.910,150.756,134.006
386.853,313.898,152.075,135.178
388.054,313.923,150.777,134.024
387.968,313.912,152.096,135.197
387.882,313.899,153.427,136.380
388.453,314.470,153.427,136.380
387.882,315.040,153.427,136.380
387.796,315.028,154.770,137.573
388.371,315.603,154.770,137.573
388.470,316.751,153.449,136.399
387.900,317.322,153.449,136.399
387.999,318.460,152.139,135.234
387.433,319.026,152.139,135.234
388.634,319.051,150.840,134.080
388.074,319.612,150.840,134.080
387.513,320.173,150.840,134.080
386.952,320.733,150.840,134.080
386.392,321.294,150.840,134.080
386.952,320.733,150.840,134.080
387.049,321.852,149.552,132.935
388.230,321.878,148.276,131.800
388.146,320.736,149.573,132.954
388.061,319.585,150.882,134.117
387.976,318.423,152.202,135.291
387.410,318.989,152.202,135.291
388.612,319.014,150.903,134.136
388.051,319.575,150.903,134.136
387.490,320.136,150.903,134.136
388.681,320.161,149.614,132.991
388.125,320.717,149.614,132.991
387.569,321.273,149.614,132.991
387.013,321.830,149.614,132.991
387.109,321.855,148.337,131.855
386.558,322.406,148.337,131.855
386.007,322.957,148.337,131.855
385.923,321.815,149.635,133.009
385.838,320.663,150.945,134.173
385.753,319.501,152.265,135.347
386.319,318.935,152.265,135.347
386.233,318.923,153.598,136.531
386.804,318.352,153.598,136.531
386.717,318.340,154.942,137.726
386.629,318.328,156.297,138.931
387.210,317.747,156.297,138.931
387.791,317.166,156.297,138.931
388.372,317.747,156.297,138.931
388.283,317.735,157.665,140.147
388.869,318.321,157.665,140.147
388.780,318.308,159.045,141.373
389.371,317.717,159.045,141.373
389.963,318.308,159.045,141.373
389.371,318.899,159.045,141.373
389.963,318.308,159.045,141.373
389.873,318.296,160.436,142.610
389.976,319.486,159.067,141.393
390.078,320.666,157.709,140.185
390.179,321.837,156.362,138.989
390.091,320.633,157.731,140.205
390.677,320.047,157.731,140.205
390.588,320.034,159.111,141.432
390.690,321.215,157.752,140.224
390.791,322.385,156.406,139.027
390.210,322.967,156.406,139.027
390.310,324.127,155.071,137.841
389.734,324.703,155.071,137.841
390.310,324.127,155.071,137.841
389.734,324.703,155.071,137.841
389.158,325.280,155.071,137.841
390.382,325.306,153.747,136.664
389.810,325.877,153.747,136.664
389.239,326.449,153.747,136.664
389.338,326.474,152.434,135.497
389.252,325.301,153.768,136.683
388.680,325.872,153.768,136.683
388.109,326.444,153.768,136.683
388.207,326.470,152.456,135.516
387.641,327.036,152.456,135.516
388.207,326.470,152.456,135.516
387.641,327.036,152.456,135.516
387.074,327.603,152.456,135.516
387.172,327.629,151.154,134.359
387.087,326.465,152.477,135.535
387.000,325.291,153.811,136.721
387.572,324.720,153.811,136.721
387.485,323.535,155.157,137.917
387.585,324.687,153.832,136.740
387.498,323.502,155.178,137.936
388.074,322.926,155.178,137.936
388.174,324.077,153.853,136.759
388.087,322.893,155.200,137.955
388.664,322.316,155.200,137.955
388.764,323.467,153.875,136.778
388.192,324.039,153.875,136.778
387.620,324.611,153.875,136.778
387.719,325.753,152.561,135.610
387.152,326.320,152.561,135.610
387.250,326.346,151.259,134.452
387.164,325.181,152.582,135.629
387.731,324.614,152.582,135.629
387.645,323.439,153.918,136.816
388.217,322.867,153.918,136.816
388.316,324.009,152.604,135.648
389.521,324.035,151.301,134.490
388.958,324.597,151.301,134.490
389.055,324.623,150.009,133.342
390.240,324.648,148.729,132.203
389.022,324.636,150.030,133.360
388.465,325.194,150.030,133.360
388.380,324.039,151.343,134.527
387.817,324.601,151.343,134.527
387.255,325.164,151.343,134.527
386.692,325.726,151.343,134.527
387.255,325.164,151.343,134.527
387.169,323.999,152.667,135.704
387.083,322.823,154.003,136.892
387.182,322.849,152.688,135.723
387.749,322.282,152.688,135.723
387.847,323.415,151.385,134.564
387.945,324.538,150.093,133.416
388.041,324.563,148.811,132.277
387.957,323.418,150.113,133.434
387.399,323.976,150.113,133.434
386.841,324.533,150.113,133.434
386.283,325.091,150.113,133.434
386.841,324.533,150.113,133.434
386.283,325.091,150.113,133.434
386.841,324.533,150.113,133.434
386.283,325.091,150.113,133.434
386.198,323.936,151.427,134.602
386.761,323.373,151.427,134.602
387.324,322.810,151.427,134.602
387.421,323.934,150.134,133.453
387.979,323.376,150.134,133.453
387.421,323.934,150.134,133.453
386.863,324.492,150.134,133.453
386.305,325.050,150.134,133.453
386.863,324.492,150.134,133.453
386.305,323.934,150.134,133.453
386.863,323.376,150.134,133.453
386.305,323.934,150.134,133.453
385.747,324.492,150.134,133.453
386.305,323.934,150.134,133.453
386.402,325.048,148.853,132.313
385.848,324.495,148.853,132.313
385.295,325.048,148.853,132.313
385.848,324.495,148.853,132.313
385.764,323.349,150.155,133.471
386.322,322.791,150.155,133.471
386.419,322.816,148.873,132.332
385.865,323.369,148.873,132.332
385.961,323.394,147.602,131.202
386.056,323.419,146.342,130.082
385.512,323.963,146.342,130.082
384.968,324.507,146.342,130.082
385.512,323.963,146.342,130.082
386.056,323.419,146.342,130.082
385.512,323.963,146.342,130.082
386.056,323.419,146.342,130.082
385.512,323.963,146.342,130.082
384.968,323.419,146.342,130.082
385.512,322.875,146.342,130.082
385.429,321.748,147.623,131.220
384.881,322.297,147.623,131.220
385.429,321.748,147.623,131.220
384.881,322.297,147.623,131.220
385.429,321.748,147.623,131.220
384.881,321.200,147.623,131.220
385.429,320.651,147.623,131.220
384.881,321.200,147.623,131.220
384.975,321.224,146.363,130.100
385.069,321.249,145.113,128.989
384.530,321.788,145.113,128.989
383.991,322.328,145.113,128.989
384.530,321.788,145.113,128.989
384.623,322.865,143.874,127.888
384.088,322.330,143.874,127.888
383.554,322.865,143.874,127.888
383.019,322.330,143.874,127.888
383.554,321.796,143.874,127.888
384.088,321.261,143.874,127.888
383.554,320.726,143.874,127.888
384.088,320.191,143.874,127.888
384.007,319.084,145.133,129.007
384.547,318.544,145.133,129.007
385.086,318.005,145.133,129.007
384.547,318.544,145.133,129.007
384.007,319.084,145.133,129.007
383.468,318.544,145.133,129.007
384.007,318.005,145.133,129.007
384.547,317.466,145.133,129.007
385.692,317.490,143.894,127.906
385.611,316.382,145.153,129.025
385.071,316.922,145.153,129.025
384.532,317.461,145.153,129.025
384.625,317.486,143.914,127.924
384.090,318.020,143.914,127.924
383.555,318.555,143.914,127.924
384.090,318.020,143.914,127.924
384.009,316.913,145.174,129.043
383.927,315.795,146.444,130.172
384.021,315.820,145.194,129.061
384.114,315.844,143.954,127.959
383.579,316.379,143.954,127.959
384.114,315.844,143.954,127.959
383.579,316.379,143.954,127.959
384.114,315.844,143.954,127.959
383.579,316.379,143.954,127.959
384.114,315.844,143.954,127.959
383.579,316.379,143.954,127.959
383.044,316.914,143.954,127.959
383.579,316.379,143.954,127.959
384.114,315.844,143.954,127.959
383.579,316.379,143.954,127.959
383.044,316.914,143.954,127.959
382.963,315.806,145.214,129.079
384.109,315.830,143.974,127.977
383.574,316.365,143.974,127.977
384.109,315.830,143.974,127.977
383.574,316.365,143.974,127.977
384.109,315.830,143.974,127.977
383.574,316.365,143.974,127.977
383.666,316.389,142.745,126.885
383.758,317.449,141.527,125.801
383.232,317.975,141.527,125.801
382.706,318.501,141.527,125.801
382.180,319.027,141.527,125.801
382.706,318.501,141.527,125.801
382.180,319.027,141.527,125.801
382.706,318.501,141.527,125.801
382.626,317.411,142.765,126.902
383.157,316.881,142.765,126.902
382.626,317.411,142.765,126.902
383.157,316.881,142.765,126.902
383.076,315.781,144.014,128.013
383.611,315.246,144.014,128.013
383.704,316.315,142.785,126.920
383.173,316.845,142.785,126.920
383.704,316.315,142.785,126.920
383.173,316.845,142.785,126.920
383.092,315.746,144.034,128.030
383.628,315.211,144.034,128.030
383.720,316.280,142.805,126.937
383.189,316.810,142.805,126.937
383.109,315.711,144.054,128.048
383.644,315.176,144.054,128.048
384.179,314.640,144.054,128.048
385.317,314.664,142.824,126.955
385.236,313.565,144.074,128.066
385.154,312.456,145.335,129.186
384.614,312.996,145.335,129.186
384.074,313.536,145.335,129.186
384.614,312.996,145.335,129.186
384.074,313.536,145.335,129.186
383.992,313.525,146.606,130.317
384.537,312.980,146.606,130.317
385.082,312.435,146.606,130.317
384.999,312.423,147.889,131.457
385.548,312.973,147.889,131.457
384.999,313.522,147.889,131.457
385.548,314.072,147.889,131.457
385.643,315.169,146.627,130.335
385.098,315.714,146.627,130.335
384.554,315.169,146.627,130.335
385.098,314.625,146.627,130.335
384.554,315.169,146.627,130.335
385.098,314.625,146.627,130.335
385.193,315.712,145.375,129.222
385.286,315.737,144.134,128.119
384.750,316.273,144.134,128.119
384.215,316.808,144.134,128.119
383.679,316.273,144.134,128.119
383.143,315.737,144.134,128.119
383.679,315.201,144.134,128.119
383.143,315.737,144.134,128.119
383.236,315.761,142.904,127.025
383.767,315.230,142.904,127.025
383.236,315.761,142.904,127.025
383.767,315.230,142.904,127.025
383.236,314.699,142.904,127.025
382.705,315.230,142.904,127.025
383.236,314.699,142.904,127.025
383.328,314.723,141.684,125.941
382.801,315.249,141.684,125.941
382.892,316.301,140.474,124.866
382.370,316.823,140.474,124.866
382.460,316.846,139.275,123.800
381.942,317.364,139.275,123.800
382.032,317.388,138.086,122.743
381.519,316.874,138.086,122.743
381.441,315.811,139.294,123.817
380.923,315.294,139.294,123.817
380.405,314.776,139.294,123.817
380.923,314.258,139.294,123.817
380.405,313.740,139.294,123.817
380.923,313.223,139.294,123.817
381.441,312.705,139.294,123.817
380.923,312.187,139.294,123.817
380.844,311.115,140.513,124.901
380.934,311.139,139.314,123.834
380.856,310.066,140.533,124.918
381.378,309.544,140.533,124.918
381.298,309.533,141.762,126.011
381.825,309.006,141.762,126.011
381.298,309.533,141.762,126.011
380.772,310.059,141.762,126.011
381.298,310.586,141.762,126.011
381.825,310.059,141.762,126.011
382.352,309.533,141.762,126.011
382.879,309.006,141.762,126.011
382.799,308.994,143.003,127.114
382.267,309.526,143.003,127.114
382.799,310.057,143.003,127.114
382.267,310.589,143.003,127.114
382.187,310.578,144.254,128.226
382.723,310.041,144.254,128.226
383.259,309.505,144.254,128.226
382.723,308.969,144.254,128.226
382.815,308.993,143.023,127.131
382.284,309.525,143.023,127.131
382.376,310.586,141.802,126.046
382.903,311.113,141.802,126.046
382.994,311.137,140.591,124.970
383.084,312.180,139.391,123.903
383.005,312.169,140.611,124.987
382.483,311.647,140.611,124.987
382.403,311.635,141.841,126.081
382.323,311.624,143.082,127.184
382.242,311.613,144.334,128.297
382.779,311.076,144.334,128.297
383.315,310.540,144.334,128.297
383.408,310.564,143.102,127.202
383.500,311.626,141.880,126.116
383.419,311.615,143.122,127.219
382.887,311.083,143.122,127.219
382.356,311.615,143.122,127.219
382.887,311.083,143.122,127.219
382.356,310.551,143.122,127.219
382.447,311.613,141.900,126.133
382.539,312.666,140.689,125.057
383.061,312.143,140.689,125.057
383.152,312.167,139.488,123.989
384.253,312.190,138.297,122.931
384.342,313.216,137.116,121.881
385.424,313.239,135.946,120.841
384.919,313.744,135.946,120.841
384.414,314.250,135.946,120.841
384.501,314.273,134.785,119.809
384.588,315.273,133.635,118.786
384.673,315.295,132.494,117.772
384.181,315.788,132.494,117.772
383.689,316.280,132.494,117.772
384.181,315.788,132.494,117.772
384.673,315.295,132.494,117.772
384.181,315.788,132.494,117.772
383.689,316.280,132.494,117.772
383.196,316.772,132.494,117.772
382.704,317.265,132.494,117.772
382.211,317.757,132.494,117.772
381.719,317.265,132.494,117.772
381.226,317.757,132.494,117.772
380.734,318.250,132.494,117.772
380.241,317.757,132.494,117.772
380.734,317.265,132.494,117.772
380.659,316.245,133.653,118.803
380.583,315.216,134.823,119.842
380.670,316.216,133.672,118.819
380.756,317.208,132.531,117.805
380.841,317.230,131.399,116.799
380.353,317.719,131.399,116.799
379.864,318.207,131.399,116.799
379.949,318.229,130.278,115.802
379.464,317.745,130.278,115.802
379.548,317.767,129.166,114.814
379.068,317.287,129.166,114.814
379.151,317.309,128.063,113.834
378.675,316.833,128.063,113.834
378.603,315.847,129.184,114.830
378.530,314.852,130.314,115.835
378.045,315.337,130.314,115.835
377.561,315.821,130.314,115.835
377.645,315.843,129.201,114.846
377.164,316.323,129.201,114.846
377.645,315.843,129.201,114.846
378.125,315.363,129.201,114.846
377.645,314.882,129.201,114.846
377.728,314.904,128.098,113.865
377.252,315.380,128.098,113.865
377.728,314.904,128.098,113.865
377.252,315.380,128.098,113.865
377.728,314.904,128.098,113.865
377.252,315.380,128.098,113.865
376.775,314.904,128.098,113.865
376.858,314.926,127.005,112.893
376.386,315.398,127.005,112.893
376.858,314.926,127.005,112.893
376.386,314.454,127.005,112.893
376.314,313.476,128.116,113.881
376.241,312.490,129.237,114.878
376.168,311.495,130.368,115.883
376.653,311.010,130.368,115.883
376.579,310.006,131.509,116.897
377.068,309.518,131.509,116.897
377.557,309.029,131.509,116.897
377.482,308.016,132.660,117.920
377.975,307.523,132.660,117.920
378.468,307.030,132.660,117.920
379.516,307.053,131.527,116.913
380.005,306.564,131.527,116.913
379.930,306.553,132.678,117.936
379.437,307.046,132.678,117.936
379.362,307.036,133.839,118.968
378.865,306.539,133.839,118.968
379.362,306.041,133.839,118.968
378.865,306.539,133.839,118.968
378.367,307.036,133.839,118.968
378.865,306.539,133.839,118.968
378.367,307.036,133.839,118.968
378.865,306.539,133.839,118.968
378.367,307.036,133.839,118.968
378.865,306.539,133.839,118.968
378.367,307.036,133.839,118.968
378.865,306.539,133.839,118.968
379.362,307.036,133.839,118.968
379.860,306.539,133.839,118.968
379.362,306.041,133.839,118.968
379.286,306.030,135.010,120.009
379.788,306.532,135.010,120.009
379.286,307.034,135.010,120.009
379.788,306.532,135.010,120.009
379.712,306.522,136.191,121.059
379.635,306.511,137.383,122.118
380.145,307.021,137.383,122.118
380.068,307.010,138.585,123.187
380.583,307.526,138.585,123.187
381.098,308.041,138.585,123.187
381.020,308.030,139.798,124.265
381.539,308.549,139.798,124.265
382.059,309.069,139.798,124.265
382.578,308.549,139.798,124.265
382.499,308.538,141.021,125.352
383.613,308.562,139.817,124.282
383.533,308.551,141.040,125.369
384.647,308.574,139.836,124.299
384.568,308.563,141.060,125.387
384.044,309.088,141.060,125.387
384.134,310.134,139.856,124.316
383.614,310.654,139.856,124.316
383.535,310.643,141.080,125.404
383.011,311.167,141.080,125.404
382.487,311.692,141.080,125.404
382.407,311.680,142.314,126.501
382.936,311.152,142.314,126.501
383.465,310.623,142.314,126.501
382.936,311.152,142.314,126.501
383.465,310.623,142.314,126.501
382.936,311.152,142.314,126.501
383.465,310.623,142.314,126.501
382.936,311.152,142.314,126.501
382.855,311.140,143.559,127.608
383.389,311.674,143.559,127.608
382.855,312.207,143.559,127.608
382.774,312.196,144.815,128.725
383.312,311.658,144.815,128.725
383.851,311.120,144.815,128.725
384.389,311.658,144.815,128.725
383.851,312.196,144.815,128.725
384.389,311.658,144.815,128.725
383.851,312.196,144.815,128.725
384.389,311.658,144.815,128.725
383.851,312.196,144.815,128.725
384.389,311.658,144.815,128.725
383.851,312.196,144.815,128.725
384.389,311.658,144.815,128.725
383.851,312.196,144.815,128.725
384.389,311.658,144.815,128.725
383.851,312.196,144.815,128.725
384.389,311.658,144.815,128.725
383.851,312.196,144.815,128.725
384.389,311.658,144.815,128.725
383.851,312.196,144.815,128.725
384.389,311.658,144.815,128.725
383.851,312.196,144.815,128.725
384.389,311.658,144.815,128.725
383.851,312.196,144.815,128.725
384.389,311.658,144.815,128.725
383.851,312.196,144.815,128.725
384.389,311.658,144.815,128.725
383.851,312.196,144.815,128.725
384.389,311.658,144.815,128.725
383.851,312.196,144.815,128.725
384.389,311.658,144.815,128.725
383.851,312.196,144.815,128.725
384.389,311.658,144.815,128.725
385.532,311.682,143.579,127.626
384.998,312.216,143.579,127.626
384.465,312.749,143.579,127.626
384.384,312.738,144.836,128.743
383.845,313.276,144.836,128.743
383.938,314.351,143.599,127.644
383.405,314.885,143.599,127.644
383.323,313.779,144.856,128.761
383.241,313.768,146.123,129.887
383.785,313.225,146.123,129.887
384.328,312.682,146.123,129.887
384.871,312.138,146.123,129.887
386.024,312.163,144.876,128.778
386.117,313.238,143.639,127.679
386.651,312.704,143.639,127.679
387.785,312.728,142.413,126.589
387.256,313.258,142.413,126.589
386.727,313.787,142.413,126.589
387.256,313.258,142.413,126.589
386.727,313.787,142.413,126.589
386.818,314.844,141.197,125.509
386.293,315.368,141.197,125.509
386.384,316.416,139.992,124.437
385.864,316.936,139.992,124.437
386.969,316.960,138.797,123.375
387.058,317.990,137.612,122.322
386.546,318.501,137.612,122.322
386.635,318.524,136.437,121.277
386.128,319.031,136.437,121.277
386.635,318.524,136.437,121.277
386.128,319.031,136.437,121.277
385.621,319.539,136.437,121.277
386.128,319.031,136.437,121.277
385.621,319.539,136.437,121.277
386.128,319.031,136.437,121.277
385.621,319.539,136.437,121.277
385.708,319.561,135.272,120.242
385.206,319.059,135.272,120.242
384.703,319.561,135.272,120.242
384.200,319.059,135.272,120.242
