70.000,51.000,107.000,87.000
70.881,51.881,107.000,87.000
71.263,51.500,107.000,87.000
71.644,51.119,107.000,87.000
72.026,50.737,107.000,87.000
72.407,50.356,107.000,87.000
72.788,49.974,107.000,87.000
73.170,49.593,107.000,87.000
73.551,49.212,107.000,87.000
73.932,48.830,107.000,87.000
74.314,48.449,107.000,87.000
74.695,48.068,107.000,87.000
75.077,47.686,107.000,87.000
75.458,47.305,107.000,87.000
76.287,47.304,106.087,86.257
77.108,47.303,105.181,85.521
77.033,46.545,106.101,86.269
77.411,46.167,106.101,86.269
77.334,45.402,107.030,87.024
77.716,45.020,107.030,87.024
78.097,44.639,107.030,87.024
78.479,44.257,107.030,87.024
78.860,43.876,107.030,87.024
78.783,43.104,107.966,87.786
78.705,42.325,108.911,88.554
78.626,41.540,109.864,89.329
79.018,41.149,109.864,89.329
79.410,40.757,109.864,89.329
79.801,40.365,109.864,89.329
80.652,40.365,108.926,88.566
81.040,39.976,108.926,88.566
80.962,39.191,109.879,89.341
80.883,38.399,110.841,90.123
81.278,38.004,110.841,90.123
81.198,37.204,111.810,90.911
81.117,36.398,112.789,91.707
81.519,35.996,112.789,91.707
81.921,35.594,112.789,91.707
82.323,35.192,112.789,91.707
82.725,34.790,112.789,91.707
83.599,34.789,111.826,90.924
84.465,34.788,110.871,90.148
84.860,34.393,110.871,90.148
85.255,33.998,110.871,90.148
85.175,33.199,111.841,90.936
85.094,32.392,112.820,91.732
85.968,32.391,111.857,90.949
85.888,31.585,112.836,91.745
86.290,31.183,112.836,91.745
86.208,30.369,113.823,92.548
86.126,29.548,114.819,93.357
86.535,29.139,114.819,93.357
86.453,28.311,115.824,94.174
86.865,27.898,115.824,94.174
87.763,27.898,114.835,93.370
87.680,27.069,115.840,94.187
88.577,27.069,114.851,93.383
88.494,26.241,115.856,94.200
88.907,25.828,115.856,94.200
89.320,25.415,115.856,94.200
89.733,25.002,115.856,94.200
90.630,25.001,114.867,93.396
91.520,25.000,113.886,92.599
92.402,24.999,112.914,91.809
92.321,24.185,113.902,92.612
93.203,24.184,112.930,91.821
94.078,24.184,111.966,91.037
94.477,23.784,111.966,91.037
94.876,23.385,111.966,91.037
95.275,22.986,111.966,91.037
95.674,22.587,111.966,91.037
96.073,22.188,111.966,91.037
96.472,21.789,111.966,91.037
96.871,21.390,111.966,91.037
97.738,21.389,111.010,90.260
98.134,20.994,111.010,90.260
98.530,21.389,111.010,90.260
99.390,21.388,110.062,89.490
99.310,20.595,111.025,90.273
99.706,20.199,111.025,90.273
100.102,19.803,111.025,90.273
100.497,19.408,111.025,90.273
100.893,19.012,111.025,90.273
101.289,18.616,111.025,90.273
102.149,18.615,110.077,89.502
102.541,19.008,110.077,89.502
102.934,19.400,110.077,89.502
103.326,19.008,110.077,89.502
103.718,19.400,110.077,89.502
104.571,19.399,109.138,88.738
104.492,18.612,110.093,89.515
104.413,18.623,111.056,90.298
104.809,19.019,111.056,90.298
105.669,19.018,110.108,89.527
106.061,19.411,110.108,89.527
106.454,19.018,110.108,89.527
106.846,18.626,110.108,89.527
107.699,18.625,109.168,88.763
108.088,19.014,109.168,88.763
108.477,18.625,109.168,88.763
108.866,18.236,109.168,88.763
109.255,17.847,109.168,88.763
109.645,17.458,109.168,88.763
110.490,17.457,108.236,88.005
110.876,17.071,108.236,88.005
111.262,16.685,108.236,88.005
111.647,16.299,108.236,88.005
112.033,15.914,108.236,88.005
112.419,16.299,108.236,88.005
112.805,15.914,108.236,88.005
112.727,15.133,109.183,88.775
113.116,15.522,109.183,88.775
113.505,15.133,109.183,88.775
114.351,15.892,108.251,88.017
114.273,15.902,109.198,88.787
114.662,15.513,109.198,88.787
114.583,15.523,110.154,89.564
114.976,15.131,110.154,89.564
115.368,15.523,110.154,89.564
115.289,15.534,111.118,90.348
115.209,15.545,112.090,91.139
115.128,14.736,113.071,91.936
115.046,13.921,114.060,92.740
115.453,13.515,114.060,92.740
115.370,12.692,115.058,93.552
115.287,11.863,116.065,94.370
116.186,12.669,115.074,93.565
116.597,12.259,115.074,93.565
117.007,12.669,115.074,93.565
117.417,13.079,115.074,93.565
117.827,13.489,115.074,93.565
118.718,14.289,114.092,92.766
119.125,13.882,114.092,92.766
120.009,14.675,113.118,91.974
120.885,15.461,112.152,91.189
121.285,15.860,112.152,91.189
121.684,16.260,112.152,91.189
122.084,16.660,112.152,91.189
122.484,17.060,112.152,91.189
123.353,17.839,111.195,90.411
123.272,17.850,112.168,91.202
123.191,17.041,113.149,92.000
123.595,16.638,113.149,92.000
123.513,15.822,114.139,92.805
123.920,15.415,114.139,92.805
124.327,15.008,114.139,92.805
124.734,14.601,114.139,92.805
125.140,14.194,114.139,92.805
125.547,13.787,114.139,92.805
126.431,14.581,113.165,92.013
126.835,14.177,113.165,92.013
127.238,13.774,113.165,92.013
127.641,13.370,113.165,92.013
128.045,13.774,113.165,92.013
128.921,14.560,112.199,91.227
129.321,14.960,112.199,91.227
129.721,15.360,112.199,91.227
130.121,15.760,112.199,91.227
130.990,16.539,111.241,90.448
131.852,17.312,110.291,89.676
132.245,17.705,110.291,89.676
132.638,18.098,110.291,89.676
133.492,18.865,109.350,88.911
134.339,19.624,108.416,88.152
134.726,20.011,108.416,88.152
135.565,20.764,107.491,87.399
135.949,21.147,107.491,87.399
136.781,21.894,106.573,86.653
137.161,22.274,106.573,86.653
137.986,23.014,105.664,85.913
138.363,23.391,105.664,85.913
139.182,24.125,104.762,85.180
139.993,24.853,103.867,84.453
140.798,25.575,102.981,83.732
141.165,25.942,102.981,83.732
141.962,26.657,102.101,83.017
142.753,27.367,101.230,82.308
142.680,27.376,102.116,83.029
143.044,27.740,102.116,83.029
143.408,28.104,102.116,83.029
143.772,28.468,102.116,83.029
144.563,29.178,101.244,82.320
144.490,29.188,102.130,83.040
144.854,29.552,102.130,83.040
145.218,29.188,102.130,83.040
145.144,28.451,103.023,83.767
145.511,28.084,103.023,83.767
145.879,27.717,103.023,83.767
146.246,27.350,103.023,83.767
147.044,27.349,102.144,83.052
147.408,26.985,102.144,83.052
148.199,26.984,101.272,82.343
148.983,26.983,100.407,81.640
149.341,26.625,100.407,81.640
149.699,26.268,100.407,81.640
150.057,25.910,100.407,81.640
150.415,25.552,100.407,81.640
150.773,25.194,100.407,81.640
151.131,24.836,100.407,81.640
151.058,24.112,101.286,82.354
151.843,24.111,100.421,81.651
152.201,23.753,100.421,81.651
152.559,23.395,100.421,81.651
153.337,23.395,99.564,80.954
153.691,23.040,99.564,80.954
154.463,23.039,98.714,80.263
154.391,22.327,99.578,80.965
154.320,21.609,100.449,81.674
154.678,21.251,100.449,81.674
155.456,21.251,99.592,80.976
155.384,20.533,100.463,81.685
155.742,20.174,100.463,81.685
156.100,19.816,100.463,81.685
156.027,19.092,101.342,82.400
156.389,18.731,101.342,82.400
157.174,18.730,100.477,81.696
157.532,18.372,100.477,81.696
157.890,18.014,100.477,81.696
158.248,17.656,100.477,81.696
158.175,16.931,101.356,82.411
158.102,16.200,102.243,83.132
158.029,15.463,103.138,83.860
157.954,14.719,104.040,84.593
157.879,13.969,104.951,85.334
157.803,13.212,105.869,86.080
157.727,12.449,106.795,86.834
158.108,12.068,106.795,86.834
158.031,11.298,107.730,87.593
157.953,10.521,108.672,88.360
158.340,10.134,108.672,88.360
158.262,9.351,109.623,89.133
158.183,9.361,110.582,89.913
158.103,9.372,111.550,90.700
158.022,9.382,112.526,91.493
158.423,9.784,112.526,91.493
158.342,9.794,113.511,92.294
159.221,10.583,112.542,91.506
159.623,10.984,112.542,91.506
160.024,11.385,112.542,91.506
160.895,12.167,111.581,90.725
161.760,12.942,110.628,89.950
162.154,13.337,110.628,89.950
163.011,14.105,109.684,89.182
163.402,14.496,109.684,89.182
163.793,14.887,109.684,89.182
164.184,15.278,109.684,89.182
164.575,15.669,109.684,89.182
164.966,16.060,109.684,89.182
165.815,16.822,108.748,88.421
166.203,17.210,108.748,88.421
167.045,17.209,107.819,87.666
167.429,16.825,107.819,87.666
168.265,16.824,106.899,86.918
168.646,16.443,106.899,86.918
169.027,16.824,106.899,86.918
168.950,16.053,107.834,87.678
169.334,16.438,107.834,87.678
170.169,17.187,106.914,86.930
170.550,17.568,106.914,86.930
171.378,17.567,106.001,86.188
171.756,17.189,106.001,86.188
172.134,17.567,106.001,86.188
172.512,17.945,106.001,86.188
173.333,18.681,105.096,85.452
173.707,19.056,105.096,85.452
174.521,19.786,104.199,84.723
174.893,20.158,104.199,84.723
175.264,20.529,104.199,84.723
176.071,21.253,103.310,83.999
176.440,21.621,103.310,83.999
176.808,21.989,103.310,83.999
177.176,22.358,103.310,83.999
177.544,22.726,103.310,83.999
177.913,23.094,103.310,83.999
178.713,23.093,102.428,83.282
179.506,23.093,101.553,82.571
179.868,22.731,101.553,82.571
180.655,22.730,100.686,81.867
181.014,22.371,100.686,81.867
181.793,22.370,99.827,81.168
182.567,22.370,98.975,80.475
183.333,22.369,98.130,79.788
183.262,21.662,98.988,80.486
184.029,21.661,98.143,79.799
184.789,21.660,97.306,79.118
185.136,21.313,97.306,79.118
185.483,20.966,97.306,79.118
185.830,20.620,97.306,79.118
186.177,20.273,97.306,79.118
186.524,19.926,97.306,79.118
186.453,19.224,98.157,79.810
187.214,19.224,97.319,79.129
187.560,18.877,97.319,79.129
187.907,18.530,97.319,79.129
188.254,18.183,97.319,79.129
188.184,18.192,98.171,79.821
188.534,17.843,98.171,79.821
188.463,17.852,99.030,80.519
188.392,17.138,99.896,81.224
188.748,17.494,99.896,81.224
189.104,17.850,99.896,81.224
189.460,18.206,99.896,81.224
189.816,18.562,99.896,81.224
190.172,18.918,99.896,81.224
190.528,18.562,99.896,81.224
190.884,18.206,99.896,81.224
191.658,18.205,99.043,80.531
192.425,18.205,98.198,79.843
193.186,18.204,97.360,79.162
193.115,17.502,98.211,79.854
193.876,17.501,97.373,79.173
194.630,17.501,96.542,78.497
195.378,17.500,95.718,77.827
195.719,17.159,95.718,77.827
196.060,16.818,95.718,77.827
196.802,16.817,94.901,77.162
197.537,16.816,94.091,76.503
197.872,16.481,94.091,76.503
198.208,16.146,94.091,76.503
198.543,15.810,94.091,76.503
198.878,15.475,94.091,76.503
199.214,15.139,94.091,76.503
199.549,14.804,94.091,76.503
199.884,14.469,94.091,76.503
200.220,14.133,94.091,76.503
200.555,13.798,94.091,76.503
200.891,13.463,94.091,76.503
200.823,12.784,94.914,77.173
200.754,12.100,95.744,77.848
201.496,12.099,94.927,77.184
202.231,12.098,94.117,76.525
202.960,12.098,93.313,75.871
202.893,11.425,94.130,76.535
203.622,11.424,93.326,75.882
203.554,10.751,94.143,76.546
204.284,10.751,93.339,75.893
204.616,10.418,93.339,75.893
204.949,10.085,93.339,75.893
205.282,9.753,93.339,75.893
205.614,9.420,93.339,75.893
206.337,9.419,92.542,75.245
207.054,9.419,91.752,74.602
207.381,9.092,91.752,74.602
207.708,8.765,91.752,74.602
208.419,8.764,90.969,73.965
209.124,8.763,90.192,73.334
209.445,8.442,90.192,73.334
210.144,8.441,89.423,72.708
210.836,8.441,88.659,72.087
211.523,8.440,87.902,71.472
211.836,8.127,87.902,71.472
212.150,7.813,87.902,71.472
212.463,7.500,87.902,71.472
213.144,7.499,87.152,70.862
213.819,8.105,86.408,70.257
214.127,7.797,86.408,70.257
214.796,7.796,85.670,69.657
215.101,7.491,85.670,69.657
215.407,7.186,85.670,69.657
215.712,6.880,85.670,69.657
216.018,6.575,85.670,69.657
215.956,5.957,86.420,70.267
216.625,5.957,85.682,69.667
216.931,5.651,85.682,69.667
217.594,5.651,84.951,69.072
218.252,5.650,84.226,68.482
218.552,5.950,84.226,68.482
218.853,5.650,84.226,68.482
219.153,5.350,84.226,68.482
219.805,5.349,83.507,67.898
220.103,5.052,83.507,67.898
220.400,4.754,83.507,67.898
220.698,4.456,83.507,67.898
220.996,4.159,83.507,67.898
221.293,3.861,83.507,67.898
221.591,3.563,83.507,67.898
221.889,3.266,83.507,67.898
222.186,2.968,83.507,67.898
222.484,2.670,83.507,67.898
222.782,2.373,83.507,67.898
223.428,2.372,82.794,67.318
224.070,2.372,82.087,66.744
224.362,2.079,82.087,66.744
224.998,2.079,81.386,66.174
225.629,2.078,80.691,65.609
226.254,2.077,80.003,65.049
226.873,2.077,79.320,64.494
227.488,2.076,78.643,63.943
228.097,2.076,77.971,63.397
228.375,1.798,77.971,63.397
228.979,1.797,77.306,62.856
229.254,1.522,77.306,62.856
229.530,1.246,77.306,62.856
230.128,1.783,76.646,62.319
230.402,2.057,76.646,62.319
230.995,2.589,75.991,61.787
231.266,2.860,75.991,61.787
231.537,3.131,75.991,61.787
231.808,3.402,75.991,61.787
232.079,3.673,75.991,61.787
232.024,3.680,76.656,62.328
231.969,3.687,77.327,62.873
231.348,3.695,78.004,63.424
230.722,3.702,78.686,63.978
230.441,3.983,78.686,63.978
229.809,3.990,79.375,64.538
229.526,4.273,79.375,64.538
229.244,4.556,79.375,64.538
228.606,4.564,80.069,65.103
228.321,4.849,80.069,65.103
228.035,5.134,80.069,65.103
228.321,5.420,80.069,65.103
228.606,5.705,80.069,65.103
228.548,5.713,80.770,65.673
228.836,6.001,80.770,65.673
229.124,6.289,80.770,65.673
229.066,6.296,81.477,66.247
229.007,6.304,82.189,66.827
228.948,6.312,82.909,67.412
229.243,6.608,82.909,67.412
229.539,6.312,82.909,67.412
229.834,6.017,82.909,67.412
230.130,5.721,82.909,67.412
230.070,5.123,83.634,68.002
230.368,4.825,83.634,68.002
230.308,4.222,84.366,68.597
230.609,3.921,84.366,68.597
230.548,3.313,85.104,69.197
230.486,2.699,85.849,69.802
230.792,2.393,85.849,69.802
231.098,2.087,85.849,69.802
231.036,1.468,86.600,70.413
231.345,1.160,86.600,70.413
231.283,0.535,87.358,71.029
231.219,-0.095,88.122,71.651
231.534,-0.409,88.122,71.651
231.848,-0.723,88.122,71.651
231.784,-1.358,88.893,72.278
231.720,-1.999,89.671,72.910
232.040,-2.319,89.671,72.910
232.734,-2.319,88.905,72.288
233.423,-2.320,88.147,71.671
234.106,-1.708,87.394,71.059
234.417,-1.396,87.394,71.059
234.729,-1.085,87.394,71.059
235.040,-0.773,87.394,71.059
235.717,-0.166,86.648,70.452
236.388,0.436,85.908,69.851
236.694,0.742,85.908,69.851
237.360,1.339,85.175,69.254
237.663,1.643,85.175,69.254
237.967,1.946,85.175,69.254
238.627,2.538,84.448,68.663
239.281,3.125,83.727,68.077
239.579,3.423,83.727,68.077
240.228,4.005,83.012,67.496
240.524,4.301,83.012,67.496
240.819,4.597,83.012,67.496
241.462,5.174,82.304,66.920
242.100,5.745,81.601,66.348
242.391,6.036,81.601,66.348
242.332,6.044,82.315,66.929
242.625,6.338,82.315,66.929
242.919,6.631,82.315,66.929
243.556,7.203,81.612,66.358
244.188,7.770,80.916,65.791
244.477,8.058,80.916,65.791
244.765,8.347,80.916,65.791
245.054,8.635,80.916,65.791
245.342,8.924,80.916,65.791
245.630,9.212,80.916,65.791
246.257,9.774,80.225,65.230
246.543,10.060,80.225,65.230
246.485,10.068,80.927,65.800
246.774,10.356,80.927,65.800
247.062,10.645,80.927,65.800
247.004,10.652,81.635,66.376
246.945,10.660,82.349,66.957
247.238,10.954,82.349,66.957
247.532,11.247,82.349,66.957
247.825,11.541,82.349,66.957
248.119,11.834,82.349,66.957
248.757,12.407,81.646,66.385
249.389,12.974,80.949,65.819
250.016,12.973,80.258,65.257
250.638,12.973,79.573,64.700
251.254,12.972,78.894,64.147
251.535,12.691,78.894,64.147
251.817,12.410,78.894,64.147
252.098,12.129,78.894,64.147
252.041,11.560,79.584,64.709
251.983,10.986,80.281,65.275
251.926,10.407,80.983,65.846
251.867,9.823,81.692,66.422
251.808,9.234,82.406,67.003
252.102,8.940,82.406,67.003
252.396,8.646,82.406,67.003
252.689,8.353,82.406,67.003
252.983,8.059,82.406,67.003
253.277,8.353,82.406,67.003
253.915,8.352,81.703,66.431
254.206,8.061,81.703,66.431
254.839,8.060,81.005,65.864
255.128,7.772,81.005,65.864
255.755,7.771,80.314,65.302
256.042,7.485,80.314,65.302
256.328,7.771,80.314,65.302
256.614,8.057,80.314,65.302
257.236,8.615,79.628,64.745
257.520,8.899,79.628,64.745
257.804,9.183,79.628,64.745
258.088,9.467,79.628,64.745
258.371,9.751,79.628,64.745
258.655,10.035,79.628,64.745
258.598,10.042,80.325,65.311
258.884,10.328,80.325,65.311
259.170,10.615,80.325,65.311
259.793,10.614,79.639,64.754
260.076,10.330,79.639,64.754
260.360,10.047,79.639,64.754
260.977,10.046,78.960,64.201
261.259,10.327,78.960,64.201
261.870,10.876,78.285,63.653
262.477,10.875,77.617,63.109
263.078,10.875,76.955,62.571
263.674,11.410,76.298,62.036
264.265,11.409,75.646,61.507
264.851,11.935,75.001,60.982
265.118,12.202,75.001,60.982
265.064,11.661,75.657,61.515
265.009,11.116,76.319,62.054
265.281,10.844,76.319,62.054
265.553,10.572,76.319,62.054
265.498,10.579,76.987,62.597
265.773,10.305,76.987,62.597
266.047,10.030,76.987,62.597
265.992,9.475,77.660,63.144
266.268,9.752,77.660,63.144
266.545,10.029,77.660,63.144
266.822,10.305,77.660,63.144
267.099,10.029,77.660,63.144
267.376,9.752,77.660,63.144
267.977,9.751,76.997,62.605
268.252,9.477,76.997,62.605
268.526,9.202,76.997,62.605
268.801,8.928,76.997,62.605
269.075,8.653,76.997,62.605
269.349,8.379,76.997,62.605
269.624,8.105,76.997,62.605
269.898,7.830,76.997,62.605
269.843,7.275,77.671,63.153
270.120,6.998,77.671,63.153
270.396,6.721,77.671,63.153
270.673,6.444,77.671,63.153
270.950,6.168,77.671,63.153
271.227,5.891,77.671,63.153
271.504,5.614,77.671,63.153
272.105,6.154,77.008,62.614
272.050,6.161,77.682,63.162
272.327,6.438,77.682,63.162
272.604,6.715,77.682,63.162
272.880,6.992,77.682,63.162
273.157,7.268,77.682,63.162
273.434,7.545,77.682,63.162
273.711,7.822,77.682,63.162
274.313,8.362,77.019,62.623
274.587,8.636,77.019,62.623
275.184,8.636,76.361,62.088
275.456,8.364,76.361,62.088
275.728,8.092,76.361,62.088
276.320,8.091,75.709,61.558
276.590,7.821,75.709,61.558
276.535,7.829,76.372,62.097
277.126,8.359,75.720,61.567
277.072,8.366,76.382,62.105
277.344,8.639,76.382,62.105
277.616,8.911,76.382,62.105
277.561,8.918,77.051,62.649
277.836,9.193,77.051,62.649
278.111,9.468,77.051,62.649
278.385,9.742,77.051,62.649
278.660,10.017,77.051,62.649
278.604,10.024,77.725,63.197
278.881,10.301,77.725,63.197
279.158,10.578,77.725,63.197
279.435,10.855,77.725,63.197
279.712,11.132,77.725,63.197
279.989,11.409,77.725,63.197
280.266,11.686,77.725,63.197
280.210,11.694,78.405,63.750
280.490,11.973,78.405,63.750
281.097,12.518,77.736,63.206
281.699,13.058,77.072,62.666
281.974,13.333,77.072,62.666
282.571,13.868,76.414,62.131
282.843,14.141,76.414,62.131
283.116,14.413,76.414,62.131
283.388,14.685,76.414,62.131
283.980,15.216,75.762,61.601
283.925,15.224,76.425,62.140
284.198,15.496,76.425,62.140
284.470,15.768,76.425,62.140
284.415,15.776,77.094,62.684
284.359,15.783,77.768,63.232
284.636,16.060,77.768,63.232
285.239,16.601,77.104,62.692
285.183,16.608,77.779,63.241
285.127,16.616,78.459,63.794
285.070,16.623,79.146,64.352
285.013,16.631,79.838,64.915
285.298,16.915,79.838,64.915
285.582,17.200,79.838,64.915
286.201,17.755,79.157,64.361
286.483,17.473,79.157,64.361
286.765,17.190,79.157,64.361
287.047,16.908,79.157,64.361
287.329,16.626,79.157,64.361
287.272,16.634,79.850,64.924
287.215,16.058,80.548,65.492
287.502,15.771,80.548,65.492
287.444,15.779,81.253,66.066
287.385,15.786,81.964,66.644
287.326,15.794,82.681,67.227
287.266,15.802,83.405,67.815
287.206,15.810,84.134,68.408
287.506,16.110,84.134,68.408
287.445,16.118,84.871,69.007
287.384,16.126,85.613,69.611
287.322,16.135,86.362,70.220
287.260,16.143,87.118,70.834
287.197,16.151,87.880,71.454
287.510,16.465,87.880,71.454
287.447,16.473,88.649,72.079
287.383,16.482,89.425,72.710
287.318,16.490,90.207,73.346
287.640,16.812,90.207,73.346
287.961,17.133,90.207,73.346
288.660,17.760,89.437,72.720
288.979,18.079,89.437,72.720
289.298,18.398,89.437,72.720
289.233,18.406,90.220,73.356
289.932,19.033,89.450,72.730
290.251,19.352,89.450,72.730
290.570,19.033,89.450,72.730
290.888,18.714,89.450,72.730
291.581,18.714,88.686,72.109
291.897,18.397,88.686,72.109
292.213,18.081,88.686,72.109
292.530,17.765,88.686,72.109
292.846,17.449,88.686,72.109
293.162,17.133,88.686,72.109
293.478,16.817,88.686,72.109
293.794,16.501,88.686,72.109
293.730,15.861,89.462,72.740
293.665,15.216,90.245,73.377
292.941,14.565,91.035,74.019
293.265,14.241,91.035,74.019
293.590,13.917,91.035,74.019
293.914,13.592,91.035,74.019
