73.000,126.000,29.000,23.000
73.398,126.602,29.000,23.000
73.296,126.704,29.000,23.000
73.193,126.807,29.000,23.000
73.091,126.909,29.000,23.000
72.989,127.011,29.000,23.000
72.887,127.113,29.000,23.000
72.785,127.215,29.000,23.000
72.682,127.318,29.000,23.000
72.580,127.420,29.000,23.000
72.478,127.522,29.000,23.000
72.376,127.624,29.000,23.000
72.144,127.628,29.254,23.201
72.041,127.731,29.254,23.201
71.938,127.834,29.254,23.201
71.835,127.937,29.254,23.201
71.732,128.041,29.254,23.201
71.629,128.144,29.254,23.201
71.526,128.247,29.254,23.201
71.423,128.350,29.254,23.201
71.320,128.453,29.254,23.201
71.216,128.556,29.254,23.201
71.113,128.659,29.254,23.201
71.010,128.762,29.254,23.201
70.907,128.865,29.254,23.201
70.804,128.968,29.254,23.201
70.571,128.973,29.510,23.404
70.467,129.076,29.510,23.404
70.363,129.180,29.510,23.404
70.259,129.284,29.510,23.404
70.155,129.388,29.510,23.404
70.051,129.284,29.510,23.404
69.947,129.180,29.510,23.404
69.843,129.284,29.510,23.404
69.739,129.180,29.510,23.404
69.635,129.284,29.510,23.404
69.531,129.388,29.510,23.404
69.295,129.393,29.768,23.609
69.190,129.498,29.768,23.609
69.085,129.602,29.768,23.609
68.980,129.707,29.768,23.609
68.875,129.812,29.768,23.609
68.770,129.917,29.768,23.609
68.666,130.022,29.768,23.609
68.561,130.127,29.768,23.609
68.456,130.232,29.768,23.609
68.351,130.337,29.768,23.609
68.246,130.442,29.768,23.609
68.141,130.547,29.768,23.609
68.036,130.651,29.768,23.609
67.931,130.756,29.768,23.609
67.826,130.861,29.768,23.609
67.721,130.966,29.768,23.609
67.617,131.071,29.768,23.609
67.379,131.075,30.028,23.816
67.139,131.080,30.291,24.024
67.032,131.186,30.291,24.024
66.925,131.293,30.291,24.024
66.819,131.400,30.291,24.024
66.712,131.506,30.291,24.024
66.605,131.613,30.291,24.024
66.499,131.720,30.291,24.024
66.392,131.827,30.291,24.024
66.285,131.933,30.291,24.024
66.178,132.040,30.291,24.024
66.072,132.147,30.291,24.024
65.965,132.254,30.291,24.024
65.858,132.360,30.291,24.024
65.751,132.467,30.291,24.024
65.858,132.574,30.291,24.024
65.965,132.681,30.291,24.024
65.858,132.787,30.291,24.024
65.965,132.894,30.291,24.024
65.858,133.001,30.291,24.024
65.965,133.108,30.291,24.024
65.858,133.214,30.291,24.024
65.751,133.321,30.291,24.024
65.645,133.428,30.291,24.024
65.538,133.535,30.291,24.024
65.431,133.641,30.291,24.024
65.538,133.748,30.291,24.024
65.645,133.855,30.291,24.024
65.538,133.962,30.291,24.024
65.431,134.068,30.291,24.024
65.324,134.175,30.291,24.024
65.218,134.282,30.291,24.024
65.111,134.389,30.291,24.024
65.004,134.495,30.291,24.024
64.897,134.602,30.291,24.024
64.791,134.709,30.291,24.024
64.897,134.602,30.291,24.024
65.004,134.495,30.291,24.024
64.897,134.389,30.291,24.024
64.923,134.387,30.033,23.819
65.028,134.281,30.033,23.819
64.923,134.175,30.033,23.819
64.817,134.069,30.033,23.819
64.711,133.964,30.033,23.819
64.736,133.962,29.776,23.616
64.965,133.960,29.522,23.414
65.193,133.959,29.270,23.214
65.418,133.957,29.020,23.016
65.521,133.855,29.020,23.016
65.623,133.753,29.020,23.016
65.725,133.651,29.020,23.016
65.827,133.548,29.020,23.016
65.725,133.446,29.020,23.016
65.623,133.344,29.020,23.016
65.521,133.241,29.020,23.016
65.418,133.139,29.020,23.016
65.316,133.037,29.020,23.016
65.340,133.035,28.772,22.819
65.239,132.934,28.772,22.819
65.137,133.035,28.772,22.819
65.036,132.934,28.772,22.819
64.935,132.833,28.772,22.819
64.833,132.731,28.772,22.819
64.732,132.833,28.772,22.819
64.630,132.731,28.772,22.819
64.732,132.630,28.772,22.819
64.630,132.528,28.772,22.819
64.732,132.427,28.772,22.819
64.833,132.326,28.772,22.819
64.732,132.224,28.772,22.819
64.833,132.123,28.772,22.819
64.935,132.022,28.772,22.819
65.036,131.920,28.772,22.819
65.137,131.819,28.772,22.819
65.239,131.717,28.772,22.819
65.340,131.616,28.772,22.819
65.442,131.515,28.772,22.819
65.340,131.413,28.772,22.819
65.239,131.312,28.772,22.819
65.137,131.210,28.772,22.819
65.036,131.109,28.772,22.819
64.935,131.008,28.772,22.819
64.833,130.906,28.772,22.819
64.732,130.805,28.772,22.819
64.630,130.703,28.772,22.819
64.529,130.602,28.772,22.819
64.630,130.501,28.772,22.819
64.529,130.399,28.772,22.819
64.428,130.298,28.772,22.819
64.326,130.399,28.772,22.819
64.225,130.298,28.772,22.819
64.124,130.399,28.772,22.819
64.022,130.501,28.772,22.819
63.921,130.602,28.772,22.819
63.691,130.606,29.024,23.019
63.589,130.708,29.024,23.019
63.486,130.811,29.024,23.019
63.384,130.913,29.024,23.019
63.282,131.015,29.024,23.019
63.180,131.118,29.024,23.019
63.077,131.220,29.024,23.019
62.975,131.322,29.024,23.019
62.873,131.424,29.024,23.019
62.770,131.527,29.024,23.019
62.668,131.629,29.024,23.019
62.436,131.633,29.278,23.221
62.461,131.632,29.028,23.022
62.358,131.734,29.028,23.022
62.256,131.836,29.028,23.022
62.280,132.034,28.780,22.826
62.179,131.933,28.780,22.826
62.077,132.034,28.780,22.826
61.976,131.933,28.780,22.826
61.875,131.831,28.780,22.826
61.773,131.730,28.780,22.826
61.672,131.831,28.780,22.826
61.570,131.933,28.780,22.826
61.469,132.034,28.780,22.826
61.367,132.136,28.780,22.826
61.266,132.237,28.780,22.826
61.165,132.338,28.780,22.826
61.063,132.440,28.780,22.826
60.962,132.541,28.780,22.826
60.860,132.643,28.780,22.826
60.759,132.744,28.780,22.826
60.658,132.846,28.780,22.826
60.556,132.947,28.780,22.826
60.455,133.048,28.780,22.826
60.353,133.150,28.780,22.826
60.252,133.251,28.780,22.826
60.150,133.353,28.780,22.826
59.921,133.357,29.032,23.026
59.818,133.459,29.032,23.026
59.716,133.357,29.032,23.026
59.484,133.361,29.286,23.227
59.381,133.464,29.286,23.227
59.278,133.567,29.286,23.227
59.174,133.670,29.286,23.227
58.941,133.675,29.542,23.430
58.836,133.779,29.542,23.430
58.600,133.783,29.801,23.635
58.362,133.787,30.062,23.842
58.122,133.791,30.325,24.051
57.880,133.796,30.590,24.261
57.772,133.903,30.590,24.261
57.528,133.908,30.858,24.473
57.282,133.689,31.128,24.688
57.033,133.469,31.400,24.904
56.922,133.580,31.400,24.904
56.672,133.357,31.675,25.121
56.560,133.246,31.675,25.121
56.448,133.134,31.675,25.121
56.475,133.132,31.405,24.907
56.501,133.131,31.136,24.694
56.391,133.021,31.136,24.694
56.281,132.911,31.136,24.694
56.307,132.910,30.871,24.484
56.333,132.908,30.607,24.275
56.225,132.800,30.607,24.275
56.250,132.798,30.346,24.067
56.143,132.691,30.346,24.067
56.169,132.899,30.087,23.862
56.063,133.005,30.087,23.862
55.957,133.111,30.087,23.862
55.850,133.217,30.087,23.862
55.744,133.323,30.087,23.862
55.504,133.327,30.350,24.071
55.262,133.331,30.616,24.281
55.154,133.439,30.616,24.281
55.046,133.547,30.616,24.281
54.938,133.655,30.616,24.281
54.830,133.763,30.616,24.281
54.722,133.871,30.616,24.281
54.614,133.979,30.616,24.281
54.370,133.983,30.883,24.494
54.261,134.092,30.883,24.494
54.152,134.201,30.883,24.494
54.043,134.309,30.883,24.494
53.935,134.418,30.883,24.494
53.826,134.527,30.883,24.494
53.717,134.636,30.883,24.494
53.470,134.640,31.154,24.708
53.221,134.420,31.426,24.924
52.970,134.424,31.701,25.142
52.717,134.200,31.979,25.362
52.462,134.204,32.258,25.584
52.348,134.090,32.258,25.584
52.235,133.977,32.258,25.584
52.121,134.090,32.258,25.584
52.007,133.977,32.258,25.584
51.893,133.863,32.258,25.584
51.780,133.977,32.258,25.584
51.666,133.863,32.258,25.584
51.552,133.749,32.258,25.584
51.439,133.863,32.258,25.584
51.325,133.749,32.258,25.584
51.211,133.863,32.258,25.584
51.098,133.977,32.258,25.584
50.984,134.090,32.258,25.584
50.870,134.204,32.258,25.584
50.897,134.424,31.983,25.366
50.785,134.537,31.983,25.366
50.811,134.535,31.710,25.149
50.699,134.423,31.710,25.149
50.588,134.312,31.710,25.149
50.614,134.310,31.439,24.935
50.640,134.308,31.171,24.722
50.530,134.199,31.171,24.722
50.420,134.089,31.171,24.722
50.310,133.979,31.171,24.722
50.201,133.869,31.171,24.722
50.227,133.867,30.905,24.511
50.118,133.759,30.905,24.511
50.009,133.650,30.905,24.511
49.900,133.541,30.905,24.511
49.876,133.322,31.175,24.725
49.986,133.212,31.175,24.725
50.096,133.102,31.175,24.725
50.072,132.881,31.448,24.942
49.961,132.771,31.448,24.942
49.937,132.548,31.723,25.160
49.913,132.323,32.001,25.380
49.889,132.328,32.281,25.602
50.002,132.214,32.281,25.602
50.251,132.212,32.005,25.384
50.498,132.211,31.732,25.167
50.610,132.099,31.732,25.167
50.722,131.987,31.732,25.167
50.833,131.875,31.732,25.167
50.945,131.987,31.732,25.167
50.921,131.991,32.010,25.387
50.808,132.104,32.010,25.387
50.552,132.109,32.290,25.609
50.439,132.223,32.290,25.609
50.325,132.336,32.290,25.609
50.211,132.450,32.290,25.609
50.238,132.448,32.014,25.391
50.125,132.336,32.014,25.391
50.238,132.223,32.014,25.391
49.982,131.996,32.294,25.613
49.868,131.882,32.294,25.613
49.755,131.996,32.294,25.613
49.641,132.110,32.294,25.613
49.527,132.224,32.294,25.613
49.413,132.110,32.294,25.613
49.527,131.996,32.294,25.613
49.641,131.882,32.294,25.613
49.755,131.769,32.294,25.613
49.641,131.655,32.294,25.613
49.527,131.541,32.294,25.613
49.641,131.427,32.294,25.613
49.527,131.313,32.294,25.613
49.413,131.199,32.294,25.613
49.299,131.086,32.294,25.613
49.413,130.972,32.294,25.613
49.527,130.858,32.294,25.613
49.641,130.744,32.294,25.613
49.755,130.630,32.294,25.613
49.641,130.744,32.294,25.613
49.527,130.858,32.294,25.613
49.554,130.856,32.019,25.394
49.441,130.969,32.019,25.394
49.328,131.082,32.019,25.394
49.215,130.969,32.019,25.394
49.328,130.856,32.019,25.394
49.441,130.744,32.019,25.394
49.417,130.517,32.299,25.616
49.530,130.403,32.299,25.616
49.506,130.174,32.581,25.840
49.621,130.059,32.581,25.840
49.735,129.945,32.581,25.840
49.850,129.830,32.581,25.840
49.965,129.715,32.581,25.840
49.940,129.484,32.866,26.067
50.056,129.368,32.866,26.067
50.172,129.484,32.866,26.067
49.909,129.489,33.154,26.295
49.792,129.606,33.154,26.295
49.909,129.489,33.154,26.295
50.026,129.372,33.154,26.295
50.143,129.255,33.154,26.295
50.260,129.138,33.154,26.295
50.143,129.022,33.154,26.295
50.026,129.138,33.154,26.295
49.909,129.255,33.154,26.295
49.792,129.372,33.154,26.295
49.676,129.489,33.154,26.295
49.559,129.606,33.154,26.295
49.442,129.723,33.154,26.295
49.325,129.839,33.154,26.295
49.208,129.956,33.154,26.295
49.091,130.073,33.154,26.295
48.975,130.190,33.154,26.295
48.858,130.307,33.154,26.295
48.741,130.424,33.154,26.295
48.624,130.540,33.154,26.295
48.507,130.657,33.154,26.295
48.391,130.774,33.154,26.295
48.274,130.891,33.154,26.295
48.157,131.008,33.154,26.295
48.040,131.125,33.154,26.295
47.923,131.008,33.154,26.295
47.806,130.891,33.154,26.295
47.690,130.774,33.154,26.295
47.573,130.657,33.154,26.295
47.456,130.774,33.154,26.295
47.339,130.891,33.154,26.295
47.222,131.008,33.154,26.295
47.105,131.125,33.154,26.295
46.989,131.241,33.154,26.295
46.872,131.358,33.154,26.295
46.755,131.475,33.154,26.295
46.490,131.480,33.444,26.525
46.372,131.598,33.444,26.525
46.400,131.596,33.159,26.298
46.283,131.479,33.159,26.298
46.018,131.244,33.449,26.528
45.751,131.007,33.741,26.760
45.632,130.888,33.741,26.760
45.513,130.770,33.741,26.760
45.394,130.651,33.741,26.760
45.125,130.412,34.037,26.995
45.005,130.292,34.037,26.995
44.885,130.172,34.037,26.995
44.765,130.052,34.037,26.995
44.885,129.932,34.037,26.995
45.005,129.812,34.037,26.995
45.125,129.692,34.037,26.995
45.099,129.451,34.335,27.231
45.220,129.330,34.335,27.231
45.194,129.087,34.635,27.469
45.167,128.842,34.938,27.709
45.290,128.718,34.938,27.709
45.167,128.595,34.938,27.709
45.290,128.472,34.938,27.709
45.167,128.349,34.938,27.709
45.044,128.472,34.938,27.709
44.921,128.349,34.938,27.709
44.798,128.472,34.938,27.709
