150.000,53.000,40.000,148.000
150.854,53.146,40.000,148.000
151.209,52.791,40.000,148.000
151.563,52.437,40.000,148.000
151.918,52.082,40.000,148.000
152.106,51.071,40.350,149.295
152.464,50.714,40.350,149.295
152.821,50.356,40.350,149.295
153.179,49.998,40.350,149.295
153.537,49.641,40.350,149.295
153.894,49.283,40.350,149.295
154.252,48.926,40.350,149.295
154.609,48.568,40.350,149.295
154.967,48.211,40.350,149.295
155.325,47.853,40.350,149.295
155.682,47.495,40.350,149.295
156.040,47.138,40.350,149.295
156.397,46.780,40.350,149.295
156.587,45.761,40.703,150.601
156.779,44.732,41.059,151.919
156.972,43.694,41.418,153.248
157.339,43.327,41.418,153.248
157.706,42.960,41.418,153.248
158.073,42.593,41.418,153.248
158.441,42.226,41.418,153.248
158.808,41.859,41.418,153.248
159.003,40.812,41.781,154.589
159.373,40.442,41.781,154.589
159.743,40.072,41.781,154.589
160.113,39.702,41.781,154.589
160.484,39.331,41.781,154.589
160.854,38.961,41.781,154.589
161.224,38.591,41.781,154.589
161.594,38.220,41.781,154.589
161.965,37.850,41.781,154.589
162.161,36.794,42.146,155.942
162.535,36.421,42.146,155.942
162.908,36.047,42.146,155.942
163.282,35.674,42.146,155.942
163.655,35.300,42.146,155.942
164.029,34.927,42.146,155.942
164.402,34.553,42.146,155.942
164.776,34.180,42.146,155.942
165.149,33.806,42.146,155.942
165.523,33.433,42.146,155.942
165.897,33.059,42.146,155.942
166.270,32.686,42.146,155.942
166.644,32.312,42.146,155.942
167.017,31.939,42.146,155.942
167.391,31.565,42.146,155.942
167.764,31.192,42.146,155.942
168.138,30.818,42.146,155.942
168.511,30.445,42.146,155.942
168.885,30.071,42.146,155.942
169.258,29.698,42.146,155.942
169.632,29.324,42.146,155.942
170.005,28.951,42.146,155.942
170.379,28.577,42.146,155.942
170.752,28.204,42.146,155.942
171.126,27.830,42.146,155.942
171.499,27.457,42.146,155.942
171.873,27.083,42.146,155.942
172.246,26.710,42.146,155.942
172.620,26.336,42.146,155.942
172.993,25.963,42.146,155.942
173.367,25.589,42.146,155.942
173.740,25.216,42.146,155.942
174.114,24.842,42.146,155.942
174.487,24.469,42.146,155.942
174.861,24.095,42.146,155.942
175.234,23.722,42.146,155.942
175.608,23.348,42.146,155.942
175.981,22.975,42.146,155.942
176.355,22.601,42.146,155.942
176.728,22.228,42.146,155.942
177.102,21.854,42.146,155.942
177.475,21.481,42.146,155.942
177.849,21.107,42.146,155.942
178.222,20.734,42.146,155.942
178.596,20.360,42.146,155.942
178.969,19.987,42.146,155.942
179.343,19.613,42.146,155.942
179.716,19.240,42.146,155.942
180.090,18.866,42.146,155.942
180.463,18.493,42.146,155.942
180.837,18.119,42.146,155.942
181.210,17.746,42.146,155.942
181.584,17.372,42.146,155.942
181.957,16.999,42.146,155.942
182.331,16.625,42.146,155.942
182.704,16.251,42.146,155.942
183.078,16.625,42.146,155.942
183.451,16.999,42.146,155.942
183.825,17.372,42.146,155.942
184.198,17.746,42.146,155.942
184.572,18.119,42.146,155.942
184.945,18.493,42.146,155.942
185.319,18.866,42.146,155.942
185.692,19.240,42.146,155.942
186.066,19.613,42.146,155.942
186.439,19.987,42.146,155.942
186.813,20.360,42.146,155.942
187.186,20.734,42.146,155.942
187.560,21.107,42.146,155.942
187.933,21.481,42.146,155.942
188.307,21.854,42.146,155.942
188.680,22.228,42.146,155.942
189.054,22.601,42.146,155.942
189.427,22.975,42.146,155.942
189.801,23.348,42.146,155.942
190.174,23.722,42.146,155.942
190.548,24.095,42.146,155.942
190.921,23.722,42.146,155.942
191.120,22.657,42.515,157.306
191.497,22.280,42.515,157.306
192.046,22.584,42.152,155.964
192.590,22.885,41.792,154.632
192.960,22.514,41.792,154.632
193.331,22.144,41.792,154.632
193.701,21.774,41.792,154.632
194.072,21.403,41.792,154.632
194.442,21.033,41.792,154.632
194.812,20.663,41.792,154.632
195.183,20.292,41.792,154.632
195.553,19.922,41.792,154.632
195.923,19.552,41.792,154.632
196.294,19.922,41.792,154.632
196.664,19.552,41.792,154.632
197.034,19.181,41.792,154.632
197.405,18.811,41.792,154.632
197.775,18.440,41.792,154.632
198.146,18.070,41.792,154.632
198.516,17.700,41.792,154.632
198.886,17.329,41.792,154.632
199.257,16.959,41.792,154.632
199.627,16.589,41.792,154.632
199.997,16.218,41.792,154.632
200.368,15.848,41.792,154.632
200.738,15.477,41.792,154.632
201.109,15.107,41.792,154.632
201.305,14.051,42.158,155.985
201.679,13.677,42.158,155.985
202.053,13.304,42.158,155.985
202.426,12.930,42.158,155.985
202.800,12.557,42.158,155.985
203.173,12.183,42.158,155.985
203.547,11.809,42.158,155.985
203.745,10.744,42.527,157.350
204.122,10.367,42.527,157.350
204.323,9.292,42.899,158.727
