129.000,80.000,64.000,78.000
129.221,80.221,64.000,78.000
128.942,79.942,64.000,78.000
128.662,79.662,64.000,78.000
128.383,79.383,64.000,78.000
128.104,79.104,64.000,78.000
127.825,78.825,64.000,78.000
127.546,78.546,64.000,78.000
127.266,78.266,64.000,78.000
126.987,77.987,64.000,78.000
127.266,77.708,64.000,78.000
127.546,77.429,64.000,78.000
127.825,77.150,64.000,78.000
128.104,76.871,64.000,78.000
128.383,76.591,64.000,78.000
128.662,76.312,64.000,78.000
128.942,76.033,64.000,78.000
129.221,75.754,64.000,78.000
129.500,75.475,64.000,78.000
129.779,75.195,64.000,78.000
130.058,74.916,64.000,78.000
130.338,74.637,64.000,78.000
130.617,74.358,64.000,78.000
130.896,74.079,64.000,78.000
131.175,73.799,64.000,78.000
131.454,73.520,64.000,78.000
131.734,73.241,64.000,78.000
132.013,72.962,64.000,78.000
131.734,72.683,64.000,78.000
131.454,72.404,64.000,78.000
131.175,72.124,64.000,78.000
130.896,72.404,64.000,78.000
130.617,72.683,64.000,78.000
130.338,72.962,64.000,78.000
130.058,73.241,64.000,78.000
129.779,73.520,64.000,78.000
129.500,73.799,64.000,78.000
129.221,74.079,64.000,78.000
128.942,74.358,64.000,78.000
128.662,74.637,64.000,78.000
128.383,74.916,64.000,78.000
128.104,75.195,64.000,78.000
127.825,75.475,64.000,78.000
127.546,75.754,64.000,78.000
127.266,76.033,64.000,78.000
126.987,76.312,64.000,78.000
126.708,76.591,64.000,78.000
126.429,76.871,64.000,78.000
126.150,77.150,64.000,78.000
125.871,77.429,64.000,78.000
125.591,77.708,64.000,78.000
125.312,77.987,64.000,78.000
125.033,78.266,64.000,78.000
124.754,78.546,64.000,78.000
124.475,78.825,64.000,78.000
124.195,79.104,64.000,78.000
123.916,79.383,64.000,78.000
123.637,79.662,64.000,78.000
123.358,79.942,64.000,78.000
123.079,80.221,64.000,78.000
122.799,80.500,64.000,78.000
122.520,80.779,64.000,78.000
122.241,81.058,64.000,78.000
121.962,81.338,64.000,78.000
121.683,81.617,64.000,78.000
121.404,81.896,64.000,78.000
121.124,82.175,64.000,78.000
120.845,82.454,64.000,78.000
120.566,82.734,64.000,78.000
120.287,83.013,64.000,78.000
120.008,83.292,64.000,78.000
119.728,83.571,64.000,78.000
119.449,83.850,64.000,78.000
119.995,84.456,63.454,77.334
119.718,84.732,63.454,77.334
119.441,85.009,63.454,77.334
119.164,85.286,63.454,77.334
119.165,85.886,62.912,76.674
119.166,86.481,62.375,76.019
119.167,87.071,61.842,75.370
118.897,87.341,61.842,75.370
118.627,87.611,61.842,75.370
118.357,87.880,61.842,75.370
118.358,88.465,61.315,74.727
118.626,88.733,61.315,74.727
118.358,89.000,61.315,74.727
118.091,89.268,61.315,74.727
117.823,89.535,61.315,74.727
117.556,89.268,61.315,74.727
117.823,89.000,61.315,74.727
118.091,88.733,61.315,74.727
118.358,88.465,61.315,74.727
118.626,88.198,61.315,74.727
119.148,88.256,60.791,74.089
119.413,87.991,60.791,74.089
119.679,87.725,60.791,74.089
119.944,87.991,60.791,74.089
120.209,88.256,60.791,74.089
120.474,87.991,60.791,74.089
120.209,88.256,60.791,74.089
120.210,88.831,60.272,73.457
119.947,89.094,60.272,73.457
119.948,89.664,59.758,72.830
119.419,89.078,60.281,73.467
119.156,89.341,60.281,73.467
119.419,89.604,60.281,73.467
119.933,90.174,59.766,72.840
120.194,90.435,59.766,72.840
120.454,90.174,59.766,72.840
120.964,90.231,59.256,72.218
120.705,89.972,59.256,72.218
120.447,89.714,59.256,72.218
120.447,89.770,58.750,71.601
120.191,90.026,58.750,71.601
119.935,90.282,58.750,71.601
119.936,90.338,58.248,70.990
119.682,90.084,58.248,70.990
119.427,89.830,58.248,70.990
119.173,90.084,58.248,70.990
118.919,90.338,58.248,70.990
118.920,90.889,57.751,70.384
118.668,91.141,57.751,70.384
118.416,91.393,57.751,70.384
118.164,91.644,57.751,70.384
117.912,91.896,57.751,70.384
117.660,92.148,57.751,70.384
117.408,92.400,57.751,70.384
117.156,92.652,57.751,70.384
116.905,92.904,57.751,70.384
116.653,92.652,57.751,70.384
116.401,92.400,57.751,70.384
116.149,92.148,57.751,70.384
115.897,92.400,57.751,70.384
115.645,92.652,57.751,70.384
115.393,92.904,57.751,70.384
115.141,93.156,57.751,70.384
114.889,93.408,57.751,70.384
114.637,93.660,57.751,70.384
114.385,93.912,57.751,70.384
114.133,94.164,57.751,70.384
114.134,94.710,57.258,69.783
114.135,95.251,56.769,69.188
113.887,95.499,56.769,69.188
113.639,95.251,56.769,69.188
113.392,95.004,56.769,69.188
113.144,95.251,56.769,69.188
112.897,95.499,56.769,69.188
112.649,95.747,56.769,69.188
112.401,95.994,56.769,69.188
112.154,96.242,56.769,69.188
111.651,96.193,57.266,69.793
111.402,96.443,57.266,69.793
111.152,96.693,57.266,69.793
110.902,96.943,57.266,69.793
110.652,97.192,57.266,69.793
110.402,97.442,57.266,69.793
110.152,97.692,57.266,69.793
109.646,97.643,57.767,70.404
109.394,97.895,57.767,70.404
108.883,97.845,58.273,71.020
108.629,98.099,58.273,71.020
108.113,98.049,58.783,71.641
107.857,98.306,58.783,71.641
107.337,98.255,59.297,72.268
107.078,98.514,59.297,72.268
106.819,98.772,59.297,72.268
107.078,99.031,59.297,72.268
107.337,99.290,59.297,72.268
107.595,99.548,59.297,72.268
107.854,99.807,59.297,72.268
107.860,99.756,59.816,72.900
108.370,100.322,59.305,72.278
108.875,100.378,58.799,71.661
109.132,100.121,58.799,71.661
109.633,100.177,58.297,71.049
110.130,100.232,57.799,70.443
110.623,100.287,57.306,69.841
110.873,100.037,57.306,69.841
111.123,99.787,57.306,69.841
111.372,99.537,57.306,69.841
111.622,99.787,57.306,69.841
111.872,99.537,57.306,69.841
112.122,99.787,57.306,69.841
112.372,99.537,57.306,69.841
112.622,99.787,57.306,69.841
112.872,99.537,57.306,69.841
113.122,99.287,57.306,69.841
113.372,99.037,57.306,69.841
113.622,99.287,57.306,69.841
113.872,99.537,57.306,69.841
113.622,99.787,57.306,69.841
113.372,99.537,57.306,69.841
113.622,99.287,57.306,69.841
113.372,99.037,57.306,69.841
113.122,99.287,57.306,69.841
112.615,99.237,57.807,70.453
112.363,98.985,57.807,70.453
112.111,99.237,57.807,70.453
112.363,99.490,57.807,70.453
112.615,99.742,57.807,70.453
112.868,99.994,57.807,70.453
113.120,100.246,57.807,70.453
112.868,100.498,57.807,70.453
112.615,100.751,57.807,70.453
112.104,100.701,58.313,71.069
111.850,100.955,58.313,71.069
111.595,101.210,58.313,71.069
111.341,101.464,58.313,71.069
111.087,101.718,58.313,71.069
111.087,102.270,57.815,70.462
110.835,102.522,57.815,70.462
111.328,103.069,57.322,69.861
111.578,102.819,57.322,69.861
111.828,102.569,57.322,69.861
111.578,102.319,57.322,69.861
111.328,102.069,57.322,69.861
111.078,102.319,57.322,69.861
110.828,102.069,57.322,69.861
111.078,101.819,57.322,69.861
111.328,101.568,57.322,69.861
111.817,101.623,56.832,69.264
112.064,101.375,56.832,69.264
112.312,101.127,56.832,69.264
112.560,100.879,56.832,69.264
112.808,101.127,56.832,69.264
113.056,101.375,56.832,69.264
113.057,101.912,56.347,68.673
113.058,101.966,55.866,68.087
112.563,101.418,56.355,68.683
112.317,101.172,56.355,68.683
112.072,100.926,56.355,68.683
111.826,100.680,56.355,68.683
111.826,101.213,55.874,68.096
111.583,101.457,55.874,68.096
111.339,101.701,55.874,68.096
110.845,101.653,56.363,68.692
110.599,101.899,56.363,68.692
110.353,102.145,56.363,68.692
110.107,102.390,56.363,68.692
109.861,102.636,56.363,68.692
109.615,102.882,56.363,68.692
109.369,103.128,56.363,68.692
109.124,103.374,56.363,68.692
108.878,103.620,56.363,68.692
108.632,103.866,56.363,68.692
108.633,104.399,55.882,68.106
108.389,104.643,55.882,68.106
108.145,104.886,55.882,68.106
107.901,105.130,55.882,68.106
107.657,105.374,55.882,68.106
107.414,105.618,55.882,68.106
107.414,106.146,55.405,67.524
107.415,106.670,54.932,66.948
107.175,106.910,54.932,66.948
106.936,107.149,54.932,66.948
107.175,107.389,54.932,66.948
107.415,107.629,54.932,66.948
107.655,107.868,54.932,66.948
108.123,108.388,54.463,66.377
108.361,108.625,54.463,66.377
108.598,108.863,54.463,66.377
108.836,109.101,54.463,66.377
109.073,109.338,54.463,66.377
108.836,109.576,54.463,66.377
108.598,109.813,54.463,66.377
108.116,109.279,54.939,66.957
108.585,109.799,54.470,66.386
108.822,110.037,54.470,66.386
109.060,110.274,54.470,66.386
109.297,110.512,54.470,66.386
109.535,110.749,54.470,66.386
109.773,110.987,54.470,66.386
110.010,111.225,54.470,66.386
109.773,111.462,54.470,66.386
110.010,111.700,54.470,66.386
109.773,111.938,54.470,66.386
109.535,112.175,54.470,66.386
109.297,112.413,54.470,66.386
109.060,112.650,54.470,66.386
108.822,112.888,54.470,66.386
108.585,113.126,54.470,66.386
108.347,113.363,54.470,66.386
108.109,113.601,54.470,66.386
107.872,113.838,54.470,66.386
107.634,114.076,54.470,66.386
107.635,114.591,54.005,65.819
107.636,115.102,53.544,65.257
107.402,115.336,53.544,65.257
107.168,115.569,53.544,65.257
106.935,115.336,53.544,65.257
107.168,115.102,53.544,65.257
106.935,114.868,53.544,65.257
106.935,114.919,53.087,64.700
106.704,115.151,53.087,64.700
106.705,115.653,52.634,64.148
106.934,115.423,52.634,64.148
107.164,115.194,52.634,64.148
107.393,114.964,52.634,64.148
107.623,114.734,52.634,64.148
108.072,114.784,52.185,63.600
108.299,114.557,52.185,63.600
108.527,114.329,52.185,63.600
108.299,114.557,52.185,63.600
108.527,114.329,52.185,63.600
108.299,114.557,52.185,63.600
108.300,115.050,51.739,63.057
108.741,115.099,51.298,62.519
108.517,114.875,51.298,62.519
108.518,114.924,50.860,61.985
108.518,115.405,50.426,61.456
108.519,115.453,49.995,60.931
108.737,115.234,49.995,60.931
108.955,115.453,49.995,60.931
109.173,115.671,49.995,60.931
109.391,115.889,49.995,60.931
109.610,116.107,49.995,60.931
109.828,116.325,49.995,60.931
110.046,116.543,49.995,60.931
110.264,116.761,49.995,60.931
110.690,117.234,49.568,60.411
110.906,117.450,49.568,60.411
111.122,117.666,49.568,60.411
111.545,118.135,49.145,59.896
111.964,118.182,48.726,59.384
112.176,118.394,48.726,59.384
112.389,118.182,48.726,59.384
112.602,117.969,48.726,59.384
112.814,118.182,48.726,59.384
113.027,118.394,48.726,59.384
113.239,118.607,48.726,59.384
113.452,118.819,48.726,59.384
113.664,119.032,48.726,59.384
113.877,119.244,48.726,59.384
114.089,119.457,48.726,59.384
114.302,119.670,48.726,59.384
114.515,119.882,48.726,59.384
114.515,120.343,48.310,58.877
114.304,120.132,48.310,58.877
114.094,120.343,48.310,58.877
114.094,120.800,47.897,58.375
114.303,120.591,47.897,58.375
114.512,120.382,47.897,58.375
114.721,120.173,47.897,58.375
114.930,120.382,47.897,58.375
114.721,120.591,47.897,58.375
114.512,120.800,47.897,58.375
114.303,121.009,47.897,58.375
114.304,121.462,47.488,57.876
114.097,121.669,47.488,57.876
114.097,122.118,47.083,57.382
113.892,122.324,47.083,57.382
114.097,122.529,47.083,57.382
114.499,122.974,46.681,56.893
114.702,123.178,46.681,56.893
114.906,123.382,46.681,56.893
115.304,123.823,46.283,56.407
115.506,124.025,46.283,56.407
115.708,124.227,46.283,56.407
115.712,124.187,46.688,56.900
115.916,124.391,46.688,56.900
116.119,124.594,46.688,56.900
116.323,124.798,46.688,56.900
116.527,125.002,46.688,56.900
116.730,125.205,46.688,56.900
116.934,125.002,46.688,56.900
117.332,125.046,46.289,56.415
117.727,125.484,45.894,55.933
117.927,125.684,45.894,55.933
118.127,125.884,45.894,55.933
117.927,126.084,45.894,55.933
117.727,126.284,45.894,55.933
117.927,126.485,45.894,55.933
118.127,126.685,45.894,55.933
118.327,126.885,45.894,55.933
118.527,126.685,45.894,55.933
118.327,126.485,45.894,55.933
118.127,126.284,45.894,55.933
118.128,126.328,45.502,55.456
118.128,126.371,45.114,54.982
118.129,126.414,44.728,54.513
117.934,126.218,44.728,54.513
117.738,126.023,44.728,54.513
117.543,126.218,44.728,54.513
117.738,126.414,44.728,54.513
117.934,126.609,44.728,54.513
118.129,126.414,44.728,54.513
118.324,126.218,44.728,54.513
118.519,126.023,44.728,54.513
118.714,125.828,44.728,54.513
118.909,125.633,44.728,54.513
119.104,125.828,44.728,54.513
118.909,126.023,44.728,54.513
118.714,125.828,44.728,54.513
118.715,125.871,44.347,54.047
118.908,125.677,44.347,54.047
118.715,125.484,44.347,54.047
118.521,125.290,44.347,54.047
118.129,124.855,44.735,54.520
117.934,124.660,44.735,54.520
117.739,124.465,44.735,54.520
117.739,124.507,44.353,54.055
117.933,124.314,44.353,54.055
118.311,124.356,43.974,53.594
118.502,124.164,43.974,53.594
118.694,123.972,43.974,53.594
118.886,123.780,43.974,53.594
118.890,123.349,44.359,54.062
119.084,123.156,44.359,54.062
118.691,123.118,44.747,54.536
118.887,123.313,44.747,54.536
118.491,123.274,45.139,55.013
118.294,123.471,45.139,55.013
118.097,123.668,45.139,55.013
117.900,123.471,45.139,55.013
117.703,123.668,45.139,55.013
117.304,123.226,45.534,55.494
117.105,123.027,45.534,55.494
116.702,122.581,45.932,55.980
116.502,122.380,45.932,55.980
116.302,122.180,45.932,55.980
116.101,121.980,45.932,55.980
115.901,121.779,45.932,55.980
115.701,121.579,45.932,55.980
115.500,121.378,45.932,55.980
115.094,120.928,46.334,56.469
115.296,120.726,46.334,56.469
115.691,120.770,45.938,55.987
115.891,120.569,45.938,55.987
116.092,120.369,45.938,55.987
116.292,120.169,45.938,55.987
116.092,119.968,45.938,55.987
116.092,120.012,45.546,55.509
115.894,119.813,45.546,55.509
115.695,119.614,45.546,55.509
116.083,119.657,45.157,55.036
116.280,119.460,45.157,55.036
116.477,119.263,45.157,55.036
116.674,119.066,45.157,55.036
117.059,119.109,44.772,54.566
117.441,119.152,44.390,54.100
117.634,118.958,44.390,54.100
117.828,118.764,44.390,54.100
118.022,118.571,44.390,54.100
118.215,118.764,44.390,54.100
118.409,118.958,44.390,54.100
118.787,119.378,44.011,53.638
118.979,119.186,44.011,53.638
119.171,118.994,44.011,53.638
119.363,119.186,44.011,53.638
119.171,119.378,44.011,53.638
118.979,119.570,44.011,53.638
118.590,119.532,44.396,54.108
118.396,119.726,44.396,54.108
118.590,119.919,44.396,54.108
118.784,120.113,44.396,54.108
118.977,119.919,44.396,54.108
119.171,119.726,44.396,54.108
119.365,119.532,44.396,54.108
119.558,119.338,44.396,54.108
119.752,119.145,44.396,54.108
119.946,118.951,44.396,54.108
120.139,118.757,44.396,54.108
120.333,118.563,44.396,54.108
120.527,118.370,44.396,54.108
120.720,118.176,44.396,54.108
120.914,117.982,44.396,54.108
121.108,117.789,44.396,54.108
121.301,117.982,44.396,54.108
121.495,117.789,44.396,54.108
121.689,117.595,44.396,54.108
121.882,117.789,44.396,54.108
