141.000,73.000,27.000,34.000
141.620,73.380,27.000,34.000
141.740,73.260,27.000,34.000
141.860,73.140,27.000,34.000
141.980,73.020,27.000,34.000
142.099,72.901,27.000,34.000
142.219,73.020,27.000,34.000
142.339,73.140,27.000,34.000
142.219,73.260,27.000,34.000
142.099,73.380,27.000,34.000
141.980,73.500,27.000,34.000
141.860,73.620,27.000,34.000
141.740,73.740,27.000,34.000
141.620,73.860,27.000,34.000
141.500,73.980,27.000,34.000
141.380,74.099,27.000,34.000
141.260,74.219,27.000,34.000
141.140,74.339,27.000,34.000
141.020,74.459,27.000,34.000
140.779,74.433,27.236,34.297
140.659,74.554,27.236,34.297
140.538,74.675,27.236,34.297
140.295,74.649,27.475,34.598
140.173,74.771,27.475,34.598
140.051,74.893,27.475,34.598
139.929,75.015,27.475,34.598
139.807,75.137,27.475,34.598
139.685,75.259,27.475,34.598
139.563,75.381,27.475,34.598
139.685,75.503,27.475,34.598
139.807,75.625,27.475,34.598
139.929,75.747,27.475,34.598
140.051,75.869,27.475,34.598
140.287,76.136,27.240,34.302
140.408,76.256,27.240,34.302
140.529,76.377,27.240,34.302
140.650,76.498,27.240,34.302
140.771,76.619,27.240,34.302
140.892,76.740,27.240,34.302
141.012,76.861,27.240,34.302
141.133,76.982,27.240,34.302
141.254,77.103,27.240,34.302
141.375,77.224,27.240,34.302
141.496,77.345,27.240,34.302
141.617,77.466,27.240,34.302
141.738,77.587,27.240,34.302
141.859,77.708,27.240,34.302
141.980,77.829,27.240,34.302
142.101,77.950,27.240,34.302
142.222,78.071,27.240,34.302
142.343,78.192,27.240,34.302
142.464,78.313,27.240,34.302
142.585,78.433,27.240,34.302
142.706,78.554,27.240,34.302
142.585,78.675,27.240,34.302
142.464,78.796,27.240,34.302
142.221,78.770,27.478,34.602
142.099,78.892,27.478,34.602
141.977,79.014,27.478,34.602
141.855,79.136,27.478,34.602
141.609,79.110,27.719,34.905
141.486,79.233,27.719,34.905
141.363,79.356,27.719,34.905
141.240,79.479,27.719,34.905
141.117,79.602,27.719,34.905
140.994,79.725,27.719,34.905
140.871,79.848,27.719,34.905
140.748,79.971,27.719,34.905
140.625,80.094,27.719,34.905
140.502,80.218,27.719,34.905
140.379,80.094,27.719,34.905
140.256,79.971,27.719,34.905
140.133,79.848,27.719,34.905
140.009,79.725,27.719,34.905
139.886,79.602,27.719,34.905
139.763,79.479,27.719,34.905
139.640,79.356,27.719,34.905
139.517,79.233,27.719,34.905
139.394,79.110,27.719,34.905
139.271,78.987,27.719,34.905
139.148,78.864,27.719,34.905
139.025,78.741,27.719,34.905
138.902,78.618,27.719,34.905
138.779,78.495,27.719,34.905
138.656,78.371,27.719,34.905
138.533,78.248,27.719,34.905
138.656,78.125,27.719,34.905
138.779,78.002,27.719,34.905
138.902,78.125,27.719,34.905
139.025,78.248,27.719,34.905
139.148,78.371,27.719,34.905
139.025,78.495,27.719,34.905
138.902,78.618,27.719,34.905
139.025,78.741,27.719,34.905
139.148,78.864,27.719,34.905
139.271,78.987,27.719,34.905
139.394,79.110,27.719,34.905
139.517,79.233,27.719,34.905
139.640,79.110,27.719,34.905
139.763,78.987,27.719,34.905
140.002,79.016,27.482,34.607
140.124,78.894,27.482,34.607
140.360,78.922,27.248,34.312
140.481,78.801,27.248,34.312
140.602,78.680,27.248,34.312
140.723,78.559,27.248,34.312
140.844,78.438,27.248,34.312
140.965,78.317,27.248,34.312
141.086,78.197,27.248,34.312
141.320,78.225,27.015,34.019
141.440,78.105,27.015,34.019
141.560,77.985,27.015,34.019
141.680,77.865,27.015,34.019
141.800,77.745,27.015,34.019
141.920,77.625,27.015,34.019
142.040,77.505,27.015,34.019
142.160,77.385,27.015,34.019
142.280,77.265,27.015,34.019
142.400,77.145,27.015,34.019
142.520,77.025,27.015,34.019
142.640,76.906,27.015,34.019
142.760,76.786,27.015,34.019
142.880,76.666,27.015,34.019
143.000,76.546,27.015,34.019
143.120,76.426,27.015,34.019
143.000,76.306,27.015,34.019
142.880,76.186,27.015,34.019
142.760,76.306,27.015,34.019
142.640,76.426,27.015,34.019
142.520,76.546,27.015,34.019
142.400,76.666,27.015,34.019
142.280,76.786,27.015,34.019
142.160,76.906,27.015,34.019
142.040,77.025,27.015,34.019
141.920,77.145,27.015,34.019
141.800,77.265,27.015,34.019
141.559,77.239,27.251,34.317
141.438,77.360,27.251,34.317
141.317,77.481,27.251,34.317
141.196,77.602,27.251,34.317
140.953,77.576,27.490,34.617
140.707,77.550,27.730,34.920
140.584,77.673,27.730,34.920
140.461,77.796,27.730,34.920
140.338,77.919,27.730,34.920
140.215,78.043,27.730,34.920
140.092,78.166,27.730,34.920
139.969,78.289,27.730,34.920
139.845,78.412,27.730,34.920
139.722,78.535,27.730,34.920
139.599,78.658,27.730,34.920
139.476,78.781,27.730,34.920
139.474,79.050,27.494,34.622
139.352,79.172,27.494,34.622
139.230,79.295,27.494,34.622
139.108,79.417,27.494,34.622
138.986,79.539,27.494,34.622
138.984,79.806,27.259,34.326
138.863,79.927,27.259,34.326
138.742,80.048,27.259,34.326
138.863,80.169,27.259,34.326
138.742,80.290,27.259,34.326
138.863,80.411,27.259,34.326
138.984,80.532,27.259,34.326
139.105,80.653,27.259,34.326
139.226,80.774,27.259,34.326
139.347,80.895,27.259,34.326
139.468,81.016,27.259,34.326
139.589,81.137,27.259,34.326
139.468,81.258,27.259,34.326
139.347,81.379,27.259,34.326
139.226,81.500,27.259,34.326
139.105,81.621,27.259,34.326
138.984,81.742,27.259,34.326
138.863,81.863,27.259,34.326
138.742,81.984,27.259,34.326
138.621,82.105,27.259,34.326
138.500,82.226,27.259,34.326
138.498,82.491,27.026,34.033
138.378,82.611,27.026,34.033
138.258,82.731,27.026,34.033
138.138,82.851,27.026,34.033
138.137,83.113,26.796,33.743
138.018,83.232,26.796,33.743
137.899,83.351,26.796,33.743
137.780,83.470,26.796,33.743
137.661,83.589,26.796,33.743
137.542,83.708,26.796,33.743
137.303,83.682,27.030,34.038
137.183,83.802,27.030,34.038
136.941,83.776,27.266,34.336
136.820,83.897,27.266,34.336
136.577,83.871,27.505,34.636
136.331,83.845,27.746,34.939
136.084,83.818,27.989,35.245
135.960,83.943,27.989,35.245
135.710,83.916,28.233,35.553
135.584,84.041,28.233,35.553
135.459,84.167,28.233,35.553
135.334,84.292,28.233,35.553
135.208,84.417,28.233,35.553
135.083,84.543,28.233,35.553
134.958,84.668,28.233,35.553
134.832,84.793,28.233,35.553
134.707,84.919,28.233,35.553
134.455,84.892,28.480,35.864
134.328,85.018,28.480,35.864
134.202,85.145,28.480,35.864
133.948,84.858,28.730,36.178
133.820,84.730,28.730,36.178
133.693,84.603,28.730,36.178
133.565,84.475,28.730,36.178
133.437,84.348,28.730,36.178
133.310,84.475,28.730,36.178
133.182,84.603,28.730,36.178
133.055,84.730,28.730,36.178
132.927,84.858,28.730,36.178
132.800,84.986,28.730,36.178
132.672,85.113,28.730,36.178
132.545,85.241,28.730,36.178
132.543,85.520,28.484,35.869
132.541,85.796,28.241,35.563
132.416,85.921,28.241,35.563
132.290,86.047,28.241,35.563
132.165,86.172,28.241,35.563
132.039,86.298,28.241,35.563
131.914,86.423,28.241,35.563
131.789,86.548,28.241,35.563
131.663,86.674,28.241,35.563
131.661,86.948,28.000,35.259
131.537,87.072,28.000,35.259
131.413,87.197,28.000,35.259
131.288,87.321,28.000,35.259
131.164,87.445,28.000,35.259
131.040,87.570,28.000,35.259
130.915,87.694,28.000,35.259
130.791,87.818,28.000,35.259
130.667,87.943,28.000,35.259
130.542,88.067,28.000,35.259
130.418,88.191,28.000,35.259
130.294,88.315,28.000,35.259
130.170,88.440,28.000,35.259
130.045,88.564,28.000,35.259
129.921,88.688,28.000,35.259
129.797,88.813,28.000,35.259
129.672,88.937,28.000,35.259
129.548,89.061,28.000,35.259
129.424,89.186,28.000,35.259
129.299,89.310,28.000,35.259
129.175,89.434,28.000,35.259
129.051,89.559,28.000,35.259
128.926,89.683,28.000,35.259
128.802,89.807,28.000,35.259
128.678,89.932,28.000,35.259
128.553,90.056,28.000,35.259
128.429,90.180,28.000,35.259
128.305,90.305,28.000,35.259
128.180,90.429,28.000,35.259
128.056,90.553,28.000,35.259
128.054,90.825,27.761,34.958
127.931,90.948,27.761,34.958
127.808,91.072,27.761,34.958
127.684,91.195,27.761,34.958
127.561,91.318,27.761,34.958
127.438,91.441,27.761,34.958
127.315,91.565,27.761,34.958
127.191,91.688,27.761,34.958
127.068,91.811,27.761,34.958
126.945,91.934,27.761,34.958
126.822,92.058,27.761,34.958
126.698,92.181,27.761,34.958
126.575,92.304,27.761,34.958
126.452,92.427,27.761,34.958
126.329,92.551,27.761,34.958
126.205,92.674,27.761,34.958
126.082,92.797,27.761,34.958
125.959,92.920,27.761,34.958
125.836,93.044,27.761,34.958
125.712,93.167,27.761,34.958
125.589,93.290,27.761,34.958
125.466,93.414,27.761,34.958
125.343,93.537,27.761,34.958
125.219,93.660,27.761,34.958
125.096,93.783,27.761,34.958
124.973,93.907,27.761,34.958
124.849,94.030,27.761,34.958
124.726,94.153,27.761,34.958
124.603,94.276,27.761,34.958
124.480,94.400,27.761,34.958
124.356,94.523,27.761,34.958
124.233,94.646,27.761,34.958
124.110,94.769,27.761,34.958
123.987,94.893,27.761,34.958
123.863,95.016,27.761,34.958
123.740,95.139,27.761,34.958
123.738,95.409,27.524,34.660
123.616,95.531,27.524,34.660
123.614,95.798,27.289,34.364
123.493,95.919,27.289,34.364
123.372,96.040,27.289,34.364
123.251,96.162,27.289,34.364
123.130,96.283,27.289,34.364
123.009,96.404,27.289,34.364
122.887,96.525,27.289,34.364
122.766,96.646,27.289,34.364
122.645,96.767,27.289,34.364
122.524,96.889,27.289,34.364
122.403,97.010,27.289,34.364
122.282,97.131,27.289,34.364
122.160,97.252,27.289,34.364
122.039,97.373,27.289,34.364
121.918,97.252,27.289,34.364
121.797,97.131,27.289,34.364
121.676,97.010,27.289,34.364
121.555,97.131,27.289,34.364
121.433,97.010,27.289,34.364
121.312,96.889,27.289,34.364
121.191,96.767,27.289,34.364
121.070,96.646,27.289,34.364
120.949,96.525,27.289,34.364
120.828,96.404,27.289,34.364
120.706,96.283,27.289,34.364
120.585,96.162,27.289,34.364
120.464,96.040,27.289,34.364
120.343,95.919,27.289,34.364
120.222,95.798,27.289,34.364
120.101,95.677,27.289,34.364
119.979,95.556,27.289,34.364
119.858,95.435,27.289,34.364
119.737,95.313,27.289,34.364
119.616,95.192,27.289,34.364
119.495,95.071,27.289,34.364
119.374,94.950,27.289,34.364
119.252,94.829,27.289,34.364
119.131,94.708,27.289,34.364
119.010,94.586,27.289,34.364
118.889,94.465,27.289,34.364
118.768,94.344,27.289,34.364
118.647,94.223,27.289,34.364
118.526,94.102,27.289,34.364
118.404,94.223,27.289,34.364
118.283,94.344,27.289,34.364
118.162,94.465,27.289,34.364
118.041,94.586,27.289,34.364
117.920,94.708,27.289,34.364
117.799,94.829,27.289,34.364
117.677,94.950,27.289,34.364
117.556,94.829,27.289,34.364
117.435,94.708,27.289,34.364
117.314,94.586,27.289,34.364
117.193,94.465,27.289,34.364
117.072,94.344,27.289,34.364
116.950,94.223,27.289,34.364
116.829,94.102,27.289,34.364
116.586,93.827,27.528,34.665
116.463,93.949,27.528,34.665
116.341,94.072,27.528,34.665
116.219,94.194,27.528,34.665
116.097,94.316,27.528,34.665
115.974,94.438,27.528,34.665
115.852,94.561,27.528,34.665
115.730,94.683,27.528,34.665
115.728,94.950,27.293,34.369
115.607,95.071,27.293,34.369
115.486,95.192,27.293,34.369
115.365,95.314,27.293,34.369
115.244,95.435,27.293,34.369
115.122,95.556,27.293,34.369
115.357,95.821,27.060,34.076
115.237,95.941,27.060,34.076
115.117,96.061,27.060,34.076
114.997,95.941,27.060,34.076
115.001,95.669,27.297,34.374
115.123,95.548,27.297,34.374
115.127,95.273,27.536,34.674
115.250,95.151,27.536,34.674
115.372,95.028,27.536,34.674
115.494,94.906,27.536,34.674
115.616,94.784,27.536,34.674
115.739,94.662,27.536,34.674
115.861,94.539,27.536,34.674
115.983,94.417,27.536,34.674
116.105,94.295,27.536,34.674
116.228,94.173,27.536,34.674
116.350,94.050,27.536,34.674
116.472,93.928,27.536,34.674
116.595,93.806,27.536,34.674
116.717,93.684,27.536,34.674
116.839,93.561,27.536,34.674
116.961,93.439,27.536,34.674
117.084,93.317,27.536,34.674
117.206,93.194,27.536,34.674
117.328,93.072,27.536,34.674
117.450,92.950,27.536,34.674
117.573,92.828,27.536,34.674
117.695,92.705,27.536,34.674
117.817,92.583,27.536,34.674
117.939,92.461,27.536,34.674
118.062,92.339,27.536,34.674
118.184,92.216,27.536,34.674
118.306,92.094,27.536,34.674
118.428,91.972,27.536,34.674
118.433,91.946,27.777,34.978
118.310,92.069,27.777,34.978
118.187,92.192,27.777,34.978
118.063,92.316,27.777,34.978
117.940,92.439,27.777,34.978
117.817,92.562,27.777,34.978
117.693,92.685,27.777,34.978
117.570,92.809,27.777,34.978
117.447,92.685,27.777,34.978
117.323,92.562,27.777,34.978
117.200,92.439,27.777,34.978
116.952,92.159,28.020,35.284
116.828,92.035,28.020,35.284
116.703,91.911,28.020,35.284
116.579,91.786,28.020,35.284
116.577,91.815,27.780,34.983
116.454,91.692,27.780,34.983
116.330,91.569,27.780,34.983
116.207,91.445,27.780,34.983
116.084,91.322,27.780,34.983
116.082,91.351,27.543,34.684
115.960,91.229,27.543,34.684
115.837,91.106,27.543,34.684
115.715,90.984,27.543,34.684
115.713,91.013,27.308,34.388
115.592,90.892,27.308,34.388
115.471,90.770,27.308,34.388
115.350,90.649,27.308,34.388
115.228,90.528,27.308,34.388
115.107,90.407,27.308,34.388
114.863,90.132,27.547,34.689
114.741,90.010,27.547,34.689
114.495,89.732,27.788,34.992
114.372,89.609,27.788,34.992
114.248,89.486,27.788,34.992
114.125,89.362,27.788,34.992
114.002,89.239,27.788,34.992
113.754,88.959,28.031,35.299
113.629,88.835,28.031,35.299
113.505,88.710,28.031,35.299
113.254,88.428,28.277,35.607
113.129,88.303,28.277,35.607
113.003,88.177,28.277,35.607
113.002,88.207,28.035,35.304
112.877,88.082,28.035,35.304
112.753,87.958,28.035,35.304
112.628,87.833,28.035,35.304
112.504,87.709,28.035,35.304
112.379,87.584,28.035,35.304
112.129,87.302,28.280,35.612
112.003,87.177,28.280,35.612
111.878,87.051,28.280,35.612
111.752,86.926,28.280,35.612
111.500,86.641,28.528,35.924
111.373,86.515,28.528,35.924
111.246,86.388,28.528,35.924
110.992,86.101,28.778,36.238
110.735,85.811,29.029,36.555
110.476,85.519,29.283,36.875
110.214,85.225,29.540,37.198
109.951,84.928,29.798,37.523
109.685,84.628,30.059,37.852
109.416,84.325,30.322,38.183
109.146,84.020,30.587,38.517
109.010,83.885,30.587,38.517
108.737,83.577,30.855,38.854
108.600,83.440,30.855,38.854
108.325,83.129,31.125,39.194
108.186,82.991,31.125,39.194
108.048,82.853,31.125,39.194
107.910,82.715,31.125,39.194
107.632,82.402,31.397,39.537
107.493,82.262,31.397,39.537
107.353,82.123,31.397,39.537
107.214,81.983,31.397,39.537
107.075,81.844,31.397,39.537
106.794,81.528,31.672,39.883
106.654,81.388,31.672,39.883
106.513,81.247,31.672,39.883
106.372,81.106,31.672,39.883
106.090,80.788,31.949,40.232
105.805,80.466,32.228,40.584
105.517,80.142,32.510,40.939
105.373,79.998,32.510,40.939
105.082,79.671,32.795,41.297
104.790,79.341,33.082,41.659
104.494,79.008,33.371,42.023
104.196,78.672,33.663,42.391
103.896,78.334,33.958,42.762
103.593,77.992,34.255,43.136
103.287,77.647,34.555,43.513
102.979,77.300,34.857,43.894
102.668,76.949,35.162,44.278
102.354,76.595,35.470,44.666
102.196,76.438,35.470,44.666
101.880,76.081,35.780,45.056
101.721,75.922,35.780,45.056
101.562,75.763,35.780,45.056
101.403,75.604,35.780,45.056
101.244,75.445,35.780,45.056
101.085,75.287,35.780,45.056
100.766,74.927,36.093,45.451
100.606,74.766,36.093,45.451
100.445,74.606,36.093,45.451
100.285,74.446,36.093,45.451
100.125,74.286,36.093,45.451
99.965,74.125,36.093,45.451
99.804,73.965,36.093,45.451
99.482,73.602,36.409,45.848
99.321,73.440,36.409,45.848
98.996,73.074,36.728,46.250
98.832,72.911,36.728,46.250
98.669,72.748,36.728,46.250
98.506,72.585,36.728,46.250
98.343,72.422,36.728,46.250
98.015,72.052,37.049,46.654
97.851,71.888,37.049,46.654
97.520,71.515,37.373,47.063
97.187,71.139,37.700,47.474
97.019,70.972,37.700,47.474
96.852,70.804,37.700,47.474
97.019,70.637,37.700,47.474
96.683,70.258,38.030,47.890
96.343,69.875,38.363,48.309
96.514,69.705,38.363,48.309
96.171,69.319,38.698,48.731
95.999,69.147,38.698,48.731
95.654,68.758,39.037,49.158
95.827,68.584,39.037,49.158
96.001,68.411,39.037,49.158
96.174,68.238,39.037,49.158
96.001,68.064,39.037,49.158
96.174,67.891,39.037,49.158
96.001,67.718,39.037,49.158
96.174,67.544,39.037,49.158
