139.000,112.000,51.000,36.000
139.671,112.329,51.000,36.000
139.841,112.159,51.000,36.000
140.012,111.988,51.000,36.000
140.182,111.818,51.000,36.000
140.353,111.647,51.000,36.000
140.524,111.476,51.000,36.000
140.694,111.306,51.000,36.000
140.865,111.135,51.000,36.000
141.036,110.964,51.000,36.000
141.206,110.794,51.000,36.000
141.377,110.623,51.000,36.000
141.547,110.453,51.000,36.000
141.718,110.282,51.000,36.000
141.889,110.111,51.000,36.000
142.059,109.941,51.000,36.000
142.230,109.770,51.000,36.000
142.401,109.599,51.000,36.000
142.785,109.587,50.565,35.693
142.954,109.417,50.565,35.693
143.123,109.248,50.565,35.693
143.292,109.079,50.565,35.693
143.461,108.910,50.565,35.693
143.631,108.741,50.565,35.693
143.800,108.572,50.565,35.693
143.969,108.402,50.565,35.693
144.138,108.233,50.565,35.693
144.307,108.064,50.565,35.693
144.476,107.895,50.565,35.693
144.646,107.726,50.565,35.693
144.815,107.557,50.565,35.693
144.984,107.387,50.565,35.693
145.153,107.218,50.565,35.693
145.322,107.049,50.565,35.693
145.491,106.880,50.565,35.693
145.661,106.711,50.565,35.693
145.830,106.542,50.565,35.693
145.999,106.372,50.565,35.693
146.168,106.542,50.565,35.693
146.337,106.711,50.565,35.693
146.168,106.880,50.565,35.693
145.999,107.049,50.565,35.693
145.830,107.218,50.565,35.693
145.661,107.387,50.565,35.693
145.491,107.557,50.565,35.693
145.661,107.726,50.565,35.693
145.830,107.895,50.565,35.693
145.999,108.064,50.565,35.693
145.830,108.233,50.565,35.693
145.661,108.402,50.565,35.693
145.491,108.572,50.565,35.693
145.322,108.741,50.565,35.693
145.153,108.910,50.565,35.693
144.984,109.079,50.565,35.693
144.815,109.248,50.565,35.693
144.646,109.417,50.565,35.693
144.476,109.587,50.565,35.693
144.307,109.756,50.565,35.693
143.913,109.773,51.007,36.005
143.742,109.944,51.007,36.005
143.571,110.114,51.007,36.005
143.173,110.132,51.453,36.320
143.001,110.304,51.453,36.320
142.829,110.476,51.453,36.320
142.657,110.648,51.453,36.320
142.485,110.820,51.453,36.320
142.313,110.992,51.453,36.320
141.911,111.010,51.904,36.638
141.506,111.028,52.358,36.958
141.331,111.203,52.358,36.958
140.922,111.221,52.816,37.282
140.745,111.397,52.816,37.282
140.333,111.415,53.278,37.608
139.917,111.434,53.744,37.937
139.738,111.613,53.744,37.937
139.558,111.793,53.744,37.937
139.378,111.973,53.744,37.937
139.198,112.153,53.744,37.937
139.018,112.333,53.744,37.937
138.839,112.512,53.744,37.937
138.659,112.692,53.744,37.937
138.479,112.872,53.744,37.937
138.299,113.052,53.744,37.937
138.119,113.232,53.744,37.937
137.940,113.411,53.744,37.937
137.760,113.591,53.744,37.937
137.580,113.771,53.744,37.937
137.400,113.951,53.744,37.937
137.220,114.131,53.744,37.937
137.041,114.310,53.744,37.937
136.861,114.490,53.744,37.937
136.681,114.670,53.744,37.937
136.501,114.850,53.744,37.937
136.321,115.030,53.744,37.937
136.142,115.209,53.744,37.937
135.962,115.389,53.744,37.937
135.782,115.569,53.744,37.937
135.602,115.749,53.744,37.937
135.422,115.929,53.744,37.937
135.243,116.108,53.744,37.937
135.063,116.288,53.744,37.937
134.883,116.468,53.744,37.937
134.703,116.648,53.744,37.937
134.523,116.828,53.744,37.937
134.344,117.007,53.744,37.937
134.164,117.187,53.744,37.937
133.984,117.367,53.744,37.937
133.804,117.547,53.744,37.937
133.624,117.727,53.744,37.937
133.445,117.906,53.744,37.937
133.265,118.086,53.744,37.937
133.085,118.266,53.744,37.937
132.905,118.446,53.744,37.937
132.725,118.626,53.744,37.937
132.546,118.805,53.744,37.937
132.366,118.985,53.744,37.937
132.186,119.165,53.744,37.937
132.006,119.345,53.744,37.937
131.826,119.525,53.744,37.937
131.647,119.704,53.744,37.937
131.467,119.884,53.744,37.937
131.287,120.064,53.744,37.937
131.107,120.244,53.744,37.937
130.927,120.424,53.744,37.937
130.748,120.603,53.744,37.937
131.152,120.941,53.285,37.613
131.331,121.119,53.285,37.613
131.509,121.297,53.285,37.613
131.687,121.476,53.285,37.613
131.865,121.654,53.285,37.613
132.044,121.832,53.285,37.613
132.222,122.010,53.285,37.613
132.400,122.189,53.285,37.613
132.578,122.367,53.285,37.613
132.757,122.545,53.285,37.613
132.706,122.563,53.752,37.942
132.886,122.743,53.752,37.942
133.066,122.923,53.752,37.942
133.246,123.103,53.752,37.942
133.195,123.121,54.222,38.274
133.144,123.140,54.696,38.609
133.092,123.158,55.175,38.947
133.277,123.343,55.175,38.947
133.461,123.528,55.175,38.947
133.646,123.712,55.175,38.947
133.830,123.897,55.175,38.947
134.015,124.081,55.175,38.947
134.200,124.266,55.175,38.947
134.384,124.450,55.175,38.947
134.569,124.635,55.175,38.947
134.753,124.820,55.175,38.947
134.701,124.838,55.658,39.288
134.648,124.857,56.145,39.632
134.836,125.045,56.145,39.632
134.398,125.064,56.636,39.978
134.209,125.254,56.636,39.978
134.019,125.443,56.636,39.978
133.966,125.463,57.132,40.328
133.520,125.482,57.632,40.681
133.713,125.675,57.632,40.681
133.905,125.868,57.632,40.681
134.098,126.061,57.632,40.681
134.044,126.080,58.136,41.037
133.989,126.100,58.645,41.396
134.185,126.296,58.645,41.396
133.989,126.492,58.645,41.396
133.531,126.512,59.158,41.758
133.069,126.533,59.675,42.124
132.604,126.553,60.197,42.492
132.547,126.573,60.724,42.864
132.344,126.777,60.724,42.864
132.140,126.980,60.724,42.864
132.083,127.001,61.256,43.239
132.288,127.205,61.256,43.239
132.493,127.410,61.256,43.239
132.698,127.615,61.256,43.239
132.903,127.820,61.256,43.239
133.108,128.025,61.256,43.239
133.313,128.230,61.256,43.239
133.517,128.435,61.256,43.239
133.722,128.640,61.256,43.239
133.927,128.845,61.256,43.239
134.132,129.050,61.256,43.239
134.337,129.255,61.256,43.239
134.542,129.460,61.256,43.239
134.747,129.665,61.256,43.239
134.952,129.870,61.256,43.239
134.894,129.890,61.791,43.618
134.836,129.912,62.332,43.999
134.777,129.933,62.878,44.384
134.987,130.143,62.878,44.384
135.197,130.353,62.878,44.384
135.408,130.564,62.878,44.384
135.881,130.959,62.341,44.005
136.351,131.350,61.809,43.630
136.558,131.557,61.809,43.630
137.023,131.541,61.281,43.257
137.485,131.526,60.758,42.888
137.942,131.510,60.239,42.522
138.144,131.309,60.239,42.522
138.598,131.294,59.725,42.159
138.798,131.494,59.725,42.159
138.997,131.693,59.725,42.159
139.197,131.893,59.725,42.159
139.397,132.093,59.725,42.159
139.597,132.293,59.725,42.159
139.797,132.493,59.725,42.159
139.996,132.692,59.725,42.159
139.797,132.892,59.725,42.159
139.597,133.092,59.725,42.159
139.397,133.292,59.725,42.159
139.197,133.492,59.725,42.159
138.997,133.692,59.725,42.159
138.798,133.891,59.725,42.159
138.598,134.091,59.725,42.159
138.398,134.291,59.725,42.159
138.198,134.491,59.725,42.159
137.998,134.691,59.725,42.159
137.798,134.890,59.725,42.159
137.599,135.090,59.725,42.159
137.399,135.290,59.725,42.159
137.199,135.490,59.725,42.159
136.999,135.690,59.725,42.159
136.799,135.889,59.725,42.159
136.600,136.089,59.725,42.159
136.400,136.289,59.725,42.159
136.200,136.489,59.725,42.159
136.000,136.689,59.725,42.159
135.800,136.889,59.725,42.159
135.601,137.088,59.725,42.159
135.401,137.288,59.725,42.159
135.201,137.488,59.725,42.159
135.001,137.688,59.725,42.159
134.801,137.888,59.725,42.159
134.601,138.087,59.725,42.159
134.402,138.287,59.725,42.159
134.202,138.487,59.725,42.159
134.002,138.687,59.725,42.159
133.802,138.887,59.725,42.159
133.336,138.907,60.248,42.528
133.135,139.109,60.248,42.528
132.933,139.310,60.248,42.528
132.731,139.512,60.248,42.528
132.530,139.713,60.248,42.528
132.731,139.915,60.248,42.528
132.933,140.116,60.248,42.528
133.135,140.318,60.248,42.528
133.336,140.116,60.248,42.528
133.538,139.915,60.248,42.528
133.739,139.713,60.248,42.528
133.941,139.512,60.248,42.528
134.142,139.310,60.248,42.528
134.344,139.109,60.248,42.528
134.545,138.907,60.248,42.528
134.747,139.109,60.248,42.528
134.949,138.907,60.248,42.528
135.150,139.109,60.248,42.528
135.352,139.310,60.248,42.528
135.553,139.512,60.248,42.528
136.007,139.890,59.733,42.165
136.457,139.875,59.223,41.805
136.655,139.677,59.223,41.805
136.853,139.479,59.223,41.805
137.051,139.280,59.223,41.805
137.250,139.479,59.223,41.805
137.448,139.677,59.223,41.805
137.646,139.875,59.223,41.805
137.844,140.073,59.223,41.805
137.646,140.271,59.223,41.805
137.448,140.469,59.223,41.805
137.250,140.667,59.223,41.805
137.051,140.866,59.223,41.805
136.853,141.064,59.223,41.805
136.655,141.262,59.223,41.805
136.193,141.282,59.742,42.171
135.993,141.482,59.742,42.171
135.793,141.682,59.742,42.171
135.593,141.882,59.742,42.171
135.653,142.257,59.232,41.811
135.455,142.455,59.232,41.811
135.257,142.653,59.232,41.811
135.059,142.851,59.232,41.811
134.861,143.049,59.232,41.811
134.663,143.247,59.232,41.811
134.464,143.446,59.232,41.811
134.663,143.644,59.232,41.811
134.464,143.842,59.232,41.811
134.266,144.040,59.232,41.811
134.464,144.238,59.232,41.811
134.663,144.436,59.232,41.811
134.861,144.635,59.232,41.811
135.059,144.833,59.232,41.811
135.257,145.031,59.232,41.811
135.455,145.229,59.232,41.811
135.653,145.427,59.232,41.811
135.852,145.625,59.232,41.811
136.050,145.823,59.232,41.811
135.852,146.022,59.232,41.811
135.653,146.220,59.232,41.811
135.852,146.418,59.232,41.811
136.050,146.616,59.232,41.811
135.852,146.814,59.232,41.811
135.653,147.012,59.232,41.811
135.455,147.211,59.232,41.811
135.653,147.409,59.232,41.811
135.455,147.607,59.232,41.811
135.257,147.805,59.232,41.811
135.059,148.003,59.232,41.811
134.861,148.201,59.232,41.811
134.398,148.222,59.750,42.176
133.932,148.242,60.273,42.545
134.134,148.444,60.273,42.545
134.335,148.645,60.273,42.545
134.278,148.666,60.800,42.918
133.804,148.687,61.332,43.293
133.599,148.892,61.332,43.293
133.120,148.913,61.869,43.672
132.637,148.934,62.410,44.054
132.150,148.955,62.956,44.440
131.940,149.166,62.956,44.440
131.729,149.376,62.956,44.440
131.669,149.398,63.507,44.828
131.609,149.419,64.063,45.221
131.549,149.441,64.623,45.616
131.044,149.463,65.189,46.016
130.536,149.485,65.759,46.418
130.316,149.705,65.759,46.418
129.803,149.728,66.334,46.824
129.740,149.751,66.915,47.234
129.676,149.773,67.500,47.647
129.613,149.333,68.091,48.064
129.840,149.561,68.091,48.064
129.309,149.584,68.687,48.485
128.773,149.608,69.288,48.909
128.707,149.156,69.894,49.337
128.641,148.701,70.506,49.769
128.091,148.241,71.123,50.204
128.024,147.778,71.745,50.643
127.956,147.310,72.373,51.087
128.198,147.068,72.373,51.087
128.440,146.826,72.373,51.087
128.198,147.068,72.373,51.087
128.440,146.826,72.373,51.087
128.198,147.068,72.373,51.087
127.956,146.826,72.373,51.087
127.714,146.584,72.373,51.087
127.472,146.342,72.373,51.087
127.230,146.584,72.373,51.087
126.987,146.342,72.373,51.087
126.745,146.099,72.373,51.087
126.503,145.857,72.373,51.087
126.261,145.615,72.373,51.087
126.334,145.597,71.755,50.651
126.406,145.579,71.142,50.218
126.168,145.341,71.142,50.218
125.930,145.103,71.142,50.218
125.692,145.341,71.142,50.218
125.454,145.579,71.142,50.218
125.216,145.817,71.142,50.218
125.287,146.264,70.535,49.789
125.051,146.500,70.535,49.789
124.815,146.736,70.535,49.789
124.579,146.972,70.535,49.789
124.343,147.208,70.535,49.789
124.107,147.443,70.535,49.789
123.871,147.679,70.535,49.789
123.635,147.915,70.535,49.789
123.399,148.151,70.535,49.789
123.163,148.387,70.535,49.789
122.928,148.623,70.535,49.789
122.377,148.647,71.152,50.225
122.139,148.885,71.152,50.225
121.901,149.124,71.152,50.225
122.139,149.362,71.152,50.225
121.901,149.600,71.152,50.225
121.346,149.624,71.775,50.665
120.786,149.648,72.403,51.108
120.543,149.891,72.403,51.108
120.301,150.133,72.403,51.108
120.543,150.375,72.403,51.108
120.786,150.617,72.403,51.108
121.028,150.859,72.403,51.108
121.270,151.102,72.403,51.108
121.512,151.344,72.403,51.108
121.754,151.586,72.403,51.108
121.997,151.828,72.403,51.108
122.239,152.071,72.403,51.108
122.481,152.313,72.403,51.108
122.723,152.555,72.403,51.108
122.966,152.797,72.403,51.108
123.208,153.039,72.403,51.108
123.450,153.282,72.403,51.108
123.382,153.306,73.036,51.555
123.626,153.551,73.036,51.555
123.870,153.795,73.036,51.555
124.115,154.039,73.036,51.555
124.045,153.563,73.675,52.006
124.292,153.810,73.675,52.006
124.222,153.835,74.320,52.461
124.471,153.586,74.320,52.461
123.891,153.612,74.970,52.920
124.142,153.361,74.970,52.920
123.891,153.612,74.970,52.920
124.142,153.361,74.970,52.920
123.891,153.612,74.970,52.920
124.142,153.361,74.970,52.920
123.891,153.612,74.970,52.920
124.142,153.361,74.970,52.920
123.891,153.612,74.970,52.920
124.142,153.361,74.970,52.920
123.891,153.612,74.970,52.920
124.142,153.361,74.970,52.920
123.891,153.612,74.970,52.920
124.142,153.361,74.970,52.920
123.891,153.612,74.970,52.920
124.142,153.361,74.970,52.920
123.891,153.612,74.970,52.920
124.142,153.361,74.970,52.920
123.891,153.612,74.970,52.920
124.142,153.361,74.970,52.920
123.891,153.612,74.970,52.920
124.142,153.361,74.970,52.920
123.891,153.612,74.970,52.920
123.820,153.637,75.626,53.383
123.748,153.663,76.288,53.850
124.004,153.918,76.288,53.850
124.259,154.174,76.288,53.850
124.514,154.429,76.288,53.850
124.442,154.455,76.956,54.322
124.699,154.712,76.956,54.322
124.957,154.970,76.956,54.322
125.214,154.712,76.956,54.322
125.472,154.970,76.956,54.322
125.729,155.227,76.956,54.322
125.987,154.970,76.956,54.322
126.244,155.227,76.956,54.322
125.987,155.485,76.956,54.322
126.244,155.227,76.956,54.322
126.171,154.726,77.629,54.797
126.098,154.220,78.308,55.276
125.836,154.482,78.308,55.276
125.574,154.744,78.308,55.276
125.500,154.233,78.993,55.760
125.764,153.969,78.993,55.760
126.029,153.705,78.993,55.760
126.293,153.440,78.993,55.760
126.557,153.176,78.993,55.760
126.821,152.912,78.993,55.760
127.086,152.648,78.993,55.760
127.350,152.383,78.993,55.760
127.614,152.119,78.993,55.760
127.878,151.855,78.993,55.760
127.614,152.119,78.993,55.760
127.878,151.855,78.993,55.760
128.143,152.119,78.993,55.760
128.407,151.855,78.993,55.760
128.671,152.119,78.993,55.760
128.936,152.383,78.993,55.760
129.200,152.119,78.993,55.760
129.464,152.383,78.993,55.760
129.728,152.119,78.993,55.760
129.993,151.855,78.993,55.760
130.257,152.119,78.993,55.760
130.521,151.855,78.993,55.760
130.785,152.119,78.993,55.760
131.050,151.855,78.993,55.760
131.314,152.119,78.993,55.760
131.578,152.383,78.993,55.760
131.843,152.119,78.993,55.760
131.578,152.383,78.993,55.760
131.314,152.648,78.993,55.760
131.050,152.912,78.993,55.760
131.314,152.648,78.993,55.760
131.578,152.383,78.993,55.760
131.843,152.119,78.993,55.760
131.578,152.383,78.993,55.760
131.658,152.879,78.319,55.284
131.920,152.617,78.319,55.284
131.658,152.355,78.319,55.284
131.396,152.093,78.319,55.284
131.134,152.355,78.319,55.284
130.872,152.617,78.319,55.284
130.950,153.109,77.651,54.812
130.690,153.368,77.651,54.812
130.431,153.628,77.651,54.812
130.171,153.888,77.651,54.812
129.911,154.148,77.651,54.812
129.651,154.408,77.651,54.812
129.392,154.667,77.651,54.812
129.132,154.927,77.651,54.812
128.872,155.187,77.651,54.812
128.612,155.447,77.651,54.812
128.006,155.473,78.330,55.292
127.395,155.500,79.015,55.776
126.778,155.527,79.707,56.264
126.156,155.554,80.404,56.756
126.425,155.823,80.404,56.756
126.694,156.092,80.404,56.756
126.963,156.361,80.404,56.756
127.232,156.630,80.404,56.756
126.605,156.657,81.108,57.252
126.333,156.929,81.108,57.252
126.605,156.657,81.108,57.252
126.333,156.929,81.108,57.252
126.605,156.657,81.108,57.252
126.333,156.386,81.108,57.252
126.605,156.115,81.108,57.252
126.333,155.843,81.108,57.252
126.062,155.572,81.108,57.252
125.791,155.301,81.108,57.252
126.062,155.029,81.108,57.252
125.791,154.758,81.108,57.252
126.062,154.487,81.108,57.252
126.333,154.215,81.108,57.252
126.605,153.944,81.108,57.252
126.876,153.673,81.108,57.252
127.147,153.401,81.108,57.252
127.419,153.130,81.108,57.252
127.690,152.859,81.108,57.252
127.961,152.587,81.108,57.252
128.233,152.316,81.108,57.252
127.961,152.045,81.108,57.252
128.233,151.773,81.108,57.252
127.961,151.502,81.108,57.252
127.690,151.230,81.108,57.252
127.419,150.959,81.108,57.252
127.500,151.468,80.415,56.764
127.231,151.199,80.415,56.764
127.500,150.930,80.415,56.764
127.424,150.406,81.119,57.260
127.696,150.135,81.119,57.260
127.967,149.863,81.119,57.260
127.890,149.335,81.829,57.761
128.164,149.061,81.829,57.761
128.438,148.787,81.829,57.761
128.711,148.513,81.829,57.761
128.985,148.240,81.829,57.761
128.711,147.966,81.829,57.761
128.438,147.692,81.829,57.761
128.164,147.418,81.829,57.761
127.890,147.145,81.829,57.761
127.616,146.871,81.829,57.761
127.890,146.597,81.829,57.761
127.616,146.871,81.829,57.761
127.890,146.597,81.829,57.761
127.616,146.871,81.829,57.761
127.890,146.597,81.829,57.761
127.616,146.323,81.829,57.761
127.890,146.049,81.829,57.761
127.616,145.776,81.829,57.761
127.343,145.502,81.829,57.761
127.069,145.776,81.829,57.761
126.795,146.049,81.829,57.761
126.521,146.323,81.829,57.761
126.248,146.597,81.829,57.761
125.974,146.871,81.829,57.761
125.700,147.145,81.829,57.761
125.426,147.418,81.829,57.761
125.153,147.692,81.829,57.761
124.879,147.966,81.829,57.761
124.605,148.240,81.829,57.761
124.331,148.513,81.829,57.761
124.058,148.787,81.829,57.761
123.784,149.061,81.829,57.761
123.510,149.335,81.829,57.761
123.236,149.608,81.829,57.761
122.962,149.882,81.829,57.761
123.045,150.396,81.130,57.268
123.126,150.905,80.438,56.779
123.207,151.410,79.751,56.295
123.808,151.910,79.070,55.814
124.403,152.407,78.395,55.338
124.665,152.669,78.395,55.338
125.256,153.161,77.726,54.865
125.516,152.901,77.726,54.865
125.776,152.641,77.726,54.865
126.036,152.381,77.726,54.865
126.622,152.362,77.062,54.397
127.202,152.342,76.405,53.933
127.777,152.323,75.752,53.472
128.348,152.304,75.106,53.016
128.424,152.775,74.465,52.563
128.984,152.757,73.829,52.114
129.540,152.738,73.199,51.670
129.785,152.493,73.199,51.670
130.337,152.953,72.574,51.229
130.580,153.196,72.574,51.229
131.126,153.177,71.954,50.791
131.367,152.937,71.954,50.791
131.909,152.919,71.340,50.358
132.446,152.901,70.731,49.928
132.979,152.883,70.127,49.502
133.507,152.865,69.529,49.079
133.740,152.633,69.529,49.079
133.972,152.400,69.529,49.079
134.496,152.383,68.935,48.660
134.727,152.152,68.935,48.660
134.957,151.921,68.935,48.660
135.477,151.904,68.347,48.245
135.991,151.887,67.763,47.833
136.218,151.660,67.763,47.833
136.445,151.433,67.763,47.833
136.672,151.207,67.763,47.833
136.898,150.980,67.763,47.833
137.409,150.963,67.185,47.424
137.633,150.738,67.185,47.424
137.858,150.514,67.185,47.424
138.083,150.289,67.185,47.424
138.308,150.064,67.185,47.424
138.532,149.839,67.185,47.424
138.757,149.614,67.185,47.424
138.982,149.390,67.185,47.424
139.207,149.165,67.185,47.424
139.713,149.148,66.611,47.020
139.936,148.925,66.611,47.020
140.159,148.702,66.611,47.020
140.381,148.479,66.611,47.020
140.604,148.257,66.611,47.020
140.827,148.034,66.611,47.020
141.050,147.811,66.611,47.020
141.273,147.588,66.611,47.020
141.496,147.365,66.611,47.020
141.718,147.142,66.611,47.020
141.941,146.920,66.611,47.020
142.443,146.903,66.042,46.618
142.664,146.682,66.042,46.618
142.885,146.461,66.042,46.618
143.106,146.240,66.042,46.618
143.327,146.019,66.042,46.618
143.264,145.589,66.620,47.026
143.487,145.366,66.620,47.026
143.710,145.143,66.620,47.026
143.933,144.920,66.620,47.026
144.156,144.697,66.620,47.026
144.379,144.474,66.620,47.026
144.602,144.251,66.620,47.026
144.825,144.028,66.620,47.026
145.047,143.806,66.620,47.026
145.270,143.583,66.620,47.026
145.493,143.360,66.620,47.026
145.716,143.137,66.620,47.026
145.939,142.914,66.620,47.026
146.162,142.691,66.620,47.026
146.385,142.468,66.620,47.026
146.608,142.245,66.620,47.026
146.830,142.023,66.620,47.026
147.053,141.800,66.620,47.026
147.276,141.577,66.620,47.026
147.499,141.354,66.620,47.026
147.722,141.131,66.620,47.026
147.945,140.908,66.620,47.026
148.168,140.685,66.620,47.026
148.391,140.462,66.620,47.026
148.614,140.239,66.620,47.026
148.836,140.017,66.620,47.026
149.059,139.794,66.620,47.026
149.282,139.571,66.620,47.026
149.505,139.348,66.620,47.026
149.728,139.125,66.620,47.026
149.951,138.902,66.620,47.026
150.174,138.679,66.620,47.026
149.951,138.456,66.620,47.026
149.728,138.234,66.620,47.026
149.505,138.456,66.620,47.026
149.282,138.679,66.620,47.026
149.505,138.456,66.620,47.026
149.728,138.234,66.620,47.026
149.951,138.011,66.620,47.026
149.728,138.234,66.620,47.026
149.505,138.456,66.620,47.026
149.282,138.679,66.620,47.026
149.059,138.902,66.620,47.026
148.836,139.125,66.620,47.026
148.614,139.348,66.620,47.026
148.391,139.571,66.620,47.026
148.168,139.794,66.620,47.026
147.945,140.017,66.620,47.026
147.722,140.239,66.620,47.026
147.499,140.462,66.620,47.026
146.979,140.485,67.203,47.438
146.754,140.710,67.203,47.438
146.979,140.935,67.203,47.438
147.204,141.160,67.203,47.438
147.429,141.384,67.203,47.438
147.654,141.160,67.203,47.438
147.879,140.935,67.203,47.438
148.103,140.710,67.203,47.438
148.328,140.485,67.203,47.438
148.553,140.260,67.203,47.438
148.778,140.035,67.203,47.438
149.003,140.260,67.203,47.438
148.778,140.485,67.203,47.438
148.553,140.710,67.203,47.438
148.328,140.935,67.203,47.438
148.103,141.160,67.203,47.438
147.879,141.384,67.203,47.438
147.654,141.609,67.203,47.438
147.429,141.834,67.203,47.438
147.204,142.059,67.203,47.438
146.979,142.284,67.203,47.438
146.754,142.509,67.203,47.438
146.530,142.733,67.203,47.438
146.305,142.958,67.203,47.438
145.780,142.981,67.791,47.853
145.251,143.004,68.384,48.271
145.022,143.233,68.384,48.271
144.794,143.462,68.384,48.271
144.260,143.485,68.983,48.694
144.029,143.716,68.983,48.694
143.798,143.947,68.983,48.694
144.029,144.177,68.983,48.694
144.260,144.408,68.983,48.694
144.491,144.177,68.983,48.694
144.721,143.947,68.983,48.694
144.952,143.716,68.983,48.694
145.183,143.485,68.983,48.694
145.414,143.254,68.983,48.694
145.645,143.024,68.983,48.694
145.875,142.793,68.983,48.694
146.106,142.562,68.983,48.694
146.337,142.331,68.983,48.694
146.568,142.100,68.983,48.694
146.799,141.870,68.983,48.694
147.029,141.639,68.983,48.694
146.799,141.408,68.983,48.694
146.568,141.177,68.983,48.694
146.337,140.946,68.983,48.694
146.106,140.716,68.983,48.694
145.875,140.485,68.983,48.694
145.645,140.716,68.983,48.694
145.414,140.485,68.983,48.694
145.183,140.254,68.983,48.694
145.118,139.805,69.586,49.120
145.052,139.351,70.195,49.550
144.986,138.894,70.810,49.983
144.919,138.918,71.429,50.421
144.851,138.452,72.054,50.862
144.783,137.983,72.685,51.307
144.540,137.739,72.685,51.307
144.297,137.496,72.685,51.307
144.053,137.253,72.685,51.307
143.810,137.010,72.685,51.307
143.567,136.767,72.685,51.307
143.324,136.524,72.685,51.307
143.081,136.280,72.685,51.307
142.838,136.037,72.685,51.307
142.594,135.794,72.685,51.307
142.351,135.551,72.685,51.307
142.108,135.308,72.685,51.307
141.541,134.834,73.321,51.756
141.296,134.589,73.321,51.756
141.050,134.834,73.321,51.756
140.805,135.079,73.321,51.756
140.560,135.325,73.321,51.756
140.314,135.570,73.321,51.756
140.069,135.815,73.321,51.756
139.824,136.060,73.321,51.756
139.578,136.306,73.321,51.756
139.333,136.551,73.321,51.756
138.761,136.576,73.962,52.209
138.514,136.823,73.962,52.209
138.266,137.071,73.962,52.209
137.689,137.096,74.609,52.665
137.439,137.346,74.609,52.665
137.369,136.859,75.262,53.126
137.297,136.369,75.921,53.591
137.551,136.623,75.921,53.591
137.297,136.877,75.921,53.591
137.043,137.131,75.921,53.591
136.789,137.385,75.921,53.591
136.536,137.131,75.921,53.591
136.282,136.877,75.921,53.591
135.689,136.382,76.585,54.060
135.766,136.863,75.931,53.598
135.173,136.889,76.596,54.067
135.750,137.370,75.942,53.606
135.678,137.395,76.606,54.075
135.606,136.896,77.277,54.548
135.533,136.393,77.953,55.025
135.459,135.884,78.635,55.507
135.385,135.372,79.323,55.993
135.310,134.855,80.017,56.483
135.234,134.333,80.717,56.977
135.158,133.807,81.423,57.475
135.081,133.277,82.136,57.978
135.003,132.741,82.854,58.486
134.925,132.201,83.579,58.997
134.846,131.657,84.311,59.513
134.766,131.107,85.048,60.034
134.685,130.553,85.793,60.560
134.604,129.994,86.543,61.089
134.522,129.430,87.301,61.624
134.440,128.861,88.064,62.163
134.357,128.287,88.835,62.707
134.654,127.990,88.835,62.707
134.951,127.692,88.835,62.707
134.867,127.113,89.612,63.256
135.167,126.814,89.612,63.256
135.467,127.113,89.612,63.256
135.766,127.413,89.612,63.256
136.066,127.713,89.612,63.256
136.366,127.413,89.612,63.256
136.666,127.113,89.612,63.256
136.966,126.814,89.612,63.256
137.265,126.514,89.612,63.256
136.966,126.814,89.612,63.256
136.666,127.113,89.612,63.256
136.366,127.413,89.612,63.256
136.066,127.113,89.612,63.256
135.766,127.413,89.612,63.256
135.467,127.713,89.612,63.256
135.167,127.413,89.612,63.256
134.867,127.113,89.612,63.256
134.567,126.814,89.612,63.256
133.868,126.230,90.396,63.809
133.565,125.927,90.396,63.809
133.263,126.230,90.396,63.809
132.961,126.532,90.396,63.809
132.658,126.834,90.396,63.809
132.749,127.402,89.625,63.265
132.449,127.702,89.625,63.265
132.149,128.002,89.625,63.265
131.849,128.301,89.625,63.265
131.939,128.864,88.860,62.724
131.642,129.161,88.860,62.724
131.345,129.459,88.860,62.724
131.048,129.756,88.860,62.724
130.750,130.053,88.860,62.724
130.453,130.350,88.860,62.724
130.156,130.648,88.860,62.724
129.858,130.945,88.860,62.724
129.561,131.242,88.860,62.724
129.264,131.540,88.860,62.724
128.967,131.837,88.860,62.724
128.669,132.134,88.860,62.724
128.372,132.431,88.860,62.724
128.075,132.729,88.860,62.724
127.777,133.026,88.860,62.724
127.480,133.323,88.860,62.724
127.183,133.620,88.860,62.724
126.886,133.918,88.860,62.724
126.588,134.215,88.860,62.724
126.291,134.512,88.860,62.724
125.994,134.810,88.860,62.724
125.696,135.107,88.860,62.724
125.399,135.404,88.860,62.724
125.102,135.107,88.860,62.724
124.805,134.810,88.860,62.724
124.507,135.107,88.860,62.724
124.210,135.404,88.860,62.724
123.913,135.701,88.860,62.724
123.615,135.999,88.860,62.724
123.318,136.296,88.860,62.724
123.021,136.593,88.860,62.724
122.724,136.296,88.860,62.724
123.021,135.999,88.860,62.724
123.318,135.701,88.860,62.724
123.615,135.404,88.860,62.724
123.318,135.701,88.860,62.724
123.021,135.999,88.860,62.724
122.724,136.296,88.860,62.724
122.426,136.593,88.860,62.724
122.129,136.891,88.860,62.724
121.832,137.188,88.860,62.724
121.534,137.485,88.860,62.724
121.237,137.782,88.860,62.724
120.940,138.080,88.860,62.724
120.643,138.377,88.860,62.724
120.345,138.674,88.860,62.724
120.048,138.972,88.860,62.724
119.751,139.269,88.860,62.724
120.048,138.972,88.860,62.724
120.345,138.674,88.860,62.724
120.643,138.377,88.860,62.724
120.940,138.080,88.860,62.724
120.856,138.110,89.637,63.273
120.556,138.410,89.637,63.273
120.256,138.710,89.637,63.273
119.956,139.010,89.637,63.273
119.656,139.310,89.637,63.273
118.957,139.340,90.422,63.827
118.871,138.751,91.213,64.385
119.176,139.056,91.213,64.385
119.482,138.751,91.213,64.385
119.395,138.156,92.011,64.949
119.308,137.557,92.816,65.517
119.220,136.952,93.628,66.090
119.132,136.342,94.447,66.669
119.043,135.726,95.274,67.252
118.952,135.105,96.107,67.840
119.274,134.784,96.107,67.840
119.596,134.462,96.107,67.840
119.917,134.140,96.107,67.840
120.239,133.819,96.107,67.840
120.560,133.497,96.107,67.840
120.882,133.176,96.107,67.840
121.203,132.854,96.107,67.840
121.112,132.887,96.948,68.434
120.356,132.920,97.797,69.033
120.029,133.247,97.797,69.033
119.265,133.281,98.652,69.637
118.935,133.611,98.652,69.637
118.165,133.644,99.516,70.246
117.389,133.678,100.386,70.861
116.605,133.713,101.265,71.481
116.510,133.053,102.151,72.106
116.413,132.387,103.045,72.737
116.315,131.715,103.946,73.374
116.663,131.367,103.946,73.374
117.011,131.020,103.946,73.374
117.359,130.672,103.946,73.374
117.260,129.994,104.856,74.016
117.611,129.644,104.856,74.016
117.512,128.960,105.773,74.663
117.158,129.314,105.773,74.663
116.804,129.668,105.773,74.663
116.450,130.022,105.773,74.663
115.625,130.058,106.699,75.317
115.268,130.415,106.699,75.317
114.911,130.772,106.699,75.317
114.554,131.129,106.699,75.317
114.197,131.486,106.699,75.317
113.364,131.522,107.632,75.976
113.004,131.882,107.632,75.976
112.902,131.181,108.574,76.641
113.266,130.818,108.574,76.641
113.629,130.454,108.574,76.641
113.992,130.091,108.574,76.641
113.145,130.128,109.524,77.311
112.290,130.165,110.482,77.988
111.920,130.535,110.482,77.988
111.551,130.905,110.482,77.988
111.181,131.274,110.482,77.988
110.319,130.554,111.449,78.670
109.449,129.828,112.424,79.358
109.073,130.204,112.424,79.358
108.196,130.242,113.408,80.053
107.311,130.281,114.400,80.753
106.418,130.320,115.401,81.460
105.517,130.359,116.411,82.173
104.609,130.399,117.430,82.892
103.692,130.439,118.457,83.617
103.296,130.835,118.457,83.617
102.900,131.232,118.457,83.617
101.975,131.272,119.494,84.349
101.043,131.313,120.539,85.087
100.102,130.527,121.594,85.831
99.153,129.735,122.658,86.582
98.743,129.324,122.658,86.582
97.785,129.366,123.731,87.340
96.820,129.408,124.814,88.104
96.402,129.826,124.814,88.104
95.428,129.868,125.906,88.875
95.007,130.290,125.906,88.875
94.888,129.469,127.008,89.653
95.313,129.044,127.008,89.653
95.738,128.619,127.008,89.653
96.163,128.194,127.008,89.653
95.171,128.238,128.119,90.437
94.743,128.666,128.119,90.437
93.743,128.710,129.240,91.228
92.734,128.754,130.371,92.027
91.717,127.904,131.512,92.832
90.691,127.047,132.662,93.644
90.247,126.603,132.662,93.644
89.211,125.739,133.823,94.463
88.764,126.187,133.823,94.463
87.719,126.232,134.994,95.290
87.268,126.684,134.994,95.290
86.816,127.135,134.994,95.290
86.364,127.587,134.994,95.290
85.913,128.039,134.994,95.290
85.461,128.490,134.994,95.290
85.010,128.942,134.994,95.290
83.956,128.988,136.175,96.124
82.893,129.034,137.367,96.965
81.821,129.081,138.569,97.813
80.740,129.128,139.781,98.669
80.272,128.661,139.781,98.669
79.181,127.750,141.004,99.533
78.081,126.831,142.238,100.403
76.971,125.904,143.483,101.282
76.491,125.424,143.483,101.282
76.011,125.904,143.483,101.282
75.531,126.384,143.483,101.282
74.411,126.433,144.738,102.168
73.927,126.917,144.738,102.168
72.797,126.966,146.005,103.062
72.309,127.455,146.005,103.062
71.169,127.505,147.282,103.964
70.020,127.555,148.571,104.874
68.860,127.605,149.871,105.791
67.691,127.657,151.182,106.717
66.511,127.708,152.505,107.651
66.001,128.218,152.505,107.651
65.491,128.728,152.505,107.651
64.980,129.239,152.505,107.651
63.790,129.291,153.840,108.593
62.590,129.343,155.186,109.543
62.070,129.862,155.186,109.543
61.551,130.382,155.186,109.543
60.340,130.434,156.544,110.501
59.816,129.911,156.544,110.501
59.293,129.387,156.544,110.501
58.769,128.863,156.544,110.501
57.547,127.843,157.913,111.468
56.315,127.897,159.295,112.444
55.782,128.430,159.295,112.444
55.249,128.963,159.295,112.444
54.006,129.017,160.689,113.427
53.468,129.555,160.689,113.427
52.931,130.092,160.689,113.427
51.677,130.147,162.095,114.420
50.412,130.202,163.513,115.421
49.136,129.137,164.944,116.431
48.584,128.585,164.944,116.431
48.032,128.033,164.944,116.431
47.480,127.481,164.944,116.431
46.928,126.929,164.944,116.431
46.376,126.377,164.944,116.431
45.825,125.826,164.944,116.431
45.273,125.274,164.944,116.431
43.985,124.199,166.387,117.450
43.429,123.642,166.387,117.450
42.872,123.085,166.387,117.450
41.574,122.001,167.843,118.478
40.264,122.058,169.312,119.514
39.697,121.492,169.312,119.514
38.376,120.388,170.793,120.560
37.043,119.275,172.288,121.615
36.467,118.699,172.288,121.615
35.890,118.122,172.288,121.615
35.314,117.546,172.288,121.615
34.738,116.970,172.288,121.615
34.161,116.393,172.288,121.615
33.585,115.817,172.288,121.615
33.008,115.240,172.288,121.615
32.432,114.664,172.288,121.615
31.856,114.088,172.288,121.615
30.511,112.965,173.795,122.679
29.930,112.383,173.795,122.679
29.348,111.802,173.795,122.679
28.767,111.220,173.795,122.679
28.185,110.639,173.795,122.679
27.604,110.058,173.795,122.679
27.022,109.476,173.795,122.679
26.441,108.895,173.795,122.679
25.859,108.313,173.795,122.679
25.278,107.732,173.795,122.679
24.697,107.150,173.795,122.679
24.115,106.569,173.795,122.679
22.759,106.628,175.316,123.752
22.172,107.215,175.316,123.752
21.586,107.801,175.316,123.752
20.999,108.388,175.316,123.752
20.413,107.801,175.316,123.752
19.045,106.659,176.850,124.835
18.453,107.250,176.850,124.835
17.861,107.842,176.850,124.835
17.270,107.250,176.850,124.835
17.861,106.659,176.850,124.835
18.453,106.067,176.850,124.835
17.861,105.475,176.850,124.835
17.270,106.067,176.850,124.835
16.678,106.659,176.850,124.835
16.086,107.250,176.850,124.835
15.495,107.842,176.850,124.835
14.903,108.434,176.850,124.835
15.081,109.544,175.340,123.770
14.494,110.130,175.340,123.770
15.081,109.544,175.340,123.770
15.667,108.957,175.340,123.770
16.254,108.370,175.340,123.770
17.574,108.326,173.843,122.713
18.156,107.745,173.843,122.713
18.738,107.163,173.843,122.713
19.319,106.582,173.843,122.713
18.738,106.000,173.843,122.713
18.156,106.582,173.843,122.713
17.574,107.163,173.843,122.713
16.993,107.745,173.843,122.713
16.411,108.326,173.843,122.713
15.830,108.908,173.843,122.713
15.248,109.490,173.843,122.713
15.830,108.908,173.843,122.713
16.411,108.326,173.843,122.713
17.721,108.283,172.359,121.665
19.019,108.240,170.888,120.627
19.591,107.668,170.888,120.627
20.162,107.096,170.888,120.627
20.734,106.524,170.888,120.627
22.021,106.482,169.429,119.597
22.588,105.915,169.429,119.597
23.864,105.872,167.983,118.576
24.426,105.310,167.983,118.576
24.988,105.872,167.983,118.576
25.550,106.434,167.983,118.576
25.719,107.489,166.549,117.564
26.276,108.046,166.549,117.564
26.833,107.489,166.549,117.564
27.391,106.931,166.549,117.564
27.948,106.374,166.549,117.564
28.505,105.817,166.549,117.564
29.759,105.775,165.127,116.560
31.003,105.734,163.718,115.565
32.236,105.693,162.320,114.579
33.459,105.652,160.934,113.601
34.671,105.611,159.560,112.631
35.873,105.571,158.198,111.669
37.065,105.532,156.848,110.716
38.246,106.516,155.509,109.771
38.766,107.036,155.509,109.771
39.938,108.013,154.181,108.834
41.099,108.980,152.865,107.905
42.250,109.940,151.560,106.984
43.392,110.891,150.267,106.070
44.524,111.834,148.984,105.165
45.646,112.770,147.712,104.267
46.759,113.697,146.451,103.377
47.862,114.616,145.201,102.495
48.347,115.102,145.201,102.495
49.441,116.013,143.961,101.620
50.525,116.917,142.732,100.752
51.601,117.813,141.514,99.892
52.666,118.701,140.306,99.039
53.723,119.582,139.108,98.194
54.771,120.455,137.921,97.356
55.233,120.916,137.921,97.356
56.271,121.782,136.743,96.525
57.301,122.640,135.576,95.701
58.323,123.491,134.419,94.884
59.335,124.335,133.271,94.074
60.339,125.171,132.133,93.271
61.334,126.001,131.005,92.474
61.772,126.439,131.005,92.474
62.759,127.261,129.887,91.685
63.737,128.077,128.778,90.902
64.168,128.508,128.778,90.902
64.599,128.938,128.778,90.902
65.569,129.747,127.679,90.126
65.996,130.174,127.679,90.126
66.958,130.142,126.589,89.357
67.381,130.565,126.589,89.357
68.335,131.360,125.508,88.594
68.755,131.780,125.508,88.594
68.636,131.823,126.607,89.369
69.060,131.399,126.607,89.369
70.013,131.367,125.526,88.606
70.433,130.947,125.526,88.606
70.853,130.527,125.526,88.606
71.273,130.107,125.526,88.606
72.219,130.076,124.454,87.850
72.635,129.659,124.454,87.850
73.051,129.243,124.454,87.850
73.468,128.827,124.454,87.850
74.405,128.796,123.392,87.100
74.818,128.383,123.392,87.100
75.231,127.970,123.392,87.100
75.644,127.557,123.392,87.100
76.056,127.144,123.392,87.100
76.469,126.731,123.392,87.100
76.882,126.319,123.392,87.100
77.295,125.906,123.392,87.100
77.708,125.493,123.392,87.100
78.121,125.080,123.392,87.100
78.533,124.667,123.392,87.100
78.946,124.255,123.392,87.100
79.359,123.842,123.392,87.100
79.772,123.429,123.392,87.100
80.185,123.016,123.392,87.100
80.597,122.603,123.392,87.100
81.010,122.191,123.392,87.100
81.423,121.778,123.392,87.100
82.352,121.747,122.338,86.357
82.762,121.337,122.338,86.357
83.171,120.928,122.338,86.357
83.580,120.519,122.338,86.357
83.990,120.110,122.338,86.357
84.399,119.700,122.338,86.357
85.320,119.670,121.294,85.619
86.234,120.431,120.259,84.888
86.636,120.833,120.259,84.888
87.039,121.236,120.259,84.888
87.441,121.638,120.259,84.888
87.843,122.040,120.259,84.888
87.964,122.795,119.232,84.164
88.862,123.544,118.214,83.445
89.258,123.939,118.214,83.445
90.148,123.909,117.205,82.733
90.540,124.301,117.205,82.733
90.932,124.694,117.205,82.733
91.324,125.086,117.205,82.733
91.717,125.478,117.205,82.733
92.109,125.870,117.205,82.733
92.501,126.262,117.205,82.733
92.390,126.302,118.231,83.457
92.785,126.698,118.231,83.457
93.181,127.093,118.231,83.457
93.577,127.489,118.231,83.457
93.972,127.884,118.231,83.457
94.368,128.280,118.231,83.457
94.256,127.509,119.265,84.187
94.655,127.908,119.265,84.187
95.054,128.307,119.265,84.187
95.453,128.706,119.265,84.187
95.852,128.307,119.265,84.187
96.251,128.706,119.265,84.187
96.650,129.105,119.265,84.187
97.049,129.504,119.265,84.187
97.947,130.253,118.247,83.469
97.552,130.648,118.247,83.469
97.156,131.044,118.247,83.469
97.275,131.786,117.238,82.756
97.667,132.178,117.238,82.756
97.275,132.571,117.238,82.756
97.667,132.963,117.238,82.756
98.059,133.355,117.238,82.756
98.451,133.747,117.238,82.756
98.844,134.140,117.238,82.756
98.451,134.532,117.238,82.756
98.844,134.924,117.238,82.756
99.236,135.316,117.238,82.756
99.628,135.708,117.238,82.756
100.020,136.101,117.238,82.756
100.903,136.837,116.237,82.050
101.779,137.566,115.245,81.349
102.647,138.289,114.261,80.655
103.508,139.007,113.285,79.966
103.887,139.386,113.285,79.966
104.740,140.097,112.318,79.284
105.116,140.473,112.318,79.284
105.491,140.848,112.318,79.284
105.116,141.224,112.318,79.284
104.740,141.600,112.318,79.284
104.364,141.976,112.318,79.284
103.488,142.014,113.301,79.977
103.108,142.393,113.301,79.977
103.222,143.104,112.334,79.295
102.846,143.480,112.334,79.295
101.970,143.518,113.317,79.988
101.085,143.557,114.308,80.688
101.200,144.274,113.333,79.999
100.821,144.654,113.333,79.999
100.442,145.033,113.333,79.999
100.063,145.412,113.333,79.999
99.684,145.791,113.333,79.999
100.063,146.170,113.333,79.999
100.916,146.882,112.365,79.317
101.292,146.506,112.365,79.317
101.668,146.130,112.365,79.317
102.044,145.754,112.365,79.317
101.938,145.021,113.348,80.011
101.831,144.283,114.340,80.711
101.723,144.322,115.341,81.417
101.613,143.570,116.350,82.129
101.503,142.812,117.368,82.848
101.896,142.419,117.368,82.848
102.780,142.390,116.366,82.141
103.169,142.000,116.366,82.141
103.559,141.611,116.366,82.141
103.948,141.222,116.366,82.141
104.825,141.192,115.373,81.439
105.211,140.806,115.373,81.439
105.596,140.420,115.373,81.439
105.487,139.668,116.382,82.152
105.377,138.910,117.400,82.871
105.770,138.517,117.400,82.871
105.659,137.752,118.428,83.596
105.547,136.980,119.464,84.327
105.947,136.581,119.464,84.327
106.346,136.181,119.464,84.327
106.233,136.222,120.509,85.065
106.637,136.625,120.509,85.065
107.040,137.028,120.509,85.065
107.443,136.625,120.509,85.065
107.846,137.028,120.509,85.065
108.249,136.625,120.509,85.065
108.652,136.222,120.509,85.065
109.056,135.818,120.509,85.065
109.459,135.415,120.509,85.065
109.862,135.818,120.509,85.065
110.265,136.222,120.509,85.065
110.668,135.818,120.509,85.065
111.071,136.222,120.509,85.065
111.475,135.818,120.509,85.065
111.878,136.222,120.509,85.065
112.281,136.625,120.509,85.065
112.684,137.028,120.509,85.065
113.087,137.431,120.509,85.065
113.490,137.834,120.509,85.065
113.894,138.237,120.509,85.065
114.297,137.834,120.509,85.065
113.894,138.237,120.509,85.065
114.297,137.834,120.509,85.065
115.204,137.804,119.480,84.339
115.604,137.404,119.480,84.339
116.504,137.374,118.460,83.619
116.108,137.771,118.460,83.619
115.711,138.167,118.460,83.619
115.315,138.563,118.460,83.619
114.919,138.960,118.460,83.619
114.523,139.356,118.460,83.619
114.126,139.752,118.460,83.619
113.730,140.149,118.460,83.619
113.334,140.545,118.460,83.619
112.937,140.941,118.460,83.619
113.056,141.685,117.449,82.905
113.174,142.422,116.447,82.198
113.291,143.153,115.453,81.496
113.407,143.878,114.467,80.800
113.024,144.260,114.467,80.800
112.641,144.643,114.467,80.800
112.258,145.026,114.467,80.800
111.875,145.409,114.467,80.800
111.492,145.792,114.467,80.800
111.109,146.175,114.467,80.800
110.726,146.558,114.467,80.800
110.343,146.941,114.467,80.800
109.961,147.324,114.467,80.800
109.578,146.941,114.467,80.800
109.195,146.558,114.467,80.800
108.812,146.941,114.467,80.800
107.918,146.195,115.469,81.507
107.809,145.443,116.479,82.220
106.900,144.683,117.498,82.940
105.983,144.723,118.526,83.666
105.871,143.951,119.563,84.398
106.271,143.551,119.563,84.398
105.871,143.951,119.563,84.398
105.471,144.351,119.563,84.398
105.071,144.751,119.563,84.398
104.138,144.792,120.610,85.136
103.734,145.195,120.610,85.136
103.331,145.599,120.610,85.136
102.390,144.813,121.665,85.881
101.983,144.406,121.665,85.881
101.576,143.999,121.665,85.881
101.461,143.206,122.729,86.633
101.871,142.795,122.729,86.633
102.282,142.385,122.729,86.633
102.692,141.974,122.729,86.633
103.103,141.563,122.729,86.633
103.514,141.153,122.729,86.633
103.924,140.742,122.729,86.633
103.808,139.942,123.803,87.391
103.691,139.135,124.887,88.155
103.273,139.553,124.887,88.155
102.855,139.971,124.887,88.155
103.273,140.389,124.887,88.155
103.691,140.807,124.887,88.155
