118.000,69.000,114.000,162.000
117.959,68.959,114.000,162.000
117.418,69.500,114.000,162.000
116.876,70.041,114.000,162.000
116.335,70.582,114.000,162.000
115.794,71.124,114.000,162.000
115.253,71.665,114.000,162.000
114.711,72.206,114.000,162.000
114.170,72.747,114.000,162.000
113.629,73.289,114.000,162.000
113.088,73.830,114.000,162.000
112.546,74.371,114.000,162.000
112.005,74.912,114.000,162.000
111.464,75.454,114.000,162.000
110.923,75.995,114.000,162.000
110.381,76.536,114.000,162.000
109.840,77.077,114.000,162.000
109.299,76.536,114.000,162.000
108.758,75.995,114.000,162.000
108.216,75.454,114.000,162.000
107.675,74.912,114.000,162.000
108.216,74.371,114.000,162.000
108.758,73.830,114.000,162.000
109.299,73.289,114.000,162.000
109.840,72.747,114.000,162.000
110.381,72.206,114.000,162.000
110.923,71.665,114.000,162.000
111.464,71.124,114.000,162.000
110.923,70.582,114.000,162.000
110.381,70.041,114.000,162.000
109.840,69.500,114.000,162.000
109.299,68.959,114.000,162.000
108.758,68.418,114.000,162.000
108.216,67.876,114.000,162.000
107.675,67.335,114.000,162.000
107.134,66.794,114.000,162.000
106.593,66.253,114.000,162.000
106.051,65.711,114.000,162.000
105.510,65.170,114.000,162.000
104.969,64.629,114.000,162.000
104.428,64.088,114.000,162.000
103.886,63.546,114.000,162.000
103.345,63.005,114.000,162.000
102.804,62.464,114.000,162.000
102.263,63.005,114.000,162.000
101.721,63.546,114.000,162.000
101.180,64.088,114.000,162.000
100.639,64.629,114.000,162.000
100.098,65.170,114.000,162.000
99.556,65.711,114.000,162.000
99.015,66.253,114.000,162.000
98.474,66.794,114.000,162.000
97.933,67.335,114.000,162.000
97.391,67.876,114.000,162.000
96.850,68.418,114.000,162.000
96.309,68.959,114.000,162.000
95.768,69.500,114.000,162.000
95.226,70.041,114.000,162.000
94.685,70.582,114.000,162.000
94.144,71.124,114.000,162.000
93.603,71.665,114.000,162.000
93.061,72.206,114.000,162.000
92.520,72.747,114.000,162.000
91.979,73.289,114.000,162.000
91.438,73.830,114.000,162.000
90.896,74.371,114.000,162.000
90.355,74.912,114.000,162.000
89.814,75.454,114.000,162.000
89.273,75.995,114.000,162.000
88.731,76.536,114.000,162.000
88.190,77.077,114.000,162.000
87.649,77.619,114.000,162.000
87.108,78.160,114.000,162.000
86.566,78.701,114.000,162.000
86.025,79.242,114.000,162.000
85.484,79.784,114.000,162.000
84.943,80.325,114.000,162.000
84.401,80.866,114.000,162.000
83.860,81.407,114.000,162.000
83.319,81.949,114.000,162.000
82.778,82.490,114.000,162.000
82.236,83.031,114.000,162.000
81.695,83.572,114.000,162.000
81.154,84.114,114.000,162.000
80.613,84.655,114.000,162.000
80.071,85.196,114.000,162.000
79.530,85.737,114.000,162.000
78.989,86.279,114.000,162.000
78.448,86.820,114.000,162.000
79.462,88.039,113.027,160.617
79.421,89.249,112.062,159.246
78.889,89.781,112.062,159.246
78.848,90.979,111.105,157.887
78.321,91.507,111.105,157.887
77.793,92.034,111.105,157.887
77.753,93.223,110.157,156.539
76.735,93.074,111.121,157.908
75.708,92.924,112.093,159.290
75.176,93.456,112.093,159.290
74.644,93.988,112.093,159.290
74.111,94.521,112.093,159.290
73.579,95.053,112.093,159.290
73.047,95.585,112.093,159.290
72.515,96.117,112.093,159.290
71.983,96.649,112.093,159.290
71.450,97.182,112.093,159.290
70.918,97.714,112.093,159.290
70.386,98.246,112.093,159.290
69.854,98.778,112.093,159.290
69.322,99.310,112.093,159.290
68.789,99.843,112.093,159.290
68.257,100.375,112.093,159.290
67.221,100.223,113.074,160.684
66.684,100.760,113.074,160.684
66.148,101.297,113.074,160.684
65.611,101.834,113.074,160.684
65.570,103.044,112.109,159.312
65.037,103.576,112.109,159.312
64.505,104.108,112.109,159.312
63.973,104.640,112.109,159.312
63.441,105.173,112.109,159.312
62.908,105.705,112.109,159.312
62.376,106.237,112.109,159.312
61.844,106.769,112.109,159.312
61.311,107.302,112.109,159.312
60.275,107.150,113.090,160.706
59.230,106.998,114.079,162.112
58.689,107.539,114.079,162.112
58.147,108.081,114.079,162.112
57.605,108.622,114.079,162.112
57.064,109.164,114.079,162.112
56.522,109.706,114.079,162.112
55.981,110.247,114.079,162.112
55.439,110.789,114.079,162.112
54.897,111.331,114.079,162.112
54.356,111.872,114.079,162.112
53.814,111.331,114.079,162.112
53.272,110.789,114.079,162.112
52.731,110.247,114.079,162.112
52.189,109.706,114.079,162.112
52.731,109.164,114.079,162.112
52.189,108.622,114.079,162.112
51.648,109.164,114.079,162.112
51.106,109.706,114.079,162.112
50.564,110.247,114.079,162.112
50.023,110.789,114.079,162.112
49.481,111.331,114.079,162.112
48.939,111.872,114.079,162.112
48.398,112.414,114.079,162.112
47.856,112.955,114.079,162.112
47.315,113.497,114.079,162.112
46.773,114.039,114.079,162.112
46.231,114.580,114.079,162.112
45.690,115.122,114.079,162.112
45.148,115.664,114.079,162.112
44.606,116.205,114.079,162.112
44.065,116.747,114.079,162.112
43.523,117.288,114.079,162.112
42.982,117.830,114.079,162.112
42.440,118.372,114.079,162.112
41.898,118.913,114.079,162.112
41.357,119.455,114.079,162.112
40.815,119.997,114.079,162.112
40.273,120.538,114.079,162.112
39.732,121.080,114.079,162.112
39.190,121.621,114.079,162.112
38.649,122.163,114.079,162.112
38.107,122.705,114.079,162.112
37.565,122.163,114.079,162.112
37.024,121.621,114.079,162.112
36.482,122.163,114.079,162.112
35.940,122.705,114.079,162.112
35.399,123.246,114.079,162.112
34.857,123.788,114.079,162.112
33.803,123.634,115.077,163.531
33.257,124.180,115.077,163.531
32.193,124.025,116.084,164.962
31.642,124.576,116.084,164.962
31.091,125.127,116.084,164.962
30.018,124.970,117.100,166.405
28.936,124.812,118.125,167.861
28.375,125.373,118.125,167.861
27.814,125.934,118.125,167.861
27.253,126.495,118.125,167.861
26.692,127.056,118.125,167.861
26.132,127.616,118.125,167.861
25.571,128.177,118.125,167.861
25.010,128.738,118.125,167.861
24.449,129.299,118.125,167.861
23.888,129.860,118.125,167.861
23.327,130.420,118.125,167.861
22.767,130.981,118.125,167.861
22.206,131.542,118.125,167.861
21.645,132.103,118.125,167.861
21.084,132.664,118.125,167.861
20.523,133.225,118.125,167.861
19.962,133.785,118.125,167.861
19.402,134.346,118.125,167.861
18.310,134.187,119.158,169.330
17.744,134.753,119.158,169.330
17.179,135.318,119.158,169.330
16.077,135.157,120.201,170.812
14.967,134.995,121.253,172.306
14.922,136.292,120.217,170.835
13.811,136.130,121.269,172.330
12.691,135.966,122.330,173.838
12.110,136.547,122.330,173.838
10.979,136.381,123.401,175.359
10.935,137.702,122.347,173.862
9.804,137.536,123.418,175.383
9.218,138.122,123.418,175.383
8.632,138.708,123.418,175.383
8.046,139.294,123.418,175.383
7.460,139.880,123.418,175.383
6.874,140.466,123.418,175.383
6.288,141.052,123.418,175.383
5.147,140.885,124.498,176.918
3.997,140.717,125.587,178.466
3.401,141.314,125.587,178.466
2.240,141.144,126.686,180.028
1.639,141.745,126.686,180.028
1.037,142.347,126.686,180.028
0.436,142.948,126.686,180.028
-0.735,142.777,127.795,181.603
-1.916,142.605,128.913,183.192
-3.108,142.431,130.041,184.795
-4.309,142.255,131.179,186.412
-5.522,142.078,132.327,188.043
-6.150,142.706,132.327,188.043
-6.778,143.334,132.327,188.043
-7.406,143.963,132.327,188.043
-8.035,144.591,132.327,188.043
-8.663,145.219,132.327,188.043
-9.291,145.847,132.327,188.043
-9.919,146.476,132.327,188.043
-10.548,147.104,132.327,188.043
-11.176,147.732,132.327,188.043
-11.804,148.360,132.327,188.043
-11.852,149.776,131.197,186.438
-11.900,149.964,130.077,184.846
-11.947,150.150,128.967,183.268
-12.560,149.538,128.967,183.268
-13.172,148.926,128.967,183.268
-13.784,148.313,128.967,183.268
-14.397,148.926,128.967,183.268
-15.009,149.538,128.967,183.268
-15.056,150.918,127.866,181.704
-15.663,151.525,127.866,181.704
-16.270,152.132,127.866,181.704
-16.877,152.739,127.866,181.704
-17.484,153.346,127.866,181.704
-18.091,153.953,127.866,181.704
-18.698,154.560,127.866,181.704
-19.305,155.167,127.866,181.704
-19.912,155.774,127.866,181.704
-20.519,155.167,127.866,181.704
-21.127,155.774,127.866,181.704
-21.734,156.381,127.866,181.704
-22.341,156.989,127.866,181.704
-22.948,157.596,127.866,181.704
-23.555,158.203,127.866,181.704
-24.162,158.810,127.866,181.704
-24.769,159.417,127.866,181.704
-25.376,158.810,127.866,181.704
-25.983,158.203,127.866,181.704
-26.590,157.596,127.866,181.704
-27.197,156.989,127.866,181.704
-27.804,156.381,127.866,181.704
-27.197,155.774,127.866,181.704
-26.590,155.167,127.866,181.704
-25.983,154.560,127.866,181.704
-25.376,153.953,127.866,181.704
-24.769,153.346,127.866,181.704
-24.162,152.739,127.866,181.704
-23.555,152.132,127.866,181.704
-22.948,151.525,127.866,181.704
-22.341,150.918,127.866,181.704
-21.734,150.311,127.866,181.704
-21.127,149.704,127.866,181.704
-20.519,149.096,127.866,181.704
-19.912,148.489,127.866,181.704
-19.305,147.882,127.866,181.704
-18.167,148.066,126.774,180.153
-17.039,148.247,125.692,178.615
-16.442,147.651,125.692,178.615
-15.324,147.831,124.619,177.090
-14.732,147.239,124.619,177.090
-13.623,147.418,123.555,175.578
-13.036,146.831,123.555,175.578
-11.936,147.008,122.500,174.079
-11.355,146.427,122.500,174.079
-10.265,146.602,121.455,172.593
-9.184,146.776,120.418,171.120
-8.612,146.205,120.418,171.120
-8.040,145.633,120.418,171.120
-7.468,145.061,120.418,171.120
-6.397,145.234,119.390,169.659
-5.334,145.405,118.371,168.211
-6.428,144.093,119.406,169.683
-6.995,143.526,119.406,169.683
-7.562,142.959,119.406,169.683
-6.995,142.392,119.406,169.683
-6.428,141.825,119.406,169.683
-6.471,141.996,118.387,168.234
-6.514,142.166,117.376,166.798
-7.072,141.609,117.376,166.798
-7.629,141.052,117.376,166.798
-8.186,140.494,117.376,166.798
-8.744,139.937,117.376,166.798
-9.301,139.380,117.376,166.798
-9.858,138.822,117.376,166.798
-10.415,138.265,117.376,166.798
-10.973,137.708,117.376,166.798
-11.530,137.151,117.376,166.798
-12.087,136.593,117.376,166.798
-12.644,137.151,117.376,166.798
-13.729,136.992,118.403,168.258
-14.291,137.554,118.403,168.258
-14.854,136.992,118.403,168.258
-15.416,137.554,118.403,168.258
-15.459,137.724,117.393,166.821
-16.016,138.281,117.393,166.821
-16.573,138.839,117.393,166.821
-17.131,139.396,117.393,166.821
-17.688,139.953,117.393,166.821
-18.246,140.511,117.393,166.821
-18.803,141.068,117.393,166.821
-19.360,141.625,117.393,166.821
-19.918,142.183,117.393,166.821
-20.475,142.740,117.393,166.821
-21.032,143.298,117.393,166.821
-21.590,143.855,117.393,166.821
-22.147,144.412,117.393,166.821
-22.704,144.970,117.393,166.821
-23.262,145.527,117.393,166.821
-23.819,146.084,117.393,166.821
-24.376,146.642,117.393,166.821
-24.934,147.199,117.393,166.821
-25.491,147.756,117.393,166.821
-26.049,148.314,117.393,166.821
-26.606,148.871,117.393,166.821
-27.163,149.428,117.393,166.821
-26.606,149.986,117.393,166.821
-27.163,150.543,117.393,166.821
-27.721,151.101,117.393,166.821
-28.278,151.658,117.393,166.821
-28.835,151.101,117.393,166.821
-29.393,150.543,117.393,166.821
-29.950,149.986,117.393,166.821
-30.507,150.543,117.393,166.821
-31.065,151.101,117.393,166.821
-31.622,151.658,117.393,166.821
-32.179,152.215,117.393,166.821
-32.222,153.471,116.391,165.397
-32.775,154.024,116.391,165.397
-33.327,154.576,116.391,165.397
-33.880,155.129,116.391,165.397
-34.433,155.681,116.391,165.397
-34.985,156.234,116.391,165.397
-35.538,156.787,116.391,165.397
-36.090,157.339,116.391,165.397
-36.643,157.892,116.391,165.397
-37.196,158.444,116.391,165.397
-37.748,158.997,116.391,165.397
-38.301,159.550,116.391,165.397
-38.853,160.102,116.391,165.397
-38.896,161.347,115.397,163.985
-39.444,161.895,115.397,163.985
-39.991,162.443,115.397,163.985
-40.539,162.991,115.397,163.985
-41.087,163.539,115.397,163.985
-41.635,164.087,115.397,163.985
-42.183,164.635,115.397,163.985
-42.731,165.183,115.397,163.985
-43.279,165.730,115.397,163.985
-43.827,166.278,115.397,163.985
-44.374,166.826,115.397,163.985
-44.922,167.374,115.397,163.985
-45.470,167.922,115.397,163.985
-46.018,168.470,115.397,163.985
-46.566,169.018,115.397,163.985
-47.114,169.566,115.397,163.985
-47.662,170.113,115.397,163.985
-47.704,171.348,114.412,162.585
-48.247,171.891,114.412,162.585
-48.790,172.434,114.412,162.585
-49.333,172.978,114.412,162.585
-49.877,173.521,114.412,162.585
-50.420,174.064,114.412,162.585
-50.963,174.607,114.412,162.585
-51.506,175.150,114.412,162.585
-52.564,174.996,115.413,164.008
-53.630,174.840,116.423,165.443
-54.183,175.393,116.423,165.443
-54.736,175.945,116.423,165.443
-55.812,175.788,117.442,166.891
-56.897,175.630,118.469,168.351
-57.992,175.470,119.506,169.824
-58.559,176.037,119.506,169.824
-59.664,175.876,120.551,171.310
-60.778,175.713,121.606,172.809
-61.355,176.290,121.606,172.809
-61.932,176.867,121.606,172.809
-62.510,177.445,121.606,172.809
-61.932,178.022,121.606,172.809
-61.355,178.600,121.606,172.809
-61.932,179.177,121.606,172.809
-62.510,179.754,121.606,172.809
-63.087,180.332,121.606,172.809
-62.510,179.754,121.606,172.809
-61.932,179.177,121.606,172.809
-61.355,178.600,121.606,172.809
-60.778,178.022,121.606,172.809
-60.200,177.445,121.606,172.809
-60.778,176.867,121.606,172.809
-61.355,176.290,121.606,172.809
-61.932,175.713,121.606,172.809
-62.510,175.135,121.606,172.809
-63.087,174.558,121.606,172.809
-62.510,173.981,121.606,172.809
-61.932,173.403,121.606,172.809
-61.355,172.826,121.606,172.809
-60.778,172.249,121.606,172.809
-60.200,171.671,121.606,172.809
-59.623,171.094,121.606,172.809
-59.045,170.516,121.606,172.809
-58.468,169.939,121.606,172.809
-57.891,169.362,121.606,172.809
-57.313,168.784,121.606,172.809
-56.736,168.207,121.606,172.809
-56.159,167.630,121.606,172.809
-55.581,167.052,121.606,172.809
-55.004,166.475,121.606,172.809
-54.427,165.898,121.606,172.809
-53.849,165.320,121.606,172.809
-52.767,165.495,120.568,171.334
-52.194,164.922,120.568,171.334
-51.622,164.350,120.568,171.334
-51.050,163.777,120.568,171.334
-50.477,163.205,120.568,171.334
-49.905,162.632,120.568,171.334
-49.332,162.060,120.568,171.334
-49.273,160.724,121.623,172.833
-49.213,159.376,122.687,174.345
-49.153,158.016,123.761,175.871
-49.741,157.428,123.761,175.871
-50.328,156.841,123.761,175.871
-50.916,156.253,123.761,175.871
-50.328,155.665,123.761,175.871
-50.916,155.078,123.761,175.871
-51.503,154.490,123.761,175.871
-52.091,153.903,123.761,175.871
-51.503,153.315,123.761,175.871
-52.091,152.727,123.761,175.871
-52.679,152.140,123.761,175.871
-53.266,151.552,123.761,175.871
-52.679,150.965,123.761,175.871
-52.091,150.377,123.761,175.871
-52.679,149.789,123.761,175.871
-52.091,149.202,123.761,175.871
-52.679,148.614,123.761,175.871
-53.266,148.027,123.761,175.871
-53.854,147.439,123.761,175.871
-54.441,146.852,123.761,175.871
-55.029,146.264,123.761,175.871
-55.616,145.676,123.761,175.871
-55.661,145.854,122.704,174.369
-56.244,145.271,122.704,174.369
-56.827,144.689,122.704,174.369
-57.409,144.106,122.704,174.369
-57.992,143.523,122.704,174.369
-57.409,142.941,122.704,174.369
-57.349,141.581,123.778,175.895
-57.937,140.993,123.778,175.895
-58.524,140.406,123.778,175.895
-59.112,139.818,123.778,175.895
-60.256,138.446,124.861,177.434
-60.849,137.853,124.861,177.434
-61.441,137.260,124.861,177.434
-62.034,136.667,124.861,177.434
-62.627,136.075,124.861,177.434
-63.220,135.482,124.861,177.434
-63.813,134.889,124.861,177.434
-64.406,134.296,124.861,177.434
-64.998,133.703,124.861,177.434
-65.044,133.882,123.795,175.919
-65.089,134.060,122.738,174.418
-65.133,134.236,121.691,172.929
-65.711,133.658,121.691,172.929
-66.289,133.080,121.691,172.929
-66.867,132.503,121.691,172.929
-67.444,131.925,121.691,172.929
-68.022,131.347,121.691,172.929
-68.600,130.769,121.691,172.929
-69.725,129.420,122.755,174.442
-70.307,128.838,122.755,174.442
-70.890,128.255,122.755,174.442
-71.473,127.672,122.755,174.442
-71.518,127.848,121.708,172.953
-72.096,127.270,121.708,172.953
-72.673,126.692,121.708,172.953
-73.251,126.114,121.708,172.953
-73.296,126.289,120.669,171.476
-73.868,125.716,120.669,171.476
-74.441,125.143,120.669,171.476
-75.014,124.570,120.669,171.476
-76.129,123.233,121.724,172.977
-77.254,121.884,122.789,174.490
-78.389,120.523,123.864,176.017
-78.977,119.935,123.864,176.017
-79.565,119.346,123.864,176.017
-80.153,118.758,123.864,176.017
-80.741,118.170,123.864,176.017
-81.329,117.582,123.864,176.017
-81.918,116.994,123.864,176.017
-82.506,116.406,123.864,176.017
-83.094,115.818,123.864,176.017
-83.139,117.143,122.807,174.515
-84.274,115.782,123.881,176.042
-85.419,114.409,124.965,177.582
-86.012,113.816,124.965,177.582
-87.167,112.430,126.058,179.136
-87.765,111.832,126.058,179.136
-88.364,111.233,126.058,179.136
-88.962,110.635,126.058,179.136
-89.561,110.036,126.058,179.136
-90.159,109.438,126.058,179.136
-90.205,110.786,124.982,177.607
-90.798,110.193,124.982,177.607
-91.392,109.600,124.982,177.607
-91.985,109.006,124.982,177.607
-92.579,108.413,124.982,177.607
-93.172,109.006,124.982,177.607
-93.765,108.413,124.982,177.607
-94.359,107.820,124.982,177.607
-95.514,106.434,126.076,179.161
-96.679,105.037,127.179,180.728
-97.283,104.433,127.179,180.728
-97.887,105.037,127.179,180.728
-98.490,104.433,127.179,180.728
-99.094,103.829,127.179,180.728
-100.270,102.420,128.292,182.310
-101.455,100.998,129.415,183.905
-102.070,100.383,129.415,183.905
-102.684,100.998,129.415,183.905
-103.298,100.383,129.415,183.905
-103.913,100.998,129.415,183.905
-105.109,99.563,130.547,185.514
-105.729,98.944,130.547,185.514
-106.935,97.497,131.689,187.137
-107.560,98.122,131.689,187.137
-108.186,98.747,131.689,187.137
-108.811,98.122,131.689,187.137
-110.028,96.662,132.841,188.775
-110.659,96.032,132.841,188.775
-111.289,95.401,132.841,188.775
-112.517,93.928,134.004,190.426
-113.153,93.292,134.004,190.426
-113.789,93.928,134.004,190.426
-115.028,92.443,135.176,192.093
-115.670,93.085,135.176,192.093
-116.919,91.587,136.359,193.774
-117.566,92.234,136.359,193.774
-118.214,92.882,136.359,193.774
-118.861,92.234,136.359,193.774
-119.508,91.587,136.359,193.774
-120.156,90.939,136.359,193.774
-120.803,90.292,136.359,193.774
-121.451,90.939,136.359,193.774
-121.500,91.135,135.195,192.119
-122.142,90.493,135.195,192.119
-123.391,88.994,136.378,193.800
-124.039,88.347,136.378,193.800
-124.686,87.700,136.378,193.800
-125.334,88.347,136.378,193.800
-125.981,87.700,136.378,193.800
-126.629,87.052,136.378,193.800
-127.276,86.405,136.378,193.800
-128.537,84.893,137.571,195.496
-129.808,83.368,138.775,197.207
-131.091,81.830,139.989,198.932
-131.755,81.165,139.989,198.932
-132.420,81.830,139.989,198.932
-133.085,81.165,139.989,198.932
-133.749,81.830,139.989,198.932
-135.043,80.278,141.214,200.673
-136.348,78.713,142.450,202.429
-137.664,77.134,143.696,204.200
-138.992,75.542,144.954,205.987
-140.332,73.935,146.222,207.789
-141.683,72.314,147.501,209.607
-143.046,70.680,148.792,211.441
-144.421,69.030,150.094,213.292
-145.809,67.367,151.407,215.158
-147.208,65.689,152.732,217.040
-148.619,63.996,154.069,218.940
-150.043,62.288,155.417,220.855
-151.479,60.566,156.777,222.788
-152.928,58.828,158.148,224.737
-154.390,57.075,159.532,226.704
-155.864,55.307,160.928,228.687
-157.351,53.523,162.336,230.688
-158.852,51.724,163.757,232.707
-160.365,49.909,165.190,234.743
-161.149,49.125,165.190,234.743
-161.933,48.341,165.190,234.743
-162.718,47.556,165.190,234.743
-164.244,45.725,166.635,236.797
-165.784,43.878,168.093,238.869
-167.338,42.015,169.564,240.959
-168.143,41.210,169.564,240.959
-168.948,40.405,169.564,240.959
-169.753,39.600,169.564,240.959
-171.320,37.721,171.047,243.067
-172.901,35.825,172.544,245.194
-173.720,35.006,172.544,245.194
-175.314,33.093,174.054,247.340
-176.141,32.267,174.054,247.340
-176.967,31.441,174.054,247.340
-178.576,29.511,175.577,249.504
-180.198,27.565,177.113,251.687
-181.039,26.725,177.113,251.687
-182.676,24.762,178.663,253.889
-184.327,22.781,180.226,256.111
-185.993,20.784,181.803,258.352
-186.856,19.921,181.803,258.352
-186.922,20.181,180.251,256.146
-187.778,19.325,180.251,256.146
-188.634,18.470,180.251,256.146
-189.489,17.614,180.251,256.146
-190.345,16.758,180.251,256.146
-191.201,15.902,180.251,256.146
-192.057,15.046,180.251,256.146
-192.912,14.191,180.251,256.146
-193.768,13.335,180.251,256.146
-194.624,12.479,180.251,256.146
-195.480,11.623,180.251,256.146
-196.336,10.767,180.251,256.146
-198.001,8.770,181.828,258.388
-198.865,7.906,181.828,258.388
-199.728,7.043,181.828,258.388
-201.408,5.028,183.419,260.649
-202.279,4.157,183.419,260.649
-203.974,2.124,185.024,262.929
-205.684,0.073,186.643,265.230
-207.409,-1.996,188.276,267.551
-207.478,-1.726,186.669,265.267
-208.364,-2.612,186.669,265.267
-209.250,-3.498,186.669,265.267
-210.136,-2.612,186.669,265.267
-211.023,-3.498,186.669,265.267
-211.909,-4.384,186.669,265.267
-212.795,-5.271,186.669,265.267
-212.863,-5.003,185.076,263.002
-213.742,-5.882,185.076,263.002
-214.620,-5.003,185.076,263.002
-216.331,-5.253,186.695,265.304
-217.217,-6.139,186.695,265.304
-218.943,-6.392,188.329,267.625
-219.837,-7.286,188.329,267.625
-221.577,-9.373,189.977,269.967
-223.333,-11.479,191.639,272.329
-225.104,-11.738,193.316,274.712
-226.890,-13.880,195.007,277.116
-227.816,-12.954,195.007,277.116
-228.742,-13.880,195.007,277.116
-229.668,-14.806,195.007,277.116
-230.594,-15.732,195.007,277.116
-231.520,-14.806,195.007,277.116
-233.322,-15.069,196.714,279.540
-234.256,-16.003,196.714,279.540
-235.190,-16.937,196.714,279.540
-236.124,-17.871,196.714,279.540
-237.942,-18.137,198.435,281.986
-238.884,-17.195,198.435,281.986
-239.826,-16.253,198.435,281.986
-240.768,-17.195,198.435,281.986
-241.710,-18.137,198.435,281.986
-242.652,-17.195,198.435,281.986
-243.594,-16.253,198.435,281.986
-244.537,-15.311,198.435,281.986
-245.479,-14.368,198.435,281.986
-246.421,-15.311,198.435,281.986
-247.363,-14.368,198.435,281.986
-248.305,-15.311,198.435,281.986
-249.247,-16.253,198.435,281.986
-251.081,-16.521,200.171,284.454
-252.031,-17.471,200.171,284.454
-252.982,-18.421,200.171,284.454
-253.932,-19.372,200.171,284.454
-254.005,-19.085,198.462,282.025
-254.947,-18.143,198.462,282.025
-255.019,-17.858,196.768,279.618
-255.954,-18.792,196.768,279.618
-256.025,-18.510,195.088,277.231
-256.951,-19.437,195.088,277.231
-257.878,-20.363,195.088,277.231
-258.804,-21.289,195.088,277.231
-259.730,-22.215,195.088,277.231
-260.656,-23.142,195.088,277.231
-260.727,-22.862,193.423,274.864
-261.646,-23.780,193.423,274.864
-262.564,-24.699,193.423,274.864
-262.634,-24.421,191.772,272.518
-263.545,-25.332,191.772,272.518
-264.455,-26.242,191.772,272.518
-265.366,-27.153,191.772,272.518
-266.276,-28.063,191.772,272.518
-267.187,-28.974,191.772,272.518
-268.097,-29.884,191.772,272.518
-269.008,-30.795,191.772,272.518
-269.918,-31.705,191.772,272.518
-270.829,-32.616,191.772,272.518
-270.898,-32.341,190.135,270.191
-271.801,-33.244,190.135,270.191
-273.558,-35.351,191.798,272.556
-274.469,-36.262,191.798,272.556
-275.380,-37.172,191.798,272.556
-276.290,-38.083,191.798,272.556
-277.201,-38.993,191.798,272.556
-278.111,-39.904,191.798,272.556
-279.022,-40.815,191.798,272.556
-280.795,-42.940,193.477,274.941
-282.583,-45.085,195.170,277.346
-283.509,-46.012,195.170,277.346
-285.313,-48.175,196.877,279.773
-285.384,-47.892,195.197,277.385
-286.311,-48.819,195.197,277.385
-287.238,-49.746,195.197,277.385
-288.165,-50.673,195.197,277.385
-289.091,-51.599,195.197,277.385
-290.895,-53.763,196.905,279.812
-292.715,-55.945,198.628,282.260
-294.551,-58.147,200.366,284.730
-296.402,-58.418,202.119,287.221
-298.270,-58.690,203.887,289.735
-300.154,-60.950,205.671,292.270
-302.055,-61.228,207.471,294.827
-303.973,-63.528,209.286,297.407
-305.907,-63.810,211.118,300.009
-307.858,-64.095,212.965,302.634
-309.826,-64.383,214.828,305.282
-309.904,-64.075,212.994,302.676
-310.915,-63.064,212.994,302.676
-310.993,-60.785,211.176,300.092
-311.069,-60.483,209.373,297.531
-312.064,-59.489,209.373,297.531
-313.058,-58.494,209.373,297.531
-314.052,-59.489,209.373,297.531
-315.046,-60.483,209.373,297.531
-316.040,-61.477,209.373,297.531
-316.116,-61.177,207.586,294.991
-318.034,-63.477,209.402,297.572
-319.970,-63.760,211.235,300.176
-320.046,-63.457,209.431,297.613
-321.982,-65.779,211.264,300.217
-323.934,-66.064,213.113,302.844
-325.904,-66.352,214.977,305.494
-327.890,-66.642,216.858,308.167
-328.920,-67.672,216.858,308.167
-330.924,-67.965,218.756,310.864
-332.946,-68.260,220.670,313.584
-333.993,-69.308,220.670,313.584
-336.033,-69.606,222.601,316.327
-337.090,-68.549,222.601,316.327
-338.146,-67.492,222.601,316.327
-339.203,-66.435,222.601,316.327
-340.260,-65.378,222.601,316.327
-341.317,-66.435,222.601,316.327
-343.374,-66.736,224.549,319.095
-345.449,-67.039,226.513,321.887
-346.525,-68.115,226.513,321.887
-347.600,-69.190,226.513,321.887
-349.694,-69.496,228.495,324.704
-351.805,-69.805,230.495,327.545
-352.900,-68.710,230.495,327.545
-355.030,-69.022,232.512,330.411
-356.134,-67.918,232.512,330.411
-357.238,-66.814,232.512,330.411
-359.386,-67.128,234.546,333.302
-360.500,-68.241,234.546,333.302
-361.613,-69.355,234.546,333.302
-362.727,-70.468,234.546,333.302
-364.895,-73.068,236.598,336.219
-366.018,-74.191,236.598,336.219
-368.204,-76.814,238.669,339.161
-369.338,-77.947,238.669,339.161
-371.543,-80.592,240.757,342.128
-372.686,-81.735,240.757,342.128
-373.829,-82.878,240.757,342.128
-376.054,-85.547,242.863,345.122
-378.299,-85.875,244.989,348.142
-379.462,-87.038,244.989,348.142
-381.726,-87.369,247.132,351.188
-382.899,-88.542,247.132,351.188
-385.183,-88.876,249.295,354.261
-386.367,-90.060,249.295,354.261
-388.671,-90.396,251.476,357.361
-390.995,-90.736,253.676,360.487
-392.199,-91.940,253.676,360.487
-394.543,-92.283,255.896,363.642
-395.758,-93.498,255.896,363.642
-398.123,-93.844,258.135,366.824
-400.509,-94.192,260.394,370.033
-401.745,-95.428,260.394,370.033
-404.151,-95.780,262.672,373.271
-405.399,-94.533,262.672,373.271
-407.826,-94.888,264.971,376.537
-410.275,-95.246,267.289,379.832
-411.544,-93.977,267.289,379.832
-414.014,-94.338,269.628,383.155
-415.294,-95.618,269.628,383.155
-417.786,-95.982,271.987,386.508
-420.299,-96.349,274.367,389.890
-421.602,-95.047,274.367,389.890
-424.138,-95.417,276.768,393.302
-426.695,-95.791,279.189,396.743
-428.021,-94.465,279.189,396.743
-430.601,-94.843,281.632,400.214
-431.938,-93.505,281.632,400.214
-434.541,-96.627,284.097,403.716
-437.166,-97.011,286.582,407.249
-438.527,-95.650,286.582,407.249
-441.175,-96.037,289.090,410.812
-442.548,-97.410,289.090,410.812
-445.220,-97.800,291.620,414.407
-446.604,-99.185,291.620,414.407
-447.989,-100.569,291.620,414.407
-449.373,-101.954,291.620,414.407
-450.758,-100.569,291.620,414.407
-453.453,-100.963,294.171,418.033
-454.849,-102.360,294.171,418.033
-457.568,-105.620,296.745,421.691
-460.310,-108.909,299.342,425.380
-461.732,-107.488,299.342,425.380
-464.498,-107.892,301.961,429.103
-467.289,-111.239,304.603,432.857
-470.104,-111.650,307.268,436.645
-472.943,-112.065,309.957,440.465
-474.415,-113.537,309.957,440.465
-475.886,-115.009,309.957,440.465
-478.751,-115.427,312.669,444.319
-480.235,-113.943,312.669,444.319
-481.720,-115.427,312.669,444.319
-484.609,-115.850,315.405,448.207
-486.107,-114.352,315.405,448.207
-487.604,-115.850,315.405,448.207
-490.519,-116.276,318.165,452.129
-492.030,-117.786,318.165,452.129
-494.970,-118.216,320.949,456.085
-497.936,-118.649,323.757,460.076
-499.473,-120.187,323.757,460.076
-502.465,-123.775,326.590,464.102
-504.016,-122.224,326.590,464.102
-507.034,-122.665,329.448,468.162
-510.079,-126.317,332.330,472.259
-511.656,-124.739,332.330,472.259
-514.728,-125.188,335.238,476.391
-517.826,-128.904,338.172,480.560
-519.431,-127.298,338.172,480.560
-521.037,-125.692,338.172,480.560
-522.642,-124.087,338.172,480.560
-522.765,-123.602,335.285,476.457
-522.887,-123.121,332.423,472.390
-523.008,-122.645,329.585,468.357
-523.128,-122.172,326.771,464.359
-524.680,-123.724,326.771,464.359
-526.231,-125.275,326.771,464.359
-527.783,-126.827,326.771,464.359
-527.901,-126.358,323.982,460.395
-528.019,-122.893,321.216,456.465
-529.544,-124.418,321.216,456.465
-529.661,-120.981,318.474,452.568
-531.173,-119.469,318.474,452.568
-528.339,-119.013,315.755,448.705
-525.528,-118.560,313.060,444.874
-527.015,-117.074,313.060,444.874
-527.129,-113.725,310.387,441.077
-525.655,-115.199,310.387,441.077
-528.523,-115.618,313.103,444.936
-530.010,-114.131,313.103,444.936
-532.903,-114.554,315.843,448.829
-534.403,-113.055,315.843,448.829
-535.903,-111.555,315.843,448.829
-538.821,-111.982,318.607,452.757
-541.766,-112.412,321.394,456.718
-543.292,-110.886,321.394,456.718
-544.818,-109.360,321.394,456.718
-546.344,-107.834,321.394,456.718
-549.314,-111.396,324.207,460.715
-550.853,-109.857,324.207,460.715
-553.849,-110.295,327.043,464.746
