134.000,55.000,60.000,88.000
134.790,55.790,60.000,88.000
134.500,56.080,60.000,88.000
134.210,56.370,60.000,88.000
133.920,56.660,60.000,88.000
133.630,56.950,60.000,88.000
133.340,57.240,60.000,88.000
133.050,57.530,60.000,88.000
132.760,57.820,60.000,88.000
132.470,58.110,60.000,88.000
132.180,58.400,60.000,88.000
131.890,58.690,60.000,88.000
131.600,58.980,60.000,88.000
131.310,59.270,60.000,88.000
131.020,59.560,60.000,88.000
130.730,59.850,60.000,88.000
130.440,60.141,60.000,88.000
130.150,60.431,60.000,88.000
129.859,60.141,60.000,88.000
129.569,59.850,60.000,88.000
129.279,59.560,60.000,88.000
128.989,59.270,60.000,88.000
128.699,58.980,60.000,88.000
128.409,58.690,60.000,88.000
128.119,58.400,60.000,88.000
128.409,58.110,60.000,88.000
128.699,58.400,60.000,88.000
128.989,58.690,60.000,88.000
129.024,58.603,60.525,88.770
129.317,58.895,60.525,88.770
129.609,59.188,60.525,88.770
129.902,59.480,60.525,88.770
129.937,59.392,61.055,89.547
129.972,59.303,61.589,90.330
130.270,59.005,61.589,90.330
130.568,58.707,61.589,90.330
130.603,58.007,62.128,91.121
130.904,58.307,62.128,91.121
131.204,58.607,62.128,91.121
131.504,58.908,62.128,91.121
131.540,58.817,62.671,91.918
131.843,59.120,62.671,91.918
131.259,58.407,63.220,92.722
130.953,58.102,63.220,92.722
130.648,57.796,63.220,92.722
130.342,57.490,63.220,92.722
130.036,57.185,63.220,92.722
129.731,56.879,63.220,92.722
129.767,56.160,63.773,93.534
129.804,55.435,64.331,94.352
130.115,55.746,64.331,94.352
130.426,56.057,64.331,94.352
130.737,56.368,64.331,94.352
131.315,57.074,63.782,93.547
131.888,57.774,63.237,92.748
132.194,58.080,63.237,92.748
132.500,58.386,63.237,92.748
132.805,58.691,63.237,92.748
133.111,58.997,63.237,92.748
133.417,58.691,63.237,92.748
133.722,58.386,63.237,92.748
134.028,58.080,63.237,92.748
134.334,57.774,63.237,92.748
134.639,57.469,63.237,92.748
134.676,56.749,63.791,93.560
134.713,56.024,64.349,94.378
135.024,55.713,64.349,94.378
135.335,55.402,64.349,94.378
135.913,55.501,63.799,93.572
135.950,54.776,64.358,94.391
136.261,54.465,64.358,94.391
136.572,54.154,64.358,94.391
136.610,53.422,64.921,95.217
136.924,53.108,64.921,95.217
137.237,52.794,64.921,95.217
137.551,52.480,64.921,95.217
137.865,52.794,64.921,95.217
138.179,53.108,64.921,95.217
138.493,53.422,64.921,95.217
138.806,53.736,64.921,95.217
139.120,54.049,64.921,95.217
139.158,53.955,65.489,96.050
139.474,54.271,65.489,96.050
139.791,54.588,65.489,96.050
139.829,54.492,66.062,96.891
140.148,54.811,66.062,96.891
140.468,54.492,66.062,96.891
140.787,54.173,66.062,96.891
141.106,53.853,66.062,96.891
141.426,53.534,66.062,96.891
141.464,52.783,66.640,97.739
141.786,52.461,66.640,97.739
142.108,52.138,66.640,97.739
142.430,51.816,66.640,97.739
142.752,51.494,66.640,97.739
143.351,51.597,66.071,96.904
143.671,51.278,66.071,96.904
144.264,51.380,65.507,96.077
144.853,51.481,64.948,95.257
145.436,51.581,64.393,94.444
145.747,51.270,64.393,94.444
146.059,51.581,64.393,94.444
146.370,51.892,64.393,94.444
146.681,52.204,64.393,94.444
146.993,52.515,64.393,94.444
147.304,52.826,64.393,94.444
147.615,52.515,64.393,94.444
147.926,52.204,64.393,94.444
148.238,51.892,64.393,94.444
148.549,51.581,64.393,94.444
148.860,51.270,64.393,94.444
149.171,50.959,64.393,94.444
149.209,50.226,64.957,95.270
148.895,49.912,64.957,95.270
148.581,49.598,64.957,95.270
148.267,49.284,64.957,95.270
148.304,48.546,65.525,96.104
148.621,48.229,65.525,96.104
148.938,47.912,65.525,96.104
149.527,48.014,64.966,95.283
149.841,47.699,64.966,95.283
150.155,47.385,64.966,95.283
150.469,47.071,64.966,95.283
150.783,46.757,64.966,95.283
151.097,46.443,64.966,95.283
151.411,46.129,64.966,95.283
151.725,45.815,64.966,95.283
152.039,45.501,64.966,95.283
152.353,45.187,64.966,95.283
152.667,44.873,64.966,95.283
152.981,44.559,64.966,95.283
153.565,44.659,64.411,94.470
153.876,44.348,64.411,94.470
154.187,44.037,64.411,94.470
154.499,43.725,64.411,94.470
154.810,43.414,64.411,94.470
155.121,43.103,64.411,94.470
155.433,42.791,64.411,94.470
156.012,42.891,63.861,93.663
156.320,43.199,63.861,93.663
156.629,43.508,63.861,93.663
156.938,43.817,63.861,93.663
157.246,44.126,63.861,93.663
157.555,44.434,63.861,93.663
157.864,44.743,63.861,93.663
158.172,44.434,63.861,93.663
158.746,44.533,63.316,92.864
159.052,44.227,63.316,92.864
159.358,43.921,63.316,92.864
159.664,43.615,63.316,92.864
159.970,43.309,63.316,92.864
160.539,43.406,62.776,92.071
160.843,43.103,62.776,92.071
161.146,42.799,62.776,92.071
161.450,42.496,62.776,92.071
161.753,42.193,62.776,92.071
162.057,41.889,62.776,92.071
162.360,42.193,62.776,92.071
162.663,42.496,62.776,92.071
162.967,42.799,62.776,92.071
163.270,43.103,62.776,92.071
163.574,43.406,62.776,92.071
163.877,43.710,62.776,92.071
164.181,44.013,62.776,92.071
164.217,43.922,63.325,92.877
164.523,44.228,63.325,92.877
164.560,44.135,63.879,93.689
164.597,44.042,64.438,94.509
164.285,44.353,64.438,94.509
163.974,44.665,64.438,94.509
163.662,44.976,64.438,94.509
163.061,44.882,65.002,95.336
162.747,45.196,65.002,95.336
162.433,45.510,65.002,95.336
162.119,45.825,65.002,95.336
162.433,45.510,65.002,95.336
162.747,45.196,65.002,95.336
163.061,44.882,65.002,95.336
163.375,44.568,65.002,95.336
163.690,44.253,65.002,95.336
164.004,43.939,65.002,95.336
164.318,43.625,65.002,95.336
164.902,43.725,64.447,94.522
165.481,43.825,63.897,93.715
165.790,43.516,63.897,93.715
166.099,43.207,63.897,93.715
166.673,43.306,63.351,92.915
166.710,42.585,63.906,93.728
167.019,42.277,63.906,93.728
167.593,42.375,63.360,92.928
167.899,42.069,63.360,92.928
168.205,41.763,63.360,92.928
168.512,41.456,63.360,92.928
168.818,41.150,63.360,92.928
169.124,40.844,63.360,92.928
169.693,41.539,62.819,92.135
169.997,41.843,62.819,92.135
170.561,42.533,62.283,91.348
170.862,42.834,62.283,91.348
171.163,43.135,62.283,91.348
171.465,43.436,62.283,91.348
171.766,43.737,62.283,91.348
172.325,44.420,61.751,90.569
172.880,45.098,61.224,89.796
172.584,45.394,61.224,89.796
172.620,45.305,61.760,90.581
172.918,45.603,61.760,90.581
173.217,45.902,61.760,90.581
173.515,46.200,61.760,90.581
173.814,46.499,61.760,90.581
173.849,46.409,62.300,91.374
174.151,46.710,62.300,91.374
174.452,47.011,62.300,91.374
174.753,47.312,62.300,91.374
175.054,47.613,62.300,91.374
175.355,47.914,62.300,91.374
175.915,48.598,61.768,90.594
176.214,48.897,61.768,90.594
176.512,49.195,61.768,90.594
176.811,49.494,61.768,90.594
177.109,49.792,61.768,90.594
177.664,50.470,61.241,89.820
177.960,50.766,61.241,89.820
178.256,51.062,61.241,89.820
178.552,51.358,61.241,89.820
178.848,51.655,61.241,89.820
179.399,52.327,60.718,89.054
179.944,52.993,60.200,88.293
180.235,53.284,60.200,88.293
180.526,53.575,60.200,88.293
180.817,53.866,60.200,88.293
181.108,54.157,60.200,88.293
181.649,54.818,59.686,87.540
181.684,54.731,60.208,88.306
181.718,54.046,60.735,89.078
181.754,53.355,61.267,89.858
181.789,52.659,61.803,90.644
182.088,52.360,61.803,90.644
182.387,52.061,61.803,90.644
182.942,52.157,61.275,89.870
182.977,51.460,61.811,90.657
183.013,50.757,62.352,91.450
183.315,51.058,62.352,91.450
183.616,51.360,62.352,91.450
183.034,51.269,62.898,92.250
182.448,51.177,63.448,93.057
182.141,51.483,63.448,93.057
181.834,51.790,63.448,93.057
181.527,52.097,63.448,93.057
181.221,52.403,63.448,93.057
180.629,52.311,64.003,93.872
180.938,52.620,64.003,93.872
181.248,52.929,64.003,93.872
181.557,53.239,64.003,93.872
181.866,53.548,64.003,93.872
181.903,53.455,64.563,94.693
182.215,53.767,64.563,94.693
182.253,53.672,65.128,95.521
182.568,53.987,65.128,95.521
182.883,54.302,65.128,95.521
183.197,54.617,65.128,95.521
183.512,54.302,65.128,95.521
183.827,53.987,65.128,95.521
184.142,53.672,65.128,95.521
184.727,53.773,64.572,94.706
185.039,53.461,64.572,94.706
185.351,53.149,64.572,94.706
185.663,52.837,64.572,94.706
185.976,52.524,64.572,94.706
186.288,52.212,64.572,94.706
186.600,51.900,64.572,94.706
186.912,51.588,64.572,94.706
187.224,51.276,64.572,94.706
187.536,50.964,64.572,94.706
188.116,51.063,64.021,93.898
188.426,50.754,64.021,93.898
188.735,50.445,64.021,93.898
189.310,50.543,63.475,93.096
189.617,50.237,63.475,93.096
189.654,49.515,64.030,93.911
189.964,49.205,64.030,93.911
190.539,49.304,63.483,93.109
190.846,48.997,63.483,93.109
191.153,48.690,63.483,93.109
191.723,48.788,62.941,92.314
191.759,48.696,63.492,93.122
192.066,48.389,63.492,93.122
192.103,48.297,64.048,93.937
192.140,48.203,64.608,94.759
192.178,48.109,65.173,95.588
192.216,48.013,65.744,96.424
192.533,48.331,65.744,96.424
192.851,48.649,65.744,96.424
192.889,48.553,66.319,97.268
193.210,48.873,66.319,97.268
193.248,48.776,66.899,98.119
193.572,49.100,66.899,98.119
194.173,49.203,66.328,97.281
194.493,48.882,66.328,97.281
194.814,48.562,66.328,97.281
195.135,48.241,66.328,97.281
195.455,47.921,66.328,97.281
196.051,48.023,65.762,96.451
196.369,47.705,65.762,96.451
196.960,48.427,65.201,95.627
197.546,49.143,64.644,94.811
197.517,49.852,64.092,94.002
197.488,50.556,63.545,93.199
197.459,51.253,63.003,92.404
197.431,51.945,62.465,91.615
197.129,52.247,62.465,91.615
197.691,52.343,61.931,90.833
197.990,52.044,61.931,90.833
198.026,51.953,62.473,91.628
197.724,52.255,62.473,91.628
197.422,51.953,62.473,91.628
197.724,51.651,62.473,91.628
198.026,51.349,62.473,91.628
198.328,51.047,62.473,91.628
198.364,50.337,63.020,92.429
198.401,50.245,63.571,93.238
197.807,50.152,64.128,94.054
197.497,50.462,64.128,94.054
197.807,50.772,64.128,94.054
198.117,51.082,64.128,94.054
198.694,51.785,63.580,93.251
199.265,51.884,63.038,92.455
199.831,51.981,62.499,91.666
200.393,52.078,61.966,90.883
200.949,52.173,61.437,90.107
201.246,52.470,61.437,90.107
201.798,52.565,60.912,89.338
202.093,52.859,60.912,89.338
201.798,53.154,60.912,89.338
201.504,53.448,60.912,89.338
201.209,53.743,60.912,89.338
200.915,54.037,60.912,89.338
200.950,53.345,61.445,90.120
200.986,52.646,61.983,90.908
201.022,51.941,62.525,91.704
201.058,51.230,63.073,92.506
201.095,50.513,63.624,93.316
201.132,50.420,64.181,94.132
201.442,50.730,64.181,94.132
201.479,50.636,64.743,94.956
201.166,50.949,64.743,94.956
201.479,51.262,64.743,94.956
201.792,51.575,64.743,94.956
202.374,51.675,64.190,94.145
202.684,51.365,64.190,94.145
202.994,51.055,64.190,94.145
203.571,51.154,63.642,93.342
204.143,51.252,63.099,92.545
204.448,50.947,63.099,92.545
204.484,50.855,63.651,93.355
204.792,51.162,63.651,93.355
205.100,51.470,63.651,93.355
204.792,51.778,63.651,93.355
204.829,51.685,64.208,94.171
204.866,51.591,64.770,94.995
204.904,51.496,65.336,95.827
204.941,51.401,65.908,96.665
204.980,50.651,66.485,97.511
205.018,49.895,67.066,98.364
205.057,49.132,67.653,99.225
205.096,48.363,68.245,100.093
205.426,48.033,68.245,100.093
205.466,47.933,68.842,100.969
205.506,47.833,69.445,101.852
205.841,48.168,69.445,101.852
206.465,48.931,68.852,100.983
206.798,49.264,68.852,100.983
207.131,49.596,68.852,100.983
207.464,49.929,68.852,100.983
208.082,50.685,68.264,100.121
208.412,51.015,68.264,100.121
208.742,51.345,68.264,100.121
209.356,52.094,67.681,99.266
209.964,52.837,67.104,98.419
210.288,53.161,67.104,98.419
210.891,53.898,66.531,97.579
211.489,54.628,65.963,96.746
212.081,55.352,65.400,95.920
212.397,55.668,65.400,95.920
212.435,55.573,65.972,96.759
212.474,55.476,66.549,97.606
212.512,55.379,67.132,98.460
212.837,55.055,67.132,98.460
213.161,54.730,67.132,98.460
212.837,54.405,67.132,98.460
213.161,54.081,67.132,98.460
213.486,53.756,67.132,98.460
213.525,52.993,67.719,99.321
214.133,53.098,67.141,98.473
214.458,52.773,67.141,98.473
214.496,52.010,67.728,99.335
214.536,51.911,68.321,100.204
214.575,51.811,68.919,101.081
214.544,52.567,68.331,100.218
215.158,53.317,67.747,99.363
215.767,54.061,67.169,98.514
216.092,54.385,67.169,98.514
216.416,54.710,67.169,98.514
216.741,55.035,67.169,98.514
217.066,54.710,67.169,98.514
217.390,55.035,67.169,98.514
217.994,55.772,66.596,97.673
218.316,56.094,66.596,97.673
218.914,56.197,66.027,96.840
219.233,56.516,66.027,96.840
219.272,56.420,66.605,97.687
219.310,56.322,67.188,98.542
219.349,56.224,67.775,99.404
219.388,55.453,68.368,100.274
220.003,55.559,67.785,99.418
220.330,55.231,67.785,99.418
220.939,55.336,67.206,98.569
220.614,55.011,67.206,98.569
221.218,55.115,66.632,97.728
220.597,54.357,67.216,98.583
220.636,53.593,67.804,99.445
220.963,53.265,67.804,99.445
221.291,52.937,67.804,99.445
221.330,52.166,68.397,100.315
221.661,52.497,68.397,100.315
222.275,53.247,67.813,99.459
222.885,53.992,67.234,98.610
223.210,54.317,67.234,98.610
223.814,55.055,66.660,97.768
224.136,55.377,66.660,97.768
224.735,56.109,66.091,96.934
225.054,56.428,66.091,96.934
225.374,56.748,66.091,96.934
225.693,56.428,66.091,96.934
226.013,56.109,66.091,96.934
226.332,55.789,66.091,96.934
226.652,55.470,66.091,96.934
226.971,55.150,66.091,96.934
227.291,54.831,66.091,96.934
227.610,54.511,66.091,96.934
228.204,54.613,65.527,96.106
228.521,54.297,65.527,96.106
229.109,54.398,64.968,95.286
229.693,54.498,64.413,94.472
230.272,54.598,63.863,93.666
230.581,54.289,63.863,93.666
230.889,53.980,63.863,93.666
231.198,53.671,63.863,93.666
231.507,53.363,63.863,93.666
231.815,53.054,63.863,93.666
232.124,52.745,63.863,93.666
232.433,52.437,63.863,93.666
232.741,52.128,63.863,93.666
233.050,51.819,63.863,93.666
233.359,51.511,63.863,93.666
233.668,51.202,63.863,93.666
233.705,50.476,64.422,94.485
234.016,50.164,64.422,94.485
234.327,49.853,64.422,94.485
234.639,49.541,64.422,94.485
234.950,49.230,64.422,94.485
235.262,48.919,64.422,94.485
235.299,48.186,64.986,95.312
235.613,47.872,64.986,95.312
235.927,47.558,64.986,95.312
236.241,47.244,64.986,95.312
236.556,46.929,64.986,95.312
236.593,46.191,65.554,96.146
236.631,45.445,66.128,96.987
236.951,45.125,66.128,96.987
237.271,44.806,66.128,96.987
237.590,44.486,66.128,96.987
237.910,44.166,66.128,96.987
238.504,44.269,65.563,96.160
238.821,43.952,65.563,96.160
239.138,44.269,65.563,96.160
