245.000,64.000,12.000,13.000
245.451,64.549,12.000,13.000
245.402,64.598,12.000,13.000
245.352,64.648,12.000,13.000
245.303,64.697,12.000,13.000
245.254,64.746,12.000,13.000
245.205,64.795,12.000,13.000
245.156,64.844,12.000,13.000
245.106,64.894,12.000,13.000
245.057,64.943,12.000,13.000
245.008,64.992,12.000,13.000
244.959,65.041,12.000,13.000
244.910,65.090,12.000,13.000
244.860,65.140,12.000,13.000
244.811,65.189,12.000,13.000
244.762,65.238,12.000,13.000
244.713,65.287,12.000,13.000
244.664,65.336,12.000,13.000
244.614,65.386,12.000,13.000
244.565,65.435,12.000,13.000
244.516,65.484,12.000,13.000
244.467,65.533,12.000,13.000
244.418,65.582,12.000,13.000
244.368,65.632,12.000,13.000
244.265,65.625,12.105,13.114
244.216,65.675,12.105,13.114
244.166,65.724,12.105,13.114
244.117,65.675,12.105,13.114
244.067,65.625,12.105,13.114
244.117,65.576,12.105,13.114
244.166,65.526,12.105,13.114
244.216,65.476,12.105,13.114
244.265,65.427,12.105,13.114
244.315,65.377,12.105,13.114
244.365,65.327,12.105,13.114
244.414,65.278,12.105,13.114
244.464,65.228,12.105,13.114
244.514,65.179,12.105,13.114
244.511,65.070,12.211,13.228
244.509,64.961,12.318,13.344
244.560,64.911,12.318,13.344
244.610,64.860,12.318,13.344
244.505,64.853,12.426,13.461
244.454,64.904,12.426,13.461
244.347,64.898,12.534,13.579
244.240,64.891,12.644,13.698
244.188,64.943,12.644,13.698
244.136,64.995,12.644,13.698
244.028,64.988,12.755,13.817
243.918,64.874,12.866,13.938
243.808,64.867,12.979,14.060
243.696,64.751,13.092,14.183
243.643,64.805,13.092,14.183
243.589,64.858,13.092,14.183
243.535,64.805,13.092,14.183
243.589,64.751,13.092,14.183
243.587,64.634,13.207,14.307
243.641,64.580,13.207,14.307
243.695,64.526,13.207,14.307
243.749,64.471,13.207,14.307
243.858,64.480,13.094,14.185
243.805,64.426,13.094,14.185
243.751,64.372,13.094,14.185
243.697,64.319,13.094,14.185
243.644,64.265,13.094,14.185
243.590,64.211,13.094,14.185
243.536,64.157,13.094,14.185
243.483,64.104,13.094,14.185
243.429,64.157,13.094,14.185
243.432,64.270,12.982,14.064
243.379,64.217,12.982,14.064
243.432,64.164,12.982,14.064
243.486,64.111,12.982,14.064
243.593,64.119,12.872,13.944
243.646,64.066,12.872,13.944
243.699,64.013,12.872,13.944
243.751,63.960,12.872,13.944
243.804,63.908,12.872,13.944
243.857,63.855,12.872,13.944
243.910,63.802,12.872,13.944
243.962,63.749,12.872,13.944
244.015,63.802,12.872,13.944
244.068,63.749,12.872,13.944
244.121,63.802,12.872,13.944
244.174,63.855,12.872,13.944
244.226,63.908,12.872,13.944
244.279,63.960,12.872,13.944
244.332,63.908,12.872,13.944
244.385,63.855,12.872,13.944
244.437,63.802,12.872,13.944
244.490,63.749,12.872,13.944
244.543,63.697,12.872,13.944
244.596,63.749,12.872,13.944
244.649,63.697,12.872,13.944
244.701,63.644,12.872,13.944
244.754,63.591,12.872,13.944
244.807,63.644,12.872,13.944
244.860,63.591,12.872,13.944
244.912,63.644,12.872,13.944
244.965,63.697,12.872,13.944
245.018,63.749,12.872,13.944
245.071,63.697,12.872,13.944
245.124,63.644,12.872,13.944
245.176,63.697,12.872,13.944
245.229,63.644,12.872,13.944
245.282,63.697,12.872,13.944
245.335,63.644,12.872,13.944
245.387,63.591,12.872,13.944
245.385,63.476,12.984,14.066
245.438,63.529,12.984,14.066
245.492,63.582,12.984,14.066
245.545,63.529,12.984,14.066
245.598,63.476,12.984,14.066
245.596,63.469,13.098,14.189
245.594,63.462,13.212,14.313
245.648,63.408,13.212,14.313
245.702,63.354,13.212,14.313
245.648,63.408,13.212,14.313
245.702,63.354,13.212,14.313
245.648,63.299,13.212,14.313
245.594,63.245,13.212,14.313
245.540,63.191,13.212,14.313
245.543,63.199,13.100,14.191
245.597,63.253,13.100,14.191
245.650,63.199,13.100,14.191
245.704,63.146,13.100,14.191
245.758,63.092,13.100,14.191
245.756,62.975,13.214,14.315
245.642,62.857,13.330,14.441
245.528,62.737,13.446,14.567
245.473,62.682,13.446,14.567
245.418,62.627,13.446,14.567
245.363,62.572,13.446,14.567
245.307,62.517,13.446,14.567
245.252,62.462,13.446,14.567
245.197,62.407,13.446,14.567
245.142,62.351,13.446,14.567
245.087,62.296,13.446,14.567
245.032,62.241,13.446,14.567
244.977,62.186,13.446,14.567
244.921,62.131,13.446,14.567
244.866,62.076,13.446,14.567
244.811,62.131,13.446,14.567
244.756,62.186,13.446,14.567
244.811,62.131,13.446,14.567
244.866,62.076,13.446,14.567
244.921,62.021,13.446,14.567
244.977,61.965,13.446,14.567
245.032,61.910,13.446,14.567
245.087,61.965,13.446,14.567
245.142,61.910,13.446,14.567
245.197,61.855,13.446,14.567
245.252,61.800,13.446,14.567
245.307,61.745,13.446,14.567
245.363,61.690,13.446,14.567
245.307,61.635,13.446,14.567
245.252,61.580,13.446,14.567
245.307,61.524,13.446,14.567
245.363,61.469,13.446,14.567
245.418,61.414,13.446,14.567
245.473,61.359,13.446,14.567
245.528,61.304,13.446,14.567
245.473,61.249,13.446,14.567
245.418,61.194,13.446,14.567
245.363,61.138,13.446,14.567
245.307,61.083,13.446,14.567
245.363,61.028,13.446,14.567
245.418,61.083,13.446,14.567
245.363,61.028,13.446,14.567
245.418,60.973,13.446,14.567
245.473,60.918,13.446,14.567
245.528,60.863,13.446,14.567
245.583,60.918,13.446,14.567
245.638,60.863,13.446,14.567
245.693,60.808,13.446,14.567
245.805,60.816,13.332,14.443
245.859,60.761,13.332,14.443
245.914,60.707,13.332,14.443
245.969,60.652,13.332,14.443
246.023,60.707,13.332,14.443
246.078,60.761,13.332,14.443
246.133,60.707,13.332,14.443
246.187,60.652,13.332,14.443
246.242,60.597,13.332,14.443
246.297,60.543,13.332,14.443
246.351,60.597,13.332,14.443
246.406,60.652,13.332,14.443
246.461,60.597,13.332,14.443
246.515,60.543,13.332,14.443
246.570,60.488,13.332,14.443
246.624,60.433,13.332,14.443
246.679,60.488,13.332,14.443
246.734,60.433,13.332,14.443
246.788,60.379,13.332,14.443
246.843,60.433,13.332,14.443
246.953,60.442,13.218,14.319
247.063,60.450,13.105,14.197
247.116,60.504,13.105,14.197
247.170,60.450,13.105,14.197
247.224,60.504,13.105,14.197
247.278,60.557,13.105,14.197
247.331,60.611,13.105,14.197
247.385,60.665,13.105,14.197
247.439,60.719,13.105,14.197
247.493,60.665,13.105,14.197
247.546,60.719,13.105,14.197
247.600,60.665,13.105,14.197
247.654,60.611,13.105,14.197
247.707,60.665,13.105,14.197
247.761,60.611,13.105,14.197
247.815,60.557,13.105,14.197
247.869,60.504,13.105,14.197
247.922,60.450,13.105,14.197
247.976,60.396,13.105,14.197
248.030,60.343,13.105,14.197
248.084,60.396,13.105,14.197
248.137,60.450,13.105,14.197
248.191,60.396,13.105,14.197
248.245,60.343,13.105,14.197
248.299,60.289,13.105,14.197
248.245,60.343,13.105,14.197
248.191,60.289,13.105,14.197
248.195,60.297,12.993,14.076
248.141,60.244,12.993,14.076
248.088,60.190,12.993,14.076
248.035,60.137,12.993,14.076
247.981,60.084,12.993,14.076
247.985,60.092,12.882,13.956
247.932,60.145,12.882,13.956
247.879,60.092,12.882,13.956
247.827,60.145,12.882,13.956
247.774,60.092,12.882,13.956
247.721,60.145,12.882,13.956
247.668,60.092,12.882,13.956
247.615,60.039,12.882,13.956
247.562,60.092,12.882,13.956
247.510,60.039,12.882,13.956
247.457,59.986,12.882,13.956
247.510,60.039,12.882,13.956
247.562,60.092,12.882,13.956
247.615,60.039,12.882,13.956
247.668,59.986,12.882,13.956
247.721,59.934,12.882,13.956
247.774,59.881,12.882,13.956
247.827,59.828,12.882,13.956
247.879,59.881,12.882,13.956
247.932,59.934,12.882,13.956
247.985,59.986,12.882,13.956
248.038,60.039,12.882,13.956
248.091,59.986,12.882,13.956
248.038,60.039,12.882,13.956
247.985,60.092,12.882,13.956
248.038,60.145,12.882,13.956
248.091,60.092,12.882,13.956
248.038,60.039,12.882,13.956
248.091,60.092,12.882,13.956
248.143,60.145,12.882,13.956
248.196,60.198,12.882,13.956
248.249,60.250,12.882,13.956
248.302,60.198,12.882,13.956
248.355,60.145,12.882,13.956
248.408,60.092,12.882,13.956
248.460,60.039,12.882,13.956
248.513,60.092,12.882,13.956
248.460,60.145,12.882,13.956
248.408,60.198,12.882,13.956
248.355,60.250,12.882,13.956
248.302,60.303,12.882,13.956
248.249,60.356,12.882,13.956
248.253,60.467,12.772,13.837
248.305,60.520,12.772,13.837
248.357,60.572,12.772,13.837
248.410,60.624,12.772,13.837
248.462,60.572,12.772,13.837
248.514,60.520,12.772,13.837
248.567,60.467,12.772,13.837
248.619,60.415,12.772,13.837
248.671,60.362,12.772,13.837
248.724,60.310,12.772,13.837
248.776,60.258,12.772,13.837
248.829,60.205,12.772,13.837
248.881,60.153,12.772,13.837
248.933,60.101,12.772,13.837
248.986,60.048,12.772,13.837
249.038,59.996,12.772,13.837
249.090,59.943,12.772,13.837
249.143,59.996,12.772,13.837
249.195,60.048,12.772,13.837
249.248,59.996,12.772,13.837
249.300,59.943,12.772,13.837
249.352,59.891,12.772,13.837
249.350,59.777,12.884,13.958
249.403,59.724,12.884,13.958
249.456,59.671,12.884,13.958
249.509,59.618,12.884,13.958
249.561,59.566,12.884,13.958
249.614,59.513,12.884,13.958
249.667,59.460,12.884,13.958
249.665,59.345,12.997,14.080
249.718,59.291,12.997,14.080
249.665,59.238,12.997,14.080
249.612,59.291,12.997,14.080
249.500,59.284,13.110,14.203
249.446,59.338,13.110,14.203
249.393,59.284,13.110,14.203
249.339,59.338,13.110,14.203
249.285,59.392,13.110,14.203
249.231,59.446,13.110,14.203
249.119,59.439,13.225,14.327
249.122,59.553,13.112,14.205
249.069,59.607,13.112,14.205
249.015,59.553,13.112,14.205
249.069,59.499,13.112,14.205
249.122,59.445,13.112,14.205
249.176,59.499,13.112,14.205
249.230,59.553,13.112,14.205
249.176,59.499,13.112,14.205
249.122,59.445,13.112,14.205
249.120,59.328,13.227,14.329
249.174,59.274,13.227,14.329
249.229,59.219,13.227,14.329
249.174,59.165,13.227,14.329
249.172,59.047,13.343,14.455
249.227,58.992,13.343,14.455
249.281,58.938,13.343,14.455
249.336,58.883,13.343,14.455
249.391,58.828,13.343,14.455
249.389,58.709,13.460,14.581
249.444,58.654,13.460,14.581
249.441,58.533,13.577,14.709
249.497,58.478,13.577,14.709
249.553,58.422,13.577,14.709
249.550,58.415,13.696,14.837
249.607,58.358,13.696,14.837
249.604,58.236,13.816,14.967
249.602,58.112,13.937,15.098
249.599,57.988,14.059,15.230
249.597,57.862,14.182,15.364
249.655,57.804,14.182,15.364
249.713,57.746,14.182,15.364
249.772,57.688,14.182,15.364
249.830,57.630,14.182,15.364
249.888,57.571,14.182,15.364
249.946,57.513,14.182,15.364
250.004,57.455,14.182,15.364
250.062,57.397,14.182,15.364
250.120,57.339,14.182,15.364
250.179,57.281,14.182,15.364
250.296,57.289,14.061,15.232
250.412,57.298,13.941,15.102
250.527,57.307,13.822,14.974
250.584,57.250,13.822,14.974
250.527,57.194,13.822,14.974
250.471,57.137,13.822,14.974
250.352,57.013,13.943,15.105
250.295,56.956,13.943,15.105
250.238,56.899,13.943,15.105
250.118,56.774,14.065,15.237
249.998,56.649,14.188,15.370
249.939,56.590,14.188,15.370
249.881,56.532,14.188,15.370
249.823,56.474,14.188,15.370
249.765,56.416,14.188,15.370
249.707,56.474,14.188,15.370
249.648,56.416,14.188,15.370
249.527,56.289,14.312,15.504
249.585,56.230,14.312,15.504
249.644,56.172,14.312,15.504
249.585,56.113,14.312,15.504
249.527,56.054,14.312,15.504
249.524,55.926,14.437,15.640
249.584,55.985,14.437,15.640
249.460,55.856,14.563,15.777
249.519,55.797,14.563,15.777
249.517,55.666,14.691,15.915
249.577,55.606,14.691,15.915
249.517,55.666,14.691,15.915
249.457,55.727,14.691,15.915
249.396,55.787,14.691,15.915
249.336,55.847,14.691,15.915
249.276,55.907,14.691,15.915
249.336,55.968,14.691,15.915
249.276,56.028,14.691,15.915
249.336,56.088,14.691,15.915
249.396,56.028,14.691,15.915
249.518,56.037,14.565,15.779
249.578,55.977,14.565,15.779
249.698,55.986,14.441,15.645
249.702,56.111,14.318,15.511
249.761,56.052,14.318,15.511
249.819,55.994,14.318,15.511
249.761,55.935,14.318,15.511
249.638,55.927,14.443,15.647
249.514,55.919,14.569,15.784
249.389,55.912,14.697,15.922
249.263,55.904,14.826,16.061
249.136,55.896,14.955,16.202
249.007,55.888,15.086,16.343
248.878,55.753,15.218,16.486
248.940,55.690,15.218,16.486
249.003,55.628,15.218,16.486
249.065,55.566,15.218,16.486
249.128,55.503,15.218,16.486
249.065,55.441,15.218,16.486
249.128,55.378,15.218,16.486
249.190,55.316,15.218,16.486
249.316,55.325,15.088,16.346
249.378,55.264,15.088,16.346
249.440,55.202,15.088,16.346
249.378,55.140,15.088,16.346
249.316,55.078,15.088,16.346
249.378,55.016,15.088,16.346
249.375,55.008,15.220,16.489
249.438,54.946,15.220,16.489
249.435,54.937,15.353,16.633
249.303,54.929,15.488,16.778
249.240,54.993,15.488,16.778
249.176,54.929,15.488,16.778
249.240,54.866,15.488,16.778
249.107,54.857,15.623,16.925
248.973,54.849,15.760,17.073
248.908,54.914,15.760,17.073
248.973,54.849,15.760,17.073
249.037,54.784,15.760,17.073
249.102,54.720,15.760,17.073
249.167,54.655,15.760,17.073
249.231,54.591,15.760,17.073
249.296,54.526,15.760,17.073
249.361,54.461,15.760,17.073
249.425,54.526,15.760,17.073
249.490,54.461,15.760,17.073
249.554,54.397,15.760,17.073
249.685,54.533,15.625,16.928
249.621,54.597,15.625,16.928
249.685,54.661,15.625,16.928
249.621,54.725,15.625,16.928
249.685,54.789,15.625,16.928
249.749,54.725,15.625,16.928
249.813,54.789,15.625,16.928
249.877,54.853,15.625,16.928
249.941,54.917,15.625,16.928
250.005,54.853,15.625,16.928
250.069,54.917,15.625,16.928
250.133,54.981,15.625,16.928
250.069,54.917,15.625,16.928
250.005,54.853,15.625,16.928
249.941,54.789,15.625,16.928
250.005,54.725,15.625,16.928
250.069,54.661,15.625,16.928
250.133,54.597,15.625,16.928
250.197,54.533,15.625,16.928
250.261,54.469,15.625,16.928
250.325,54.404,15.625,16.928
250.455,54.414,15.492,16.783
250.518,54.478,15.492,16.783
250.582,54.541,15.492,16.783
250.645,54.605,15.492,16.783
250.709,54.668,15.492,16.783
250.772,54.732,15.492,16.783
250.836,54.668,15.492,16.783
