167.000,69.000,24.000,127.000
167.221,69.221,24.000,127.000
166.941,68.941,24.000,127.000
167.221,69.221,24.000,127.000
166.941,69.500,24.000,127.000
166.662,69.779,24.000,127.000
166.382,70.059,24.000,127.000
165.991,69.790,24.210,128.111
165.709,70.071,24.210,128.111
165.427,70.353,24.210,128.111
165.145,70.635,24.210,128.111
164.863,70.917,24.210,128.111
164.582,71.199,24.210,128.111
164.300,71.481,24.210,128.111
164.582,71.763,24.210,128.111
164.300,72.045,24.210,128.111
164.018,72.326,24.210,128.111
163.736,72.608,24.210,128.111
163.454,72.890,24.210,128.111
163.736,73.172,24.210,128.111
164.018,73.454,24.210,128.111
164.300,73.736,24.210,128.111
164.483,73.464,24.422,129.232
164.767,73.749,24.422,129.232
165.051,74.033,24.422,129.232
165.336,74.317,24.422,129.232
165.051,74.602,24.422,129.232
164.767,74.886,24.422,129.232
164.483,75.170,24.422,129.232
164.310,75.999,24.213,128.129
164.028,76.281,24.213,128.129
163.746,76.563,24.213,128.129
163.464,76.845,24.213,128.129
163.182,77.127,24.213,128.129
162.900,77.409,24.213,128.129
162.618,77.691,24.213,128.129
162.336,77.973,24.213,128.129
162.054,78.254,24.213,128.129
161.772,78.536,24.213,128.129
161.490,78.818,24.213,128.129
161.209,79.100,24.213,128.129
160.927,79.382,24.213,128.129
160.645,79.664,24.213,128.129
160.363,79.946,24.213,128.129
160.081,80.228,24.213,128.129
159.799,80.510,24.213,128.129
159.517,80.792,24.213,128.129
159.235,81.073,24.213,128.129
158.953,81.355,24.213,128.129
158.671,81.637,24.213,128.129
158.390,81.919,24.213,128.129
158.108,82.201,24.213,128.129
157.826,82.483,24.213,128.129
157.544,82.765,24.213,128.129
157.262,83.047,24.213,128.129
156.980,83.329,24.213,128.129
156.698,83.611,24.213,128.129
156.416,83.893,24.213,128.129
156.134,84.174,24.213,128.129
155.852,84.456,24.213,128.129
155.457,84.185,24.425,129.250
155.173,84.469,24.425,129.250
154.889,84.753,24.425,129.250
154.604,85.038,24.425,129.250
154.206,84.764,24.639,130.381
153.804,84.487,24.855,131.522
153.515,84.777,24.855,131.522
153.109,84.498,25.072,132.673
152.818,84.790,25.072,132.673
152.526,85.082,25.072,132.673
152.117,84.801,25.291,133.834
151.704,84.517,25.513,135.005
151.288,84.231,25.736,136.186
150.869,83.942,25.961,137.378
150.566,84.244,25.961,137.378
150.143,83.953,26.188,138.580
149.716,83.659,26.417,139.792
149.408,83.967,26.417,139.792
149.101,84.274,26.417,139.792
148.793,84.582,26.417,139.792
148.486,84.890,26.417,139.792
148.178,85.197,26.417,139.792
147.870,85.505,26.417,139.792
147.563,85.812,26.417,139.792
147.255,86.120,26.417,139.792
146.948,86.427,26.417,139.792
146.760,87.324,26.192,138.599
146.455,87.629,26.192,138.599
146.150,87.934,26.192,138.599
145.846,88.239,26.192,138.599
145.541,88.544,26.192,138.599
145.236,88.849,26.192,138.599
144.931,89.154,26.192,138.599
144.626,89.459,26.192,138.599
144.321,89.764,26.192,138.599
144.016,90.069,26.192,138.599
143.711,90.374,26.192,138.599
143.406,90.679,26.192,138.599
143.101,90.983,26.192,138.599
142.796,91.288,26.192,138.599
142.491,91.593,26.192,138.599
142.186,91.898,26.192,138.599
141.759,91.604,26.421,139.812
141.451,91.912,26.421,139.812
141.144,92.220,26.421,139.812
140.836,92.527,26.421,139.812
140.529,92.835,26.421,139.812
140.221,93.143,26.421,139.812
139.913,93.450,26.421,139.812
139.606,93.758,26.421,139.812
139.298,94.065,26.421,139.812
139.111,94.962,26.196,138.618
138.806,95.267,26.196,138.618
138.501,95.572,26.196,138.618
138.315,96.461,25.972,137.435
138.013,96.764,25.972,137.435
137.710,97.066,25.972,137.435
137.408,97.369,25.972,137.435
137.106,97.671,25.972,137.435
136.803,97.973,25.972,137.435
136.501,98.276,25.972,137.435
136.199,98.578,25.972,137.435
135.896,98.880,25.972,137.435
135.594,99.183,25.972,137.435
135.291,99.485,25.972,137.435
134.989,99.788,25.972,137.435
134.687,100.090,25.972,137.435
134.384,100.392,25.972,137.435
134.082,100.695,25.972,137.435
133.779,100.392,25.972,137.435
133.477,100.090,25.972,137.435
133.175,99.788,25.972,137.435
132.872,100.090,25.972,137.435
132.570,100.392,25.972,137.435
132.268,100.695,25.972,137.435
131.965,100.392,25.972,137.435
131.663,100.090,25.972,137.435
131.360,99.788,25.972,137.435
131.058,99.485,25.972,137.435
130.756,99.183,25.972,137.435
130.453,98.880,25.972,137.435
130.151,98.578,25.972,137.435
129.849,98.276,25.972,137.435
129.546,97.973,25.972,137.435
129.244,97.671,25.972,137.435
128.941,97.369,25.972,137.435
128.639,97.066,25.972,137.435
128.337,96.764,25.972,137.435
128.034,97.066,25.972,137.435
127.732,97.369,25.972,137.435
127.308,97.077,26.199,138.637
127.003,97.382,26.199,138.637
126.698,97.077,26.199,138.637
126.271,96.158,26.428,139.850
125.840,95.231,26.660,141.074
125.405,94.295,26.893,142.308
125.092,93.982,26.893,142.308
124.779,93.669,26.893,142.308
124.466,93.356,26.893,142.308
124.153,93.043,26.893,142.308
123.840,92.730,26.893,142.308
123.527,92.417,26.893,142.308
123.213,92.104,26.893,142.308
122.900,91.791,26.893,142.308
122.587,91.477,26.893,142.308
122.274,91.164,26.893,142.308
121.961,90.851,26.893,142.308
121.648,90.538,26.893,142.308
121.335,90.225,26.893,142.308
121.022,89.912,26.893,142.308
120.709,89.599,26.893,142.308
120.396,89.286,26.893,142.308
120.082,88.973,26.893,142.308
119.769,88.660,26.893,142.308
119.456,88.346,26.893,142.308
119.143,88.033,26.893,142.308
118.830,87.720,26.893,142.308
118.391,86.777,27.128,143.554
117.949,85.825,27.366,144.810
117.503,84.865,27.605,146.077
117.053,83.896,27.847,147.355
116.598,83.584,28.090,148.644
116.140,83.269,28.336,149.945
115.678,82.951,28.584,151.257
115.212,81.948,28.834,152.581
114.742,80.936,29.086,153.916
114.267,79.916,29.341,155.262
113.789,78.887,29.598,156.621
113.306,77.848,29.857,157.991
112.819,76.801,30.118,159.374
112.328,75.744,30.381,160.768
111.833,74.678,30.647,162.175
111.333,73.603,30.915,163.594
110.973,73.243,30.915,163.594
110.469,72.158,31.186,165.026
109.960,71.064,31.459,166.469
109.447,69.960,31.734,167.926
108.929,68.847,32.012,169.395
108.557,68.474,32.012,169.395
108.035,67.351,32.292,170.878
107.508,66.218,32.574,172.373
107.129,65.839,32.574,172.373
106.750,65.460,32.574,172.373
106.370,65.080,32.574,172.373
105.991,65.460,32.574,172.373
105.460,65.094,32.859,173.881
105.077,64.712,32.859,173.881
104.695,65.094,32.859,173.881
104.312,64.712,32.859,173.881
103.930,64.329,32.859,173.881
103.547,63.947,32.859,173.881
103.164,63.564,32.859,173.881
102.782,63.181,32.859,173.881
102.549,63.550,32.579,172.397
102.170,63.171,32.579,172.397
101.790,62.792,32.579,172.397
101.411,62.412,32.579,172.397
101.032,62.792,32.579,172.397
100.652,62.412,32.579,172.397
100.273,62.033,32.579,172.397
99.894,61.654,32.579,172.397
99.514,61.275,32.579,172.397
99.135,61.654,32.579,172.397
98.756,61.275,32.579,172.397
98.377,60.895,32.579,172.397
98.146,61.261,32.301,170.925
97.769,61.637,32.301,170.925
97.393,61.261,32.301,170.925
97.017,60.885,32.301,170.925
96.641,60.509,32.301,170.925
96.265,60.133,32.301,170.925
95.889,59.757,32.301,170.925
95.513,59.381,32.301,170.925
95.137,59.005,32.301,170.925
94.761,58.629,32.301,170.925
94.532,58.991,32.025,169.466
94.159,58.618,32.025,169.466
93.786,58.246,32.025,169.466
93.413,57.873,32.025,169.466
93.040,57.500,32.025,169.466
92.668,57.127,32.025,169.466
92.295,56.754,32.025,169.466
91.772,55.631,32.305,170.949
91.246,54.497,32.588,172.445
90.714,53.354,32.873,173.953
90.178,52.200,33.161,175.476
89.792,51.814,33.161,175.476
89.406,51.428,33.161,175.476
89.020,51.042,33.161,175.476
88.479,49.879,33.451,177.011
88.090,49.489,33.451,177.011
87.544,48.316,33.744,178.560
86.994,47.132,34.039,180.122
86.439,45.938,34.337,181.698
85.879,44.733,34.637,183.288
85.314,43.518,34.940,184.892
84.744,42.292,35.246,186.510
84.169,41.055,35.554,188.142
83.589,39.808,35.865,189.788
83.004,38.549,36.179,191.449
82.414,37.280,36.496,193.124
82.690,36.000,36.815,194.814
83.119,35.571,36.815,194.814
83.547,35.142,36.815,194.814
83.976,34.714,36.815,194.814
84.405,34.285,36.815,194.814
84.833,33.857,36.815,194.814
85.262,33.428,36.815,194.814
85.540,32.136,37.137,196.518
85.973,31.704,37.137,196.518
86.405,31.272,37.137,196.518
86.837,30.839,37.137,196.518
87.270,30.407,37.137,196.518
87.702,29.974,37.137,196.518
88.134,29.542,37.137,196.518
88.715,29.959,36.820,194.841
89.143,29.530,36.820,194.841
89.719,29.944,36.506,193.177
90.289,30.354,36.194,191.528
90.711,30.775,36.194,191.528
91.276,32.004,35.885,189.893
91.694,32.421,35.885,189.893
92.112,32.839,35.885,189.893
92.673,34.057,35.579,188.272
93.229,35.265,35.275,186.665
93.780,36.463,34.974,185.072
94.326,37.650,34.676,183.492
94.730,38.053,34.676,183.492
94.326,38.457,34.676,183.492
93.923,38.861,34.676,183.492
93.519,39.265,34.676,183.492
93.115,39.668,34.676,183.492
92.712,40.072,34.676,183.492
92.146,39.683,34.979,185.097
91.739,40.090,34.979,185.097
91.332,40.498,34.979,185.097
90.924,40.905,34.979,185.097
90.517,41.312,34.979,185.097
89.947,40.920,35.285,186.717
89.371,40.524,35.594,188.351
88.791,40.125,35.905,189.999
88.373,40.543,35.905,189.999
87.955,40.961,35.905,189.999
87.369,40.558,36.219,191.661
86.778,40.152,36.536,193.338
86.183,39.742,36.856,195.030
85.753,40.171,36.856,195.030
85.324,40.600,36.856,195.030
84.723,40.186,37.179,196.736
84.117,39.769,37.504,198.458
83.505,39.349,37.832,200.194
82.888,38.924,38.163,201.946
82.266,38.496,38.497,203.713
81.638,38.064,38.834,205.496
81.005,37.629,39.174,207.294
80.366,37.189,39.516,209.107
79.721,35.803,39.862,210.937
79.071,35.356,40.211,212.783
78.416,33.945,40.563,214.645
77.754,33.490,40.918,216.523
77.278,33.966,40.918,216.523
76.610,33.507,41.276,218.417
75.937,33.044,41.637,220.329
75.258,32.577,42.001,222.256
74.573,32.106,42.369,224.201
74.080,32.600,42.369,224.201
73.389,32.124,42.739,226.163
72.692,30.625,43.113,228.142
72.190,31.127,43.113,228.142
71.487,29.614,43.491,230.138
70.778,28.088,43.871,232.152
70.062,26.549,44.255,234.183
69.340,24.996,44.642,236.232
68.612,23.430,45.033,238.299
67.878,22.925,45.427,240.384
67.137,22.415,45.824,242.488
66.390,21.901,46.225,244.610
65.636,21.383,46.630,246.750
64.875,20.860,47.038,248.909
64.108,19.209,47.449,251.087
64.467,17.545,47.865,253.284
64.829,15.865,48.283,255.500
65.194,14.171,48.706,257.736
64.626,14.738,48.706,257.736
64.995,13.030,49.132,259.991
65.366,11.306,49.562,262.266
65.741,9.567,49.996,264.561
66.119,9.006,50.433,266.876
66.500,7.237,50.874,269.211
66.884,6.666,51.320,271.566
67.272,6.090,51.769,273.943
67.663,4.274,52.222,276.340
68.058,2.442,52.679,278.758
68.456,0.594,53.140,281.197
68.858,-0.002,53.604,283.657
69.263,-1.883,54.074,286.139
69.893,-1.254,54.074,286.139
70.522,-0.624,54.074,286.139
70.931,-2.521,54.547,288.643
71.566,-3.156,54.547,288.643
72.201,-3.791,54.547,288.643
71.814,-1.940,54.081,286.179
72.444,-2.569,54.081,286.179
71.814,-1.940,54.081,286.179
71.431,-1.333,53.619,283.736
72.269,-0.731,53.162,281.314
72.671,-2.596,53.627,283.775
72.046,-1.971,53.627,283.775
71.422,-1.347,53.627,283.775
72.046,-1.971,53.627,283.775
71.422,-1.347,53.627,283.775
72.046,-0.723,53.627,283.775
71.422,-0.098,53.627,283.775
72.046,0.526,53.627,283.775
72.452,-0.075,54.096,286.258
72.861,-0.682,54.569,288.763
73.273,-1.294,55.047,291.290
73.914,-0.654,55.047,291.290
73.273,-0.013,55.047,291.290
72.632,0.628,55.047,291.290
73.492,2.497,54.577,288.803
74.128,3.132,54.577,288.803
74.540,2.520,55.055,291.330
73.899,3.161,55.055,291.330
74.540,3.802,55.055,291.330
75.181,4.443,55.055,291.330
76.042,6.312,54.585,288.843
76.895,8.165,54.119,286.377
77.525,8.795,54.119,286.377
78.370,10.632,53.657,283.933
77.495,10.030,54.126,286.417
77.904,9.423,54.600,288.923
78.540,10.058,54.600,288.923
77.904,10.694,54.600,288.923
77.269,11.330,54.600,288.923
76.378,10.717,55.077,291.451
75.480,10.100,55.559,294.002
74.833,10.746,55.559,294.002
73.927,10.123,56.045,296.574
74.351,9.494,56.536,299.169
73.693,10.153,56.536,299.169
73.034,10.811,56.536,299.169
72.376,11.469,56.536,299.169
73.034,12.127,56.536,299.169
72.376,12.786,56.536,299.169
71.718,13.444,56.536,299.169
71.317,15.363,56.053,296.615
70.664,16.016,56.053,296.615
70.012,16.668,56.053,296.615
69.359,17.321,56.053,296.615
68.445,16.692,56.544,299.211
67.787,17.350,56.544,299.211
66.865,16.716,57.038,301.829
65.934,16.076,57.538,304.470
64.996,15.431,58.041,307.134
64.049,13.394,58.549,309.821
63.095,11.340,59.061,312.532
62.131,9.268,59.578,315.267
61.160,8.600,60.099,318.025
60.180,6.491,60.625,320.808
59.474,7.197,60.625,320.808
58.768,6.491,60.625,320.808
58.062,5.785,60.625,320.808
57.632,7.843,60.108,318.069
56.932,7.143,60.108,318.069
56.233,6.444,60.108,318.069
55.533,5.744,60.108,318.069
55.107,6.419,59.595,315.354
54.413,5.725,59.595,315.354
53.719,5.031,59.595,315.354
53.025,4.337,59.595,315.354
53.719,3.643,59.595,315.354
53.025,2.950,59.595,315.354
53.719,2.256,59.595,315.354
54.413,1.562,59.595,315.354
54.863,-0.529,60.116,318.114
55.563,-1.229,60.116,318.114
56.263,-1.929,60.116,318.114
56.963,-2.629,60.116,318.114
57.663,-3.329,60.116,318.114
56.963,-2.629,60.116,318.114
57.663,-3.329,60.116,318.114
58.363,-4.028,60.116,318.114
57.663,-3.329,60.116,318.114
56.963,-2.629,60.116,318.114
55.983,-4.738,60.642,320.897
56.441,-6.865,61.173,323.705
56.007,-6.179,60.650,320.942
56.466,-8.306,61.181,323.750
56.928,-10.453,61.716,326.583
57.647,-11.172,61.716,326.583
58.365,-11.890,61.716,326.583
58.832,-14.055,62.256,329.440
58.107,-13.331,62.256,329.440
58.577,-15.515,62.801,332.323
59.309,-16.246,62.801,332.323
60.040,-16.977,62.801,332.323
59.309,-16.246,62.801,332.323
59.783,-16.950,63.351,335.231
58.750,-17.661,63.905,338.164
59.233,-18.378,64.464,341.123
58.483,-17.627,64.464,341.123
58.970,-18.351,65.028,344.108
59.461,-20.632,65.597,347.119
58.698,-19.868,65.597,347.119
59.194,-20.604,66.171,350.156
59.964,-21.375,66.171,350.156
59.194,-20.604,66.171,350.156
58.114,-21.346,66.750,353.220
57.026,-23.688,67.334,356.310
55.928,-24.444,67.923,359.428
54.820,-25.206,68.518,362.573
53.702,-27.609,69.117,365.746
54.225,-30.034,69.722,368.946
53.413,-30.846,69.722,368.946
54.225,-31.658,69.722,368.946
53.088,-32.440,70.332,372.174
51.941,-33.229,70.948,375.431
52.477,-34.025,71.568,378.716
53.018,-34.828,72.195,382.030
53.564,-35.637,72.826,385.372
52.716,-34.790,72.826,385.372
51.528,-35.606,73.464,388.744
52.383,-34.751,73.464,388.744
51.185,-35.575,74.106,392.146
50.323,-34.712,74.106,392.146
49.460,-35.575,74.106,392.146
48.251,-36.407,74.755,395.577
47.032,-37.245,75.409,399.038
46.154,-36.367,75.409,399.038
45.276,-35.489,75.409,399.038
44.398,-34.611,75.409,399.038
43.168,-35.457,76.069,402.530
41.928,-36.310,76.734,406.052
40.676,-37.171,77.406,409.605
39.775,-36.270,77.406,409.605
38.874,-35.369,77.406,409.605
37.973,-34.468,77.406,409.605
37.072,-33.566,77.406,409.605
36.170,-32.665,77.406,409.605
35.269,-33.566,77.406,409.605
34.368,-34.468,77.406,409.605
33.106,-35.336,78.083,413.189
32.196,-34.427,78.083,413.189
30.923,-35.303,78.766,416.805
30.006,-34.386,78.766,416.805
28.721,-35.269,79.455,420.452
27.426,-36.160,80.151,424.131
26.492,-35.227,80.151,424.131
25.185,-36.126,80.852,427.842
24.244,-35.185,80.852,427.842
22.925,-36.092,81.559,431.585
21.595,-37.007,82.273,435.362
20.254,-37.930,82.993,439.171
19.287,-36.964,82.993,439.171
18.321,-35.997,82.993,439.171
17.355,-35.031,82.993,439.171
16.766,-32.214,82.284,435.422
15.808,-31.256,82.284,435.422
14.850,-30.298,82.284,435.422
13.892,-29.340,82.284,435.422
13.309,-26.547,81.582,431.705
12.730,-23.777,80.886,428.020
11.789,-22.836,80.886,428.020
10.847,-21.894,80.886,428.020
9.905,-20.952,80.886,428.020
8.964,-20.010,80.886,428.020
8.022,-19.069,80.886,428.020
7.080,-18.127,80.886,428.020
6.507,-15.381,80.195,424.366
5.573,-14.448,80.195,424.366
4.639,-13.514,80.195,424.366
3.706,-12.580,80.195,424.366
2.398,-13.480,80.897,428.079
1.456,-12.538,80.897,428.079
0.137,-13.446,81.605,431.825
-1.194,-14.361,82.319,435.603
-2.537,-15.284,83.039,439.415
-3.891,-16.216,83.766,443.260
-5.257,-17.155,84.499,447.138
-6.635,-18.103,85.238,451.051
-7.628,-17.111,85.238,451.051
-8.232,-14.218,84.510,447.200
-9.216,-13.234,84.510,447.200
-10.200,-12.250,84.510,447.200
-11.184,-11.266,84.510,447.200
-12.168,-10.282,84.510,447.200
-13.152,-9.298,84.510,447.200
-14.135,-8.314,84.510,447.200
-15.119,-7.330,84.510,447.200
-15.719,-4.461,83.789,443.383
-16.694,-3.486,83.789,443.383
-17.670,-2.510,83.789,443.383
-19.036,-3.450,84.522,447.262
-20.415,-4.398,85.262,451.176
-21.805,-5.355,86.008,455.124
-23.208,-6.320,86.760,459.106
-24.623,-7.293,87.519,463.123
-25.642,-6.274,87.519,463.123
-27.069,-7.256,88.285,467.175
-28.509,-8.246,89.058,471.263
-29.961,-9.245,89.837,475.387
-31.426,-10.253,90.623,479.546
-32.481,-9.198,90.623,479.546
-33.959,-10.214,91.416,483.742
-35.024,-9.150,91.416,483.742
-36.088,-8.085,91.416,483.742
-37.579,-9.111,92.216,487.975
-39.083,-10.145,93.023,492.245
-40.166,-9.062,93.023,492.245
-41.249,-7.979,93.023,492.245
-42.766,-9.023,93.837,496.552
-44.296,-10.075,94.658,500.897
-45.840,-11.137,95.486,505.280
-46.952,-10.025,95.486,505.280
-48.509,-11.097,96.321,509.701
-49.630,-9.975,96.321,509.701
-51.201,-11.056,97.164,514.161
-52.332,-9.924,97.164,514.161
-53.917,-11.014,98.014,518.660
-55.058,-9.873,98.014,518.660
-56.657,-10.973,98.872,523.198
-57.808,-9.822,98.872,523.198
-58.959,-8.670,98.872,523.198
-60.571,-9.779,99.737,527.776
-62.198,-10.898,100.610,532.394
-63.369,-9.727,100.610,532.394
-65.010,-10.855,101.490,537.053
-66.665,-11.994,102.378,541.752
-67.857,-10.802,102.378,541.752
-69.527,-11.950,103.274,546.492
-70.729,-10.748,103.274,546.492
-71.932,-9.546,103.274,546.492
-73.616,-10.704,104.178,551.274
-75.315,-11.873,105.089,556.098
-76.538,-10.649,105.089,556.098
-78.252,-11.828,106.009,560.963
-79.981,-13.017,106.936,565.872
-81.226,-11.772,106.936,565.872
-82.970,-12.972,107.872,570.823
-84.226,-11.716,107.872,570.823
-85.985,-12.926,108.816,575.818
-87.252,-11.659,108.816,575.818
-88.519,-10.392,108.816,575.818
-90.294,-11.613,109.768,580.856
-92.084,-12.844,110.729,585.939
-93.890,-14.086,111.697,591.066
-95.711,-15.339,112.675,596.238
-97.023,-14.027,112.675,596.238
-98.861,-15.291,113.661,601.455
-100.714,-16.566,114.655,606.717
-102.049,-15.231,114.655,606.717
-103.919,-16.517,115.658,612.026
-105.266,-15.171,115.658,612.026
-107.152,-16.468,116.671,617.381
-108.510,-15.110,116.671,617.381
-109.869,-13.752,116.671,617.381
-111.227,-12.393,116.671,617.381
-112.585,-11.035,116.671,617.381
-113.944,-9.676,116.671,617.381
-115.846,-10.985,117.691,622.784
-117.766,-12.305,118.721,628.233
-119.148,-10.923,118.721,628.233
-120.530,-9.541,118.721,628.233
-122.466,-10.873,119.760,633.730
-124.420,-12.216,120.808,639.275
-126.390,-13.571,121.865,644.869
-127.809,-14.990,121.865,644.869
-129.227,-13.571,121.865,644.869
-130.646,-14.990,121.865,644.869
-132.065,-13.571,121.865,644.869
-133.484,-12.152,121.865,644.869
-135.471,-13.519,122.931,650.511
-136.903,-14.951,122.931,650.511
-138.334,-16.382,122.931,650.511
-139.765,-17.813,122.931,650.511
-141.196,-19.244,122.931,650.511
-142.628,-20.676,122.931,650.511
-144.059,-22.107,122.931,650.511
-144.930,-20.727,121.882,644.958
-146.349,-22.146,121.882,644.958
-148.337,-26.422,122.948,650.602
-150.342,-27.801,124.024,656.294
-151.222,-26.408,122.965,650.692
-153.227,-30.723,124.041,656.385
-154.671,-32.167,124.041,656.385
-156.115,-33.611,124.041,656.385
-157.559,-35.055,124.041,656.385
-159.004,-36.499,124.041,656.385
-160.448,-37.943,124.041,656.385
-161.892,-39.388,124.041,656.385
-163.336,-40.832,124.041,656.385
-164.780,-42.276,124.041,656.385
-166.224,-43.720,124.041,656.385
-167.669,-45.164,124.041,656.385
-168.548,-43.772,122.982,650.782
-169.420,-42.391,121.933,645.227
-170.285,-41.022,120.892,639.719
-171.142,-39.664,119.860,634.258
-171.992,-35.596,118.837,628.843
-173.375,-36.979,118.837,628.843
-174.759,-35.596,118.837,628.843
-176.142,-36.979,118.837,628.843
-177.526,-38.363,118.837,628.843
-178.909,-39.746,118.837,628.843
-180.293,-41.130,118.837,628.843
-181.677,-42.514,118.837,628.843
-183.060,-43.897,118.837,628.843
-181.203,-42.563,117.822,623.475
-182.038,-41.240,116.816,618.153
-180.213,-39.928,115.819,612.876
-178.403,-38.628,114.830,607.644
-179.740,-39.965,114.830,607.644
-181.077,-41.302,114.830,607.644
-179.740,-42.639,114.830,607.644
-181.077,-43.976,114.830,607.644
-179.283,-42.686,113.850,602.457
-177.503,-41.408,112.878,597.314
-175.739,-40.141,111.915,592.215
-174.436,-41.444,111.915,592.215
-175.230,-40.187,110.959,587.159
-173.496,-38.941,110.012,582.147
-172.215,-40.222,110.012,582.147
-170.496,-38.987,109.073,577.177
-168.792,-37.762,108.142,572.250
-170.051,-39.021,108.142,572.250
-171.814,-42.815,109.088,577.257
-173.593,-46.643,110.043,582.308
-174.875,-45.362,110.043,582.308
-176.669,-46.596,111.005,587.404
-177.962,-47.888,111.005,587.404
-179.254,-49.181,111.005,587.404
-181.064,-50.426,111.977,592.543
-182.368,-49.122,111.977,592.543
-183.672,-47.819,111.977,592.543
-184.975,-46.515,111.977,592.543
-186.802,-47.771,112.957,597.728
-188.117,-46.456,112.957,597.728
-189.959,-47.723,113.945,602.958
-191.817,-49.001,114.942,608.234
-193.692,-50.290,115.948,613.556
-195.042,-51.640,115.948,613.556
-196.933,-52.941,116.962,618.925
-198.840,-54.253,117.986,624.340
-200.764,-55.577,119.018,629.803
-202.705,-56.912,120.059,635.314
-204.663,-58.258,121.110,640.873
-206.638,-62.507,122.170,646.481
-208.061,-61.085,122.170,646.481
-209.483,-59.663,122.170,646.481
-210.906,-61.085,122.170,646.481
-212.898,-62.456,123.239,652.138
-214.908,-63.838,124.317,657.844
-216.935,-65.232,125.405,663.600
-218.395,-66.692,125.405,663.600
-219.855,-68.153,125.405,663.600
-221.315,-66.692,125.405,663.600
-222.775,-68.153,125.405,663.600
-224.821,-72.552,126.502,669.406
-226.884,-76.991,127.609,675.264
-228.965,-81.468,128.725,681.172
-230.463,-82.966,128.725,681.172
-232.563,-87.483,129.852,687.132
-234.075,-88.995,129.852,687.132
-234.995,-87.537,128.743,681.267
-235.908,-86.091,127.644,675.451
-237.990,-90.569,128.761,681.361
-239.489,-92.069,128.761,681.361
-240.988,-93.568,128.761,681.361
-242.487,-95.067,128.761,681.361
-243.400,-93.621,127.662,675.545
-244.886,-95.107,127.662,675.545
-246.373,-96.594,127.662,675.545
-248.455,-101.073,128.779,681.456
-250.555,-105.591,129.906,687.418
-252.674,-110.149,131.043,693.433
-254.199,-111.674,131.043,693.433
-255.725,-113.200,131.043,693.433
-257.251,-114.726,131.043,693.433
-259.388,-119.323,132.189,699.501
-261.544,-123.961,133.346,705.622
-263.718,-128.639,134.513,711.796
-265.912,-133.359,135.690,718.024
-268.125,-138.119,136.877,724.307
-270.357,-142.922,138.075,730.644
-272.609,-147.766,139.283,737.037
-274.231,-149.388,139.283,737.037
-275.852,-151.009,139.283,737.037
-276.840,-149.445,138.094,730.746
-278.447,-151.053,138.094,730.746
-279.427,-149.503,136.915,724.508
-280.397,-147.965,135.746,718.323
-281.360,-146.441,134.587,712.191
-282.314,-144.930,133.438,706.111
-283.868,-146.484,133.438,706.111
-285.421,-148.037,133.438,706.111
-286.367,-146.539,132.299,700.083
-287.305,-145.054,131.170,694.107
-288.235,-143.581,130.050,688.182
-289.750,-145.095,130.050,688.182
-291.871,-149.658,131.188,694.203
-294.010,-154.260,132.336,700.278
-296.168,-158.903,133.494,706.405
-298.345,-163.587,134.662,712.586
-300.541,-168.312,135.840,718.821
-302.123,-169.893,135.840,718.821
-303.705,-171.475,135.840,718.821
