264.000,311.000,37.000,69.000
264.294,311.706,37.000,69.000
263.920,311.616,37.324,69.604
263.712,311.824,37.324,69.604
263.504,312.032,37.324,69.604
263.296,312.240,37.324,69.604
263.088,312.448,37.324,69.604
262.880,312.656,37.324,69.604
262.672,312.864,37.324,69.604
262.464,313.072,37.324,69.604
262.256,313.280,37.324,69.604
262.048,313.489,37.324,69.604
261.840,313.697,37.324,69.604
261.632,313.905,37.324,69.604
261.424,314.113,37.324,69.604
261.215,314.321,37.324,69.604
261.007,314.529,37.324,69.604
260.799,314.737,37.324,69.604
260.591,314.945,37.324,69.604
260.383,315.153,37.324,69.604
260.175,315.361,37.324,69.604
259.967,315.569,37.324,69.604
259.759,315.777,37.324,69.604
259.551,315.985,37.324,69.604
259.343,316.193,37.324,69.604
259.299,316.288,37.005,69.010
259.093,316.494,37.005,69.010
258.886,316.288,37.005,69.010
258.680,316.081,37.005,69.010
258.474,315.875,37.005,69.010
258.268,315.669,37.005,69.010
258.061,315.462,37.005,69.010
257.855,315.256,37.005,69.010
257.649,315.462,37.005,69.010
257.442,315.669,37.005,69.010
257.236,315.875,37.005,69.010
257.193,315.968,36.689,68.420
257.150,316.061,36.376,67.836
257.503,316.152,36.066,67.257
257.704,315.951,36.066,67.257
257.905,315.750,36.066,67.257
258.106,315.549,36.066,67.257
258.307,315.348,36.066,67.257
258.508,315.147,36.066,67.257
258.557,314.647,36.381,67.846
258.605,314.142,36.699,68.439
258.654,313.633,37.021,69.038
258.704,313.119,37.344,69.642
258.912,312.911,37.344,69.642
259.120,312.703,37.344,69.642
258.744,312.185,37.671,70.252
258.534,311.975,37.671,70.252
258.584,311.452,38.001,70.866
258.372,311.240,38.001,70.866
258.160,311.029,38.001,70.866
257.948,310.817,38.001,70.866
257.737,310.605,38.001,70.866
257.525,310.393,38.001,70.866
257.313,310.181,38.001,70.866
257.101,309.969,38.001,70.866
256.889,309.757,38.001,70.866
256.677,309.969,38.001,70.866
256.466,310.181,38.001,70.866
256.254,310.393,38.001,70.866
256.209,310.902,37.676,70.261
256.165,311.407,37.355,69.662
255.957,311.615,37.355,69.662
255.749,311.824,37.355,69.662
255.540,312.032,37.355,69.662
255.497,312.532,37.036,69.067
255.453,313.028,36.720,68.477
255.249,313.233,36.720,68.477
255.206,313.725,36.406,67.893
255.163,314.213,36.096,67.313
255.121,314.697,35.787,66.739
255.079,315.176,35.482,66.169
255.037,315.652,35.179,65.604
254.841,315.848,35.179,65.604
254.486,315.762,35.487,66.178
254.128,315.675,35.797,66.757
253.929,315.874,35.797,66.757
253.729,316.074,35.797,66.757
253.368,315.987,36.111,67.341
253.004,315.898,36.427,67.931
252.636,315.809,36.745,68.525
252.265,315.299,37.067,69.125
252.059,315.093,37.067,69.125
251.852,314.886,37.067,69.125
251.478,314.372,37.391,69.729
251.101,313.853,37.718,70.340
250.891,314.063,37.718,70.340
250.680,314.274,37.718,70.340
250.300,314.182,38.048,70.955
250.088,314.394,38.048,70.955
249.875,314.606,38.048,70.955
249.663,314.818,38.048,70.955
249.451,315.030,38.048,70.955
249.239,315.242,38.048,70.955
249.027,315.454,38.048,70.955
248.982,315.964,37.724,70.349
248.772,316.174,37.724,70.349
248.562,316.385,37.724,70.349
248.352,316.595,37.724,70.349
248.141,316.385,37.724,70.349
247.931,316.174,37.724,70.349
247.721,315.964,37.724,70.349
247.340,315.441,38.054,70.965
247.128,315.229,38.054,70.965
246.916,315.016,38.054,70.965
246.704,314.804,38.054,70.965
246.491,314.592,38.054,70.965
246.279,314.380,38.054,70.965
246.067,314.592,38.054,70.965
245.855,314.804,38.054,70.965
245.643,315.016,38.054,70.965
245.431,315.229,38.054,70.965
245.219,315.441,38.054,70.965
245.006,315.653,38.054,70.965
244.794,315.865,38.054,70.965
244.410,315.772,38.387,71.586
244.196,315.986,38.387,71.586
243.982,316.200,38.387,71.586
243.768,316.414,38.387,71.586
243.554,316.628,38.387,71.586
243.340,316.842,38.387,71.586
243.126,317.056,38.387,71.586
242.912,317.270,38.387,71.586
242.698,317.484,38.387,71.586
242.311,317.390,38.722,72.212
242.095,317.606,38.722,72.212
242.050,318.125,38.392,71.596
241.836,318.339,38.392,71.596
241.622,318.553,38.392,71.596
241.408,318.767,38.392,71.596
241.194,318.981,38.392,71.596
240.980,319.195,38.392,71.596
240.766,318.981,38.392,71.596
240.552,318.767,38.392,71.596
240.507,319.281,38.064,70.985
240.719,319.069,38.064,70.985
240.931,318.857,38.064,70.985
241.143,318.645,38.064,70.985
241.513,318.741,37.739,70.379
241.302,318.530,37.739,70.379
241.258,318.625,37.417,69.778
241.050,318.417,37.417,69.778
240.841,318.625,37.417,69.778
240.632,318.834,37.417,69.778
240.424,318.625,37.417,69.778
240.380,318.720,37.098,69.182
240.173,318.927,37.098,69.182
239.966,319.133,37.098,69.182
239.760,318.927,37.098,69.182
239.716,319.424,36.781,68.592
239.673,319.916,36.467,68.006
239.470,319.713,36.467,68.006
239.427,319.805,36.156,67.425
239.226,319.604,36.156,67.425
239.024,319.805,36.156,67.425
238.822,320.007,36.156,67.425
238.621,320.208,36.156,67.425
238.419,320.007,36.156,67.425
238.218,320.208,36.156,67.425
238.016,320.410,36.156,67.425
237.815,320.611,36.156,67.425
237.450,320.110,36.472,68.015
237.247,320.313,36.472,68.015
237.043,320.516,36.472,68.015
236.840,320.720,36.472,68.015
236.637,320.923,36.472,68.015
236.433,321.126,36.472,68.015
236.230,320.923,36.472,68.015
236.433,320.720,36.472,68.015
236.637,320.516,36.472,68.015
236.840,320.313,36.472,68.015
237.043,320.110,36.472,68.015
237.247,319.906,36.472,68.015
237.450,319.703,36.472,68.015
237.653,319.500,36.472,68.015
237.857,319.296,36.472,68.015
238.060,319.500,36.472,68.015
238.263,319.296,36.472,68.015
238.617,319.388,36.161,67.435
238.819,319.590,36.161,67.435
239.020,319.792,36.161,67.435
239.222,319.993,36.161,67.435
239.573,320.478,35.852,66.859
239.921,320.958,35.546,66.288
240.119,321.156,35.546,66.288
240.317,321.354,35.546,66.288
240.516,321.553,35.546,66.288
240.714,321.751,35.546,66.288
240.912,321.949,35.546,66.288
241.110,322.147,35.546,66.288
241.308,322.345,35.546,66.288
241.506,322.543,35.546,66.288
241.705,322.741,35.546,66.288
241.752,322.655,35.857,66.868
241.952,322.855,35.857,66.868
242.000,322.767,36.171,67.453
242.202,322.968,36.171,67.453
242.403,323.170,36.171,67.453
242.605,323.372,36.171,67.453
242.403,323.573,36.171,67.453
242.605,323.775,36.171,67.453
242.653,323.687,36.487,68.044
242.702,323.597,36.806,68.639
242.907,323.803,36.806,68.639
242.702,324.008,36.806,68.639
242.497,324.213,36.806,68.639
242.292,324.418,36.806,68.639
242.087,324.623,36.806,68.639
241.882,324.829,36.806,68.639
241.931,324.739,37.129,69.240
241.981,324.648,37.453,69.846
242.189,324.857,37.453,69.846
242.398,325.065,37.453,69.846
242.607,325.274,37.453,69.846
242.816,325.065,37.453,69.846
243.025,324.857,37.453,69.846
243.233,324.648,37.453,69.846
243.442,324.439,37.453,69.846
243.233,324.230,37.453,69.846
243.597,324.325,37.134,69.249
243.390,324.118,37.134,69.249
243.183,323.911,37.134,69.249
243.390,323.704,37.134,69.249
243.183,323.911,37.134,69.249
242.976,324.118,37.134,69.249
243.183,324.325,37.134,69.249
242.976,324.532,37.134,69.249
242.769,324.739,37.134,69.249
242.562,324.946,37.134,69.249
242.355,324.739,37.134,69.249
242.562,324.532,37.134,69.249
242.355,324.325,37.134,69.249
242.148,324.118,37.134,69.249
241.941,323.911,37.134,69.249
241.734,323.704,37.134,69.249
241.527,323.497,37.134,69.249
241.320,323.290,37.134,69.249
241.113,323.497,37.134,69.249
240.906,323.704,37.134,69.249
240.699,323.497,37.134,69.249
240.492,323.704,37.134,69.249
240.285,323.497,37.134,69.249
240.078,323.290,37.134,69.249
239.871,323.083,37.134,69.249
239.496,322.567,37.459,69.855
239.287,322.359,37.459,69.855
239.078,322.150,37.459,69.855
238.869,322.359,37.459,69.855
238.661,322.567,37.459,69.855
238.452,322.776,37.459,69.855
238.408,323.278,37.139,69.259
238.201,323.485,37.139,69.259
237.994,323.692,37.139,69.259
237.787,323.485,37.139,69.259
237.580,323.692,37.139,69.259
237.373,323.899,37.139,69.259
237.166,324.106,37.139,69.259
237.373,323.899,37.139,69.259
237.166,323.692,37.139,69.259
236.959,323.899,37.139,69.259
236.752,324.106,37.139,69.259
236.959,323.899,37.139,69.259
236.752,324.106,37.139,69.259
236.708,324.604,36.822,68.668
236.503,324.809,36.822,68.668
236.298,325.015,36.822,68.668
236.254,325.107,36.507,68.081
236.212,325.596,36.196,67.500
236.010,325.798,36.196,67.500
235.808,326.000,36.196,67.500
235.606,325.798,36.196,67.500
235.405,326.000,36.196,67.500
235.203,326.202,36.196,67.500
235.001,326.404,36.196,67.500
234.799,326.605,36.196,67.500
234.597,326.807,36.196,67.500
234.396,327.009,36.196,67.500
234.194,327.211,36.196,67.500
233.992,327.413,36.196,67.500
233.790,327.614,36.196,67.500
233.588,327.816,36.196,67.500
233.387,328.018,36.196,67.500
233.185,328.220,36.196,67.500
233.143,328.705,35.887,66.924
233.343,328.905,35.887,66.924
233.543,329.105,35.887,66.924
233.743,329.305,35.887,66.924
233.943,329.505,35.887,66.924
234.143,329.705,35.887,66.924
234.191,329.617,36.201,67.510
234.393,329.819,36.201,67.510
234.595,330.021,36.201,67.510
234.796,330.223,36.201,67.510
234.845,330.134,36.518,68.100
235.048,330.338,36.518,68.100
235.097,330.249,36.837,68.696
235.303,330.454,36.837,68.696
235.508,330.249,36.837,68.696
235.713,330.043,36.837,68.696
235.919,329.838,36.837,68.696
236.124,329.632,36.837,68.696
236.330,329.427,36.837,68.696
236.535,329.222,36.837,68.696
236.740,329.016,36.837,68.696
236.946,328.811,36.837,68.696
237.151,328.606,36.837,68.696
237.509,328.699,36.523,68.110
237.712,328.495,36.523,68.110
238.067,328.587,36.211,67.528
238.418,328.678,35.902,66.952
238.618,328.478,35.902,66.952
238.819,328.278,35.902,66.952
239.019,328.078,35.902,66.952
239.367,328.168,35.595,66.380
239.713,328.258,35.291,65.814
239.909,328.061,35.291,65.814
239.957,327.572,35.600,66.390
240.302,327.661,35.296,65.823
240.261,327.750,34.995,65.261
240.456,327.555,34.995,65.261
240.651,327.360,34.995,65.261
240.846,327.165,34.995,65.261
241.186,327.253,34.696,64.704
241.379,327.060,34.696,64.704
241.573,326.867,34.696,64.704
241.910,326.954,34.400,64.151
241.718,326.762,34.400,64.151
241.526,326.570,34.400,64.151
241.718,326.379,34.400,64.151
241.910,326.187,34.400,64.151
241.956,325.710,34.701,64.713
242.002,325.228,35.005,65.279
241.961,325.316,34.706,64.722
242.008,324.835,35.010,65.288
242.203,324.640,35.010,65.288
242.398,324.445,35.010,65.288
242.593,324.249,35.010,65.288
242.788,324.054,35.010,65.288
243.128,324.143,34.711,64.731
243.322,323.949,34.711,64.731
243.659,324.037,34.414,64.178
243.851,323.845,34.414,64.178
244.042,323.653,34.414,64.178
244.234,323.461,34.414,64.178
244.426,323.269,34.414,64.178
244.618,323.077,34.414,64.178
244.810,323.269,34.414,64.178
244.618,323.461,34.414,64.178
244.426,323.653,34.414,64.178
244.234,323.845,34.414,64.178
244.042,324.037,34.414,64.178
243.851,324.228,34.414,64.178
243.659,324.420,34.414,64.178
243.467,324.612,34.414,64.178
243.275,324.804,34.414,64.178
243.083,324.996,34.414,64.178
242.891,325.188,34.414,64.178
242.851,325.649,34.121,63.630
242.811,326.106,33.829,63.087
242.771,326.559,33.541,62.549
242.584,326.746,33.541,62.549
242.397,326.933,33.541,62.549
242.210,327.120,33.541,62.549
242.023,327.307,33.541,62.549
241.836,327.494,33.541,62.549
241.649,327.681,33.541,62.549
241.462,327.868,33.541,62.549
241.276,328.055,33.541,62.549
241.089,328.242,33.541,62.549
240.902,328.429,33.541,62.549
240.715,328.242,33.541,62.549
240.675,328.327,33.254,62.015
240.490,328.141,33.254,62.015
240.675,327.956,33.254,62.015
240.861,327.771,33.254,62.015
241.046,327.585,33.254,62.015
241.231,327.400,33.254,62.015
241.417,327.214,33.254,62.015
241.602,327.029,33.254,62.015
241.788,326.844,33.254,62.015
242.110,326.927,32.970,61.485
242.294,326.744,32.970,61.485
242.478,326.560,32.970,61.485
242.145,326.479,33.259,62.023
241.960,326.665,33.259,62.023
241.775,326.850,33.259,62.023
241.589,327.035,33.259,62.023
241.254,326.954,33.550,62.566
241.067,326.767,33.550,62.566
240.728,326.302,33.843,63.113
240.539,326.113,33.843,63.113
240.351,325.924,33.843,63.113
240.009,325.455,34.140,63.666
239.665,324.981,34.438,64.223
239.317,324.503,34.740,64.785
239.124,324.310,34.740,64.785
238.930,324.116,34.740,64.785
238.580,323.634,35.044,65.352
238.226,323.148,35.350,65.923
237.869,322.658,35.660,66.500
237.510,322.163,35.972,67.082
237.147,321.664,36.286,67.669
236.781,321.160,36.604,68.261
236.411,320.653,36.924,68.858
236.205,320.447,36.924,68.858
235.833,320.356,37.247,69.461
235.457,320.265,37.573,70.069
235.248,320.475,37.573,70.069
235.038,320.684,37.573,70.069
234.829,320.894,37.573,70.069
234.619,321.103,37.573,70.069
234.575,321.198,37.252,69.471
234.367,320.990,37.252,69.471
234.324,321.084,36.934,68.878
234.682,321.177,36.619,68.290
234.887,320.973,36.619,68.290
235.242,321.066,36.306,67.707
235.444,320.863,36.306,67.707
235.647,320.661,36.306,67.707
235.999,320.752,35.997,67.129
236.200,320.552,35.997,67.129
236.549,320.642,35.689,66.556
236.748,320.443,35.689,66.556
236.947,320.244,35.689,66.556
236.995,319.749,36.001,67.138
237.345,319.840,35.694,66.565
237.392,319.345,36.006,67.147
237.441,318.845,36.322,67.735
237.793,318.937,36.011,67.157
237.994,318.736,36.011,67.157
238.344,318.827,35.704,66.583
238.543,318.628,35.704,66.583
238.742,318.429,35.704,66.583
238.941,318.230,35.704,66.583
239.140,318.031,35.704,66.583
239.339,317.832,35.704,66.583
239.538,317.633,35.704,66.583
239.737,317.434,35.704,66.583
239.785,316.938,36.016,67.166
239.985,316.737,36.016,67.166
240.186,316.537,36.016,67.166
240.387,316.336,36.016,67.166
240.588,316.135,36.016,67.166
240.789,315.934,36.016,67.166
240.837,315.435,36.332,67.754
240.634,315.232,36.332,67.754
240.837,315.030,36.332,67.754
240.885,314.526,36.650,68.346
241.090,314.321,36.650,68.346
241.294,314.117,36.650,68.346
241.498,313.913,36.650,68.346
241.703,313.708,36.650,68.346
241.907,313.504,36.650,68.346
242.111,313.300,36.650,68.346
242.316,313.095,36.650,68.346
242.671,313.188,36.337,67.763
242.874,312.985,36.337,67.763
243.227,313.077,36.026,67.185
243.428,312.876,36.026,67.185
243.628,312.675,36.026,67.185
243.829,312.474,36.026,67.185
244.030,312.273,36.026,67.185
244.380,312.364,35.719,66.611
244.727,312.454,35.414,66.042
245.070,312.543,35.112,65.479
245.266,312.348,35.112,65.479
245.462,312.152,35.112,65.479
245.658,311.956,35.112,65.479
245.853,311.761,35.112,65.479
246.049,311.565,35.112,65.479
246.245,311.369,35.112,65.479
246.049,311.173,35.112,65.479
246.008,311.644,34.812,64.920
245.814,311.450,34.812,64.920
245.620,311.644,34.812,64.920
245.579,312.110,34.515,64.365
245.387,312.303,34.515,64.365
245.194,312.495,34.515,64.365
245.154,312.957,34.220,63.816
245.114,313.416,33.928,63.271
244.925,313.605,33.928,63.271
244.735,313.794,33.928,63.271
244.546,313.983,33.928,63.271
244.357,314.173,33.928,63.271
244.546,313.983,33.928,63.271
244.735,313.794,33.928,63.271
244.546,313.983,33.928,63.271
244.735,313.794,33.928,63.271
244.925,313.605,33.928,63.271
245.114,313.416,33.928,63.271
245.303,313.227,33.928,63.271
245.492,313.038,33.928,63.271
245.681,312.849,33.928,63.271
245.870,312.659,33.928,63.271
246.060,312.470,33.928,63.271
246.249,312.281,33.928,63.271
246.438,312.092,33.928,63.271
246.627,311.903,33.928,63.271
246.816,311.714,33.928,63.271
246.862,311.243,34.225,63.825
247.052,311.052,34.225,63.825
247.243,310.861,34.225,63.825
247.434,310.671,34.225,63.825
247.625,310.480,34.225,63.825
247.671,310.005,34.524,64.383
247.863,309.813,34.524,64.383
248.055,309.620,34.524,64.383
248.248,309.428,34.524,64.383
248.294,308.949,34.826,64.947
247.943,308.465,35.131,65.515
248.139,308.270,35.131,65.515
247.784,307.782,35.439,66.088
247.982,307.585,35.439,66.088
248.179,307.387,35.439,66.088
247.982,307.190,35.439,66.088
247.784,306.992,35.439,66.088
247.587,306.794,35.439,66.088
247.634,306.303,35.749,66.666
247.273,305.807,36.061,67.250
247.072,305.606,36.061,67.250
246.871,305.405,36.061,67.250
246.508,304.904,36.377,67.838
246.305,304.702,36.377,67.838
245.938,304.197,36.695,68.432
245.567,303.688,37.016,69.031
245.194,303.174,37.340,69.635
244.986,303.383,37.340,69.635
244.609,303.291,37.667,70.244
244.399,303.501,37.667,70.244
244.355,303.596,37.345,69.644
244.147,303.804,37.345,69.644
243.939,304.013,37.345,69.644
243.730,303.804,37.345,69.644
243.522,303.596,37.345,69.644
243.479,303.690,37.027,69.050
243.272,303.484,37.027,69.050
243.066,303.278,37.027,69.050
242.859,303.071,37.027,69.050
242.653,302.865,37.027,69.050
242.446,302.658,37.027,69.050
242.240,302.452,37.027,69.050
242.034,302.245,37.027,69.050
241.827,302.039,37.027,69.050
241.621,301.833,37.027,69.050
241.247,301.319,37.351,69.654
240.870,300.801,37.677,70.263
240.660,300.591,37.677,70.263
240.450,300.381,37.677,70.263
240.240,300.171,37.677,70.263
240.030,299.961,37.677,70.263
239.820,299.751,37.677,70.263
239.610,299.540,37.677,70.263
239.400,299.330,37.677,70.263
239.020,298.808,38.007,70.878
238.975,298.904,37.683,70.273
238.765,298.693,37.683,70.273
238.555,298.483,37.683,70.273
238.345,298.273,37.683,70.273
238.135,298.063,37.683,70.273
237.925,297.853,37.683,70.273
237.715,297.643,37.683,70.273
237.505,297.433,37.683,70.273
237.295,297.223,37.683,70.273
237.085,297.433,37.683,70.273
236.705,296.910,38.012,70.888
236.321,296.383,38.345,71.508
235.934,296.289,38.681,72.134
235.718,296.074,38.681,72.134
235.503,295.858,38.681,72.134
235.287,295.642,38.681,72.134
235.072,295.427,38.681,72.134
234.856,295.211,38.681,72.134
234.640,294.995,38.681,72.134
234.425,295.211,38.681,72.134
234.209,294.995,38.681,72.134
234.164,295.514,38.350,71.518
234.119,296.027,38.023,70.908
234.074,296.537,37.698,70.302
233.694,296.445,38.028,70.918
233.482,296.657,38.028,70.918
233.270,296.869,38.028,70.918
233.225,297.378,37.704,70.312
233.015,297.588,37.704,70.312
232.805,297.799,37.704,70.312
232.595,298.009,37.704,70.312
232.214,297.917,38.034,70.927
232.170,298.426,37.709,70.322
231.960,298.636,37.709,70.322
231.579,298.544,38.039,70.937
231.367,298.756,38.039,70.937
231.155,298.968,38.039,70.937
230.943,299.180,38.039,70.937
230.731,299.393,38.039,70.937
230.519,299.605,38.039,70.937
230.307,299.817,38.039,70.937
230.095,300.029,38.039,70.937
229.883,300.241,38.039,70.937
229.671,300.029,38.039,70.937
229.459,300.241,38.039,70.937
229.247,300.453,38.039,70.937
229.035,300.665,38.039,70.937
228.822,300.877,38.039,70.937
228.610,301.089,38.039,70.937
228.398,301.301,38.039,70.937
228.186,301.513,38.039,70.937
227.974,301.725,38.039,70.937
227.590,301.632,38.372,71.558
227.377,301.846,38.372,71.558
227.163,302.060,38.372,71.558
226.949,302.274,38.372,71.558
226.735,302.488,38.372,71.558
226.521,302.702,38.372,71.558
226.307,302.916,38.372,71.558
226.093,303.130,38.372,71.558
225.706,303.036,38.707,72.184
225.490,303.252,38.707,72.184
225.100,303.157,39.046,72.816
224.882,303.375,39.046,72.816
224.488,303.279,39.388,73.453
224.091,303.183,39.732,74.095
223.690,303.086,40.080,74.744
223.466,302.862,40.080,74.744
223.062,302.306,40.431,75.398
222.836,302.532,40.431,75.398
222.611,302.306,40.431,75.398
222.386,302.081,40.431,75.398
221.978,301.520,40.784,76.058
222.032,300.954,41.141,76.723
222.262,300.725,41.141,76.723
222.317,300.154,41.501,77.394
222.548,299.923,41.501,77.394
222.780,299.691,41.501,77.394
222.835,299.116,41.864,78.072
223.069,298.882,41.864,78.072
222.646,298.302,42.231,78.755
222.411,298.066,42.231,78.755
222.361,298.632,41.870,78.082
221.939,298.530,42.237,78.766
221.513,297.944,42.606,79.455
221.275,298.181,42.606,79.455
221.038,297.944,42.606,79.455
220.988,298.514,42.243,78.777
220.938,299.080,41.882,78.104
220.889,299.642,41.524,77.437
220.841,300.198,41.170,76.776
220.611,300.428,41.170,76.776
220.382,300.657,41.170,76.776
220.152,300.887,41.170,76.776
219.737,300.786,41.530,77.448
219.505,301.017,41.530,77.448
219.274,301.249,41.530,77.448
219.042,301.481,41.530,77.448
218.623,301.379,41.894,78.126
218.390,301.613,41.894,78.126
218.156,301.846,41.894,78.126
218.107,302.407,41.536,77.459
217.875,302.639,41.536,77.459
217.644,302.871,41.536,77.459
217.595,302.975,41.181,76.798
217.366,303.205,41.181,76.798
217.136,302.975,41.181,76.798
216.907,302.746,41.181,76.798
216.858,302.849,40.830,76.142
216.631,302.622,40.830,76.142
216.403,302.394,40.830,76.142
216.355,302.497,40.481,75.492
216.308,302.599,40.136,74.848
216.261,302.700,39.793,74.209
216.214,302.801,39.453,73.575
215.994,302.581,39.453,73.575
215.948,302.680,39.117,72.947
215.902,302.779,38.783,72.324
215.857,302.877,38.452,71.707
215.812,303.392,38.123,71.095
216.182,303.903,37.798,70.488
216.138,304.409,37.475,69.886
216.094,304.911,37.155,69.290
216.050,305.409,36.838,68.698
216.007,305.903,36.524,68.112
215.965,306.392,36.212,67.530
215.922,306.877,35.903,66.954
215.880,307.358,35.596,66.382
215.839,307.835,35.292,65.815
215.797,307.924,34.991,65.254
215.756,308.393,34.692,64.697
215.563,308.586,34.692,64.697
215.369,308.393,34.692,64.697
215.176,308.586,34.692,64.697
215.135,309.051,34.396,64.144
215.095,309.512,34.103,63.597
215.055,309.969,33.811,63.054
214.867,310.157,33.811,63.054
214.678,310.346,33.811,63.054
214.490,310.534,33.811,63.054
214.678,310.346,33.811,63.054
214.724,309.877,34.107,63.606
214.769,309.404,34.406,64.162
214.815,308.926,34.707,64.724
215.009,308.733,34.707,64.724
215.202,308.539,34.707,64.724
215.249,308.058,35.011,65.290
215.296,307.572,35.317,65.861
215.343,307.082,35.626,66.437
215.391,306.588,35.938,67.019
215.028,306.500,36.252,67.605
214.986,306.986,35.943,67.028
214.944,307.077,35.636,66.456
214.902,307.166,35.332,65.889
214.860,307.255,35.030,65.326
214.819,307.344,34.731,64.768
214.626,307.537,34.731,64.768
214.819,307.344,34.731,64.768
215.013,307.537,34.731,64.768
215.207,307.344,34.731,64.768
215.400,307.150,34.731,64.768
215.447,306.668,35.035,65.335
215.252,306.864,35.035,65.335
215.447,306.668,35.035,65.335
215.093,306.182,35.341,65.907
215.141,305.692,35.651,66.484
215.339,305.493,35.651,66.484
215.538,305.294,35.651,66.484
215.737,305.096,35.651,66.484
215.936,304.897,35.651,66.484
216.134,304.698,35.651,66.484
216.333,304.499,35.651,66.484
216.532,304.301,35.651,66.484
216.580,303.806,35.963,67.065
216.217,303.307,36.277,67.652
216.015,303.105,36.277,67.652
215.812,303.307,36.277,67.652
215.770,303.793,35.968,67.075
215.569,303.994,35.968,67.075
215.618,303.495,36.282,67.661
215.970,303.586,35.973,67.084
215.928,303.677,35.665,66.511
215.886,304.155,35.361,65.943
215.689,304.352,35.361,65.943
215.647,304.826,35.059,65.380
215.452,305.021,35.059,65.380
215.256,305.217,35.059,65.380
215.061,305.412,35.059,65.380
215.020,305.882,34.760,64.822
215.067,305.400,35.064,65.390
215.407,305.488,34.765,64.831
215.213,305.294,34.765,64.831
215.019,305.100,34.765,64.831
214.825,305.294,34.765,64.831
214.632,305.488,34.765,64.831
214.438,305.682,34.765,64.831
214.775,306.148,34.468,64.278
214.967,306.340,34.468,64.278
215.160,306.532,34.468,64.278
215.494,306.994,34.174,63.729
215.685,307.184,34.174,63.729
215.875,307.375,34.174,63.729
216.207,307.833,33.882,63.185
216.396,308.022,33.882,63.185
216.585,308.210,33.882,63.185
216.630,308.128,34.178,63.738
216.821,308.318,34.178,63.738
217.011,308.128,34.178,63.738
217.202,307.937,34.178,63.738
217.392,307.747,34.178,63.738
217.438,307.272,34.477,64.296
217.630,307.080,34.477,64.296
217.822,306.888,34.477,64.296
217.475,306.410,34.779,64.858
217.124,305.927,35.083,65.426
216.770,305.841,35.390,65.998
216.572,306.039,35.390,65.998
216.375,306.236,35.390,65.998
216.178,306.039,35.390,65.998
215.821,305.548,35.700,66.576
215.461,305.052,36.012,67.158
215.097,304.553,36.328,67.746
215.146,304.049,36.645,68.339
215.195,303.541,36.966,68.937
215.244,303.028,37.290,69.540
215.037,303.236,37.290,69.540
214.993,303.330,36.971,68.946
215.042,302.817,37.295,69.550
215.092,302.299,37.621,70.158
215.302,302.090,37.621,70.158
215.353,301.568,37.950,70.772
215.403,301.041,38.282,71.391
215.617,300.828,38.282,71.391
215.668,300.297,38.617,72.016
215.720,299.761,38.955,72.646
215.772,299.220,39.296,73.282
215.825,298.675,39.640,73.923
216.046,298.454,39.640,73.923
216.267,298.233,39.640,73.923
216.320,297.683,39.987,74.570
216.373,297.129,40.337,75.222
216.427,296.569,40.690,75.880
216.482,296.005,41.046,76.544
216.253,295.776,41.046,76.544
215.839,295.206,41.405,77.214
215.421,294.632,41.767,77.890
215.000,294.052,42.132,78.571
214.575,293.468,42.501,79.259
214.338,293.231,42.501,79.259
213.909,292.641,42.873,79.952
213.476,292.047,43.248,80.652
213.040,291.941,43.627,81.358
212.600,291.834,44.008,82.070
212.156,291.727,44.393,82.788
211.708,291.618,44.782,83.512
211.256,291.509,45.174,84.243
210.800,291.398,45.569,84.980
210.340,291.287,45.968,85.723
210.084,291.543,45.968,85.723
209.828,291.799,45.968,85.723
209.572,292.056,45.968,85.723
209.828,292.312,45.968,85.723
209.364,292.200,46.370,86.474
208.896,292.086,46.776,87.230
208.959,291.972,47.185,87.993
208.696,292.235,47.185,87.993
208.220,292.120,47.598,88.763
207.740,292.003,48.014,89.540
207.255,291.886,48.434,90.324
207.320,291.767,48.858,91.114
207.048,292.040,48.858,91.114
207.113,291.920,49.286,91.911
207.388,292.195,49.286,91.911
207.663,291.920,49.286,91.911
207.729,291.237,49.717,92.715
208.006,290.959,49.717,92.715
208.283,290.682,49.717,92.715
208.560,290.405,49.717,92.715
208.837,290.128,49.717,92.715
208.904,289.438,50.152,93.527
209.184,289.718,50.152,93.527
209.463,289.438,50.152,93.527
209.743,289.718,50.152,93.527
210.022,289.997,50.152,93.527
210.302,290.277,50.152,93.527
210.581,289.997,50.152,93.527
210.649,289.875,50.591,94.345
210.931,290.157,50.591,94.345
211.213,290.439,50.591,94.345
211.495,290.157,50.591,94.345
211.777,289.875,50.591,94.345
212.059,289.593,50.591,94.345
212.550,289.720,50.159,93.540
212.830,289.441,50.159,93.540
213.109,289.161,50.159,93.540
213.389,288.881,50.159,93.540
213.668,288.602,50.159,93.540
213.948,288.322,50.159,93.540
214.435,288.449,49.731,92.741
214.712,288.171,49.731,92.741
214.779,287.481,50.166,93.553
215.058,287.202,50.166,93.553
215.338,286.922,50.166,93.553
215.058,287.202,50.166,93.553
214.552,287.079,50.605,94.371
214.270,287.361,50.605,94.371
213.988,287.643,50.605,94.371
213.706,287.926,50.605,94.371
213.424,288.208,50.605,94.371
213.142,288.490,50.605,94.371
212.860,288.772,50.605,94.371
212.578,289.054,50.605,94.371
212.295,289.336,50.605,94.371
211.785,289.212,51.048,95.197
211.500,289.497,51.048,95.197
211.441,290.181,50.612,94.384
211.158,290.463,50.612,94.384
210.876,290.745,50.612,94.384
210.594,291.027,50.612,94.384
210.535,291.706,50.180,93.578
210.255,291.985,50.180,93.578
209.975,292.265,50.180,93.578
209.917,292.937,49.751,92.780
209.639,293.215,49.751,92.780
209.362,293.492,49.751,92.780
209.639,293.215,49.751,92.780
209.917,292.937,49.751,92.780
209.983,292.247,50.187,93.591
210.050,292.125,50.626,94.410
210.118,291.422,51.069,95.236
210.187,290.714,51.516,96.070
210.687,290.844,51.076,95.250
210.971,290.559,51.076,95.250
211.256,290.274,51.076,95.250
211.541,289.989,51.076,95.250
211.826,289.705,51.076,95.250
212.110,289.420,51.076,95.250
212.395,289.135,51.076,95.250
212.335,289.264,50.640,94.437
212.618,288.982,50.640,94.437
212.107,288.279,51.083,95.263
212.175,287.570,51.530,96.096
212.462,287.858,51.530,96.096
212.750,288.145,51.530,96.096
213.037,288.432,51.530,96.096
213.324,288.719,51.530,96.096
213.037,289.007,51.530,96.096
213.106,288.881,51.981,96.937
213.396,289.171,51.981,96.937
212.871,289.043,52.436,97.786
213.164,289.336,52.436,97.786
213.456,289.043,52.436,97.786
213.748,289.336,52.436,97.786
213.456,289.628,52.436,97.786
213.748,289.920,52.436,97.786
214.041,290.213,52.436,97.786
214.333,290.505,52.436,97.786
214.842,290.637,51.988,96.951
215.347,291.334,51.544,96.123
215.059,291.621,51.544,96.123
214.772,291.909,51.544,96.123
214.485,292.196,51.544,96.123
214.197,292.483,51.544,96.123
213.910,292.771,51.544,96.123
213.622,293.058,51.544,96.123
213.335,293.345,51.544,96.123
213.275,294.036,51.104,95.303
213.215,294.721,50.668,94.489
212.704,294.597,51.111,95.316
212.188,293.888,51.559,96.150
211.668,293.172,52.010,96.991
211.143,293.045,52.465,97.840
210.851,293.338,52.465,97.840
210.558,293.630,52.465,97.840
210.266,293.923,52.465,97.840
209.973,294.215,52.465,97.840
209.912,294.918,52.017,97.005
209.851,295.615,51.573,96.176
209.791,296.306,51.133,95.355
209.731,296.991,50.696,94.541
209.448,296.709,50.696,94.541
209.731,296.426,50.696,94.541
210.013,296.143,50.696,94.541
210.296,295.861,50.696,94.541
210.579,295.578,50.696,94.541
210.861,295.296,50.696,94.541
211.144,295.013,50.696,94.541
211.636,295.141,50.263,93.734
211.356,295.421,50.263,93.734
211.297,296.094,49.834,92.934
211.019,295.817,49.834,92.934
210.741,295.539,49.834,92.934
211.019,295.261,49.834,92.934
210.741,295.539,49.834,92.934
210.463,295.817,49.834,92.934
210.741,296.094,49.834,92.934
210.463,296.372,49.834,92.934
210.186,296.650,49.834,92.934
209.908,296.928,49.834,92.934
209.630,297.206,49.834,92.934
209.572,297.873,49.409,92.141
209.296,298.149,49.409,92.141
209.021,297.873,49.409,92.141
208.745,298.149,49.409,92.141
208.470,297.873,49.409,92.141
208.194,298.149,49.409,92.141
207.919,298.424,49.409,92.141
208.194,298.149,49.409,92.141
207.919,298.424,49.409,92.141
207.643,298.149,49.409,92.141
207.368,298.424,49.409,92.141
207.093,298.149,49.409,92.141
206.817,297.873,49.409,92.141
206.542,297.598,49.409,92.141
206.266,297.323,49.409,92.141
205.991,297.047,49.409,92.141
206.266,296.772,49.409,92.141
206.542,296.496,49.409,92.141
207.021,296.621,48.987,91.354
207.294,296.348,48.987,91.354
207.567,296.075,48.987,91.354
208.043,296.198,48.569,90.574
208.314,295.927,48.569,90.574
208.585,295.656,48.569,90.574
208.855,295.386,48.569,90.574
209.126,295.115,48.569,90.574
209.397,294.844,48.569,90.574
209.668,294.573,48.569,90.574
209.938,294.303,48.569,90.574
210.209,294.032,48.569,90.574
210.480,293.761,48.569,90.574
210.751,293.490,48.569,90.574
211.021,293.220,48.569,90.574
211.292,292.949,48.569,90.574
211.563,292.678,48.569,90.574
211.834,292.407,48.569,90.574
212.105,292.137,48.569,90.574
212.375,291.866,48.569,90.574
212.646,291.595,48.569,90.574
212.917,291.324,48.569,90.574
213.188,291.053,48.569,90.574
213.458,290.783,48.569,90.574
213.401,291.433,48.154,89.801
213.133,291.702,48.154,89.801
213.401,291.433,48.154,89.801
213.133,291.702,48.154,89.801
212.865,291.970,48.154,89.801
212.596,292.239,48.154,89.801
212.328,292.507,48.154,89.801
212.059,292.776,48.154,89.801
211.791,293.044,48.154,89.801
212.059,292.776,48.154,89.801
212.328,292.507,48.154,89.801
212.596,292.239,48.154,89.801
212.865,291.970,48.154,89.801
213.133,291.702,48.154,89.801
213.401,291.433,48.154,89.801
213.670,291.165,48.154,89.801
213.938,290.897,48.154,89.801
214.207,290.628,48.154,89.801
214.475,290.360,48.154,89.801
214.744,290.091,48.154,89.801
215.012,289.823,48.154,89.801
215.281,289.554,48.154,89.801
215.549,289.286,48.154,89.801
215.818,289.017,48.154,89.801
216.086,288.749,48.154,89.801
216.354,288.480,48.154,89.801
216.623,288.212,48.154,89.801
216.891,287.944,48.154,89.801
217.160,287.675,48.154,89.801
217.428,287.407,48.154,89.801
217.697,287.138,48.154,89.801
217.965,286.870,48.154,89.801
218.234,286.601,48.154,89.801
218.502,286.333,48.154,89.801
218.771,286.064,48.154,89.801
219.039,285.796,48.154,89.801
219.307,285.527,48.154,89.801
219.576,285.259,48.154,89.801
219.844,284.991,48.154,89.801
220.113,284.722,48.154,89.801
220.381,284.454,48.154,89.801
220.650,284.185,48.154,89.801
220.918,283.917,48.154,89.801
221.187,283.648,48.154,89.801
221.455,283.380,48.154,89.801
221.724,283.648,48.154,89.801
221.992,283.917,48.154,89.801
221.724,284.185,48.154,89.801
221.667,284.830,47.743,89.035
221.401,285.097,47.743,89.035
221.135,285.363,47.743,89.035
220.869,285.629,47.743,89.035
220.603,285.895,47.743,89.035
220.336,286.161,47.743,89.035
220.070,286.427,47.743,89.035
219.804,286.694,47.743,89.035
219.538,286.960,47.743,89.035
219.804,287.226,47.743,89.035
220.070,286.960,47.743,89.035
220.336,286.694,47.743,89.035
220.603,286.427,47.743,89.035
220.869,286.161,47.743,89.035
221.135,285.895,47.743,89.035
221.401,285.629,47.743,89.035
221.667,285.363,47.743,89.035
221.933,285.097,47.743,89.035
222.200,284.830,47.743,89.035
222.466,284.564,47.743,89.035
222.732,284.298,47.743,89.035
222.998,284.032,47.743,89.035
223.264,283.766,47.743,89.035
223.530,283.500,47.743,89.035
223.797,283.233,47.743,89.035
224.063,282.967,47.743,89.035
224.329,282.701,47.743,89.035
224.595,282.435,47.743,89.035
224.861,282.169,47.743,89.035
225.127,281.903,47.743,89.035
225.393,281.636,47.743,89.035
225.660,281.370,47.743,89.035
225.926,281.104,47.743,89.035
226.192,280.838,47.743,89.035
226.458,280.572,47.743,89.035
226.724,280.306,47.743,89.035
226.990,280.039,47.743,89.035
227.257,279.773,47.743,89.035
227.523,279.507,47.743,89.035
227.789,279.241,47.743,89.035
228.055,278.975,47.743,89.035
228.321,279.241,47.743,89.035
228.587,279.507,47.743,89.035
228.854,279.773,47.743,89.035
229.120,280.039,47.743,89.035
229.386,280.306,47.743,89.035
229.652,280.572,47.743,89.035
230.116,281.211,47.336,88.275
230.379,281.475,47.336,88.275
230.643,281.739,47.336,88.275
230.907,282.003,47.336,88.275
231.171,282.267,47.336,88.275
231.435,282.531,47.336,88.275
231.699,282.795,47.336,88.275
231.963,283.059,47.336,88.275
232.422,283.693,46.932,87.521
232.684,283.955,46.932,87.521
232.946,284.216,46.932,87.521
233.207,284.478,46.932,87.521
233.469,284.739,46.932,87.521
233.730,285.001,46.932,87.521
233.992,285.263,46.932,87.521
234.254,285.524,46.932,87.521
234.515,285.786,46.932,87.521
234.777,286.048,46.932,87.521
235.039,286.309,46.932,87.521
235.300,286.571,46.932,87.521
235.562,286.833,46.932,87.521
235.824,287.094,46.932,87.521
236.085,287.356,46.932,87.521
236.347,287.618,46.932,87.521
236.608,287.879,46.932,87.521
236.870,288.141,46.932,87.521
237.132,288.402,46.932,87.521
237.393,288.664,46.932,87.521
237.655,288.926,46.932,87.521
237.917,289.187,46.932,87.521
238.178,289.449,46.932,87.521
238.241,289.334,47.342,88.287
238.505,289.598,47.342,88.287
238.769,289.862,47.342,88.287
238.832,289.746,47.756,89.059
239.099,290.013,47.756,89.059
239.365,290.279,47.756,89.059
239.631,290.545,47.756,89.059
239.897,290.279,47.756,89.059
240.164,290.013,47.756,89.059
240.228,289.350,48.174,89.839
240.496,289.082,48.174,89.839
240.561,288.413,48.596,90.625
240.832,288.142,48.596,90.625
241.102,287.871,48.596,90.625
241.373,287.600,48.596,90.625
241.644,287.330,48.596,90.625
241.915,287.059,48.596,90.625
242.186,286.788,48.596,90.625
242.457,286.517,48.596,90.625
242.728,286.246,48.596,90.625
242.999,285.975,48.596,90.625
243.270,285.704,48.596,90.625
243.541,285.433,48.596,90.625
243.812,285.162,48.596,90.625
244.083,284.891,48.596,90.625
244.353,284.620,48.596,90.625
244.624,284.349,48.596,90.625
244.895,284.079,48.596,90.625
245.166,283.808,48.596,90.625
245.437,283.537,48.596,90.625
245.708,283.266,48.596,90.625
245.979,282.995,48.596,90.625
246.250,282.724,48.596,90.625
246.521,282.453,48.596,90.625
246.792,282.182,48.596,90.625
247.063,281.911,48.596,90.625
247.334,281.640,48.596,90.625
247.604,281.369,48.596,90.625
247.875,281.098,48.596,90.625
248.146,280.828,48.596,90.625
248.417,280.557,48.596,90.625
248.688,280.286,48.596,90.625
248.959,280.015,48.596,90.625
249.230,279.744,48.596,90.625
248.959,279.473,48.596,90.625
248.688,279.202,48.596,90.625
248.417,278.931,48.596,90.625
248.146,278.660,48.596,90.625
247.875,278.389,48.596,90.625
247.604,278.118,48.596,90.625
247.548,278.241,48.181,89.851
247.279,277.972,48.181,89.851
247.010,277.704,48.181,89.851
246.742,277.435,48.181,89.851
246.473,277.166,48.181,89.851
246.205,276.898,48.181,89.851
245.936,277.166,48.181,89.851
245.667,277.435,48.181,89.851
245.399,277.704,48.181,89.851
244.913,277.586,48.603,90.637
244.422,277.467,49.028,91.430
243.928,277.347,49.457,92.230
243.652,277.623,49.457,92.230
243.376,277.899,49.457,92.230
242.877,277.778,49.890,93.037
243.155,278.056,49.890,93.037
243.222,277.364,50.326,93.851
243.290,276.666,50.767,94.673
243.573,276.383,50.767,94.673
243.856,276.100,50.767,94.673
243.924,275.395,51.211,95.501
244.209,275.110,51.211,95.501
244.278,274.985,51.659,96.337
244.347,274.858,52.111,97.180
244.417,274.135,52.567,98.030
244.487,273.406,53.027,98.888
244.783,273.111,53.027,98.888
244.854,272.375,53.491,99.753
244.925,271.633,53.959,100.626
244.998,270.884,54.431,101.506
245.070,270.129,54.907,102.394
245.144,269.367,55.388,103.290
245.218,268.599,55.872,104.194
245.293,267.824,56.361,105.106
245.368,267.042,56.854,106.026
245.445,266.253,57.352,106.953
245.521,265.458,57.854,107.889
245.599,264.655,58.360,108.833
245.924,264.330,58.360,108.833
246.250,264.004,58.360,108.833
246.575,263.679,58.360,108.833
246.900,263.354,58.360,108.833
246.575,263.028,58.360,108.833
245.986,262.219,58.870,109.785
245.658,261.890,58.870,109.785
245.330,261.562,58.870,109.785
245.002,261.234,58.870,109.785
244.673,260.906,58.870,109.785
244.079,260.089,59.386,110.746
243.748,259.758,59.386,110.746
243.417,259.427,59.386,110.746
242.818,258.603,59.905,111.715
242.484,258.269,59.905,111.715
242.150,257.935,59.905,111.715
241.816,258.269,59.905,111.715
241.482,258.603,59.905,111.715
240.878,258.457,60.429,112.693
240.541,258.794,60.429,112.693
239.931,258.646,60.958,113.679
239.316,258.497,61.492,114.673
238.696,258.346,62.030,115.677
238.070,258.195,62.572,116.689
237.439,258.042,63.120,117.710
237.791,258.394,63.120,117.710
238.142,258.746,63.120,117.710
238.494,259.098,63.120,117.710
238.846,259.449,63.120,117.710
239.198,259.801,63.120,117.710
239.550,260.153,63.120,117.710
239.902,260.505,63.120,117.710
240.254,260.857,63.120,117.710
240.606,261.209,63.120,117.710
240.958,261.561,63.120,117.710
241.042,261.406,63.672,118.740
241.397,261.761,63.672,118.740
241.752,262.116,63.672,118.740
242.107,262.471,63.672,118.740
241.752,262.826,63.672,118.740
242.107,263.181,63.672,118.740
242.462,263.536,63.672,118.740
242.107,263.891,63.672,118.740
241.752,264.246,63.672,118.740
241.397,264.601,63.672,118.740
241.323,265.454,63.129,117.726
241.674,265.806,63.129,117.726
242.287,266.652,62.590,116.721
242.636,267.001,62.590,116.721
243.244,267.840,62.055,115.725
243.846,268.671,61.526,114.737
244.189,269.014,61.526,114.737
244.786,269.838,61.000,113.758
245.379,270.656,60.480,112.786
245.966,271.466,59.963,111.824
246.548,272.270,59.452,110.869
247.125,273.066,58.944,109.923
247.697,273.856,58.441,108.984
248.264,274.003,57.942,108.054
248.587,274.326,57.942,108.054
249.150,275.103,57.447,107.132
249.707,275.247,56.957,106.217
250.025,274.930,56.957,106.217
250.342,274.612,56.957,106.217
250.660,274.295,56.957,106.217
250.978,273.977,56.957,106.217
251.295,273.660,56.957,106.217
251.613,273.342,56.957,106.217
251.930,273.025,56.957,106.217
252.483,273.168,56.471,105.310
252.798,272.853,56.471,105.310
253.113,272.539,56.471,105.310
253.427,272.224,56.471,105.310
253.742,271.909,56.471,105.310
254.290,272.051,55.989,104.411
254.603,271.739,55.989,104.411
254.915,271.427,55.989,104.411
255.227,271.115,55.989,104.411
255.539,270.803,55.989,104.411
255.851,270.491,55.989,104.411
256.163,270.179,55.989,104.411
256.475,269.866,55.989,104.411
256.787,269.554,55.989,104.411
257.100,269.242,55.989,104.411
257.412,268.930,55.989,104.411
257.724,268.618,55.989,104.411
258.036,268.306,55.989,104.411
258.348,267.994,55.989,104.411
258.660,267.682,55.989,104.411
258.972,267.369,55.989,104.411
259.285,267.057,55.989,104.411
259.597,266.745,55.989,104.411
259.909,266.433,55.989,104.411
260.452,266.574,55.511,103.520
260.387,266.714,55.037,102.636
260.323,266.853,54.567,101.760
260.259,266.990,54.101,100.891
259.957,267.292,54.101,100.891
259.656,267.594,54.101,100.891
259.354,267.292,54.101,100.891
259.053,266.990,54.101,100.891
259.354,266.689,54.101,100.891
259.427,265.938,54.575,101.774
259.500,265.181,55.052,102.665
259.573,264.417,55.534,103.563
259.883,264.108,55.534,103.563
260.193,263.798,55.534,103.563
259.883,263.489,55.534,103.563
259.573,263.179,55.534,103.563
259.883,262.869,55.534,103.563
259.957,262.099,56.020,104.469
260.032,261.322,56.510,105.383
260.347,261.007,56.510,105.383
260.663,260.692,56.510,105.383
260.978,260.377,56.510,105.383
261.293,260.062,56.510,105.383
261.608,259.747,56.510,105.383
261.923,259.432,56.510,105.383
262.238,259.117,56.510,105.383
262.313,258.333,57.004,106.305
262.390,257.542,57.503,107.236
262.467,256.744,58.006,108.174
262.790,256.421,58.006,108.174
263.113,256.097,58.006,108.174
263.191,255.293,58.514,109.120
263.517,254.966,58.514,109.120
263.844,254.640,58.514,109.120
264.170,254.314,58.514,109.120
264.738,254.461,58.014,108.189
264.414,254.138,58.014,108.189
264.346,254.284,57.519,107.265
264.026,253.964,57.519,107.265
263.705,253.643,57.519,107.265
263.384,253.322,57.519,107.265
263.064,253.002,57.519,107.265
262.996,253.147,57.028,106.350
263.550,253.290,56.541,105.442
264.099,253.433,56.059,104.542
264.411,253.120,56.059,104.542
264.724,252.808,56.059,104.542
265.036,252.495,56.059,104.542
265.349,252.183,56.059,104.542
265.662,251.870,56.059,104.542
266.206,252.012,55.580,103.649
266.516,252.321,55.580,103.649
267.055,253.066,55.106,102.764
267.590,253.805,54.635,101.887
268.120,254.537,54.169,101.017
268.646,255.262,53.706,100.155
268.347,255.562,53.706,100.155
268.646,255.861,53.706,100.155
268.946,256.161,53.706,100.155
268.883,256.880,53.248,99.300
268.586,257.177,53.248,99.300
268.289,257.474,53.248,99.300
267.752,256.735,53.714,100.169
267.452,256.436,53.714,100.169
266.910,255.691,54.184,101.045
266.364,254.939,54.658,101.930
266.437,254.181,55.136,102.821
266.130,253.873,55.136,102.821
266.437,253.566,55.136,102.821
266.744,253.258,55.136,102.821
267.052,252.951,55.136,102.821
267.359,252.644,55.136,102.821
267.666,252.336,55.136,102.821
267.974,252.029,55.136,102.821
268.281,251.722,55.136,102.821
268.589,251.414,55.136,102.821
268.896,251.107,55.136,102.821
268.970,250.342,55.619,103.721
269.044,249.570,56.105,104.629
269.357,249.257,56.105,104.629
269.670,248.945,56.105,104.629
269.745,248.166,56.596,105.544
269.821,247.381,57.091,106.468
269.245,246.589,57.591,107.399
268.664,245.790,58.095,108.339
268.078,244.984,58.603,109.287
267.486,244.171,59.116,110.243
266.890,243.351,59.633,111.208
266.557,243.684,59.633,111.208
265.956,243.538,60.155,112.181
265.620,243.873,60.155,112.181
265.285,244.209,60.155,112.181
264.950,244.544,60.155,112.181
264.879,245.350,59.642,111.223
264.547,245.682,59.642,111.223
264.214,246.015,59.642,111.223
263.882,246.347,59.642,111.223
263.280,246.202,60.163,112.197
262.945,246.537,60.163,112.197
262.609,246.872,60.163,112.197
262.274,247.208,60.163,112.197
261.938,247.543,60.163,112.197
261.603,247.879,60.163,112.197
260.996,247.732,60.690,113.178
260.658,248.070,60.690,113.178
260.996,248.408,60.690,113.178
261.334,248.070,60.690,113.178
261.673,247.732,60.690,113.178
261.754,246.890,61.221,114.169
262.095,246.548,61.221,114.169
262.177,245.699,61.757,115.168
262.522,245.355,61.757,115.168
262.866,245.010,61.757,115.168
262.949,244.154,62.297,116.175
263.296,243.806,62.297,116.175
263.643,243.459,62.297,116.175
263.990,243.112,62.297,116.175
264.338,242.764,62.297,116.175
264.685,242.417,62.297,116.175
265.032,242.070,62.297,116.175
265.380,241.723,62.297,116.175
265.463,240.858,62.842,117.192
265.813,240.508,62.842,117.192
266.164,240.158,62.842,117.192
266.514,239.807,62.842,117.192
266.864,239.457,62.842,117.192
266.949,238.585,63.392,118.217
267.302,238.232,63.392,118.217
267.917,238.392,62.851,117.208
268.268,238.041,62.851,117.208
268.618,237.691,62.851,117.208
268.969,237.340,62.851,117.208
269.579,237.499,62.314,116.208
269.926,237.151,62.314,116.208
270.273,236.804,62.314,116.208
270.621,236.457,62.314,116.208
271.226,236.614,61.782,115.215
271.825,236.769,61.255,114.232
272.420,236.924,60.732,113.257
272.759,236.585,60.732,113.257
273.097,236.247,60.732,113.257
273.687,237.060,60.213,112.290
274.022,237.396,60.213,112.290
274.358,237.732,60.213,112.290
274.694,238.068,60.213,112.290
275.278,238.874,59.699,111.331
275.858,239.674,59.190,110.381
276.188,240.004,59.190,110.381
276.762,240.153,58.685,109.439
277.090,239.826,58.685,109.439
277.417,239.499,58.685,109.439
277.744,239.172,58.685,109.439
278.071,238.845,58.685,109.439
278.398,238.518,58.685,109.439
278.725,238.190,58.685,109.439
279.052,237.863,58.685,109.439
279.380,237.536,58.685,109.439
279.707,237.209,58.685,109.439
280.034,236.882,58.685,109.439
280.604,237.030,58.184,108.504
280.928,236.705,58.184,108.504
281.252,236.381,58.184,108.504
281.577,236.057,58.184,108.504
281.252,235.732,58.184,108.504
280.928,236.057,58.184,108.504
280.604,236.381,58.184,108.504
280.017,236.239,58.693,109.454
279.689,236.566,58.693,109.454
279.362,236.893,58.693,109.454
279.035,237.220,58.693,109.454
278.708,237.548,58.693,109.454
278.381,237.875,58.693,109.454
278.950,238.023,58.192,108.520
279.275,237.698,58.192,108.520
279.599,237.374,58.192,108.520
279.924,237.050,58.192,108.520
280.488,237.196,57.695,107.593
281.048,237.342,57.202,106.675
281.367,237.023,57.202,106.675
281.686,236.704,57.202,106.675
282.005,237.023,57.202,106.675
282.324,237.342,57.202,106.675
282.643,237.661,57.202,106.675
282.962,237.979,57.202,106.675
283.517,238.746,56.714,105.764
283.833,239.062,56.714,105.764
283.517,239.378,56.714,105.764
283.451,240.138,56.230,104.861
283.137,240.452,56.230,104.861
282.824,240.765,56.230,104.861
282.510,241.079,56.230,104.861
282.444,241.832,55.750,103.966
282.134,242.143,55.750,103.966
281.823,242.454,55.750,103.966
281.512,242.764,55.750,103.966
281.201,243.075,55.750,103.966
280.890,243.386,55.750,103.966
280.580,243.697,55.750,103.966
280.269,244.008,55.750,103.966
280.344,243.871,56.238,104.876
280.657,243.558,56.238,104.876
280.732,242.778,56.730,105.793
281.049,242.461,56.730,105.793
281.365,242.145,56.730,105.793
280.793,241.358,57.226,106.719
280.474,241.039,57.226,106.719
279.896,240.245,57.727,107.653
279.314,239.444,58.232,108.595
278.726,238.636,58.742,109.545
278.134,238.493,59.256,110.504
277.536,238.348,59.774,111.470
276.933,238.202,60.297,112.446
276.324,238.054,60.825,113.430
275.711,237.906,61.357,114.422
275.092,237.756,61.894,115.423
274.467,237.604,62.435,116.433
273.837,237.452,62.982,117.452
273.202,237.298,63.533,118.480
272.561,237.143,64.089,119.517
272.203,237.500,64.089,119.517
271.557,237.343,64.649,120.562
270.905,237.185,65.215,121.617
270.247,237.026,65.786,122.681
269.880,237.392,65.786,122.681
269.513,237.759,65.786,122.681
269.146,238.126,65.786,122.681
268.780,238.493,65.786,122.681
268.413,238.859,65.786,122.681
268.046,239.226,65.786,122.681
267.679,239.593,65.786,122.681
267.313,239.226,65.786,122.681
266.946,238.859,65.786,122.681
266.282,237.947,66.361,123.755
265.912,237.577,66.361,123.755
265.542,237.207,66.361,123.755
265.172,236.837,66.361,123.755
265.095,237.004,65.795,122.698
265.018,237.170,65.233,121.651
264.941,237.335,64.676,120.613
264.581,236.974,64.676,120.613
265.208,237.137,64.124,119.583
265.566,236.780,64.124,119.583
265.208,236.422,64.124,119.583
265.831,236.584,63.577,118.562
266.448,236.744,63.034,117.550
266.097,236.393,63.034,117.550
266.448,236.041,63.034,117.550
266.799,235.690,63.034,117.550
267.151,235.338,63.034,117.550
267.763,235.497,62.496,116.547
268.369,235.655,61.962,115.552
268.971,235.811,61.434,114.565
269.567,235.966,60.909,113.587
270.159,236.119,60.389,112.618
270.495,235.783,60.389,112.618
271.081,235.935,59.874,111.656
271.415,235.601,59.874,111.656
271.749,235.267,59.874,111.656
272.083,234.934,59.874,111.656
272.417,234.600,59.874,111.656
272.750,234.266,59.874,111.656
273.332,234.417,59.362,110.703
273.662,234.086,59.362,110.703
273.993,234.417,59.362,110.703
274.324,234.748,59.362,110.703
274.655,235.079,59.362,110.703
274.986,235.410,59.362,110.703
275.317,235.741,59.362,110.703
275.648,236.072,59.362,110.703
275.979,235.741,59.362,110.703
276.555,235.890,58.856,109.758
276.883,235.562,58.856,109.758
277.212,235.234,58.856,109.758
277.540,234.906,58.856,109.758
277.868,234.578,58.856,109.758
278.196,234.250,58.856,109.758
278.524,233.922,58.856,109.758
277.930,233.105,59.371,110.718
277.331,232.281,59.890,111.687
276.997,232.615,59.890,111.687
276.393,232.469,60.414,112.664
275.784,232.321,60.943,113.650
275.444,232.661,60.943,113.650
274.829,232.512,61.476,114.645
274.486,232.855,61.476,114.645
273.866,232.705,62.014,115.648
273.240,232.553,62.557,116.660
272.609,232.400,63.104,117.680
272.257,232.752,63.104,117.680
271.906,233.104,63.104,117.680
271.832,233.949,62.565,116.676
271.758,234.787,62.031,115.680
271.133,234.636,62.574,116.692
270.784,234.985,62.574,116.692
270.152,234.832,63.122,117.713
269.800,235.184,63.122,117.713
269.449,235.535,63.122,117.713
269.097,235.887,63.122,117.713
268.745,236.239,63.122,117.713
268.108,236.085,63.674,118.743
267.466,235.929,64.231,119.782
266.817,235.772,64.793,120.830
266.164,235.614,65.360,121.887
265.504,235.454,65.932,122.954
264.839,235.293,66.509,124.030
264.468,235.664,66.509,124.030
264.098,236.034,66.509,124.030
263.727,236.405,66.509,124.030
263.356,236.776,66.509,124.030
262.985,237.147,66.509,124.030
262.614,237.518,66.509,124.030
262.244,237.888,66.509,124.030
261.873,238.259,66.509,124.030
261.502,238.630,66.509,124.030
260.831,238.467,67.091,125.115
260.154,238.303,67.678,126.210
259.471,238.138,68.270,127.314
259.563,237.971,68.867,128.428
259.655,237.803,69.470,129.552
259.748,237.633,70.078,130.686
259.842,237.462,70.691,131.829
259.937,237.289,71.309,132.983
260.032,237.114,71.933,134.146
260.433,237.515,71.933,134.146
260.529,237.340,72.563,135.320
260.627,237.162,73.198,136.504
261.035,237.570,73.198,136.504
261.443,237.978,73.198,136.504
261.851,238.386,73.198,136.504
262.259,238.794,73.198,136.504
262.667,239.203,73.198,136.504
263.075,239.611,73.198,136.504
263.483,240.019,73.198,136.504
264.194,240.999,72.573,135.339
264.598,241.404,72.573,135.339
265.303,242.376,71.953,134.183
266.001,243.340,71.339,133.038
266.399,243.738,71.339,133.038
266.797,244.136,71.339,133.038
267.489,245.092,70.730,131.902
267.883,245.486,70.730,131.902
268.278,245.880,70.730,131.902
268.672,246.275,70.730,131.902
269.359,247.222,70.126,130.776
269.750,247.613,70.126,130.776
270.141,248.004,70.126,130.776
270.531,248.395,70.126,130.776
270.922,248.786,70.126,130.776
271.313,248.395,70.126,130.776
271.994,248.572,69.528,129.660
272.382,248.184,69.528,129.660
272.769,247.797,69.528,129.660
273.157,247.409,69.528,129.660
273.250,246.445,70.136,130.794
273.931,246.621,69.537,129.678
274.319,246.234,69.537,129.678
274.706,245.846,69.537,129.678
275.381,246.021,68.944,128.571
275.766,246.406,68.944,128.571
275.858,245.449,69.547,129.696
276.533,246.381,68.953,128.589
276.917,246.766,68.953,128.589
277.302,247.150,68.953,128.589
277.686,247.534,68.953,128.589
277.779,247.366,69.557,129.714
278.454,248.298,68.963,128.606
278.546,248.129,69.566,129.732
278.934,248.517,69.566,129.732
279.322,248.129,69.566,129.732
279.710,248.517,69.566,129.732
280.385,249.449,68.972,128.624
280.769,249.065,68.972,128.624
281.154,249.449,68.972,128.624
281.246,249.280,69.576,129.750
281.634,249.668,69.576,129.750
282.022,250.056,69.576,129.750
282.410,250.444,69.576,129.750
282.798,250.056,69.576,129.750
283.186,250.444,69.576,129.750
283.574,250.832,69.576,129.750
283.961,251.220,69.576,129.750
284.637,251.395,68.982,128.642
285.021,251.780,68.982,128.642
285.406,251.395,68.982,128.642
286.076,251.569,68.393,127.544
286.457,251.188,68.393,127.544
287.121,251.360,67.809,126.455
287.779,251.531,67.230,125.376
288.432,251.701,66.657,124.305
289.079,251.869,66.088,123.244
289.720,252.035,65.523,122.192
