147.000,110.000,34.000,33.000
147.632,110.632,34.000,33.000
147.764,110.500,34.000,33.000
147.896,110.632,34.000,33.000
148.028,110.764,34.000,33.000
148.159,110.896,34.000,33.000
148.291,111.028,34.000,33.000
148.423,111.159,34.000,33.000
148.555,111.291,34.000,33.000
148.542,111.282,34.297,33.289
148.675,111.415,34.297,33.289
148.661,111.406,34.598,33.580
148.527,111.540,34.598,33.580
148.392,111.674,34.598,33.580
148.258,111.809,34.598,33.580
148.275,111.821,34.302,33.293
147.989,111.539,34.602,33.585
147.700,111.530,34.905,33.879
147.686,111.520,35.211,34.175
147.672,111.511,35.519,34.474
147.375,111.501,35.829,34.776
147.076,111.491,36.143,35.080
146.774,111.481,36.459,35.387
146.469,111.472,36.778,35.697
146.455,111.462,37.100,36.009
146.440,111.452,37.425,36.324
146.127,111.442,37.752,36.642
145.812,111.431,38.082,36.962
145.494,111.421,38.416,37.286
145.345,111.570,38.416,37.286
145.494,111.719,38.416,37.286
145.643,111.868,38.416,37.286
145.792,111.719,38.416,37.286
145.643,111.868,38.416,37.286
145.494,112.017,38.416,37.286
145.643,111.868,38.416,37.286
145.792,111.719,38.416,37.286
145.941,111.570,38.416,37.286
146.251,111.584,38.088,36.968
146.398,111.436,38.088,36.968
146.251,111.288,38.088,36.968
146.103,111.436,38.088,36.968
145.955,111.584,38.088,36.968
146.103,111.732,38.088,36.968
146.251,111.879,38.088,36.968
146.398,112.027,38.088,36.968
146.417,112.329,37.763,36.652
146.270,112.475,37.763,36.652
146.124,112.622,37.763,36.652
145.977,112.768,37.763,36.652
145.996,113.068,37.440,36.339
146.141,112.923,37.440,36.339
146.286,112.777,37.440,36.339
146.141,112.923,37.440,36.339
146.126,112.912,37.768,36.657
145.810,112.902,38.098,36.978
145.958,112.754,38.098,36.978
146.106,112.607,38.098,36.978
146.254,112.754,38.098,36.978
146.106,112.902,38.098,36.978
145.958,113.050,38.098,36.978
145.810,113.198,38.098,36.978
145.958,113.050,38.098,36.978
146.106,112.902,38.098,36.978
145.958,113.050,38.098,36.978
145.810,113.198,38.098,36.978
145.958,113.050,38.098,36.978
146.106,112.902,38.098,36.978
145.958,113.050,38.098,36.978
145.977,113.352,37.773,36.662
145.830,113.499,37.773,36.662
145.684,113.645,37.773,36.662
145.830,113.792,37.773,36.662
145.977,113.938,37.773,36.662
146.123,114.085,37.773,36.662
145.977,114.231,37.773,36.662
145.830,114.378,37.773,36.662
145.977,114.524,37.773,36.662
145.962,114.214,38.104,36.983
145.814,114.361,38.104,36.983
145.666,114.214,38.104,36.983
145.518,114.361,38.104,36.983
145.370,114.509,38.104,36.983
145.518,114.657,38.104,36.983
145.666,114.509,38.104,36.983
145.518,114.657,38.104,36.983
145.537,114.959,37.778,36.667
145.390,115.106,37.778,36.667
145.244,115.252,37.778,36.667
145.548,115.552,37.456,36.354
145.533,115.541,37.784,36.672
145.518,115.531,38.114,36.993
145.666,115.679,38.114,36.993
145.518,115.827,38.114,36.993
145.370,115.975,38.114,36.993
145.518,115.827,38.114,36.993
145.825,115.841,37.789,36.677
145.971,115.694,37.789,36.677
145.990,115.994,37.466,36.364
145.844,116.139,37.466,36.364
145.862,116.436,37.146,36.054
146.161,116.730,36.829,35.746
146.019,116.873,36.829,35.746
146.036,117.165,36.515,35.441
145.895,117.307,36.515,35.441
146.036,117.165,36.515,35.441
146.178,117.024,36.515,35.441
146.036,116.882,36.515,35.441
145.895,116.740,36.515,35.441
146.189,117.030,36.203,35.138
146.329,116.889,36.203,35.138
146.621,117.176,35.894,34.838
146.760,117.037,35.894,34.838
146.899,116.898,35.894,34.838
147.038,116.759,35.894,34.838
147.328,117.043,35.588,34.541
147.466,117.181,35.588,34.541
147.752,117.194,35.284,34.246
148.036,117.207,34.983,33.954
148.172,117.071,34.983,33.954
148.036,116.935,34.983,33.954
148.172,116.799,34.983,33.954
148.308,116.664,34.983,33.954
148.443,116.528,34.983,33.954
148.579,116.392,34.983,33.954
148.443,116.257,34.983,33.954
148.579,116.392,34.983,33.954
148.443,116.528,34.983,33.954
148.308,116.392,34.983,33.954
148.172,116.257,34.983,33.954
148.036,116.121,34.983,33.954
147.901,115.985,34.983,33.954
147.765,115.850,34.983,33.954
147.629,115.985,34.983,33.954
147.765,116.121,34.983,33.954
147.901,115.985,34.983,33.954
148.036,116.121,34.983,33.954
147.901,116.257,34.983,33.954
147.765,116.121,34.983,33.954
147.901,115.985,34.983,33.954
148.036,115.850,34.983,33.954
148.318,115.862,34.684,33.664
148.183,115.997,34.684,33.664
148.049,116.131,34.684,33.664
148.183,116.266,34.684,33.664
148.318,116.131,34.684,33.664
148.183,116.266,34.684,33.664
148.049,116.400,34.684,33.664
148.183,116.535,34.684,33.664
148.318,116.669,34.684,33.664
148.453,116.535,34.684,33.664
148.587,116.400,34.684,33.664
148.453,116.535,34.684,33.664
148.318,116.669,34.684,33.664
148.183,116.804,34.684,33.664
148.049,116.938,34.684,33.664
148.066,117.213,34.388,33.377
147.932,117.347,34.388,33.377
147.799,117.480,34.388,33.377
147.932,117.347,34.388,33.377
148.066,117.213,34.388,33.377
148.199,117.080,34.388,33.377
148.332,116.947,34.388,33.377
148.199,116.813,34.388,33.377
148.185,116.530,34.689,33.669
148.172,116.245,34.992,33.963
148.307,116.110,34.992,33.963
148.443,115.974,34.992,33.963
148.307,116.110,34.992,33.963
148.172,116.245,34.992,33.963
147.879,116.236,35.299,34.260
147.585,116.226,35.607,34.560
147.570,116.217,35.919,34.863
147.710,116.356,35.919,34.863
147.570,116.217,35.919,34.863
147.710,116.077,35.919,34.863
147.849,116.217,35.919,34.863
147.710,116.356,35.919,34.863
147.570,116.495,35.919,34.863
147.860,116.508,35.612,34.565
147.562,116.499,35.924,34.867
147.851,116.783,35.617,34.570
147.713,116.921,35.617,34.570
147.575,116.783,35.617,34.570
147.713,116.645,35.617,34.570
147.851,116.507,35.617,34.570
147.713,116.369,35.617,34.570
147.575,116.507,35.617,34.570
147.437,116.645,35.617,34.570
147.299,116.783,35.617,34.570
147.161,116.921,35.617,34.570
147.022,117.060,35.617,34.570
147.161,116.921,35.617,34.570
147.299,116.783,35.617,34.570
147.161,116.921,35.617,34.570
147.022,116.783,35.617,34.570
147.161,116.645,35.617,34.570
147.447,116.658,35.313,34.275
147.584,116.521,35.313,34.275
147.869,116.534,35.012,33.982
147.733,116.398,35.012,33.982
147.869,116.262,35.012,33.982
147.733,116.126,35.012,33.982
147.597,115.990,35.012,33.982
147.733,115.855,35.012,33.982
147.441,115.845,35.318,34.279
147.304,115.982,35.318,34.279
147.167,116.119,35.318,34.279
146.872,116.110,35.627,34.579
146.733,115.971,35.627,34.579
146.872,115.833,35.627,34.579
147.159,115.846,35.323,34.284
147.022,115.709,35.323,34.284
146.727,115.699,35.632,34.584
146.588,115.838,35.632,34.584
146.727,115.699,35.632,34.584
146.865,115.838,35.632,34.584
146.882,116.120,35.328,34.289
147.167,116.133,35.026,33.996
147.302,116.269,35.026,33.996
147.438,116.404,35.026,33.996
147.302,116.540,35.026,33.996
147.167,116.676,35.026,33.996
147.302,116.812,35.026,33.996
147.438,116.676,35.026,33.996
147.574,116.540,35.026,33.996
147.438,116.676,35.026,33.996
147.302,116.812,35.026,33.996
147.167,116.948,35.026,33.996
147.031,117.084,35.026,33.996
147.167,116.948,35.026,33.996
147.302,116.812,35.026,33.996
147.438,116.676,35.026,33.996
147.574,116.812,35.026,33.996
147.710,116.676,35.026,33.996
147.574,116.540,35.026,33.996
147.438,116.676,35.026,33.996
147.302,116.812,35.026,33.996
147.438,116.948,35.026,33.996
147.574,116.812,35.026,33.996
147.438,116.948,35.026,33.996
147.302,117.084,35.026,33.996
147.438,117.220,35.026,33.996
147.574,117.355,35.026,33.996
147.710,117.491,35.026,33.996
147.992,117.769,34.727,33.706
148.127,117.904,34.727,33.706
148.261,118.038,34.727,33.706
148.396,118.173,34.727,33.706
148.531,118.308,34.727,33.706
148.517,118.298,35.031,34.001
148.224,118.289,35.338,34.298
147.929,118.279,35.647,34.599
147.632,118.270,35.959,34.901
147.331,117.974,36.274,35.207
147.028,117.964,36.591,35.515
146.723,117.954,36.911,35.826
146.415,117.944,37.234,36.139
146.270,118.089,37.234,36.139
146.570,118.384,36.916,35.830
146.427,118.241,36.916,35.830
146.284,118.384,36.916,35.830
146.140,118.527,36.916,35.830
145.997,118.670,36.916,35.830
145.854,118.814,36.916,35.830
145.711,118.957,36.916,35.830
145.729,118.970,36.601,35.525
145.746,118.983,36.289,35.221
145.606,118.842,36.289,35.221
145.746,118.983,36.289,35.221
145.606,119.124,36.289,35.221
145.746,118.983,36.289,35.221
146.039,118.996,35.979,34.921
146.178,118.857,35.979,34.921
146.318,118.717,35.979,34.921
146.608,119.002,35.672,34.623
146.895,119.285,35.367,34.327
146.758,119.422,35.367,34.327
146.775,119.703,35.065,34.034
146.639,119.839,35.065,34.034
146.775,119.975,35.065,34.034
146.911,120.111,35.065,34.034
146.775,120.247,35.065,34.034
146.911,120.111,35.065,34.034
147.047,119.975,35.065,34.034
146.911,120.111,35.065,34.034
146.775,120.247,35.065,34.034
146.482,119.958,35.372,34.332
146.468,119.667,35.682,34.632
146.329,119.806,35.682,34.632
146.191,119.944,35.682,34.632
146.053,120.083,35.682,34.632
146.070,120.366,35.377,34.337
145.933,120.503,35.377,34.337
145.637,120.493,35.687,34.637
145.339,120.484,35.999,34.940
145.038,120.188,36.314,35.246
144.898,120.047,36.314,35.246
144.757,119.906,36.314,35.246
144.616,120.047,36.314,35.246
144.475,120.188,36.314,35.246
144.616,120.047,36.314,35.246
144.757,119.906,36.314,35.246
144.898,119.765,36.314,35.246
144.757,119.624,36.314,35.246
144.616,119.765,36.314,35.246
144.475,119.906,36.314,35.246
144.334,120.047,36.314,35.246
144.193,119.906,36.314,35.246
144.486,119.919,36.004,34.945
144.346,119.779,36.004,34.945
144.045,119.769,36.319,35.251
143.742,119.760,36.637,35.559
