256.000,152.000,73.000,210.000
257.041,151.959,73.000,210.000
257.581,151.419,73.000,210.000
258.122,150.878,73.000,210.000
258.662,150.338,73.000,210.000
259.203,149.797,73.000,210.000
259.743,149.257,73.000,210.000
260.284,148.716,73.000,210.000
260.824,148.176,73.000,210.000
261.365,147.635,73.000,210.000
261.905,147.095,73.000,210.000
262.446,146.554,73.000,210.000
262.986,146.014,73.000,210.000
263.527,145.473,73.000,210.000
264.067,144.933,73.000,210.000
264.608,144.392,73.000,210.000
265.148,143.852,73.000,210.000
265.689,143.311,73.000,210.000
266.229,142.771,73.000,210.000
266.770,142.230,73.000,210.000
267.310,141.690,73.000,210.000
267.851,141.149,73.000,210.000
268.391,140.609,73.000,210.000
268.932,140.068,73.000,210.000
269.473,139.527,73.000,210.000
270.013,138.987,73.000,210.000
270.554,138.446,73.000,210.000
271.094,137.906,73.000,210.000
271.635,137.365,73.000,210.000
272.175,136.825,73.000,210.000
272.716,136.284,73.000,210.000
273.256,135.744,73.000,210.000
273.797,135.203,73.000,210.000
274.337,134.663,73.000,210.000
274.878,134.122,73.000,210.000
275.418,133.582,73.000,210.000
275.959,133.041,73.000,210.000
276.499,132.501,73.000,210.000
277.040,131.960,73.000,210.000
277.580,131.420,73.000,210.000
278.121,130.879,73.000,210.000
278.661,130.339,73.000,210.000
279.202,129.798,73.000,210.000
279.742,129.258,73.000,210.000
280.283,128.717,73.000,210.000
280.823,128.177,73.000,210.000
281.364,127.636,73.000,210.000
281.904,127.096,73.000,210.000
282.445,126.555,73.000,210.000
282.986,126.014,73.000,210.000
283.526,125.474,73.000,210.000
284.067,124.933,73.000,210.000
284.607,124.393,73.000,210.000
285.148,123.852,73.000,210.000
285.688,123.312,73.000,210.000
286.229,122.771,73.000,210.000
286.769,122.231,73.000,210.000
287.310,121.690,73.000,210.000
287.850,121.150,73.000,210.000
288.391,120.609,73.000,210.000
288.931,120.069,73.000,210.000
289.472,119.528,73.000,210.000
290.012,118.988,73.000,210.000
290.553,118.447,73.000,210.000
291.093,117.907,73.000,210.000
291.634,117.366,73.000,210.000
292.174,116.826,73.000,210.000
292.715,116.285,73.000,210.000
293.255,115.745,73.000,210.000
294.094,116.114,72.377,208.207
294.630,115.578,72.377,208.207
295.166,115.042,72.377,208.207
295.702,114.506,72.377,208.207
296.238,113.970,72.377,208.207
296.774,113.434,72.377,208.207
297.310,112.898,72.377,208.207
297.846,112.362,72.377,208.207
298.382,111.826,72.377,208.207
298.918,111.290,72.377,208.207
299.453,110.755,72.377,208.207
299.989,110.219,72.377,208.207
300.525,109.683,72.377,208.207
301.061,110.219,72.377,208.207
301.597,110.755,72.377,208.207
302.133,111.290,72.377,208.207
302.669,111.826,72.377,208.207
303.205,112.362,72.377,208.207
303.741,111.826,72.377,208.207
304.277,112.362,72.377,208.207
304.812,112.898,72.377,208.207
305.348,112.362,72.377,208.207
305.884,112.898,72.377,208.207
306.420,113.434,72.377,208.207
306.956,113.970,72.377,208.207
307.492,114.506,72.377,208.207
308.028,115.042,72.377,208.207
308.564,115.578,72.377,208.207
309.100,116.114,72.377,208.207
309.636,116.649,72.377,208.207
310.172,117.185,72.377,208.207
310.707,117.721,72.377,208.207
311.243,118.257,72.377,208.207
311.779,118.793,72.377,208.207
312.315,119.329,72.377,208.207
312.851,119.865,72.377,208.207
313.387,120.401,72.377,208.207
313.923,120.937,72.377,208.207
314.459,121.473,72.377,208.207
314.995,122.009,72.377,208.207
315.531,122.544,72.377,208.207
316.067,123.080,72.377,208.207
316.602,123.616,72.377,208.207
317.138,124.152,72.377,208.207
317.674,124.688,72.377,208.207
318.210,125.224,72.377,208.207
318.746,125.760,72.377,208.207
319.282,126.296,72.377,208.207
319.818,126.832,72.377,208.207
320.354,126.296,72.377,208.207
320.890,125.760,72.377,208.207
321.721,126.126,71.759,206.430
322.253,125.594,71.759,206.430
322.784,125.063,71.759,206.430
323.315,124.532,71.759,206.430
323.847,124.000,71.759,206.430
324.378,123.469,71.759,206.430
324.909,122.938,71.759,206.430
325.441,122.406,71.759,206.430
325.972,122.938,71.759,206.430
326.503,122.406,71.759,206.430
327.035,121.875,71.759,206.430
327.566,121.344,71.759,206.430
328.097,120.812,71.759,206.430
328.629,120.281,71.759,206.430
329.160,120.812,71.759,206.430
329.691,120.281,71.759,206.430
330.223,119.750,71.759,206.430
331.047,120.112,71.146,204.668
331.574,119.586,71.146,204.668
332.101,119.059,71.146,204.668
332.628,118.532,71.146,204.668
333.155,118.005,71.146,204.668
333.681,117.479,71.146,204.668
334.208,116.952,71.146,204.668
334.735,116.425,71.146,204.668
335.262,115.898,71.146,204.668
335.789,115.371,71.146,204.668
336.315,114.845,71.146,204.668
336.842,114.318,71.146,204.668
337.369,113.791,71.146,204.668
337.896,113.264,71.146,204.668
338.423,112.737,71.146,204.668
338.949,112.211,71.146,204.668
339.476,111.684,71.146,204.668
340.003,111.157,71.146,204.668
340.530,110.630,71.146,204.668
341.057,110.103,71.146,204.668
341.583,109.577,71.146,204.668
342.110,109.050,71.146,204.668
342.637,108.523,71.146,204.668
343.164,107.996,71.146,204.668
343.691,107.469,71.146,204.668
344.217,106.943,71.146,204.668
344.744,106.416,71.146,204.668
345.271,105.889,71.146,204.668
345.798,105.362,71.146,204.668
346.325,104.835,71.146,204.668
346.851,104.309,71.146,204.668
347.378,103.782,71.146,204.668
347.607,102.346,71.769,206.459
348.432,102.709,71.156,204.696
348.958,102.182,71.156,204.696
349.776,102.542,70.549,202.949
350.299,102.020,70.549,202.949
350.821,101.497,70.549,202.949
351.343,100.975,70.549,202.949
351.866,100.453,70.549,202.949
352.388,99.930,70.549,202.949
353.199,100.287,69.947,201.216
353.717,99.769,69.947,201.216
354.235,99.251,69.947,201.216
354.753,98.733,69.947,201.216
355.270,98.215,69.947,201.216
355.788,97.697,69.947,201.216
356.306,97.179,69.947,201.216
356.824,96.661,69.947,201.216
357.342,96.143,69.947,201.216
357.860,95.626,69.947,201.216
358.378,95.108,69.947,201.216
358.896,94.590,69.947,201.216
359.414,94.072,69.947,201.216
359.639,92.661,70.559,202.977
360.161,92.138,70.559,202.977
360.683,91.616,70.559,202.977
360.910,90.192,71.176,204.753
361.437,89.665,71.176,204.753
361.964,89.138,71.176,204.753
362.491,88.611,71.176,204.753
363.018,88.084,71.176,204.753
363.545,87.557,71.176,204.753
364.072,87.030,71.176,204.753
364.599,86.503,71.176,204.753
364.828,85.067,71.799,206.545
365.653,85.430,71.186,204.781
366.180,84.903,71.186,204.781
366.707,84.376,71.186,204.781
367.235,83.849,71.186,204.781
367.762,83.322,71.186,204.781
368.289,82.795,71.186,204.781
368.816,82.268,71.186,204.781
369.634,82.627,70.578,203.033
370.445,84.004,69.976,201.300
370.963,84.522,69.976,201.300
371.481,85.040,69.976,201.300
371.999,85.558,69.976,201.300
372.518,86.076,69.976,201.300
373.036,85.558,69.976,201.300
373.554,86.076,69.976,201.300
373.036,86.594,69.976,201.300
372.518,87.113,69.976,201.300
371.999,87.631,69.976,201.300
371.481,88.149,69.976,201.300
370.963,88.667,69.976,201.300
370.445,89.185,69.976,201.300
369.927,89.703,69.976,201.300
369.409,89.185,69.976,201.300
369.202,89.539,69.378,199.582
368.688,89.025,69.378,199.582
368.483,89.376,68.786,197.878
367.974,88.866,68.786,197.878
367.465,88.357,68.786,197.878
366.955,87.848,68.786,197.878
367.465,87.339,68.786,197.878
367.974,86.829,68.786,197.878
368.483,86.320,68.786,197.878
368.993,85.811,68.786,197.878
369.502,85.301,68.786,197.878
370.011,84.792,68.786,197.878
370.520,84.283,68.786,197.878
371.030,83.773,68.786,197.878
371.539,83.264,68.786,197.878
372.048,82.755,68.786,197.878
372.558,82.245,68.786,197.878
373.067,81.736,68.786,197.878
373.576,81.227,68.786,197.878
374.086,80.717,68.786,197.878
374.595,80.208,68.786,197.878
375.104,79.699,68.786,197.878
375.614,79.189,68.786,197.878
376.123,78.680,68.786,197.878
376.632,78.171,68.786,197.878
377.142,77.661,68.786,197.878
377.651,77.152,68.786,197.878
378.160,76.643,68.786,197.878
378.951,76.991,68.199,196.189
379.735,77.335,67.617,194.514
380.512,77.677,67.039,192.853
381.008,77.181,67.039,192.853
380.512,76.684,67.039,192.853
381.008,76.188,67.039,192.853
381.504,75.691,67.039,192.853
382.001,75.195,67.039,192.853
382.497,74.699,67.039,192.853
382.001,74.202,67.039,192.853
381.504,73.706,67.039,192.853
381.008,73.210,67.039,192.853
380.512,72.713,67.039,192.853
380.015,72.217,67.039,192.853
379.519,71.720,67.039,192.853
379.022,71.224,67.039,192.853
378.824,71.563,66.467,191.207
378.332,71.071,66.467,191.207
378.136,71.407,65.900,189.575
377.648,70.919,65.900,189.575
377.160,70.431,65.900,189.575
376.672,69.943,65.900,189.575
376.184,69.455,65.900,189.575
375.989,69.788,65.337,187.956
375.505,69.304,65.337,187.956
375.022,68.820,65.337,187.956
374.828,69.151,64.779,186.352
374.349,69.630,64.779,186.352
373.869,69.151,64.779,186.352
373.389,69.630,64.779,186.352
372.910,70.110,64.779,186.352
372.430,69.630,64.779,186.352
371.951,69.151,64.779,186.352
371.471,68.671,64.779,186.352
370.991,68.191,64.779,186.352
370.512,67.712,64.779,186.352
370.032,67.232,64.779,186.352
369.552,66.752,64.779,186.352
369.073,66.273,64.779,186.352
368.593,65.793,64.779,186.352
367.818,64.486,65.346,187.983
367.036,63.168,65.918,189.627
366.548,62.680,65.918,189.627
366.060,62.192,65.918,189.627
365.572,61.704,65.918,189.627
365.084,61.216,65.918,189.627
364.596,61.704,65.918,189.627
364.108,62.192,65.918,189.627
363.619,62.680,65.918,189.627
363.131,63.168,65.918,189.627
362.643,62.680,65.918,189.627
362.155,62.192,65.918,189.627
361.667,61.704,65.918,189.627
361.179,61.216,65.918,189.627
360.984,61.549,65.355,188.009
360.500,62.033,65.355,188.009
360.016,61.549,65.355,188.009
359.823,62.823,64.797,186.404
359.343,62.344,64.797,186.404
358.864,61.864,64.797,186.404
358.384,61.384,64.797,186.404
357.904,60.904,64.797,186.404
357.424,60.424,64.797,186.404
356.945,59.945,64.797,186.404
356.465,60.424,64.797,186.404
355.985,59.945,64.797,186.404
355.793,60.272,64.244,184.812
355.604,60.597,63.696,183.235
355.415,61.839,63.152,181.671
354.948,61.372,63.152,181.671
354.480,60.904,63.152,181.671
354.013,60.436,63.152,181.671
353.826,61.668,62.613,180.120
353.362,62.132,62.613,180.120
352.613,61.819,63.161,181.696
351.857,61.503,63.714,183.286
351.095,61.185,64.271,184.889
350.326,60.864,64.833,186.507
349.550,59.556,65.401,188.139
348.768,58.236,65.973,189.785
347.979,56.905,66.550,191.446
347.182,55.563,67.133,193.121
346.379,54.208,67.720,194.811
345.569,53.870,68.313,196.515
344.752,53.529,68.910,198.235
343.927,52.138,69.513,199.970
343.095,50.736,70.121,201.719
342.256,49.321,70.735,203.484
341.410,47.894,71.354,205.265
340.556,46.454,71.978,207.061
339.695,45.002,72.608,208.873
338.827,43.537,73.243,210.700
338.284,42.995,73.243,210.700
337.408,41.517,73.884,212.544
336.861,40.970,73.884,212.544
336.314,40.423,73.884,212.544
335.430,38.933,74.531,214.404
334.878,38.381,74.531,214.404
334.326,37.829,74.531,214.404
333.774,37.277,74.531,214.404
333.222,36.725,74.531,214.404
332.671,36.173,74.531,214.404
331.779,34.670,75.183,216.280
331.222,34.113,75.183,216.280
330.665,33.556,75.183,216.280
330.109,33.000,75.183,216.280
329.552,32.443,75.183,216.280
328.995,31.886,75.183,216.280
328.439,31.330,75.183,216.280
327.882,30.773,75.183,216.280
328.439,30.216,75.183,216.280
328.995,29.660,75.183,216.280
328.439,29.103,75.183,216.280
327.882,28.546,75.183,216.280
326.982,27.029,75.841,218.172
326.075,25.499,76.504,220.081
325.509,24.933,76.504,220.081
324.942,24.366,76.504,220.081
324.376,23.800,76.504,220.081
324.622,22.256,77.174,222.007
324.050,21.685,77.174,222.007
324.298,20.128,77.849,223.949
323.722,19.551,77.849,223.949
323.145,18.975,77.849,223.949
322.569,18.399,77.849,223.949
321.993,17.822,77.849,223.949
321.416,17.246,77.849,223.949
320.840,16.669,77.849,223.949
319.908,15.099,78.530,225.909
319.327,14.517,78.530,225.909
318.745,13.936,78.530,225.909
318.164,13.354,78.530,225.909
317.582,12.773,78.530,225.909
317.001,12.191,78.530,225.909
316.419,11.610,78.530,225.909
315.838,11.028,78.530,225.909
316.419,10.447,78.530,225.909
317.001,9.866,78.530,225.909
317.582,9.284,78.530,225.909
318.164,8.703,78.530,225.909
318.745,8.121,78.530,225.909
318.164,7.540,78.530,225.909
317.582,6.958,78.530,225.909
317.001,6.377,78.530,225.909
316.419,5.795,78.530,225.909
315.838,5.214,78.530,225.909
315.256,4.632,78.530,225.909
314.675,4.051,78.530,225.909
314.094,3.469,78.530,225.909
313.512,2.888,78.530,225.909
312.931,2.306,78.530,225.909
313.512,1.725,78.530,225.909
312.931,1.143,78.530,225.909
313.512,0.562,78.530,225.909
314.094,-0.019,78.530,225.909
314.675,-0.601,78.530,225.909
315.256,-1.182,78.530,225.909
315.838,-1.764,78.530,225.909
316.419,-2.345,78.530,225.909
317.001,-2.927,78.530,225.909
317.582,-3.508,78.530,225.909
317.001,-4.090,78.530,225.909
316.061,-5.674,79.217,227.886
315.114,-7.272,79.911,229.880
314.522,-7.864,79.911,229.880
313.566,-8.263,80.610,231.891
312.969,-7.666,80.610,231.891
312.372,-7.070,80.610,231.891
311.775,-7.666,80.610,231.891
311.178,-8.263,80.610,231.891
310.581,-8.860,80.610,231.891
309.985,-9.457,80.610,231.891
310.244,-11.083,81.315,233.920
310.505,-12.724,82.027,235.967
311.112,-13.331,82.027,235.967
311.720,-13.939,82.027,235.967
312.327,-14.546,82.027,235.967
312.934,-15.153,82.027,235.967
313.198,-16.808,82.744,238.032
313.811,-17.421,82.744,238.032
314.424,-18.034,82.744,238.032
315.036,-18.646,82.744,238.032
315.649,-19.259,82.744,238.032
315.915,-20.928,83.468,240.114
316.533,-21.546,83.468,240.114
316.801,-23.230,84.199,242.215
317.072,-24.929,84.935,244.335
317.701,-25.558,84.935,244.335
317.974,-27.271,85.679,246.473
318.608,-27.906,85.679,246.473
319.243,-28.540,85.679,246.473
319.877,-29.175,85.679,246.473
320.152,-30.903,86.428,248.629
320.430,-32.647,87.185,250.805
321.076,-33.292,87.185,250.805
321.721,-33.938,87.185,250.805
321.076,-34.584,87.185,250.805
320.430,-33.938,87.185,250.805
319.785,-33.292,87.185,250.805
319.139,-32.647,87.185,250.805
318.494,-32.001,87.185,250.805
319.139,-31.356,87.185,250.805
319.785,-32.001,87.185,250.805
320.430,-31.356,87.185,250.805
319.785,-30.710,87.185,250.805
320.430,-30.065,87.185,250.805
321.076,-29.419,87.185,250.805
320.430,-28.774,87.185,250.805
321.076,-29.419,87.185,250.805
321.721,-30.065,87.185,250.805
322.367,-30.710,87.185,250.805
323.012,-31.356,87.185,250.805
323.658,-32.001,87.185,250.805
323.012,-32.647,87.185,250.805
321.969,-34.406,87.947,252.999
320.917,-34.845,88.717,255.213
320.260,-34.188,88.717,255.213
319.603,-33.531,88.717,255.213
318.946,-32.875,88.717,255.213
318.289,-32.218,88.717,255.213
317.633,-31.561,88.717,255.213
316.976,-30.904,88.717,255.213
316.319,-30.247,88.717,255.213
315.662,-29.590,88.717,255.213
315.005,-28.933,88.717,255.213
314.348,-29.590,88.717,255.213
313.691,-30.247,88.717,255.213
314.348,-30.904,88.717,255.213
315.005,-31.561,88.717,255.213
315.662,-32.218,88.717,255.213
316.319,-32.875,88.717,255.213
316.976,-33.531,88.717,255.213
316.319,-34.188,88.717,255.213
315.662,-34.845,88.717,255.213
315.005,-34.188,88.717,255.213
314.348,-33.531,88.717,255.213
313.691,-32.875,88.717,255.213
313.034,-32.218,88.717,255.213
312.377,-31.561,88.717,255.213
311.720,-30.904,88.717,255.213
311.064,-30.247,88.717,255.213
310.407,-29.590,88.717,255.213
309.750,-28.933,88.717,255.213
309.093,-28.276,88.717,255.213
308.831,-27.828,87.960,253.035
308.179,-28.479,87.960,253.035
308.831,-29.130,87.960,253.035
309.482,-29.782,87.960,253.035
310.133,-30.433,87.960,253.035
310.785,-31.084,87.960,253.035
311.436,-31.736,87.960,253.035
312.087,-32.387,87.960,253.035
312.738,-33.038,87.960,253.035
312.478,-31.323,87.209,250.874
313.124,-31.968,87.209,250.874
314.126,-31.528,86.464,248.733
314.767,-32.168,86.464,248.733
315.760,-31.731,85.726,246.610
315.507,-31.297,84.994,244.504
315.256,-29.640,84.269,242.417
315.007,-27.996,83.549,240.348
314.760,-26.367,82.836,238.296
314.515,-24.751,82.129,236.262
314.272,-23.150,81.428,234.245
314.031,-21.562,80.733,232.245
313.434,-20.964,80.733,232.245
313.195,-19.389,80.044,230.263
312.602,-18.797,80.044,230.263
312.010,-18.204,80.044,230.263
311.773,-16.643,79.360,228.297
311.539,-15.095,78.683,226.348
310.956,-14.513,78.683,226.348
310.373,-13.930,78.683,226.348
309.791,-13.348,78.683,226.348
309.208,-12.765,78.683,226.348
308.976,-11.230,78.011,224.416
308.745,-9.709,77.345,222.500
308.172,-9.136,77.345,222.500
307.944,-7.628,76.685,220.601
307.376,-7.060,76.685,220.601
306.808,-6.492,76.685,220.601
306.582,-4.997,76.030,218.718
306.019,-4.434,76.030,218.718
305.794,-2.951,75.381,216.850
305.236,-2.393,75.381,216.850
305.794,-1.835,75.381,216.850
306.352,-1.277,75.381,216.850
306.910,-0.718,75.381,216.850
307.468,-1.277,75.381,216.850
308.027,-1.835,75.381,216.850
308.585,-2.393,75.381,216.850
309.143,-2.951,75.381,216.850
309.701,-3.509,75.381,216.850
310.259,-4.067,75.381,216.850
310.817,-4.625,75.381,216.850
311.375,-5.184,75.381,216.850
311.934,-5.742,75.381,216.850
312.492,-6.300,75.381,216.850
313.050,-6.858,75.381,216.850
313.608,-7.416,75.381,216.850
314.166,-7.974,75.381,216.850
314.724,-8.533,75.381,216.850
315.283,-9.091,75.381,216.850
315.841,-9.649,75.381,216.850
316.399,-10.207,75.381,216.850
316.957,-10.765,75.381,216.850
317.515,-11.323,75.381,216.850
317.757,-12.844,76.041,218.748
318.320,-12.281,76.041,218.748
318.884,-11.718,76.041,218.748
319.447,-11.155,76.041,218.748
320.010,-10.592,76.041,218.748
320.573,-10.029,76.041,218.748
321.136,-10.592,76.041,218.748
321.699,-11.155,76.041,218.748
322.262,-11.718,76.041,218.748
322.825,-12.281,76.041,218.748
323.388,-12.844,76.041,218.748
323.951,-13.407,76.041,218.748
324.514,-13.970,76.041,218.748
324.758,-15.504,76.706,220.662
325.326,-14.936,76.706,220.662
325.894,-14.368,76.706,220.662
326.462,-13.800,76.706,220.662
327.030,-14.368,76.706,220.662
327.598,-14.936,76.706,220.662
328.166,-15.504,76.706,220.662
328.413,-17.052,77.377,222.593
328.986,-17.625,77.377,222.593
329.234,-18.011,78.055,224.540
329.812,-18.589,78.055,224.540
330.063,-18.979,78.737,226.505
330.646,-18.396,78.737,226.505
331.229,-17.813,78.737,226.505
331.812,-17.230,78.737,226.505
332.395,-17.813,78.737,226.505
332.978,-18.396,78.737,226.505
333.561,-18.979,78.737,226.505
334.144,-19.562,78.737,226.505
334.727,-20.145,78.737,226.505
335.310,-19.562,78.737,226.505
335.893,-18.979,78.737,226.505
336.476,-18.396,78.737,226.505
337.059,-17.813,78.737,226.505
337.642,-18.396,78.737,226.505
338.225,-17.813,78.737,226.505
338.808,-17.230,78.737,226.505
338.225,-17.813,78.737,226.505
337.642,-17.230,78.737,226.505
338.225,-16.647,78.737,226.505
338.808,-16.064,78.737,226.505
339.061,-17.653,79.426,228.487
339.317,-19.255,80.121,230.486
340.237,-18.850,79.437,228.519
341.150,-18.449,78.759,226.568
341.734,-17.866,78.759,226.568
342.317,-18.449,78.759,226.568
341.734,-17.866,78.759,226.568
342.317,-17.282,78.759,226.568
342.900,-16.699,78.759,226.568
343.483,-17.282,78.759,226.568
344.066,-16.699,78.759,226.568
344.649,-16.116,78.759,226.568
345.233,-15.533,78.759,226.568
345.816,-14.950,78.759,226.568
345.233,-14.367,78.759,226.568
344.649,-13.783,78.759,226.568
345.233,-14.367,78.759,226.568
345.816,-13.783,78.759,226.568
346.399,-13.200,78.759,226.568
346.982,-12.617,78.759,226.568
347.565,-13.200,78.759,226.568
348.148,-12.617,78.759,226.568
349.053,-11.081,78.087,224.634
349.951,-10.686,77.420,222.716
349.378,-10.113,77.420,222.716
349.149,-8.603,76.760,220.815
349.717,-8.035,76.760,220.815
350.285,-7.467,76.760,220.815
350.854,-6.898,76.760,220.815
351.422,-6.330,76.760,220.815
351.991,-5.761,76.760,220.815
352.559,-5.193,76.760,220.815
351.991,-4.625,76.760,220.815
351.422,-4.056,76.760,220.815
352.304,-2.559,76.104,218.930
353.179,-1.075,75.455,217.061
354.046,0.396,74.810,215.208
354.600,0.950,74.810,215.208
355.154,1.504,74.810,215.208
355.708,2.058,74.810,215.208
356.262,2.612,74.810,215.208
357.121,4.071,74.172,213.371
356.572,4.620,74.172,213.371
356.023,5.169,74.172,213.371
356.875,6.616,73.539,211.550
357.420,7.161,73.539,211.550
357.964,7.705,73.539,211.550
357.420,8.250,73.539,211.550
357.203,9.684,72.911,209.744
356.663,10.224,72.911,209.744
356.447,11.646,72.288,207.953
356.983,12.181,72.288,207.953
357.813,12.546,71.671,206.178
358.344,13.077,71.671,206.178
358.875,13.608,71.671,206.178
359.405,14.138,71.671,206.178
359.936,14.669,71.671,206.178
360.467,15.200,71.671,206.178
359.936,15.730,71.671,206.178
359.405,16.261,71.671,206.178
358.875,16.792,71.671,206.178
358.344,17.322,71.671,206.178
358.132,18.720,71.060,204.418
357.606,19.246,71.060,204.418
357.396,20.632,70.453,202.673
357.188,22.006,69.852,200.943
356.671,22.523,69.852,200.943
356.153,23.041,69.852,200.943
355.947,24.403,69.255,199.227
355.434,24.916,69.255,199.227
355.229,26.266,68.664,197.527
354.721,26.775,68.664,197.527
354.213,27.283,68.664,197.527
353.704,27.791,68.664,197.527
353.196,28.300,68.664,197.527
352.993,29.639,68.078,195.840
352.489,29.135,68.078,195.840
351.985,29.639,68.078,195.840
351.481,30.143,68.078,195.840
351.279,31.471,67.497,194.169
350.780,31.971,67.497,194.169
350.280,32.470,67.497,194.169
349.780,32.970,67.497,194.169
349.581,34.286,66.921,192.511
349.085,34.782,66.921,192.511
348.590,34.286,66.921,192.511
348.094,33.791,66.921,192.511
347.599,33.295,66.921,192.511
347.103,32.800,66.921,192.511
346.608,32.304,66.921,192.511
346.112,31.809,66.921,192.511
345.617,31.313,66.921,192.511
345.121,30.818,66.921,192.511
344.626,30.322,66.921,192.511
344.130,29.827,66.921,192.511
343.932,30.165,66.349,190.868
343.441,29.674,66.349,190.868
342.950,30.165,66.349,190.868
342.458,30.656,66.349,190.868
341.967,31.148,66.349,190.868
341.476,31.639,66.349,190.868
340.985,32.130,66.349,190.868
340.493,32.622,66.349,190.868
340.002,33.113,66.349,190.868
339.511,33.604,66.349,190.868
339.019,34.095,66.349,190.868
339.782,35.389,65.783,189.238
339.295,34.902,65.783,189.238
338.808,34.415,65.783,189.238
338.321,33.928,65.783,189.238
337.834,33.441,65.783,189.238
337.347,33.928,65.783,189.238
336.859,34.415,65.783,189.238
336.372,34.902,65.783,189.238
335.885,35.389,65.783,189.238
335.398,34.902,65.783,189.238
335.885,34.415,65.783,189.238
335.398,33.928,65.783,189.238
334.911,34.415,65.783,189.238
334.424,34.902,65.783,189.238
333.937,34.415,65.783,189.238
333.450,33.928,65.783,189.238
332.963,33.441,65.783,189.238
332.476,32.954,65.783,189.238
331.989,32.467,65.783,189.238
331.502,31.980,65.783,189.238
331.014,31.493,65.783,189.238
330.527,31.006,65.783,189.238
330.040,30.519,65.783,189.238
329.553,30.031,65.783,189.238
329.066,30.519,65.783,189.238
328.579,31.006,65.783,189.238
328.092,30.519,65.783,189.238
327.605,30.031,65.783,189.238
327.118,29.544,65.783,189.238
326.631,29.057,65.783,189.238
326.144,28.570,65.783,189.238
325.657,28.083,65.783,189.238
325.169,27.596,65.783,189.238
324.682,28.083,65.783,189.238
324.195,28.570,65.783,189.238
323.708,29.057,65.783,189.238
323.221,29.544,65.783,189.238
322.734,29.057,65.783,189.238
322.247,28.570,65.783,189.238
321.760,28.083,65.783,189.238
321.273,27.596,65.783,189.238
320.786,27.109,65.783,189.238
320.299,26.622,65.783,189.238
319.812,26.135,65.783,189.238
319.325,26.622,65.783,189.238
318.837,27.109,65.783,189.238
318.350,27.596,65.783,189.238
317.863,28.083,65.783,189.238
318.350,27.596,65.783,189.238
318.837,27.109,65.783,189.238
318.350,26.622,65.783,189.238
318.837,26.135,65.783,189.238
319.325,25.648,65.783,189.238
319.536,24.321,66.358,190.894
319.045,23.829,66.358,190.894
318.553,23.338,66.358,190.894
318.062,22.846,66.358,190.894
318.553,22.355,66.358,190.894
318.767,21.016,66.939,192.564
318.982,19.666,67.525,194.249
319.199,18.304,68.116,195.949
319.418,16.929,68.712,197.664
319.639,15.543,69.313,199.393
319.861,14.145,69.919,201.138
320.086,12.734,70.531,202.898
320.313,11.311,71.148,204.673
320.840,11.838,71.148,204.673
321.367,11.311,71.148,204.673
321.893,10.784,71.148,204.673
322.420,10.257,71.148,204.673
322.947,10.784,71.148,204.673
322.420,11.311,71.148,204.673
321.893,11.838,71.148,204.673
321.367,12.365,71.148,204.673
320.840,12.891,71.148,204.673
320.313,13.418,71.148,204.673
319.786,12.891,71.148,204.673
319.259,12.365,71.148,204.673
318.733,11.838,71.148,204.673
318.206,11.311,71.148,204.673
317.679,10.784,71.148,204.673
317.152,10.257,71.148,204.673
316.625,9.731,71.148,204.673
316.098,9.204,71.148,204.673
316.625,8.677,71.148,204.673
317.152,8.150,71.148,204.673
317.679,7.623,71.148,204.673
318.206,7.097,71.148,204.673
318.733,6.570,71.148,204.673
318.206,6.043,71.148,204.673
317.679,5.516,71.148,204.673
318.206,4.989,71.148,204.673
318.733,4.462,71.148,204.673
319.259,3.936,71.148,204.673
319.488,2.500,71.771,206.464
319.719,1.052,72.399,208.271
320.255,0.516,72.399,208.271
320.791,-0.020,72.399,208.271
321.327,-0.556,72.399,208.271
321.560,-2.017,73.032,210.093
321.794,-3.490,73.671,211.931
322.340,-4.036,73.671,211.931
322.885,-4.581,73.671,211.931
323.431,-5.127,73.671,211.931
323.668,-6.613,74.316,213.786
323.907,-8.112,74.966,215.656
324.462,-8.667,74.966,215.656
325.017,-9.222,74.966,215.656
325.258,-10.735,75.622,217.543
325.501,-12.260,76.284,219.447
325.746,-13.800,76.951,221.367
326.316,-14.369,76.951,221.367
326.563,-15.922,77.625,223.304
327.138,-16.497,77.625,223.304
327.387,-18.063,78.304,225.258
327.967,-18.642,78.304,225.258
328.219,-20.222,78.989,227.229
328.804,-20.807,78.989,227.229
329.058,-22.401,79.680,229.217
329.648,-22.991,79.680,229.217
329.904,-24.598,80.377,231.223
330.162,-26.220,81.081,233.246
330.763,-26.820,81.081,233.246
331.363,-27.421,81.081,233.246
331.963,-28.021,81.081,233.246
332.224,-29.657,81.790,235.287
332.830,-30.262,81.790,235.287
333.092,-31.913,82.506,237.346
333.358,-33.577,83.228,239.422
333.974,-34.193,83.228,239.422
332.978,-35.872,83.956,241.517
333.600,-36.494,83.956,241.517
334.221,-37.116,83.956,241.517
333.217,-38.810,84.691,243.631
333.844,-39.437,84.691,243.631
334.471,-40.064,84.691,243.631
334.743,-41.772,85.432,245.762
335.018,-43.496,86.179,247.913
335.656,-44.134,86.179,247.913
336.294,-44.772,86.179,247.913
336.932,-45.410,86.179,247.913
337.923,-44.975,85.444,245.797
338.555,-45.607,85.444,245.797
339.188,-46.240,85.444,245.797
339.821,-46.873,85.444,245.797
340.095,-48.596,86.191,247.947
340.372,-50.335,86.945,250.117
340.652,-52.090,87.706,252.305
341.301,-52.739,87.706,252.305
341.951,-53.388,87.706,252.305
342.233,-55.158,88.474,254.513
342.517,-56.943,89.248,256.740
342.804,-58.743,90.029,258.986
343.093,-60.560,90.816,261.253
343.385,-62.392,91.611,263.539
343.680,-64.240,92.413,265.844
343.977,-66.105,93.221,268.171
344.276,-67.985,94.037,270.517
344.579,-69.883,94.860,272.884
344.884,-71.796,95.690,275.272
343.739,-73.727,96.527,277.681
342.584,-75.674,97.372,280.110
341.419,-77.639,98.224,282.561
340.692,-76.912,98.224,282.561
339.516,-77.402,99.083,285.034
338.331,-77.897,99.950,287.528
337.135,-78.397,100.825,290.044
335.929,-78.900,101.707,292.581
334.712,-79.409,102.597,295.141
333.484,-79.921,103.495,297.724
332.718,-79.155,103.495,297.724
331.952,-78.389,103.495,297.724
331.185,-77.622,103.495,297.724
330.419,-76.856,103.495,297.724
329.653,-76.090,103.495,297.724
328.886,-75.323,103.495,297.724
328.120,-74.557,103.495,297.724
327.354,-73.791,103.495,297.724
326.588,-73.024,103.495,297.724
325.821,-72.258,103.495,297.724
325.055,-71.492,103.495,297.724
324.289,-70.725,103.495,297.724
323.522,-69.959,103.495,297.724
322.756,-69.193,103.495,297.724
321.990,-68.426,103.495,297.724
321.684,-66.408,102.611,295.182
320.924,-65.648,102.611,295.182
320.164,-64.889,102.611,295.182
319.404,-64.129,102.611,295.182
318.645,-63.369,102.611,295.182
318.341,-61.368,101.735,292.663
318.041,-59.384,100.867,290.164
317.743,-57.417,100.006,287.687
317.002,-56.676,100.006,287.687
316.262,-55.936,100.006,287.687
315.521,-55.195,100.006,287.687
314.781,-54.455,100.006,287.687
315.521,-53.714,100.006,287.687
316.262,-52.974,100.006,287.687
317.002,-52.233,100.006,287.687
317.743,-51.493,100.006,287.687
318.483,-50.752,100.006,287.687
319.632,-48.802,99.152,285.231
318.898,-48.068,99.152,285.231
318.164,-47.334,99.152,285.231
317.430,-46.599,99.152,285.231
316.696,-45.865,99.152,285.231
315.962,-46.599,99.152,285.231
315.227,-47.334,99.152,285.231
315.962,-48.068,99.152,285.231
316.696,-48.802,99.152,285.231
315.962,-49.536,99.152,285.231
315.227,-48.802,99.152,285.231
314.493,-48.068,99.152,285.231
313.759,-47.334,99.152,285.231
312.573,-47.829,100.019,287.727
311.832,-47.088,100.019,287.727
311.092,-47.829,100.019,287.727
310.351,-48.570,100.019,287.727
309.154,-49.069,100.895,290.245
308.407,-48.322,100.895,290.245
307.660,-47.575,100.895,290.245
306.913,-46.828,100.895,290.245
306.166,-46.081,100.895,290.245
305.419,-45.334,100.895,290.245
304.672,-44.587,100.895,290.245
303.925,-45.334,100.895,290.245
303.178,-44.587,100.895,290.245
302.431,-43.840,100.895,290.245
301.684,-43.093,100.895,290.245
300.937,-42.346,100.895,290.245
300.190,-41.599,100.895,290.245
299.442,-40.852,100.895,290.245
298.695,-40.104,100.895,290.245
298.397,-38.137,100.033,287.767
298.102,-36.186,99.179,285.310
297.808,-35.685,98.333,282.875
297.518,-35.187,97.493,280.460
296.796,-35.909,97.493,280.460
296.074,-35.187,97.493,280.460
295.352,-34.466,97.493,280.460
294.630,-33.744,97.493,280.460
293.908,-33.022,97.493,280.460
293.187,-32.300,97.493,280.460
292.465,-33.022,97.493,280.460
291.743,-33.744,97.493,280.460
291.021,-34.466,97.493,280.460
290.299,-35.187,97.493,280.460
289.577,-35.909,97.493,280.460
288.855,-36.631,97.493,280.460
288.133,-37.353,97.493,280.460
287.412,-38.075,97.493,280.460
286.690,-38.797,97.493,280.460
285.968,-38.075,97.493,280.460
285.246,-37.353,97.493,280.460
284.524,-38.075,97.493,280.460
283.802,-38.797,97.493,280.460
283.080,-39.519,97.493,280.460
282.358,-40.241,97.493,280.460
282.070,-39.748,96.661,278.066
281.785,-39.259,95.836,275.692
281.075,-39.969,95.836,275.692
280.365,-40.678,95.836,275.692
279.656,-39.969,95.836,275.692
278.946,-39.259,95.836,275.692
278.237,-38.550,95.836,275.692
277.527,-37.840,95.836,275.692
278.237,-37.130,95.836,275.692
278.946,-37.840,95.836,275.692
279.656,-38.550,95.836,275.692
280.365,-39.259,95.836,275.692
281.075,-39.969,95.836,275.692
281.785,-40.678,95.836,275.692
282.494,-41.388,95.836,275.692
283.204,-42.098,95.836,275.692
283.913,-42.807,95.836,275.692
284.623,-43.517,95.836,275.692
285.333,-44.226,95.836,275.692
286.042,-44.936,95.836,275.692
285.333,-45.646,95.836,275.692
284.623,-44.936,95.836,275.692
283.913,-44.226,95.836,275.692
282.767,-44.705,96.674,278.105
282.481,-42.820,95.849,275.730
281.771,-42.110,95.849,275.730
281.062,-41.400,95.849,275.730
280.352,-42.110,95.849,275.730
279.642,-42.820,95.849,275.730
280.352,-43.530,95.849,275.730
281.062,-44.239,95.849,275.730
281.370,-46.173,96.688,278.143
282.086,-46.889,96.688,278.143
282.802,-47.605,96.688,278.143
283.517,-48.321,96.688,278.143
284.233,-49.037,96.688,278.143
284.949,-49.753,96.688,278.143
284.233,-50.469,96.688,278.143
284.949,-51.184,96.688,278.143
285.665,-51.900,96.688,278.143
286.381,-52.616,96.688,278.143
287.097,-53.332,96.688,278.143
287.813,-52.616,96.688,278.143
287.097,-51.900,96.688,278.143
286.381,-51.184,96.688,278.143
285.224,-51.668,97.534,280.577
284.057,-52.155,98.387,283.032
282.880,-54.140,99.248,285.508
281.693,-56.142,100.117,288.007
280.951,-56.883,100.117,288.007
281.693,-57.625,100.117,288.007
282.434,-58.366,100.117,288.007
282.756,-60.386,100.993,290.527
283.081,-62.423,101.876,293.069
283.408,-64.479,102.768,295.633
284.169,-65.240,102.768,295.633
284.930,-66.001,102.768,295.633
285.691,-66.762,102.768,295.633
284.461,-68.835,103.667,298.220
283.694,-68.067,103.667,298.220
284.461,-67.300,103.667,298.220
283.694,-68.067,103.667,298.220
284.461,-68.835,103.667,298.220
283.694,-69.603,103.667,298.220
282.926,-70.370,103.667,298.220
283.694,-69.603,103.667,298.220
282.926,-68.835,103.667,298.220
282.158,-69.603,103.667,298.220
281.391,-68.835,103.667,298.220
280.151,-70.926,104.574,300.829
279.376,-70.152,104.574,300.829
280.151,-69.378,104.574,300.829
279.376,-68.604,104.574,300.829
280.151,-67.829,104.574,300.829
280.925,-68.604,104.574,300.829
281.699,-69.378,104.574,300.829
282.473,-70.152,104.574,300.829
283.248,-70.926,104.574,300.829
284.022,-71.701,104.574,300.829
284.796,-72.475,104.574,300.829
285.571,-73.249,104.574,300.829
286.345,-74.024,104.574,300.829
287.119,-74.798,104.574,300.829
287.894,-75.572,104.574,300.829
288.668,-76.347,104.574,300.829
289.442,-77.121,104.574,300.829
290.217,-77.895,104.574,300.829
290.553,-80.005,105.489,303.462
290.892,-82.133,106.412,306.117
291.234,-84.280,107.343,308.795
292.029,-85.075,107.343,308.795
292.823,-85.870,107.343,308.795
293.618,-86.665,107.343,308.795
294.413,-87.459,107.343,308.795
295.208,-88.254,107.343,308.795
296.003,-89.049,107.343,308.795
296.798,-88.254,107.343,308.795
297.592,-87.459,107.343,308.795
298.387,-86.665,107.343,308.795
297.592,-85.870,107.343,308.795
296.798,-85.075,107.343,308.795
296.003,-84.280,107.343,308.795
295.208,-83.485,107.343,308.795
294.413,-82.691,107.343,308.795
293.618,-81.896,107.343,308.795
292.823,-81.101,107.343,308.795
292.029,-80.306,107.343,308.795
290.744,-80.842,108.282,311.497
289.943,-80.041,108.282,311.497
289.141,-79.239,108.282,311.497
288.339,-78.437,108.282,311.497
287.537,-77.635,108.282,311.497
286.242,-78.176,109.230,314.223
285.433,-77.368,109.230,314.223
284.126,-77.913,110.186,316.972
282.808,-78.464,111.150,319.746
281.985,-77.641,111.150,319.746
280.655,-78.196,112.122,322.544
279.313,-78.756,113.103,325.366
277.960,-79.321,114.093,328.213
276.595,-79.891,115.091,331.085
275.743,-79.039,115.091,331.085
274.891,-78.187,115.091,331.085
274.039,-79.039,115.091,331.085
273.698,-78.457,114.109,328.258
272.854,-79.302,114.109,328.258
272.009,-80.147,114.109,328.258
272.375,-82.449,115.107,331.131
273.698,-81.868,114.125,328.304
274.543,-82.713,114.125,328.304
275.388,-83.558,114.125,328.304
276.233,-84.403,114.125,328.304
277.078,-85.248,114.125,328.304
278.390,-84.671,113.150,325.501
279.690,-84.099,112.185,322.723
280.521,-84.929,112.185,322.723
281.352,-85.760,112.185,322.723
282.182,-86.591,112.185,322.723
282.543,-88.854,113.166,325.547
283.381,-89.692,113.166,325.547
283.745,-91.975,114.156,328.395
285.056,-91.398,113.182,325.592
286.357,-90.826,112.216,322.812
287.188,-91.657,112.216,322.812
288.019,-92.488,112.216,322.812
288.850,-93.319,112.216,322.812
290.139,-92.751,111.258,320.057
291.418,-92.189,110.308,317.324
292.235,-93.006,110.308,317.324
293.051,-93.823,110.308,317.324
293.868,-93.006,110.308,317.324
294.685,-93.823,110.308,317.324
295.502,-94.639,110.308,317.324
296.319,-95.456,110.308,317.324
297.135,-96.273,110.308,317.324
296.319,-95.456,110.308,317.324
295.502,-94.639,110.308,317.324
296.319,-93.823,110.308,317.324
297.135,-93.006,110.308,317.324
297.952,-92.189,110.308,317.324
298.769,-93.006,110.308,317.324
299.586,-93.823,110.308,317.324
300.402,-93.006,110.308,317.324
301.219,-93.823,110.308,317.324
300.402,-93.006,110.308,317.324
301.219,-92.189,110.308,317.324
302.036,-91.372,110.308,317.324
301.219,-90.556,110.308,317.324
300.893,-88.404,109.366,314.616
300.083,-87.594,109.366,314.616
300.893,-86.785,109.366,314.616
302.150,-86.232,108.433,311.930
302.953,-87.035,108.433,311.930
303.756,-87.838,108.433,311.930
304.559,-88.640,108.433,311.930
305.361,-89.443,108.433,311.930
306.164,-90.246,108.433,311.930
307.410,-89.698,107.507,309.267
308.646,-89.155,106.589,306.627
309.435,-89.944,106.589,306.627
309.778,-92.094,107.522,309.310
310.123,-94.264,108.463,312.016
310.927,-95.067,108.463,312.016
311.275,-97.255,109.412,314.746
312.533,-96.702,108.478,312.060
313.336,-97.505,108.478,312.060
314.139,-98.308,108.478,312.060
314.942,-99.112,108.478,312.060
315.745,-99.915,108.478,312.060
316.549,-100.718,108.478,312.060
316.897,-102.907,109.427,314.790
317.708,-103.717,109.427,314.790
318.518,-104.527,109.427,314.790
319.328,-105.337,109.427,314.790
319.680,-107.545,110.385,317.545
320.035,-109.772,111.350,320.323
320.859,-110.597,111.350,320.323
321.217,-112.843,112.325,323.126
321.578,-115.109,113.308,325.953
322.417,-115.948,113.308,325.953
322.781,-118.234,114.299,328.805
323.628,-119.080,114.299,328.805
323.995,-121.386,115.299,331.682
324.849,-122.240,115.299,331.682
325.219,-124.566,116.308,334.585
326.081,-125.428,116.308,334.585
326.942,-126.289,116.308,334.585
327.316,-128.635,117.326,337.512
328.184,-129.504,117.326,337.512
329.053,-130.373,117.326,337.512
329.430,-132.740,118.352,340.465
329.811,-133.331,119.388,343.445
328.927,-132.447,119.388,343.445
328.043,-131.563,119.388,343.445
328.927,-130.679,119.388,343.445
330.299,-128.351,118.369,340.513
331.659,-126.042,117.358,337.606
332.528,-125.173,117.358,337.606
331.659,-124.304,117.358,337.606
330.790,-123.435,117.358,337.606
329.921,-122.566,117.358,337.606
329.052,-121.697,117.358,337.606
328.705,-119.409,116.356,334.724
327.844,-118.547,116.356,334.724
327.500,-116.278,115.363,331.866
327.871,-116.854,116.373,334.770
328.732,-115.993,116.373,334.770
329.594,-115.131,116.373,334.770
328.732,-114.269,116.373,334.770
327.871,-113.408,116.373,334.770
327.009,-112.546,116.373,334.770
326.147,-111.684,116.373,334.770
327.009,-110.823,116.373,334.770
327.871,-109.961,116.373,334.770
328.732,-109.099,116.373,334.770
329.594,-108.238,116.373,334.770
328.732,-109.099,116.373,334.770
327.871,-109.961,116.373,334.770
327.009,-110.823,116.373,334.770
326.147,-111.684,116.373,334.770
325.286,-112.546,116.373,334.770
324.424,-113.408,116.373,334.770
323.562,-114.269,116.373,334.770
322.701,-115.131,116.373,334.770
323.562,-114.269,116.373,334.770
324.424,-113.408,116.373,334.770
325.286,-112.546,116.373,334.770
324.424,-111.684,116.373,334.770
324.080,-109.415,115.379,331.912
323.739,-107.164,114.394,329.079
323.401,-104.934,113.418,326.270
324.704,-102.722,112.449,323.485
325.537,-101.889,112.449,323.485
326.370,-101.056,112.449,323.485
325.024,-103.325,113.433,326.315
324.184,-104.165,113.433,326.315
323.344,-105.005,113.433,326.315
322.505,-105.845,113.433,326.315
321.665,-106.685,113.433,326.315
320.825,-107.525,113.433,326.315
319.985,-108.364,113.433,326.315
321.288,-107.791,112.465,323.530
322.121,-106.958,112.465,323.530
323.414,-104.765,111.505,320.768
324.239,-103.939,111.505,320.768
325.065,-104.765,111.505,320.768
325.890,-105.591,111.505,320.768
326.716,-106.416,111.505,320.768
327.997,-105.853,110.553,318.029
328.816,-106.671,110.553,318.029
330.087,-104.515,109.609,315.315
329.763,-102.377,108.674,312.623
329.441,-100.258,107.746,309.954
328.644,-99.460,107.746,309.954
328.325,-97.359,106.826,307.308
328.009,-95.276,105.914,304.685
327.225,-94.491,105.914,304.685
326.441,-93.707,105.914,304.685
325.657,-92.923,105.914,304.685
324.390,-93.452,106.841,307.351
323.598,-92.661,106.841,307.351
322.807,-91.870,106.841,307.351
322.016,-91.079,106.841,307.351
321.225,-90.288,106.841,307.351
320.434,-89.497,106.841,307.351
320.118,-87.413,105.929,304.727
319.334,-86.629,105.929,304.727
319.021,-84.563,105.025,302.126
318.711,-82.515,104.128,299.547
318.403,-80.484,103.239,296.989
317.638,-79.719,103.239,296.989
316.874,-78.955,103.239,296.989
316.569,-76.941,102.358,294.454
316.266,-76.424,101.484,291.941
317.433,-75.911,100.618,289.448
318.178,-76.656,100.618,289.448
318.923,-77.401,100.618,289.448
319.668,-78.146,100.618,289.448
319.991,-80.176,101.498,291.981
320.743,-80.928,101.498,291.981
321.069,-82.975,102.386,294.536
321.398,-85.041,103.282,297.113
321.730,-87.125,104.186,299.713
322.501,-87.896,104.186,299.713
322.836,-89.998,105.098,302.335
324.044,-89.467,104.200,299.754
325.242,-88.940,103.311,297.196
326.429,-88.418,102.429,294.659
327.606,-87.900,101.555,292.143
328.773,-87.387,100.688,289.649
329.930,-86.878,99.828,287.177
329.635,-86.373,98.976,284.725
330.368,-87.106,98.976,284.725
331.505,-86.606,98.131,282.295
332.232,-87.332,98.131,282.295
332.959,-88.059,98.131,282.295
334.086,-87.563,97.293,279.885
334.399,-89.526,98.145,282.334
334.715,-91.506,99.003,284.804
335.033,-92.001,99.870,287.296
335.354,-94.016,100.743,289.810
335.678,-96.048,101.625,292.346
336.004,-98.098,102.514,294.904
336.763,-98.857,102.514,294.904
337.093,-100.926,103.411,297.484
337.859,-101.691,103.411,297.484
338.191,-103.778,104.316,300.087
338.963,-103.005,104.316,300.087
339.736,-103.778,104.316,300.087
340.508,-104.550,104.316,300.087
341.281,-105.322,104.316,300.087
341.616,-105.844,105.229,302.713
342.395,-106.623,105.229,302.713
343.174,-107.402,105.229,302.713
343.953,-106.623,105.229,302.713
344.733,-107.402,105.229,302.713
345.512,-108.181,105.229,302.713
345.850,-110.304,106.150,305.362
346.636,-109.518,106.150,305.362
347.422,-110.304,106.150,305.362
348.642,-108.234,105.243,302.755
349.421,-109.013,105.243,302.755
350.200,-108.234,105.243,302.755
350.980,-107.455,105.243,302.755
351.318,-107.980,106.164,305.404
352.538,-105.910,105.258,302.797
353.748,-103.857,104.359,300.212
354.083,-104.379,105.273,302.839
354.421,-106.502,106.194,305.489
355.208,-107.289,106.194,305.489
355.994,-108.075,106.194,305.489
356.780,-108.861,106.194,305.489
357.567,-109.648,106.194,305.489
358.353,-110.434,106.194,305.489
358.694,-112.576,107.123,308.162
359.925,-112.035,106.208,305.531
361.146,-111.498,105.302,302.923
361.926,-110.718,105.302,302.923
362.705,-111.498,105.302,302.923
363.485,-112.278,105.302,302.923
364.695,-111.746,104.403,300.337
365.468,-112.519,104.403,300.337
366.241,-113.292,104.403,300.337
367.014,-114.065,104.403,300.337
367.787,-114.838,104.403,300.337
368.560,-115.611,104.403,300.337
369.333,-116.384,104.403,300.337
369.669,-118.490,105.316,302.965
370.449,-119.270,105.316,302.965
370.787,-121.395,106.238,305.616
371.574,-122.181,106.238,305.616
372.361,-122.968,106.238,305.616
372.702,-125.111,107.168,308.290
373.496,-125.905,107.168,308.290
374.289,-126.698,107.168,308.290
375.083,-127.492,107.168,308.290
375.876,-128.285,107.168,308.290
377.108,-127.744,106.253,305.658
377.894,-128.530,106.253,305.658
378.681,-129.317,106.253,305.658
379.468,-130.104,106.253,305.658
379.810,-132.247,107.182,308.333
380.603,-133.041,107.182,308.333
379.810,-132.247,107.182,308.333
379.016,-133.041,107.182,308.333
379.810,-132.247,107.182,308.333
380.603,-131.454,107.182,308.333
380.948,-131.989,108.120,311.031
381.748,-131.189,108.120,311.031
382.991,-130.642,107.197,308.376
383.335,-132.805,108.135,311.074
384.136,-133.606,108.135,311.074
384.937,-134.406,108.135,311.074
385.284,-134.947,109.081,313.796
386.092,-134.139,109.081,313.796
387.346,-132.012,108.150,311.117
388.146,-131.211,108.150,311.117
388.947,-132.012,108.150,311.117
389.748,-132.812,108.150,311.117
388.947,-133.613,108.150,311.117
388.627,-133.066,107.227,308.461
387.834,-133.860,107.227,308.461
387.040,-134.654,107.227,308.461
387.834,-133.860,107.227,308.461
388.627,-133.066,107.227,308.461
389.421,-132.272,107.227,308.461
390.215,-131.479,107.227,308.461
391.448,-129.387,106.312,305.828
392.669,-128.850,105.404,303.217
393.450,-129.630,105.404,303.217
394.230,-130.411,105.404,303.217
395.011,-129.630,105.404,303.217
395.791,-128.850,105.404,303.217
397.003,-126.794,104.504,300.629
397.776,-126.021,104.504,300.629
398.550,-126.794,104.504,300.629
399.324,-127.568,104.504,300.629
400.098,-128.342,104.504,300.629
399.789,-127.814,103.612,298.063
399.483,-127.290,102.728,295.518
398.722,-128.051,102.728,295.518
399.483,-128.811,102.728,295.518
400.243,-128.051,102.728,295.518
401.004,-127.290,102.728,295.518
401.765,-126.529,102.728,295.518
402.525,-125.769,102.728,295.518
402.855,-126.282,103.627,298.104
403.188,-126.800,104.533,300.712
403.962,-126.026,104.533,300.712
404.736,-125.252,104.533,300.712
405.073,-125.774,105.448,303.344
405.853,-124.993,105.448,303.344
406.634,-124.212,105.448,303.344
407.415,-123.432,105.448,303.344
408.196,-124.212,105.448,303.344
408.976,-124.993,105.448,303.344
409.757,-125.774,105.448,303.344
410.538,-126.555,105.448,303.344
411.319,-127.335,105.448,303.344
412.100,-128.116,105.448,303.344
412.880,-127.335,105.448,303.344
413.661,-126.555,105.448,303.344
414.442,-125.774,105.448,303.344
415.223,-124.993,105.448,303.344
416.003,-124.212,105.448,303.344
416.784,-123.432,105.448,303.344
417.565,-122.651,105.448,303.344
418.346,-121.870,105.448,303.344
419.127,-121.089,105.448,303.344
419.465,-121.616,106.371,305.998
420.253,-120.828,106.371,305.998
421.476,-118.754,105.463,303.386
422.256,-119.535,105.463,303.386
423.468,-119.002,104.562,300.796
424.670,-118.473,103.670,298.228
425.438,-119.241,103.670,298.228
426.205,-120.008,103.670,298.228
426.973,-120.776,103.670,298.228
427.740,-120.008,103.670,298.228
428.508,-119.241,103.670,298.228
429.276,-118.473,103.670,298.228
430.043,-117.706,103.670,298.228
430.377,-118.223,104.577,300.837
431.151,-117.449,104.577,300.837
431.925,-116.675,104.577,300.837
432.261,-117.197,105.492,303.470
433.042,-116.416,105.492,303.470
433.824,-115.635,105.492,303.470
434.605,-114.854,105.492,303.470
435.386,-115.635,105.492,303.470
436.167,-116.416,105.492,303.470
436.948,-117.197,105.492,303.470
437.729,-117.978,105.492,303.470
438.510,-118.760,105.492,303.470
439.291,-119.541,105.492,303.470
440.504,-119.007,104.591,300.879
441.706,-118.479,103.698,298.311
442.897,-116.456,102.813,295.764
444.079,-114.451,101.936,293.239
444.407,-114.960,102.828,295.805
444.737,-115.474,103.727,298.393
445.071,-115.992,104.635,301.004
445.407,-116.515,105.550,303.638
446.188,-115.734,105.550,303.638
446.528,-117.863,106.474,306.295
446.870,-120.011,107.406,308.975
447.215,-122.178,108.345,311.679
448.017,-122.980,108.345,311.679
449.263,-122.433,107.421,309.018
450.497,-121.890,106.504,306.380
450.182,-119.813,105.594,303.765
449.870,-117.753,104.693,301.171
449.561,-115.712,103.799,298.600
450.754,-115.187,102.913,296.051
451.516,-115.949,102.913,296.051
452.278,-116.711,102.913,296.051
453.460,-116.191,102.035,293.524
454.216,-116.946,102.035,293.524
454.971,-117.702,102.035,293.524
455.299,-118.211,102.927,296.093
455.630,-118.726,103.828,298.683
455.964,-119.244,104.737,301.297
456.301,-121.358,105.653,303.933
456.640,-123.489,106.577,306.593
457.429,-124.278,106.577,306.593
458.654,-123.740,105.668,303.975
459.869,-123.205,104.766,301.380
459.093,-122.430,104.766,301.380
458.317,-121.654,104.766,301.380
457.541,-120.878,104.766,301.380
457.232,-118.835,103.871,298.808
456.925,-116.809,102.985,296.257
458.108,-116.289,102.105,293.728
458.864,-117.045,102.105,293.728
459.620,-117.801,102.105,293.728
460.376,-118.557,102.105,293.728
461.132,-119.313,102.105,293.728
462.306,-118.797,101.234,291.220
463.055,-119.546,101.234,291.220
463.805,-120.296,101.234,291.220
464.554,-121.045,101.234,291.220
465.304,-121.795,101.234,291.220
466.054,-122.545,101.234,291.220
465.304,-123.294,101.234,291.220
465.005,-121.320,100.370,288.734
464.708,-119.362,99.513,286.270
464.414,-117.422,98.663,283.826
464.123,-115.497,97.821,281.403
463.833,-113.590,96.986,279.001
463.115,-112.872,96.986,279.001
462.397,-112.153,96.986,279.001
462.111,-110.262,96.158,276.619
463.216,-109.776,95.337,274.258
463.921,-110.482,95.337,274.258
464.228,-112.405,96.171,276.657
464.537,-112.886,97.013,279.078
464.849,-114.843,97.862,281.520
465.574,-115.568,97.862,281.520
466.298,-116.292,97.862,281.520
466.613,-118.267,98.718,283.983
467.747,-117.768,97.875,281.559
468.472,-118.492,97.875,281.559
467.747,-117.768,97.875,281.559
467.023,-117.043,97.875,281.559
465.851,-117.532,98.732,284.023
464.670,-118.025,99.596,286.508
463.479,-120.035,100.467,289.015
462.735,-119.291,100.467,289.015
461.533,-121.318,101.346,291.544
460.782,-122.068,101.346,291.544
461.108,-124.113,102.233,294.095
461.865,-124.870,102.233,294.095
462.622,-125.627,102.233,294.095
463.379,-126.384,102.233,294.095
463.708,-128.446,103.127,296.668
464.471,-129.210,103.127,296.668
465.235,-129.973,103.127,296.668
465.566,-132.054,104.030,299.264
464.796,-132.824,104.030,299.264
463.551,-134.923,104.940,301.882
462.774,-135.700,104.940,301.882
461.997,-134.923,104.940,301.882
461.220,-135.700,104.940,301.882
460.443,-136.477,104.940,301.882
460.133,-134.430,104.044,299.305
459.826,-132.401,103.156,296.750
459.521,-130.390,102.275,294.217
459.218,-128.395,101.402,291.706
458.468,-129.146,101.402,291.706
457.717,-129.897,101.402,291.706
456.966,-130.647,101.402,291.706
456.215,-131.398,101.402,291.706
455.464,-130.647,101.402,291.706
454.713,-129.897,101.402,291.706
454.414,-127.919,100.537,289.215
453.669,-127.175,100.537,289.215
452.925,-126.430,100.537,289.215
452.181,-125.686,100.537,289.215
451.436,-124.941,100.537,289.215
450.233,-125.444,101.416,291.746
449.020,-127.490,102.304,294.299
447.796,-129.554,103.199,296.874
447.032,-130.318,103.199,296.874
446.727,-129.796,102.318,294.340
445.969,-129.039,102.318,294.340
445.212,-128.281,102.318,294.340
444.454,-127.523,102.318,294.340
445.212,-126.766,102.318,294.340
445.969,-126.008,102.318,294.340
447.145,-125.491,101.445,291.827
447.896,-124.740,101.445,291.827
448.647,-125.491,101.445,291.827
449.398,-126.242,101.445,291.827
450.150,-126.993,101.445,291.827
449.398,-127.744,101.445,291.827
448.647,-128.495,101.445,291.827
447.896,-129.247,101.445,291.827
447.145,-129.998,101.445,291.827
446.394,-129.247,101.445,291.827
445.643,-129.998,101.445,291.827
444.892,-129.247,101.445,291.827
444.592,-128.734,100.579,289.336
443.847,-127.989,100.579,289.336
443.102,-127.244,100.579,289.336
442.358,-126.500,100.579,289.336
441.613,-125.755,100.579,289.336
442.358,-125.010,100.579,289.336
443.102,-124.265,100.579,289.336
443.847,-123.521,100.579,289.336
444.592,-122.776,100.579,289.336
445.336,-123.521,100.579,289.336
446.492,-123.012,99.720,286.866
447.231,-122.274,99.720,286.866
448.377,-121.770,98.869,284.417
447.645,-122.502,98.869,284.417
446.913,-123.234,98.869,284.417
446.180,-123.966,98.869,284.417
445.888,-122.038,98.025,281.989
445.599,-120.126,97.188,279.582
445.311,-118.231,96.358,277.195
444.598,-117.517,96.358,277.195
443.884,-116.804,96.358,277.195
443.171,-116.090,96.358,277.195
443.884,-115.377,96.358,277.195
444.598,-114.663,96.358,277.195
445.705,-112.784,95.536,274.829
446.803,-110.921,94.720,272.483
447.892,-109.074,93.912,270.157
448.971,-107.242,93.110,267.850
450.041,-105.426,92.315,265.564
451.102,-104.960,91.527,263.297
452.154,-104.497,90.746,261.049
451.885,-104.038,89.971,258.821
451.620,-102.284,89.203,256.611
451.356,-100.544,88.441,254.421
451.095,-98.819,87.687,252.249
450.445,-98.170,87.687,252.249
450.186,-96.460,86.938,250.095
451.185,-96.020,86.196,247.961
452.176,-95.585,85.460,245.844
452.809,-96.217,85.460,245.844
453.441,-96.850,85.460,245.844
454.074,-97.483,85.460,245.844
454.707,-98.116,85.460,245.844
455.340,-98.749,85.460,245.844
455.972,-99.381,85.460,245.844
456.955,-98.949,84.730,243.745
457.928,-98.521,84.007,241.664
457.680,-96.883,83.290,239.601
458.637,-95.258,82.579,237.556
458.393,-93.648,81.874,235.528
457.787,-93.042,81.874,235.528
457.181,-92.435,81.874,235.528
456.574,-91.829,81.874,235.528
456.332,-90.232,81.175,233.517
456.093,-88.649,80.482,231.524
456.688,-89.245,80.482,231.524
456.093,-88.649,80.482,231.524
456.688,-89.245,80.482,231.524
457.284,-89.841,80.482,231.524
457.880,-90.437,80.482,231.524
458.476,-91.033,80.482,231.524
459.401,-90.626,79.795,229.548
460.318,-90.223,79.114,227.588
460.904,-90.809,79.114,227.588
461.813,-90.409,78.439,225.645
462.394,-90.990,78.439,225.645
461.813,-90.409,78.439,225.645
461.232,-89.828,78.439,225.645
460.652,-89.247,78.439,225.645
460.071,-88.666,78.439,225.645
459.490,-88.086,78.439,225.645
458.909,-87.505,78.439,225.645
458.677,-85.975,77.769,223.719
458.102,-85.399,77.769,223.719
458.677,-85.975,77.769,223.719
459.253,-86.551,77.769,223.719
459.829,-87.127,77.769,223.719
460.405,-87.703,77.769,223.719
460.981,-88.278,77.769,223.719
461.557,-88.854,77.769,223.719
462.132,-89.430,77.769,223.719
462.708,-90.006,77.769,223.719
462.132,-90.582,77.769,223.719
461.557,-90.006,77.769,223.719
460.981,-90.582,77.769,223.719
460.405,-90.006,77.769,223.719
459.829,-90.582,77.769,223.719
459.253,-90.006,77.769,223.719
458.677,-89.430,77.769,223.719
458.102,-88.854,77.769,223.719
457.526,-88.278,77.769,223.719
456.950,-88.854,77.769,223.719
456.374,-88.278,77.769,223.719
455.798,-88.854,77.769,223.719
455.222,-89.430,77.769,223.719
455.798,-90.006,77.769,223.719
455.222,-90.582,77.769,223.719
454.647,-91.158,77.769,223.719
454.071,-91.733,77.769,223.719
453.841,-91.340,77.105,221.809
453.613,-89.836,76.447,219.916
453.387,-88.346,75.794,218.038
452.826,-87.784,75.794,218.038
452.602,-86.306,75.147,216.177
452.045,-85.750,75.147,216.177
451.489,-85.193,75.147,216.177
452.353,-83.728,74.506,214.332
451.801,-83.176,74.506,214.332
451.581,-81.723,73.870,212.502
452.430,-80.282,73.239,210.688
452.972,-79.740,73.239,210.688
453.814,-78.312,72.614,208.889
454.351,-77.774,72.614,208.889
455.186,-76.358,71.994,207.106
456.013,-74.954,71.379,205.338
456.833,-74.593,70.770,203.585
457.357,-74.069,70.770,203.585
457.881,-73.545,70.770,203.585
458.695,-72.165,70.166,201.847
459.214,-71.645,70.166,201.847
459.734,-71.126,70.166,201.847
460.253,-70.606,70.166,201.847
461.060,-69.238,69.567,200.124
461.575,-68.723,69.567,200.124
462.374,-67.366,68.973,198.416
462.885,-66.855,68.973,198.416
463.396,-66.345,68.973,198.416
464.188,-65.000,68.384,196.722
464.695,-64.493,68.384,196.722
465.481,-63.160,67.801,195.043
466.260,-61.837,67.222,193.378
466.757,-61.339,67.222,193.378
467.255,-61.837,67.222,193.378
467.753,-62.335,67.222,193.378
468.251,-62.833,67.222,193.378
468.748,-63.330,67.222,193.378
468.251,-62.833,67.222,193.378
468.748,-62.335,67.222,193.378
468.251,-61.837,67.222,193.378
467.753,-61.339,67.222,193.378
468.525,-60.029,66.648,191.727
468.032,-59.535,66.648,191.727
468.525,-59.042,66.648,191.727
468.328,-57.742,66.079,190.090
468.818,-57.252,66.079,190.090
469.577,-55.964,65.515,188.468
470.062,-55.479,65.515,188.468
470.547,-54.994,65.515,188.468
470.062,-54.508,65.515,188.468
469.869,-53.231,64.956,186.859
470.350,-53.712,64.956,186.859
470.830,-54.193,64.956,186.859
470.350,-54.674,64.956,186.859
470.830,-55.155,64.956,186.859
470.350,-55.636,64.956,186.859
470.830,-56.116,64.956,186.859
470.350,-55.636,64.956,186.859
470.830,-55.155,64.956,186.859
471.311,-54.674,64.956,186.859
470.830,-54.193,64.956,186.859
470.350,-53.712,64.956,186.859
469.869,-53.231,64.956,186.859
470.350,-52.750,64.956,186.859
469.869,-52.269,64.956,186.859
469.388,-51.788,64.956,186.859
469.869,-51.307,64.956,186.859
469.677,-50.040,64.401,185.264
469.200,-49.563,64.401,185.264
468.723,-49.086,64.401,185.264
468.246,-48.610,64.401,185.264
