298.000,149.000,67.000,122.000
298.868,149.132,67.000,122.000
299.236,148.764,67.000,122.000
299.604,148.396,67.000,122.000
299.972,148.028,67.000,122.000
300.340,147.660,67.000,122.000
300.709,147.291,67.000,122.000
301.077,146.923,67.000,122.000
301.445,146.555,67.000,122.000
301.813,146.187,67.000,122.000
301.897,145.276,67.586,123.068
302.268,144.905,67.586,123.068
302.640,144.534,67.586,123.068
303.011,144.162,67.586,123.068
303.382,143.791,67.586,123.068
303.753,143.420,67.586,123.068
303.382,143.048,67.586,123.068
303.011,142.677,67.586,123.068
302.640,142.306,67.586,123.068
302.268,141.934,67.586,123.068
301.897,141.563,67.586,123.068
301.526,141.192,67.586,123.068
301.154,140.820,67.586,123.068
300.783,140.449,67.586,123.068
300.412,140.078,67.586,123.068
300.040,139.707,67.586,123.068
299.669,139.335,67.586,123.068
299.298,138.964,67.586,123.068
298.926,138.593,67.586,123.068
298.555,138.964,67.586,123.068
297.879,138.806,68.178,124.144
297.197,138.647,68.774,125.231
296.819,139.025,68.774,125.231
296.744,139.191,68.187,124.162
296.669,140.086,67.605,123.102
296.298,140.457,67.605,123.102
295.927,140.086,67.605,123.102
295.853,140.249,67.028,122.051
295.182,139.338,67.614,123.119
294.811,138.966,67.614,123.119
294.439,139.338,67.614,123.119
295.090,139.501,67.037,122.068
295.458,139.133,67.037,122.068
296.104,139.294,66.465,121.026
296.469,138.929,66.465,121.026
296.104,139.294,66.465,121.026
296.744,139.455,65.898,119.993
296.084,139.301,66.474,121.042
295.419,139.145,67.056,122.102
295.051,139.514,67.056,122.102
294.682,139.882,67.056,122.102
294.314,140.251,67.056,122.102
293.643,140.094,67.643,123.170
292.966,139.936,68.234,124.248
292.591,140.311,68.234,124.248
291.909,140.152,68.831,125.335
291.530,140.530,68.831,125.335
291.152,140.908,68.831,125.335
290.464,140.747,69.434,126.432
289.769,140.585,70.041,127.538
289.068,139.633,70.654,128.654
288.680,139.244,70.654,128.654
288.292,138.856,70.654,128.654
287.903,138.468,70.654,128.654
287.196,137.507,71.272,129.780
286.483,136.538,71.896,130.915
286.574,135.561,72.525,132.061
286.972,135.162,72.525,132.061
287.371,134.764,72.525,132.061
287.769,134.365,72.525,132.061
287.860,133.379,73.160,133.216
287.952,132.384,73.800,134.382
288.045,131.381,74.446,135.558
287.636,130.972,74.446,135.558
287.227,130.563,74.446,135.558
286.818,130.154,74.446,135.558
286.409,129.745,74.446,135.558
286.818,129.336,74.446,135.558
287.227,128.927,74.446,135.558
287.636,128.518,74.446,135.558
288.045,128.109,74.446,135.558
288.454,128.518,74.446,135.558
288.547,128.344,75.097,136.744
288.642,127.323,75.754,137.940
287.884,127.146,76.417,139.147
287.464,127.566,76.417,139.147
286.699,127.387,77.086,140.365
285.928,127.207,77.760,141.593
285.501,126.780,77.760,141.593
285.598,126.599,78.440,142.832
285.697,126.415,79.127,144.082
285.796,126.231,79.819,145.342
286.235,126.669,79.819,145.342
286.673,127.108,79.819,145.342
285.874,126.921,80.518,146.614
285.069,126.733,81.222,147.897
284.980,127.800,80.529,146.634
284.538,128.242,80.529,146.634
284.450,129.300,79.841,145.383
284.363,130.348,79.160,144.142
283.928,130.783,79.160,144.142
283.493,131.218,79.160,144.142
283.058,131.653,79.160,144.142
282.623,132.088,79.160,144.142
282.188,132.523,79.160,144.142
281.753,132.958,79.160,144.142
280.961,132.773,79.852,145.403
280.523,133.211,79.852,145.403
280.084,133.650,79.852,145.403
279.645,133.211,79.852,145.403
279.206,133.650,79.852,145.403
278.768,134.089,79.852,145.403
278.329,134.528,79.852,145.403
277.890,134.966,79.852,145.403
277.452,135.405,79.852,145.403
277.365,136.454,79.171,144.162
277.278,137.493,78.495,142.931
276.847,137.924,78.495,142.931
276.761,138.955,77.825,141.711
276.334,139.383,77.825,141.711
275.906,139.810,77.825,141.711
275.478,140.238,77.825,141.711
275.051,140.665,77.825,141.711
274.623,141.093,77.825,141.711
274.538,142.115,77.160,140.501
273.766,141.935,77.836,141.730
273.339,142.362,77.836,141.730
272.911,142.790,77.836,141.730
272.132,142.608,78.517,142.971
271.701,143.040,78.517,142.971
272.132,143.471,78.517,142.971
271.701,143.902,78.517,142.971
271.270,144.334,78.517,142.971
270.838,144.765,78.517,142.971
270.407,145.196,78.517,142.971
269.621,145.013,79.204,144.222
268.829,144.828,79.897,145.484
269.268,144.389,79.897,145.484
268.468,144.203,80.596,146.757
268.025,144.645,80.596,146.757
267.583,145.088,80.596,146.757
267.140,145.531,80.596,146.757
266.697,145.974,80.596,146.757
266.254,146.417,80.596,146.757
265.811,146.859,80.596,146.757
265.369,147.302,80.596,146.757
264.926,147.745,80.596,146.757
264.483,148.188,80.596,146.757
264.040,148.630,80.596,146.757
263.598,149.073,80.596,146.757
262.791,148.885,81.301,148.041
262.344,148.438,81.301,148.041
261.898,148.885,81.301,148.041
261.451,149.332,81.301,148.041
260.638,149.142,82.012,149.336
260.187,148.691,82.012,149.336
259.366,148.500,82.730,150.643
258.539,148.307,83.454,151.961
258.080,147.848,83.454,151.961
257.622,147.390,83.454,151.961
257.163,146.931,83.454,151.961
257.072,147.132,82.741,150.664
256.617,146.678,82.741,150.664
256.527,146.877,82.035,149.377
256.076,146.427,82.035,149.377
255.626,145.976,82.035,149.377
255.175,145.525,82.035,149.377
254.354,144.410,82.753,150.685
253.900,143.955,82.753,150.685
253.445,143.501,82.753,150.685
252.990,143.046,82.753,150.685
252.162,141.921,83.477,152.003
251.704,141.462,83.477,152.003
251.245,141.004,83.477,152.003
251.154,141.205,82.764,150.705
250.699,140.750,82.764,150.705
249.871,139.625,83.489,152.024
249.412,139.166,83.489,152.024
248.577,138.031,84.219,153.354
248.114,138.494,84.219,153.354
247.652,138.031,84.219,153.354
246.809,136.886,84.956,154.696
246.342,136.419,84.956,154.696
246.809,135.952,84.956,154.696
246.716,137.068,84.231,153.376
247.179,136.605,84.231,153.376
247.642,137.068,84.231,153.376
247.748,136.871,84.968,154.718
248.214,137.338,84.968,154.718
248.321,137.140,85.711,156.071
247.463,136.939,86.461,157.437
246.598,136.737,87.218,158.815
245.726,136.534,87.981,160.204
245.242,137.017,87.981,160.204
244.362,136.812,88.751,161.606
243.474,136.604,89.527,163.020
242.982,137.096,89.527,163.020
242.086,136.887,90.311,164.446
242.200,136.676,91.101,165.885
241.699,137.177,91.101,165.885
241.199,137.677,91.101,165.885
240.698,138.178,91.101,165.885
240.198,138.678,91.101,165.885
239.286,138.466,91.898,167.337
239.791,138.970,91.898,167.337
240.296,139.475,91.898,167.337
240.801,139.980,91.898,167.337
241.305,140.485,91.898,167.337
241.810,140.990,91.898,167.337
242.315,141.495,91.898,167.337
242.431,140.245,92.702,168.801
242.940,140.755,92.702,168.801
243.449,140.245,92.702,168.801
243.959,140.755,92.702,168.801
244.075,140.538,93.513,170.278
244.589,140.024,93.513,170.278
245.103,139.511,93.513,170.278
245.220,139.292,94.332,171.768
245.738,138.774,94.332,171.768
246.256,138.256,94.332,171.768
246.775,137.737,94.332,171.768
247.293,137.219,94.332,171.768
247.811,136.701,94.332,171.768
247.930,135.418,95.157,173.271
248.049,134.124,95.990,174.787
248.577,133.597,95.990,174.787
249.104,134.124,95.990,174.787
249.225,132.819,96.830,176.316
250.157,134.091,96.003,174.811
250.684,134.618,96.003,174.811
251.212,134.091,96.003,174.811
251.739,134.618,96.003,174.811
250.778,134.394,96.843,176.341
250.246,134.926,96.843,176.341
249.714,135.458,96.843,176.341
249.182,135.990,96.843,176.341
248.650,136.522,96.843,176.341
249.182,137.054,96.843,176.341
248.650,137.586,96.843,176.341
248.118,138.118,96.843,176.341
247.586,138.650,96.843,176.341
247.054,139.182,96.843,176.341
246.085,138.956,97.690,177.884
245.548,139.493,97.690,177.884
245.012,140.030,97.690,177.884
245.952,141.312,96.856,176.365
246.484,141.845,96.856,176.365
246.379,143.116,96.030,174.860
245.851,143.644,96.030,174.860
245.324,144.172,96.030,174.860
244.796,144.699,96.030,174.860
244.691,145.960,95.210,173.367
244.168,146.483,95.210,173.367
243.645,147.006,95.210,173.367
243.122,147.529,95.210,173.367
242.599,148.052,95.210,173.367
242.076,148.576,95.210,173.367
241.123,148.353,96.043,174.884
240.596,148.881,96.043,174.884
240.068,149.409,96.043,174.884
239.540,149.936,96.043,174.884
239.013,150.464,96.043,174.884
238.485,150.991,96.043,174.884
237.524,150.767,96.883,176.414
236.992,151.299,96.883,176.414
236.459,151.832,96.883,176.414
235.927,152.364,96.883,176.414
235.395,152.896,96.883,176.414
234.425,152.670,97.731,177.958
233.448,152.442,98.586,179.515
232.461,152.212,99.449,181.086
231.466,151.979,100.319,182.670
230.462,151.745,101.197,184.269
229.450,151.509,102.082,185.881
228.428,151.270,102.975,187.508
227.398,151.030,103.876,189.148
226.827,151.601,103.876,189.148
226.256,152.171,103.876,189.148
225.217,151.929,104.785,190.803
224.168,151.684,105.702,192.473
223.588,152.265,105.702,192.473
222.530,150.827,106.627,194.157
221.944,150.242,106.627,194.157
221.358,150.827,106.627,194.157
220.291,150.578,107.560,195.856
219.215,150.327,108.501,197.570
218.130,150.074,109.451,199.298
217.528,150.675,109.451,199.298
216.433,150.420,110.408,201.042
215.328,148.918,111.374,202.801
214.214,147.404,112.349,204.576
213.090,145.876,113.332,206.366
212.467,145.254,113.332,206.366
211.844,144.631,113.332,206.366
211.222,144.008,113.332,206.366
210.599,143.386,113.332,206.366
209.977,142.763,113.332,206.366
209.354,142.140,113.332,206.366
209.230,142.414,112.365,204.604
209.108,142.685,111.405,202.858
208.495,142.073,111.405,202.858
207.883,141.461,111.405,202.858
206.769,139.946,112.380,204.633
206.151,139.328,112.380,204.633
205.534,138.711,112.380,204.633
204.409,137.183,113.363,206.423
204.286,137.456,112.396,204.661
203.668,136.839,112.396,204.661
202.544,135.311,113.379,206.452
202.420,135.584,112.411,204.689
201.802,134.967,112.411,204.689
201.185,134.349,112.411,204.689
200.060,132.820,113.395,206.480
199.437,132.197,113.395,206.480
198.814,131.575,113.395,206.480
198.191,130.952,113.395,206.480
198.067,131.225,112.427,204.718
197.449,130.607,112.427,204.718
196.324,129.079,113.411,206.509
195.190,127.537,114.403,208.316
194.045,125.981,115.404,210.139
192.890,124.412,116.414,211.977
191.725,122.829,117.432,213.832
191.873,121.232,118.460,215.703
191.222,120.581,118.460,215.703
190.571,119.930,118.460,215.703
189.386,118.320,119.497,217.591
188.729,117.663,119.497,217.591
188.599,117.951,118.476,215.733
189.740,118.237,117.465,213.892
188.564,116.640,118.493,215.763
187.379,115.029,119.530,217.651
186.183,113.403,120.576,219.555
185.520,112.741,120.576,219.555
184.858,112.079,120.576,219.555
184.726,112.369,119.546,217.681
184.069,111.713,119.546,217.681
183.413,111.056,119.546,217.681
182.756,110.399,119.546,217.681
183.907,110.687,118.526,215.823
185.048,110.973,117.514,213.981
186.179,111.257,116.511,212.154
186.820,110.617,116.511,212.154
187.941,110.898,115.516,210.343
188.086,109.327,116.527,212.183
188.727,108.687,116.527,212.183
189.367,108.047,116.527,212.183
190.007,107.407,116.527,212.183
189.880,108.937,115.532,210.372
190.515,108.302,115.532,210.372
191.149,107.667,115.532,210.372
189.993,106.096,116.543,212.213
189.353,105.456,116.543,212.213
189.499,103.871,117.563,214.070
190.145,103.226,117.563,214.070
190.791,102.580,117.563,214.070
191.437,101.934,117.563,214.070
192.083,102.580,117.563,214.070
192.230,100.981,118.592,215.943
191.044,100.704,119.629,217.832
191.701,101.361,119.629,217.832
191.044,102.019,119.629,217.832
190.387,102.676,119.629,217.832
189.729,103.333,119.629,217.832
189.599,104.904,118.608,215.973
188.947,105.556,118.608,215.973
