289.000,67.000,64.000,236.000
288.934,68.066,64.000,236.000
288.368,68.632,64.000,236.000
287.803,69.197,64.000,236.000
287.237,69.763,64.000,236.000
287.803,69.197,64.000,236.000
288.368,68.632,64.000,236.000
288.934,68.066,64.000,236.000
289.500,67.500,64.000,236.000
290.066,66.934,64.000,236.000
290.632,66.368,64.000,236.000
290.931,64.756,64.560,238.065
291.502,64.185,64.560,238.065
292.073,63.615,64.560,238.065
292.644,63.044,64.560,238.065
293.214,62.473,64.560,238.065
293.785,61.902,64.560,238.065
294.356,61.332,64.560,238.065
294.926,60.761,64.560,238.065
295.497,60.190,64.560,238.065
296.068,59.620,64.560,238.065
296.639,59.049,64.560,238.065
297.209,58.478,64.560,238.065
296.639,57.907,64.560,238.065
297.209,57.337,64.560,238.065
296.639,56.766,64.560,238.065
297.209,56.195,64.560,238.065
297.780,55.625,64.560,238.065
298.351,55.054,64.560,238.065
298.921,54.483,64.560,238.065
298.351,53.912,64.560,238.065
298.921,53.342,64.560,238.065
299.492,52.771,64.560,238.065
300.063,52.200,64.560,238.065
299.492,51.630,64.560,238.065
298.921,51.059,64.560,238.065
299.492,50.488,64.560,238.065
298.921,49.917,64.560,238.065
299.492,49.347,64.560,238.065
300.063,48.776,64.560,238.065
300.634,48.205,64.560,238.065
301.204,47.635,64.560,238.065
301.775,47.064,64.560,238.065
302.346,46.493,64.560,238.065
302.916,47.064,64.560,238.065
303.749,48.637,64.009,236.033
304.315,49.203,64.009,236.033
304.881,48.637,64.009,236.033
305.446,48.071,64.009,236.033
306.012,47.505,64.009,236.033
306.578,46.939,64.009,236.033
307.144,46.373,64.009,236.033
307.710,45.808,64.009,236.033
308.276,45.242,64.009,236.033
308.841,44.676,64.009,236.033
309.407,44.110,64.009,236.033
309.973,43.544,64.009,236.033
310.539,42.978,64.009,236.033
311.105,42.412,64.009,236.033
311.671,41.847,64.009,236.033
312.237,41.281,64.009,236.033
312.802,40.715,64.009,236.033
313.368,40.149,64.009,236.033
313.934,39.583,64.009,236.033
314.500,39.017,64.009,236.033
315.066,38.452,64.009,236.033
315.632,37.886,64.009,236.033
316.197,37.320,64.009,236.033
316.763,36.754,64.009,236.033
317.329,36.188,64.009,236.033
317.895,35.622,64.009,236.033
318.461,35.057,64.009,236.033
319.027,34.491,64.009,236.033
319.592,33.925,64.009,236.033
319.892,32.312,64.569,238.098
320.463,31.741,64.569,238.098
321.034,31.171,64.569,238.098
321.605,30.600,64.569,238.098
321.034,30.029,64.569,238.098
320.463,29.458,64.569,238.098
319.892,28.887,64.569,238.098
319.322,28.317,64.569,238.098
318.751,27.746,64.569,238.098
319.322,27.175,64.569,238.098
319.892,26.604,64.569,238.098
320.463,26.033,64.569,238.098
321.034,25.463,64.569,238.098
321.605,24.892,64.569,238.098
322.437,25.351,64.018,236.065
323.263,25.807,63.471,234.050
323.824,25.246,63.471,234.050
324.385,24.685,63.471,234.050
324.946,24.123,63.471,234.050
325.507,23.562,63.471,234.050
326.068,23.001,63.471,234.050
326.629,22.440,63.471,234.050
326.927,20.841,64.027,236.098
327.227,19.228,64.587,238.164
327.529,17.601,65.152,240.248
327.835,15.959,65.722,242.350
328.416,15.378,65.722,242.350
328.724,13.723,66.297,244.471
329.310,13.137,66.297,244.471
329.896,12.550,66.297,244.471
330.482,11.964,66.297,244.471
331.068,11.378,66.297,244.471
331.654,10.792,66.297,244.471
332.240,10.206,66.297,244.471
332.826,9.620,66.297,244.471
333.412,9.034,66.297,244.471
333.998,8.448,66.297,244.471
334.309,6.778,66.877,246.610
333.718,6.186,66.877,246.610
333.127,5.595,66.877,246.610
332.535,6.186,66.877,246.610
331.944,5.595,66.877,246.610
331.353,5.004,66.877,246.610
330.762,4.413,66.877,246.610
330.171,3.822,66.877,246.610
329.579,3.230,66.877,246.610
328.988,2.639,66.877,246.610
328.397,2.048,66.877,246.610
328.988,1.457,66.877,246.610
329.579,0.866,66.877,246.610
330.171,0.274,66.877,246.610
330.762,-0.317,66.877,246.610
331.353,-0.908,66.877,246.610
331.944,-1.499,66.877,246.610
332.535,-2.090,66.877,246.610
331.944,-2.682,66.877,246.610
332.535,-3.273,66.877,246.610
333.127,-3.864,66.877,246.610
332.535,-4.455,66.877,246.610
331.944,-5.046,66.877,246.610
331.353,-5.638,66.877,246.610
330.762,-6.229,66.877,246.610
331.353,-6.820,66.877,246.610
331.944,-7.411,66.877,246.610
332.535,-8.002,66.877,246.610
331.944,-8.594,66.877,246.610
331.353,-9.185,66.877,246.610
330.454,-10.870,67.462,248.768
329.858,-11.466,67.462,248.768
329.262,-12.062,67.462,248.768
328.665,-12.659,67.462,248.768
328.069,-13.255,67.462,248.768
327.473,-13.852,67.462,248.768
326.876,-14.448,67.462,248.768
326.280,-15.044,67.462,248.768
325.683,-15.641,67.462,248.768
325.087,-16.237,67.462,248.768
324.491,-16.833,67.462,248.768
323.894,-17.430,67.462,248.768
324.491,-18.026,67.462,248.768
325.087,-18.623,67.462,248.768
325.683,-19.219,67.462,248.768
326.280,-19.815,67.462,248.768
326.876,-20.412,67.462,248.768
326.280,-21.008,67.462,248.768
325.683,-21.604,67.462,248.768
325.087,-22.201,67.462,248.768
324.491,-22.797,67.462,248.768
325.087,-23.394,67.462,248.768
325.683,-23.990,67.462,248.768
326.280,-24.586,67.462,248.768
326.876,-25.183,67.462,248.768
327.473,-25.779,67.462,248.768
328.069,-26.375,67.462,248.768
328.665,-26.972,67.462,248.768
329.262,-27.568,67.462,248.768
329.858,-28.165,67.462,248.768
330.454,-28.761,67.462,248.768
331.051,-29.357,67.462,248.768
331.647,-29.954,67.462,248.768
332.244,-30.550,67.462,248.768
332.840,-31.146,67.462,248.768
333.436,-31.743,67.462,248.768
334.033,-32.339,67.462,248.768
334.629,-32.936,67.462,248.768
335.225,-33.532,67.462,248.768
336.095,-33.052,66.887,246.644
336.686,-33.643,66.887,246.644
337.278,-34.234,66.887,246.644
337.869,-34.826,66.887,246.644
338.460,-35.417,66.887,246.644
339.052,-36.008,66.887,246.644
339.643,-36.600,66.887,246.644
340.234,-37.191,66.887,246.644
340.825,-37.782,66.887,246.644
341.417,-38.373,66.887,246.644
342.008,-38.965,66.887,246.644
342.599,-39.556,66.887,246.644
343.191,-40.147,66.887,246.644
343.782,-40.739,66.887,246.644
344.373,-41.330,66.887,246.644
344.964,-41.921,66.887,246.644
345.556,-42.512,66.887,246.644
346.147,-43.104,66.887,246.644
346.738,-43.695,66.887,246.644
347.330,-44.286,66.887,246.644
347.921,-44.878,66.887,246.644
348.512,-45.469,66.887,246.644
349.103,-46.060,66.887,246.644
349.695,-46.651,66.887,246.644
350.286,-47.243,66.887,246.644
350.877,-47.834,66.887,246.644
351.469,-48.425,66.887,246.644
352.060,-49.017,66.887,246.644
352.651,-49.608,66.887,246.644
353.242,-50.199,66.887,246.644
353.834,-50.790,66.887,246.644
354.425,-51.382,66.887,246.644
355.016,-51.973,66.887,246.644
355.607,-52.564,66.887,246.644
356.199,-53.156,66.887,246.644
356.790,-53.747,66.887,246.644
357.381,-54.338,66.887,246.644
357.973,-54.929,66.887,246.644
358.564,-55.521,66.887,246.644
357.973,-56.112,66.887,246.644
358.564,-56.703,66.887,246.644
359.155,-57.295,66.887,246.644
359.746,-57.886,66.887,246.644
360.338,-58.477,66.887,246.644
360.929,-59.068,66.887,246.644
361.520,-59.660,66.887,246.644
362.112,-60.251,66.887,246.644
362.703,-60.842,66.887,246.644
363.565,-59.213,66.316,244.539
364.420,-58.741,65.749,242.451
365.268,-58.273,65.188,240.381
365.844,-58.849,65.188,240.381
366.420,-59.426,65.188,240.381
366.997,-58.849,65.188,240.381
367.302,-59.310,65.759,242.485
367.884,-58.729,65.759,242.485
368.465,-58.148,65.759,242.485
368.773,-58.613,66.334,244.606
369.359,-58.026,66.334,244.606
369.670,-58.495,66.914,246.747
370.262,-59.087,66.914,246.747
370.853,-58.495,66.914,246.747
371.445,-57.904,66.914,246.747
372.036,-57.312,66.914,246.747
372.628,-56.721,66.914,246.747
372.941,-57.194,67.500,248.906
373.258,-57.671,68.090,251.084
373.860,-57.069,68.090,251.084
374.462,-56.467,68.090,251.084
375.064,-55.866,68.090,251.084
375.665,-55.264,68.090,251.084
376.543,-53.605,67.509,248.940
377.414,-51.960,66.933,246.815
378.005,-51.368,66.933,246.815
378.597,-50.776,66.933,246.815
379.189,-51.368,66.933,246.815
379.780,-51.960,66.933,246.815
380.643,-51.484,66.362,244.708
381.230,-52.070,66.362,244.708
381.817,-52.657,66.362,244.708
382.128,-53.126,66.942,246.849
382.719,-52.534,66.942,246.849
383.311,-51.943,66.942,246.849
383.903,-51.351,66.942,246.849
384.495,-50.759,66.942,246.849
385.358,-49.128,66.371,244.742
385.945,-48.541,66.371,244.742
386.256,-49.011,66.952,246.884
387.119,-47.380,66.380,244.776
387.706,-46.793,66.380,244.776
388.561,-45.176,65.813,242.687
389.143,-44.594,65.813,242.687
389.992,-42.990,65.251,240.615
390.569,-42.413,65.251,240.615
390.874,-42.875,65.822,242.720
391.456,-42.293,65.822,242.720
392.038,-41.711,65.822,242.720
392.620,-41.129,65.822,242.720
393.202,-40.547,65.822,242.720
393.510,-41.013,66.398,244.844
394.097,-40.426,66.398,244.844
394.408,-40.895,66.979,246.986
395.001,-40.303,66.979,246.986
395.864,-38.671,66.408,244.878
396.720,-37.054,65.841,242.788
397.302,-36.471,65.841,242.788
397.884,-35.889,65.841,242.788
398.733,-34.285,65.279,240.715
399.310,-33.708,65.279,240.715
399.887,-33.131,65.279,240.715
400.464,-32.554,65.279,240.715
401.306,-30.964,64.721,238.660
402.140,-29.387,64.169,236.623
402.968,-27.823,63.621,234.603
403.530,-27.261,63.621,234.603
404.093,-26.699,63.621,234.603
404.655,-26.136,63.621,234.603
405.217,-25.574,63.621,234.603
405.780,-25.011,63.621,234.603
406.342,-24.449,63.621,234.603
406.905,-23.886,63.621,234.603
407.467,-23.324,63.621,234.603
408.287,-21.774,63.078,232.600
408.845,-21.216,63.078,232.600
409.658,-19.680,62.540,230.615
410.211,-19.127,62.540,230.615
410.764,-19.680,62.540,230.615
411.057,-21.255,63.087,232.632
411.615,-21.813,63.087,232.632
411.910,-23.402,63.639,234.668
412.209,-25.006,64.196,236.721
412.509,-26.623,64.757,238.793
412.813,-27.081,65.324,240.882
413.119,-27.543,65.896,242.990
413.428,-28.009,66.472,245.116
414.015,-28.596,66.472,245.116
414.603,-29.184,66.472,245.116
415.191,-29.772,66.472,245.116
415.502,-31.446,67.054,247.261
415.816,-33.136,67.640,249.424
416.414,-33.734,67.640,249.424
417.012,-33.136,67.640,249.424
417.610,-32.538,67.640,249.424
417.927,-33.016,68.232,251.607
418.530,-33.619,68.232,251.607
419.134,-34.222,68.232,251.607
419.737,-34.826,68.232,251.607
420.340,-35.429,68.232,251.607
420.943,-36.032,68.232,251.607
421.546,-36.635,68.232,251.607
422.149,-37.238,68.232,251.607
422.469,-38.957,68.829,253.808
423.078,-39.566,68.829,253.808
423.965,-39.076,68.242,251.642
424.568,-39.679,68.242,251.642
425.172,-40.283,68.242,251.642
425.491,-42.002,68.839,253.843
426.100,-42.611,68.839,253.843
426.708,-43.219,68.839,253.843
427.317,-43.828,68.839,253.843
427.925,-44.436,68.839,253.843
428.248,-46.170,69.441,256.065
428.862,-46.784,69.441,256.065
429.476,-47.398,69.441,256.065
430.090,-48.012,69.441,256.065
430.704,-48.626,69.441,256.065
431.317,-48.012,69.441,256.065
431.931,-47.398,69.441,256.065
432.545,-46.784,69.441,256.065
433.159,-46.170,69.441,256.065
433.773,-45.557,69.441,256.065
434.098,-46.048,70.049,258.305
434.427,-46.543,70.662,260.565
434.758,-47.043,71.280,262.845
435.092,-47.547,71.904,265.145
435.429,-48.055,72.533,267.465
435.769,-48.568,73.168,269.805
436.111,-49.086,73.808,272.166
436.457,-49.608,74.454,274.548
436.806,-50.134,75.105,276.950
437.158,-50.665,75.762,279.373
437.513,-52.574,76.425,281.818
436.486,-54.499,77.094,284.284
435.450,-55.045,77.768,286.771
434.406,-55.595,78.449,289.280
433.352,-56.149,79.135,291.812
432.652,-55.450,79.135,291.812
433.352,-54.750,79.135,291.812
434.051,-55.450,79.135,291.812
434.751,-56.149,79.135,291.812
435.450,-56.849,79.135,291.812
435.821,-58.843,79.828,294.365
436.527,-59.548,79.828,294.365
437.232,-58.843,79.828,294.365
437.938,-58.137,79.828,294.365
438.312,-58.701,80.526,296.941
439.024,-57.990,80.526,296.941
439.736,-57.278,80.526,296.941
440.774,-55.316,79.839,294.406
441.480,-54.610,79.839,294.406
442.186,-53.904,79.839,294.406
442.891,-53.198,79.839,294.406
443.597,-52.493,79.839,294.406
444.303,-51.787,79.839,294.406
445.009,-51.081,79.839,294.406
445.715,-50.375,79.839,294.406
446.420,-49.670,79.839,294.406
447.450,-47.724,79.157,291.893
448.149,-47.025,79.157,291.893
448.849,-46.325,79.157,291.893
449.870,-44.396,78.482,289.401
450.564,-45.090,78.482,289.401
451.257,-45.784,78.482,289.401
451.951,-46.478,78.482,289.401
452.645,-47.171,78.482,289.401
453.657,-46.613,77.812,286.930
454.345,-47.301,77.812,286.930
455.348,-46.747,77.147,284.481
456.030,-46.065,77.147,284.481
456.712,-45.383,77.147,284.481
457.394,-44.701,77.147,284.481
458.076,-44.019,77.147,284.481
458.758,-43.337,77.147,284.481
459.119,-43.883,77.822,286.970
459.484,-44.433,78.503,289.481
460.178,-43.739,78.503,289.481
460.872,-44.433,78.503,289.481
461.566,-43.739,78.503,289.481
461.934,-45.717,79.190,292.014
462.305,-47.712,79.883,294.569
463.011,-47.006,79.883,294.569
463.385,-47.571,80.582,297.147
464.098,-46.859,80.582,297.147
464.810,-47.571,80.582,297.147
465.522,-46.859,80.582,297.147
466.561,-44.895,79.894,294.610
467.268,-45.602,79.894,294.610
467.974,-46.308,79.894,294.610
468.680,-47.014,79.894,294.610
469.710,-46.446,79.212,292.095
470.732,-45.882,78.536,289.602
471.426,-46.576,78.536,289.602
472.120,-47.271,78.536,289.602
473.133,-46.712,77.866,287.129
473.821,-47.400,77.866,287.129
474.509,-48.089,77.866,287.129
475.513,-46.191,77.201,284.678
476.509,-44.310,76.542,282.248
477.495,-42.446,75.888,279.839
478.166,-41.775,75.888,279.839
479.145,-39.926,75.241,277.450
480.115,-38.093,74.598,275.081
480.774,-37.433,74.598,275.081
481.736,-36.902,73.962,272.733
482.390,-36.249,73.962,272.733
483.044,-35.595,73.962,272.733
483.697,-34.941,73.962,272.733
484.351,-34.287,73.962,272.733
485.305,-32.485,73.330,270.405
485.953,-31.837,73.330,270.405
486.898,-30.050,72.704,268.097
487.541,-29.408,72.704,268.097
488.479,-27.636,72.084,265.808
489.408,-25.880,71.468,263.539
488.776,-25.248,71.468,263.539
488.144,-24.616,71.468,263.539
489.066,-22.875,70.858,261.289
488.757,-21.149,70.253,259.059
488.136,-20.528,70.253,259.059
487.515,-19.907,70.253,259.059
486.894,-19.286,70.253,259.059
486.273,-18.665,70.253,259.059
485.652,-18.044,70.253,259.059
486.558,-17.544,69.653,256.847
485.942,-18.160,69.653,256.847
485.326,-18.775,69.653,256.847
485.023,-18.280,69.059,254.655
484.412,-18.890,69.059,254.655
483.802,-18.280,69.059,254.655
483.191,-17.669,69.059,254.655
482.263,-18.158,69.663,256.883
481.960,-16.460,69.068,254.690
481.349,-15.850,69.068,254.690
481.048,-14.167,68.479,252.516
481.369,-14.651,69.078,254.725
481.693,-15.140,69.682,256.954
482.020,-16.895,70.292,259.202
482.349,-18.666,70.907,261.470
482.681,-20.453,71.528,263.758
483.016,-22.255,72.154,266.066
483.355,-24.073,72.785,268.394
483.696,-25.906,73.422,270.743
482.709,-27.756,74.064,273.112
