122.000,51.000,51.000,61.000
122.720,51.280,51.000,61.000
122.941,51.059,51.000,61.000
123.161,50.839,51.000,61.000
123.381,50.619,51.000,61.000
123.601,50.399,51.000,61.000
123.822,50.178,51.000,61.000
124.042,49.958,51.000,61.000
124.262,49.738,51.000,61.000
124.482,49.518,51.000,61.000
124.703,49.297,51.000,61.000
124.923,49.077,51.000,61.000
125.143,48.857,51.000,61.000
125.363,48.637,51.000,61.000
125.584,48.416,51.000,61.000
125.804,48.196,51.000,61.000
126.024,47.976,51.000,61.000
126.244,47.756,51.000,61.000
126.465,47.535,51.000,61.000
126.685,47.315,51.000,61.000
126.905,47.095,51.000,61.000
127.125,46.875,51.000,61.000
127.346,46.654,51.000,61.000
127.566,46.434,51.000,61.000
127.786,46.214,51.000,61.000
128.006,45.994,51.000,61.000
128.227,45.773,51.000,61.000
128.447,45.553,51.000,61.000
128.667,45.333,51.000,61.000
128.887,45.113,51.000,61.000
129.108,44.892,51.000,61.000
129.328,44.672,51.000,61.000
129.548,44.452,51.000,61.000
129.768,44.232,51.000,61.000
129.989,44.011,51.000,61.000
130.209,43.791,51.000,61.000
130.429,43.571,51.000,61.000
130.649,43.351,51.000,61.000
130.870,43.130,51.000,61.000
131.090,42.910,51.000,61.000
131.310,42.690,51.000,61.000
131.530,42.470,51.000,61.000
131.963,42.515,50.565,60.479
132.181,42.297,50.565,60.479
132.400,42.078,50.565,60.479
132.618,41.860,50.565,60.479
132.836,41.642,50.565,60.479
133.055,41.423,50.565,60.479
133.273,41.205,50.565,60.479
133.492,40.987,50.565,60.479
133.710,40.768,50.565,60.479
133.928,40.550,50.565,60.479
134.147,40.331,50.565,60.479
134.365,40.113,50.565,60.479
134.583,39.895,50.565,60.479
134.802,39.676,50.565,60.479
135.020,39.458,50.565,60.479
135.239,39.240,50.565,60.479
135.457,39.021,50.565,60.479
135.459,38.533,51.007,61.008
135.680,38.312,51.007,61.008
135.900,38.092,51.007,61.008
136.120,37.872,51.007,61.008
136.553,37.917,50.572,60.488
136.771,37.699,50.572,60.488
136.990,37.481,50.572,60.488
137.208,37.262,50.572,60.488
136.990,37.044,50.572,60.488
136.771,36.825,50.572,60.488
136.553,36.607,50.572,60.488
136.335,36.389,50.572,60.488
136.116,36.170,50.572,60.488
135.671,35.682,51.014,61.017
135.451,35.461,51.014,61.017
135.230,35.241,51.014,61.017
135.010,35.021,51.014,61.017
134.790,34.800,51.014,61.017
134.569,34.580,51.014,61.017
134.349,34.360,51.014,61.017
134.129,34.139,51.014,61.017
134.349,33.919,51.014,61.017
134.569,33.699,51.014,61.017
134.790,33.479,51.014,61.017
135.010,33.258,51.014,61.017
135.230,33.038,51.014,61.017
135.451,32.818,51.014,61.017
135.671,32.597,51.014,61.017
135.891,32.377,51.014,61.017
136.112,32.157,51.014,61.017
136.332,31.936,51.014,61.017
136.552,31.716,51.014,61.017
136.773,31.496,51.014,61.017
136.993,31.275,51.014,61.017
137.213,31.055,51.014,61.017
137.434,30.835,51.014,61.017
137.654,30.614,51.014,61.017
137.874,30.394,51.014,61.017
138.094,30.174,51.014,61.017
138.315,29.954,51.014,61.017
138.535,29.733,51.014,61.017
138.755,29.513,51.014,61.017
138.976,29.293,51.014,61.017
138.755,29.072,51.014,61.017
138.535,28.852,51.014,61.017
138.315,28.632,51.014,61.017
138.094,28.411,51.014,61.017
137.874,28.191,51.014,61.017
138.094,27.971,51.014,61.017
138.315,27.750,51.014,61.017
138.535,27.530,51.014,61.017
138.755,27.310,51.014,61.017
138.976,27.089,51.014,61.017
139.196,26.869,51.014,61.017
139.416,26.649,51.014,61.017
139.637,26.428,51.014,61.017
139.857,26.208,51.014,61.017
140.077,25.988,51.014,61.017
140.298,25.768,51.014,61.017
140.077,25.547,51.014,61.017
139.857,25.327,51.014,61.017
139.637,25.107,51.014,61.017
139.639,25.152,50.579,60.496
139.421,24.934,50.579,60.496
139.203,24.715,50.579,60.496
138.984,24.497,50.579,60.496
138.766,24.278,50.579,60.496
138.321,23.790,51.021,61.025
137.872,23.297,51.468,61.559
137.649,23.075,51.468,61.559
137.427,22.852,51.468,61.559
137.205,22.630,51.468,61.559
136.982,22.408,51.468,61.559
136.760,22.186,51.468,61.559
136.538,21.963,51.468,61.559
136.316,21.741,51.468,61.559
135.863,21.244,51.918,62.098
135.406,20.742,52.372,62.641
134.945,20.237,52.831,63.189
134.717,20.008,52.831,63.189
134.488,19.780,52.831,63.189
134.260,19.552,52.831,63.189
134.032,19.324,52.831,63.189
133.804,19.096,52.831,63.189
133.576,18.868,52.831,63.189
133.348,18.639,52.831,63.189
133.119,18.411,52.831,63.189
132.891,18.183,52.831,63.189
132.663,17.955,52.831,63.189
132.666,18.002,52.380,62.650
132.669,18.049,51.932,62.115
132.672,18.095,51.489,61.585
132.449,17.873,51.489,61.585
132.227,17.650,51.489,61.585
132.005,17.428,51.489,61.585
131.782,17.206,51.489,61.585
131.560,16.983,51.489,61.585
131.338,16.761,51.489,61.585
131.115,16.539,51.489,61.585
130.893,16.316,51.489,61.585
130.670,16.094,51.489,61.585
130.448,15.871,51.489,61.585
130.226,15.649,51.489,61.585
130.003,15.427,51.489,61.585
129.781,15.204,51.489,61.585
129.559,14.982,51.489,61.585
129.336,14.760,51.489,61.585
129.114,14.537,51.489,61.585
128.892,14.315,51.489,61.585
128.669,14.093,51.489,61.585
128.447,13.870,51.489,61.585
128.224,13.648,51.489,61.585
128.002,13.425,51.489,61.585
127.780,13.203,51.489,61.585
127.557,12.981,51.489,61.585
127.335,12.758,51.489,61.585
127.113,12.536,51.489,61.585
127.115,12.582,51.050,61.059
126.895,12.361,51.050,61.059
126.898,12.407,50.614,60.538
126.679,12.188,50.614,60.538
126.461,11.970,50.614,60.538
126.242,11.751,50.614,60.538
126.023,11.533,50.614,60.538
125.805,11.314,50.614,60.538
125.586,11.095,50.614,60.538
125.368,10.877,50.614,60.538
125.149,10.658,50.614,60.538
124.931,10.440,50.614,60.538
124.712,10.221,50.614,60.538
124.493,10.003,50.614,60.538
124.275,9.784,50.614,60.538
124.056,9.565,50.614,60.538
123.838,9.347,50.614,60.538
123.619,9.128,50.614,60.538
123.400,8.910,50.614,60.538
123.182,8.691,50.614,60.538
122.963,8.472,50.614,60.538
122.745,8.254,50.614,60.538
122.526,8.035,50.614,60.538
122.308,7.817,50.614,60.538
121.862,7.328,51.057,61.068
121.642,7.107,51.057,61.068
121.421,6.887,51.057,61.068
120.972,6.394,51.503,61.602
120.518,5.896,51.954,62.141
120.061,5.394,52.409,62.685
119.600,4.888,52.867,63.233
119.134,4.377,53.330,63.787
118.665,3.862,53.796,64.345
118.192,3.343,54.267,64.908
117.714,2.818,54.742,65.476
117.232,2.290,55.221,66.049
116.746,1.756,55.704,66.627
116.256,1.218,56.192,67.210
116.013,0.975,56.192,67.210
115.770,0.733,56.192,67.210
115.528,0.490,56.192,67.210
115.033,-0.053,56.683,67.798
114.534,-0.600,57.179,68.391
114.287,-0.847,57.179,68.391
114.040,-1.094,57.179,68.391
113.793,-1.341,57.179,68.391
113.547,-1.588,57.179,68.391
113.300,-1.835,57.179,68.391
113.053,-2.082,57.179,68.391
112.806,-2.329,57.179,68.391
112.809,-2.881,57.680,68.989
113.058,-3.130,57.680,68.989
113.307,-3.379,57.680,68.989
113.556,-3.628,57.680,68.989
113.559,-4.186,58.184,69.593
113.810,-4.437,58.184,69.593
113.813,-4.999,58.693,70.202
114.067,-5.252,58.693,70.202
114.320,-5.506,58.693,70.202
114.323,-6.073,59.207,70.816
114.326,-6.645,59.725,71.436
114.329,-7.222,60.248,72.061
114.332,-7.804,60.775,72.691
114.336,-8.391,61.307,73.327
114.339,-8.983,61.843,73.969
114.606,-9.250,61.843,73.969
114.609,-9.847,62.384,74.616
114.878,-10.117,62.384,74.616
115.148,-10.386,62.384,74.616
115.417,-10.656,62.384,74.616
115.687,-10.925,62.384,74.616
115.690,-11.528,62.930,75.269
115.962,-11.799,62.930,75.269
116.233,-12.071,62.930,75.269
116.237,-12.679,63.481,75.928
116.511,-12.953,63.481,75.928
116.785,-13.227,63.481,75.928
116.788,-13.840,64.036,76.592
117.065,-14.117,64.036,76.592
117.341,-14.394,64.036,76.592
117.618,-14.670,64.036,76.592
118.161,-14.613,63.489,75.938
118.700,-14.556,62.947,75.290
118.971,-14.828,62.947,75.290
119.505,-14.772,62.410,74.647
120.035,-14.716,61.877,74.010
120.302,-14.984,61.877,74.010
120.569,-15.251,61.877,74.010
120.836,-15.518,61.877,74.010
121.104,-15.785,61.877,74.010
121.371,-16.053,61.877,74.010
121.638,-16.320,61.877,74.010
121.905,-16.587,61.877,74.010
122.430,-16.532,61.349,73.378
122.950,-16.477,60.825,72.752
123.466,-16.423,60.306,72.131
123.727,-16.683,60.306,72.131
123.987,-16.944,60.306,72.131
124.248,-17.204,60.306,72.131
124.508,-17.465,60.306,72.131
124.769,-17.725,60.306,72.131
125.029,-17.986,60.306,72.131
125.289,-18.246,60.306,72.131
125.801,-18.192,59.791,71.515
126.308,-18.139,59.281,70.905
126.564,-18.395,59.281,70.905
126.820,-18.651,59.281,70.905
127.076,-18.907,59.281,70.905
127.332,-19.163,59.281,70.905
127.588,-19.419,59.281,70.905
127.844,-19.675,59.281,70.905
128.100,-19.931,59.281,70.905
128.356,-20.187,59.281,70.905
128.359,-20.760,59.800,71.525
128.362,-21.337,60.323,72.151
128.365,-21.920,60.851,72.782
128.369,-22.508,61.383,73.419
128.372,-23.101,61.920,74.061
128.375,-23.151,62.462,74.709
128.378,-23.201,63.009,75.363
128.381,-23.252,63.560,76.023
128.385,-23.303,64.116,76.688
128.388,-23.355,64.677,77.359
128.391,-23.407,65.243,78.036
128.395,-23.459,65.814,78.719
128.398,-23.512,66.390,79.407
128.402,-23.566,66.971,80.102
128.405,-23.620,67.557,80.803
128.409,-23.674,68.148,81.510
128.412,-23.729,68.744,82.223
128.416,-23.785,69.346,82.943
128.419,-23.841,69.952,83.668
128.423,-23.897,70.564,84.401
128.426,-23.954,71.182,85.139
128.430,-24.011,71.805,85.884
128.434,-24.069,72.433,86.635
128.438,-24.128,73.067,87.394
128.441,-24.187,73.706,88.158
128.445,-24.246,74.351,88.930
128.449,-24.306,75.002,89.708
128.773,-23.982,75.002,89.708
129.097,-23.658,75.002,89.708
129.733,-22.959,74.361,88.942
129.737,-22.266,73.727,88.183
129.419,-21.948,73.727,88.183
129.100,-21.629,73.727,88.183
128.782,-21.311,73.727,88.183
128.786,-20.624,73.097,87.430
128.790,-19.943,72.473,86.684
128.794,-19.268,71.854,85.944
128.798,-18.598,71.241,85.210
128.802,-17.934,70.633,84.483
128.806,-17.276,70.030,83.761
128.809,-16.623,69.432,83.046
128.510,-16.323,69.432,83.046
128.513,-15.676,68.839,82.337
128.517,-15.035,68.252,81.634
128.521,-14.399,67.669,80.938
128.229,-14.107,67.669,80.938
127.936,-13.814,67.669,80.938
127.644,-13.522,67.669,80.938
127.648,-13.462,67.091,80.247
127.652,-13.402,66.519,79.562
127.655,-13.343,65.951,78.882
127.659,-13.284,65.388,78.209
127.662,-13.226,64.830,77.541
127.666,-13.168,64.276,76.879
127.388,-13.445,64.276,76.879
127.111,-13.723,64.276,76.879
126.833,-14.000,64.276,76.879
127.378,-13.943,63.728,76.223
126.818,-13.995,64.285,76.890
127.363,-13.937,63.736,76.234
127.903,-13.880,63.192,75.583
127.630,-14.153,63.192,75.583
127.903,-14.426,63.192,75.583
128.176,-14.699,63.192,75.583
128.449,-14.972,63.192,75.583
128.452,-15.582,63.745,76.244
128.456,-16.198,64.303,76.911
128.178,-16.476,64.303,76.911
128.456,-16.754,64.303,76.911
128.733,-17.031,64.303,76.911
129.011,-17.309,64.303,76.911
129.289,-17.587,64.303,76.911
129.011,-17.309,64.303,76.911
129.289,-17.587,64.303,76.911
129.567,-17.864,64.303,76.911
129.289,-17.587,64.303,76.911
129.567,-17.309,64.303,76.911
129.570,-16.710,63.754,76.255
130.111,-16.653,63.210,75.604
130.647,-16.597,62.670,74.959
131.179,-16.541,62.135,74.319
130.910,-16.272,62.135,74.319
130.642,-16.004,62.135,74.319
130.373,-15.736,62.135,74.319
130.105,-15.467,62.135,74.319
130.109,-14.888,61.605,73.684
130.112,-14.314,61.079,73.055
129.848,-14.050,61.079,73.055
129.852,-13.481,60.558,72.432
130.113,-13.743,60.558,72.432
130.375,-13.481,60.558,72.432
130.636,-13.743,60.558,72.432
130.898,-14.004,60.558,72.432
131.411,-13.950,60.041,71.813
131.671,-14.210,60.041,71.813
132.180,-14.156,59.528,71.200
132.685,-14.103,59.020,70.592
132.940,-14.358,59.020,70.592
133.194,-14.613,59.020,70.592
133.449,-14.868,59.020,70.592
133.950,-14.815,58.516,69.990
134.446,-14.763,58.017,69.392
134.697,-15.013,58.017,69.392
134.947,-15.264,58.017,69.392
135.198,-15.514,58.017,69.392
135.448,-15.765,58.017,69.392
135.452,-15.713,57.521,68.800
135.455,-15.662,57.030,68.213
135.209,-15.908,57.030,68.213
134.707,-16.459,57.529,68.810
134.200,-17.015,58.033,69.412
133.689,-17.062,58.540,70.019
133.174,-17.109,59.053,70.632
132.654,-17.156,59.569,71.250
132.657,-17.204,60.091,71.873
132.129,-17.253,60.616,72.502
131.595,-17.302,61.147,73.136
131.057,-17.351,61.682,73.776
130.514,-17.401,62.222,74.422
130.517,-17.451,62.766,75.073
130.520,-17.502,63.315,75.730
130.794,-17.228,63.315,75.730
131.067,-16.955,63.315,75.730
131.341,-16.681,63.315,75.730
131.614,-16.408,63.315,75.730
131.888,-16.134,63.315,75.730
132.425,-16.078,62.775,75.083
132.696,-16.349,62.775,75.083
132.967,-16.078,62.775,75.083
133.238,-16.349,62.775,75.083
133.509,-16.078,62.775,75.083
133.780,-15.807,62.775,75.083
134.051,-15.536,62.775,75.083
134.322,-15.265,62.775,75.083
134.593,-14.993,62.775,75.083
134.865,-14.722,62.775,75.083
135.136,-14.451,62.775,75.083
135.668,-13.866,62.239,74.442
135.937,-13.598,62.239,74.442
136.206,-13.329,62.239,74.442
136.474,-13.060,62.239,74.442
136.743,-12.791,62.239,74.442
137.012,-13.060,62.239,74.442
137.540,-12.480,61.707,73.807
138.063,-11.905,61.181,73.177
137.799,-11.641,61.181,73.177
138.318,-11.586,60.658,72.552
138.321,-11.021,60.141,71.933
138.581,-11.281,60.141,71.933
138.321,-11.021,60.141,71.933
138.581,-11.281,60.141,71.933
138.321,-11.021,60.141,71.933
138.581,-11.281,60.141,71.933
138.321,-11.021,60.141,71.933
138.062,-11.281,60.141,71.933
138.065,-10.720,59.627,71.319
138.068,-10.667,59.118,70.710
137.813,-10.922,59.118,70.710
137.558,-11.178,59.118,70.710
137.561,-11.125,58.614,70.106
137.814,-11.378,58.614,70.106
137.561,-11.125,58.614,70.106
137.308,-11.378,58.614,70.106
137.055,-11.631,58.614,70.106
136.801,-11.884,58.614,70.106
136.548,-12.137,58.614,70.106
136.551,-12.704,59.126,70.720
136.555,-12.651,58.622,70.116
136.301,-12.904,58.622,70.116
136.555,-13.157,58.622,70.116
136.301,-12.904,58.622,70.116
136.555,-13.157,58.622,70.116
136.558,-13.723,59.135,70.730
136.561,-13.172,58.630,70.126
136.814,-13.426,58.630,70.126
137.067,-13.679,58.630,70.126
137.070,-13.132,58.129,69.527
137.074,-12.591,57.633,68.934
137.323,-12.840,57.633,68.934
137.074,-12.591,57.633,68.934
137.323,-12.840,57.633,68.934
137.074,-12.591,57.633,68.934
137.323,-12.840,57.633,68.934
137.074,-12.591,57.633,68.934
137.323,-12.840,57.633,68.934
137.074,-12.591,57.633,68.934
137.323,-12.840,57.633,68.934
137.074,-12.591,57.633,68.934
137.323,-12.840,57.633,68.934
137.074,-12.591,57.633,68.934
137.562,-12.539,57.141,68.345
137.316,-12.293,57.141,68.345
137.562,-12.539,57.141,68.345
137.316,-12.293,57.141,68.345
137.562,-12.539,57.141,68.345
137.809,-12.786,57.141,68.345
137.562,-12.539,57.141,68.345
137.809,-12.786,57.141,68.345
137.562,-12.539,57.141,68.345
137.060,-12.585,57.641,68.943
137.063,-12.632,58.145,69.547
137.314,-12.381,58.145,69.547
137.063,-12.130,58.145,69.547
136.811,-11.879,58.145,69.547
136.814,-12.440,58.654,70.155
137.068,-12.694,58.654,70.155
137.071,-13.260,59.167,70.769
137.074,-12.709,58.662,70.165
137.077,-12.756,59.176,70.779
137.080,-12.205,58.670,70.175
137.083,-12.771,59.184,70.789
137.087,-12.220,58.679,70.184
136.833,-11.966,58.679,70.184
137.087,-12.220,58.679,70.184
136.833,-11.966,58.679,70.184
137.087,-12.220,58.679,70.184
137.090,-12.787,59.192,70.798
137.093,-12.235,58.687,70.194
137.096,-12.802,59.200,70.808
137.099,-12.250,58.695,70.204
137.102,-12.817,59.208,70.818
137.604,-12.764,58.703,70.213
137.858,-13.018,58.703,70.213
138.111,-12.764,58.703,70.213
137.595,-12.812,59.217,70.828
137.598,-12.860,59.735,71.448
137.072,-12.908,60.258,72.073
137.332,-12.647,60.258,72.073
136.802,-12.696,60.785,72.703
136.539,-12.434,60.785,72.703
136.802,-12.171,60.785,72.703
136.539,-11.909,60.785,72.703
136.802,-11.646,60.785,72.703
137.064,-11.909,60.785,72.703
136.529,-11.958,61.317,73.340
135.990,-12.007,61.853,73.981
135.993,-12.057,62.394,74.629
136.262,-12.326,62.394,74.629
135.993,-12.057,62.394,74.629
136.262,-12.326,62.394,74.629
135.993,-12.057,62.394,74.629
135.444,-12.107,62.940,75.282
135.447,-12.158,63.491,75.940
135.450,-12.209,64.047,76.605
134.887,-12.261,64.607,77.275
134.318,-12.313,65.172,77.951
134.036,-12.031,65.172,77.951
133.755,-11.750,65.172,77.951
133.473,-11.468,65.172,77.951
133.192,-11.750,65.172,77.951
132.911,-12.031,65.172,77.951
132.337,-12.661,65.743,78.633
132.053,-12.945,65.743,78.633
131.769,-13.229,65.743,78.633
131.190,-13.864,66.318,79.321
130.607,-14.504,66.898,80.015
130.318,-14.793,66.898,80.015
130.029,-15.082,66.898,80.015
129.740,-15.371,66.898,80.015
129.451,-15.082,66.898,80.015
129.162,-14.793,66.898,80.015
128.873,-14.504,66.898,80.015
128.584,-14.793,66.898,80.015
128.588,-14.170,66.327,79.332
128.302,-13.883,66.327,79.332
128.015,-13.597,66.327,79.332
128.019,-13.538,65.761,78.655
127.735,-13.254,65.761,78.655
127.738,-12.641,65.199,77.984
127.457,-12.359,65.199,77.984
127.460,-12.301,64.643,77.318
127.740,-12.580,64.643,77.318
128.019,-12.860,64.643,77.318
128.298,-13.139,64.643,77.318
128.577,-13.418,64.643,77.318
128.856,-13.697,64.643,77.318
129.135,-13.976,64.643,77.318
129.415,-14.255,64.643,77.318
129.418,-14.880,65.209,77.994
129.421,-15.510,65.779,78.677
129.425,-16.145,66.355,79.365
129.428,-16.199,66.935,80.060
129.717,-16.488,66.935,80.060
130.006,-16.199,66.935,80.060
130.295,-15.910,66.935,80.060
130.584,-15.621,66.935,80.060
130.874,-15.331,66.935,80.060
131.163,-15.042,66.935,80.060
130.874,-14.753,66.935,80.060
130.584,-14.464,66.935,80.060
130.295,-14.175,66.935,80.060
130.006,-13.886,66.935,80.060
129.717,-13.597,66.935,80.060
129.428,-13.308,66.935,80.060
129.139,-13.019,66.935,80.060
128.850,-12.730,66.935,80.060
129.139,-12.441,66.935,80.060
129.428,-12.152,66.935,80.060
129.717,-11.863,66.935,80.060
129.721,-11.917,67.521,80.760
130.012,-12.208,67.521,80.760
129.418,-12.263,68.112,81.467
129.422,-12.921,68.708,82.180
128.817,-12.976,69.309,82.899
128.517,-12.677,69.309,82.899
128.521,-13.346,69.915,83.624
128.525,-13.402,70.527,84.356
128.528,-13.459,71.144,85.094
128.532,-13.517,71.767,85.839
128.536,-13.575,72.395,86.590
128.539,-13.633,73.028,87.347
128.543,-13.692,73.667,88.112
127.895,-13.751,74.312,88.883
127.899,-13.811,74.962,89.660
127.575,-13.487,74.962,89.660
127.899,-13.164,74.962,89.660
127.239,-13.224,75.618,90.445
127.243,-13.285,76.280,91.236
126.913,-12.956,76.280,91.236
126.917,-13.017,76.947,92.035
126.240,-13.079,77.620,92.840
125.557,-13.142,78.299,93.652
125.561,-13.898,78.985,94.472
125.565,-14.661,79.676,95.298
125.221,-14.317,79.676,95.298
124.877,-13.973,79.676,95.298
124.533,-14.317,79.676,95.298
124.189,-14.661,79.676,95.298
123.844,-15.005,79.676,95.298
123.500,-15.349,79.676,95.298
123.844,-15.693,79.676,95.298
124.520,-15.622,78.996,94.485
124.861,-15.963,78.996,94.485
125.203,-16.304,78.996,94.485
125.544,-16.646,78.996,94.485
125.548,-17.409,79.687,95.312
125.892,-17.065,79.687,95.312
125.548,-16.720,79.687,95.312
125.892,-17.065,79.687,95.312
125.548,-16.720,79.687,95.312
125.892,-17.065,79.687,95.312
125.548,-16.720,79.687,95.312
125.892,-17.065,79.687,95.312
125.548,-16.720,79.687,95.312
125.892,-17.065,79.687,95.312
126.236,-16.720,79.687,95.312
126.240,-15.978,79.006,94.498
126.582,-16.319,79.006,94.498
126.240,-15.978,79.006,94.498
126.582,-16.319,79.006,94.498
126.240,-15.978,79.006,94.498
125.899,-15.637,79.006,94.498
125.904,-15.566,78.332,93.691
126.568,-15.496,77.663,92.891
126.233,-15.832,77.663,92.891
125.897,-16.167,77.663,92.891
125.562,-16.503,77.663,92.891
125.566,-16.433,77.000,92.098
125.570,-16.365,76.343,91.312
125.574,-16.296,75.691,90.533
125.579,-16.229,75.045,89.760
125.583,-16.162,74.405,88.994
125.904,-16.483,74.405,88.994
126.535,-16.417,73.769,88.234
127.161,-16.351,73.140,87.481
126.845,-16.035,73.140,87.481
126.529,-15.719,73.140,87.481
126.213,-15.404,73.140,87.481
126.529,-15.719,73.140,87.481
126.533,-15.654,72.515,86.734
126.220,-15.967,72.515,86.734
126.224,-15.903,71.896,85.994
125.913,-16.213,71.896,85.994
125.603,-16.524,71.896,85.994
125.913,-16.834,71.896,85.994
125.917,-16.164,71.283,85.260
125.921,-15.500,70.674,84.532
126.227,-15.805,70.674,84.532
126.230,-15.147,70.071,83.810
125.928,-14.844,70.071,83.810
125.625,-14.541,70.071,83.810
125.629,-13.888,69.473,83.095
126.218,-13.827,68.879,82.385
126.516,-14.124,68.879,82.385
126.520,-14.063,68.291,81.682
126.523,-14.722,68.889,82.397
126.226,-14.425,68.889,82.397
126.229,-15.090,69.492,83.118
126.233,-15.761,70.100,83.845
126.236,-15.818,70.713,84.579
126.542,-16.123,70.713,84.579
125.919,-16.180,71.332,85.319
125.611,-15.872,71.332,85.319
125.303,-15.564,71.332,85.319
124.995,-15.256,71.332,85.319
124.999,-15.193,70.723,84.590
124.694,-15.498,70.723,84.590
124.697,-15.435,70.119,83.868
125.000,-15.738,70.119,83.868
125.303,-16.041,70.119,83.868
125.606,-16.343,70.119,83.868
125.909,-16.646,70.119,83.868
126.212,-16.949,70.119,83.868
126.806,-16.886,69.521,83.152
127.396,-16.824,68.927,82.442
127.981,-16.763,68.339,81.739
128.560,-16.702,67.755,81.041
128.853,-16.995,67.755,81.041
129.145,-17.287,67.755,81.041
129.438,-17.580,67.755,81.041
129.731,-17.872,67.755,81.041
130.023,-18.165,67.755,81.041
130.316,-18.458,67.755,81.041
130.609,-18.750,67.755,81.041
131.183,-18.690,67.177,80.349
130.893,-18.400,67.177,80.349
130.603,-18.110,67.177,80.349
130.313,-18.400,67.177,80.349
130.603,-18.690,67.177,80.349
130.893,-18.980,67.177,80.349
131.463,-18.920,66.604,79.663
131.175,-18.632,66.604,79.663
131.179,-18.012,66.035,78.983
131.464,-17.727,66.035,78.983
131.179,-17.441,66.035,78.983
131.464,-17.156,66.035,78.983
131.179,-16.871,66.035,78.983
131.183,-16.256,65.471,78.309
131.738,-15.646,64.912,77.640
132.018,-15.365,64.912,77.640
131.738,-15.085,64.912,77.640
131.741,-14.480,64.358,76.978
131.745,-13.880,63.809,76.320
132.020,-13.605,63.809,76.320
132.024,-13.656,64.367,76.988
131.457,-13.708,64.930,77.662
130.886,-13.760,65.499,78.341
131.169,-13.478,65.499,78.341
130.886,-13.195,65.499,78.341
130.603,-12.912,65.499,78.341
130.320,-12.629,65.499,78.341
130.603,-12.912,65.499,78.341
130.320,-12.629,65.499,78.341
130.037,-12.346,65.499,78.341
130.320,-12.629,65.499,78.341
130.037,-12.346,65.499,78.341
129.754,-12.063,65.499,78.341
129.758,-11.453,64.939,77.673
129.477,-11.733,64.939,77.673
129.481,-11.675,64.385,77.010
129.759,-11.953,64.385,77.010
130.037,-12.232,64.385,77.010
129.759,-12.510,64.385,77.010
129.763,-11.910,63.835,76.352
129.487,-12.185,63.835,76.352
129.763,-12.461,63.835,76.352
129.487,-12.737,63.835,76.352
129.763,-13.012,63.835,76.352
130.038,-13.288,63.835,76.352
130.580,-13.231,63.291,75.700
131.117,-13.175,62.750,75.054
131.649,-13.119,62.215,74.414
131.917,-13.387,62.215,74.414
132.445,-13.332,61.683,73.778
132.179,-13.598,61.683,73.778
132.702,-13.543,61.157,73.148
132.438,-13.807,61.157,73.148
132.441,-13.753,60.635,72.524
132.179,-14.015,60.635,72.524
131.917,-14.277,60.635,72.524
131.921,-14.222,60.117,71.905
131.661,-13.963,60.117,71.905
131.401,-13.703,60.117,71.905
131.142,-13.444,60.117,71.905
130.882,-13.184,60.117,71.905
130.623,-12.924,60.117,71.905
130.363,-12.665,60.117,71.905
130.103,-12.924,60.117,71.905
129.844,-13.184,60.117,71.905
130.103,-13.444,60.117,71.905
130.363,-13.703,60.117,71.905
130.623,-13.963,60.117,71.905
130.882,-14.222,60.117,71.905
131.142,-14.482,60.117,71.905
131.145,-15.063,60.643,72.534
131.407,-15.325,60.643,72.534
131.410,-15.911,61.174,73.169
131.674,-16.175,61.174,73.169
132.193,-16.120,60.652,72.544
132.455,-16.382,60.652,72.544
132.717,-16.644,60.652,72.544
132.979,-16.906,60.652,72.544
132.717,-16.644,60.652,72.544
132.455,-16.382,60.652,72.544
132.193,-16.120,60.652,72.544
131.931,-15.858,60.652,72.544
131.669,-16.120,60.652,72.544
131.135,-16.169,61.182,73.179
130.871,-16.433,61.182,73.179
130.607,-16.697,61.182,73.179
130.343,-16.433,61.182,73.179
130.078,-16.169,61.182,73.179
130.343,-16.433,61.182,73.179
130.607,-16.697,61.182,73.179
130.871,-16.962,61.182,73.179
131.135,-16.697,61.182,73.179
131.400,-16.962,61.182,73.179
131.664,-16.697,61.182,73.179
131.125,-16.747,61.718,73.819
131.392,-16.480,61.718,73.819
131.125,-16.214,61.718,73.819
130.859,-15.947,61.718,73.819
130.592,-15.681,61.718,73.819
130.326,-15.414,61.718,73.819
130.059,-15.148,61.718,73.819
129.793,-14.881,61.718,73.819
129.526,-14.614,61.718,73.819
129.529,-14.039,61.191,73.189
130.048,-13.985,60.668,72.564
130.310,-13.723,60.668,72.564
130.572,-13.461,60.668,72.564
130.834,-13.723,60.668,72.564
131.096,-13.985,60.668,72.564
131.358,-14.247,60.668,72.564
131.620,-14.509,60.668,72.564
131.882,-14.771,60.668,72.564
131.886,-15.357,61.199,73.199
131.889,-15.948,61.735,73.840
131.892,-16.544,62.275,74.486
131.895,-17.146,62.820,75.138
131.898,-17.753,63.370,75.795
132.172,-17.479,63.370,75.795
132.175,-17.530,63.924,76.458
131.899,-17.254,63.924,76.458
131.623,-16.978,63.924,76.458
131.347,-16.702,63.924,76.458
130.785,-16.753,64.483,77.127
130.217,-16.805,65.048,77.802
130.220,-16.858,65.617,78.483
129.643,-16.911,66.191,79.170
129.646,-16.964,66.770,79.862
129.650,-17.018,67.354,80.561
129.057,-17.072,67.944,81.266
129.060,-17.127,68.538,81.977
128.457,-17.182,69.138,82.694
127.849,-17.238,69.743,83.418
127.852,-17.294,70.353,84.148
127.856,-17.351,70.969,84.884
127.859,-17.408,71.590,85.627
128.169,-17.099,71.590,85.627
128.172,-17.157,72.216,86.376
127.537,-17.215,72.848,87.132
127.540,-17.274,73.485,87.894
127.544,-17.333,74.128,88.663
127.548,-17.393,74.777,89.439
127.552,-17.453,75.431,90.222
127.226,-17.127,75.431,90.222
127.552,-16.801,75.431,90.222
127.226,-16.476,75.431,90.222
127.230,-16.536,76.091,91.011
126.560,-16.598,76.757,91.808
126.564,-16.660,77.429,92.611
126.899,-16.994,77.429,92.611
126.564,-16.660,77.429,92.611
126.568,-16.722,78.106,93.421
126.906,-16.385,78.106,93.421
127.243,-16.048,78.106,93.421
127.247,-16.110,78.790,94.239
126.907,-15.770,78.790,94.239
127.247,-15.430,78.790,94.239
126.907,-15.090,78.790,94.239
126.911,-14.355,78.117,93.434
126.915,-13.628,77.450,92.637
126.581,-13.293,77.450,92.637
126.915,-13.628,77.450,92.637
126.581,-13.962,77.450,92.637
126.915,-14.296,77.450,92.637
126.920,-14.227,76.789,91.846
126.924,-14.159,76.134,91.062
127.253,-14.488,76.134,91.062
126.924,-14.817,76.134,91.062
126.595,-15.145,76.134,91.062
126.599,-15.077,75.484,90.284
126.273,-15.403,75.484,90.284
125.947,-15.729,75.484,90.284
125.621,-15.403,75.484,90.284
125.625,-14.700,74.839,89.514
125.630,-14.633,74.200,88.750
125.634,-14.567,73.567,87.992
125.316,-14.249,73.567,87.992
124.998,-13.932,73.567,87.992
125.002,-13.246,72.939,87.241
125.006,-13.181,72.316,86.496
124.694,-12.869,72.316,86.496
124.382,-13.181,72.316,86.496
124.069,-13.493,72.316,86.496
124.382,-13.806,72.316,86.496
124.694,-14.118,72.316,86.496
124.382,-14.430,72.316,86.496
124.694,-14.743,72.316,86.496
125.006,-15.055,72.316,86.496
125.319,-15.367,72.316,86.496
125.932,-15.303,71.699,85.758
126.242,-15.612,71.699,85.758
126.551,-15.922,71.699,85.758
127.159,-15.858,71.087,85.026
127.762,-15.795,70.480,84.300
128.360,-15.732,69.878,83.580
128.058,-15.430,69.878,83.580
127.756,-15.128,69.878,83.580
127.455,-14.826,69.878,83.580
127.153,-14.525,69.878,83.580
127.455,-14.223,69.878,83.580
127.458,-14.279,70.490,84.311
127.462,-14.336,71.107,85.049
127.466,-14.393,71.729,85.793
127.469,-14.451,72.356,86.544
127.473,-14.510,72.990,87.301
127.788,-14.194,72.990,87.301
128.103,-13.879,72.990,87.301
128.419,-13.564,72.990,87.301
128.734,-13.249,72.990,87.301
128.738,-13.308,73.628,88.065
129.056,-12.990,73.628,88.065
129.059,-13.049,74.273,88.836
129.063,-13.109,74.922,89.613
129.387,-12.785,74.922,89.613
129.710,-12.462,74.922,89.613
130.034,-12.138,74.922,89.613
130.358,-11.815,74.922,89.613
130.681,-11.491,74.922,89.613
130.685,-10.793,74.283,88.848
130.689,-10.853,74.933,89.626
130.693,-10.913,75.588,90.410
131.019,-10.587,75.588,90.410
130.354,-10.648,76.250,91.201
129.683,-10.709,76.917,91.999
129.006,-10.771,77.590,92.804
128.323,-10.834,78.269,93.616
127.985,-10.496,78.269,93.616
127.989,-9.766,77.601,92.817
127.994,-9.043,76.938,92.024
127.998,-8.975,76.282,91.239
128.002,-8.906,75.630,90.460
127.675,-9.233,75.630,90.460
127.349,-9.560,75.630,90.460
127.353,-9.492,74.985,89.688
127.029,-9.816,74.985,89.688
126.705,-10.140,74.985,89.688
126.709,-10.073,74.345,88.922
126.388,-10.394,74.345,88.922
126.067,-10.073,74.345,88.922
126.071,-10.007,73.710,88.163
126.390,-10.325,73.710,88.163
126.708,-10.643,73.710,88.163
127.026,-10.962,73.710,88.163
127.345,-11.280,73.710,88.163
127.663,-11.598,73.710,88.163
127.345,-11.917,73.710,88.163
127.026,-11.598,73.710,88.163
127.651,-11.533,73.081,87.410
127.656,-11.468,72.457,86.664
127.343,-11.780,72.457,86.664
127.347,-11.716,71.838,85.924
127.036,-12.026,71.838,85.924
127.347,-12.336,71.838,85.924
127.956,-12.272,71.225,85.191
127.648,-12.580,71.225,85.191
127.341,-12.887,71.225,85.191
127.033,-13.195,71.225,85.191
126.725,-13.503,71.225,85.191
126.418,-13.810,71.225,85.191
126.422,-13.747,70.617,84.464
126.117,-14.052,70.617,84.464
126.121,-13.989,70.014,83.743
126.125,-13.926,69.417,83.028
125.825,-14.226,69.417,83.028
126.125,-14.526,69.417,83.028
125.825,-14.826,69.417,83.028
125.525,-15.125,69.417,83.028
125.225,-15.425,69.417,83.028
125.229,-15.363,68.824,82.319
124.932,-15.660,68.824,82.319
124.635,-15.958,68.824,82.319
124.337,-16.255,68.824,82.319
124.040,-16.552,68.824,82.319
123.743,-16.849,68.824,82.319
123.446,-17.147,68.824,82.319
123.148,-17.444,68.824,82.319
122.851,-17.741,68.824,82.319
122.554,-17.444,68.824,82.319
122.257,-17.741,68.824,82.319
121.959,-17.444,68.824,82.319
122.257,-17.741,68.824,82.319
121.959,-18.038,68.824,82.319
122.543,-17.977,68.237,81.616
122.838,-18.272,68.237,81.616
123.133,-18.566,68.237,81.616
123.136,-19.225,68.834,82.330
123.140,-19.281,69.436,83.051
123.143,-19.952,70.043,83.777
123.147,-20.008,70.656,84.510
123.151,-20.065,71.275,85.250
123.154,-20.123,71.898,85.996
123.158,-20.181,72.527,86.748
122.520,-20.239,73.162,87.507
122.523,-20.946,73.802,88.273
122.527,-21.659,74.448,89.045
122.531,-21.719,75.099,89.825
122.535,-21.779,75.756,90.611
121.868,-21.840,76.419,91.403
121.195,-21.902,77.088,92.203
121.199,-22.646,77.762,93.010
121.203,-22.709,78.443,93.824
121.208,-22.772,79.129,94.645
121.212,-22.836,79.822,95.473
121.216,-22.901,80.520,96.308
121.220,-23.678,81.225,97.151
121.909,-23.606,80.531,96.322
122.257,-23.258,80.531,96.322
122.940,-22.508,79.844,95.499
123.284,-22.852,79.844,95.499
122.940,-22.508,79.844,95.499
122.595,-22.852,79.844,95.499
122.599,-22.108,79.162,94.684
122.257,-21.767,79.162,94.684
121.915,-21.425,79.162,94.684
121.920,-21.354,78.486,93.876
121.581,-21.693,78.486,93.876
121.585,-21.623,77.816,93.075
121.589,-21.554,77.152,92.280
121.594,-21.485,76.494,91.492
121.598,-21.417,75.841,90.711
121.270,-21.744,75.841,90.711
120.943,-22.072,75.841,90.711
120.615,-22.399,75.841,90.711
120.943,-22.727,75.841,90.711
120.615,-23.054,75.841,90.711
120.943,-23.382,75.841,90.711
121.586,-23.314,75.193,89.937
122.224,-23.247,74.551,89.169
122.228,-22.552,73.915,88.408
121.909,-22.233,73.915,88.408
121.913,-21.544,73.284,87.653
121.596,-21.228,73.284,87.653
122.218,-21.163,72.658,86.905
121.904,-20.849,72.658,86.905
121.590,-20.535,72.658,86.905
121.904,-20.849,72.658,86.905
121.908,-20.172,72.038,86.163
122.219,-19.861,72.038,86.163
122.530,-19.549,72.038,86.163
122.841,-19.238,72.038,86.163
123.152,-18.927,72.038,86.163
123.156,-18.985,72.668,86.917
123.470,-18.672,72.668,86.917
123.784,-18.985,72.668,86.917
124.098,-19.299,72.668,86.917
124.412,-19.613,72.668,86.917
124.725,-19.927,72.668,86.917
125.342,-19.862,72.048,86.175
125.031,-20.173,72.048,86.175
125.342,-20.484,72.048,86.175
125.653,-20.795,72.048,86.175
125.964,-21.107,72.048,86.175
125.968,-21.042,71.433,85.439
125.972,-20.979,70.823,84.710
126.278,-21.285,70.823,84.710
126.584,-21.590,70.823,84.710
126.889,-21.285,70.823,84.710
126.584,-20.979,70.823,84.710
126.278,-20.673,70.823,84.710
125.972,-20.367,70.823,84.710
125.666,-20.061,70.823,84.710
125.360,-19.755,70.823,84.710
124.737,-19.812,71.443,85.451
124.108,-19.870,72.068,86.199
123.474,-19.928,72.699,86.953
123.477,-19.987,73.335,87.714
123.794,-19.670,73.335,87.714
123.798,-19.729,73.976,88.481
124.117,-19.410,73.976,88.481
123.466,-19.469,74.624,89.256
123.144,-19.147,74.624,89.256
123.148,-19.868,75.277,90.037
123.152,-20.595,75.935,90.825
123.480,-20.923,75.935,90.825
123.484,-21.656,76.600,91.619
123.488,-22.396,77.270,92.421
123.821,-22.730,77.270,92.421
124.155,-22.396,77.270,92.421
124.159,-22.459,77.946,93.230
124.163,-23.211,78.628,94.045
124.167,-23.275,79.316,94.868
124.171,-23.339,80.010,95.698
124.517,-23.684,80.010,95.698
124.521,-23.749,80.710,96.536
124.869,-23.400,80.710,96.536
125.218,-23.052,80.710,96.536
125.222,-23.117,81.416,97.380
125.574,-22.765,81.416,97.380
125.925,-22.414,81.416,97.380
126.277,-22.062,81.416,97.380
126.629,-21.710,81.416,97.380
126.980,-21.359,81.416,97.380
127.332,-21.007,81.416,97.380
127.683,-20.655,81.416,97.380
128.035,-20.304,81.416,97.380
128.387,-19.952,81.416,97.380
128.738,-19.601,81.416,97.380
129.090,-19.249,81.416,97.380
129.441,-18.897,81.416,97.380
129.793,-18.546,81.416,97.380
130.145,-18.194,81.416,97.380
129.793,-17.843,81.416,97.380
130.145,-17.491,81.416,97.380
130.149,-17.557,82.129,98.232
130.153,-17.623,82.847,99.092
130.511,-17.265,82.847,99.092
130.515,-17.332,83.572,99.959
130.520,-17.399,84.304,100.834
130.524,-17.467,85.041,101.716
130.891,-17.100,85.041,101.716
131.258,-16.733,85.041,101.716
131.626,-16.365,85.041,101.716
131.258,-15.998,85.041,101.716
130.891,-15.631,85.041,101.716
131.612,-14.838,84.315,100.848
131.248,-14.474,84.315,100.848
131.612,-14.110,84.315,100.848
131.248,-13.746,84.315,100.848
131.612,-13.382,84.315,100.848
131.977,-13.018,84.315,100.848
132.341,-12.654,84.315,100.848
132.705,-12.289,84.315,100.848
132.341,-11.925,84.315,100.848
131.977,-11.561,84.315,100.848
132.341,-11.197,84.315,100.848
132.345,-10.411,83.596,99.987
131.984,-10.050,83.596,99.987
131.249,-10.118,84.327,100.862
131.253,-10.186,85.065,101.744
130.886,-9.818,85.065,101.744
130.890,-9.887,85.809,102.634
130.894,-9.956,86.560,103.533
131.268,-9.582,86.560,103.533
130.506,-9.652,87.317,104.438
130.129,-9.275,87.317,104.438
129.752,-8.898,87.317,104.438
130.129,-8.521,87.317,104.438
130.506,-8.144,87.317,104.438
130.883,-7.767,87.317,104.438
130.506,-7.390,87.317,104.438
130.883,-7.012,87.317,104.438
130.506,-6.635,87.317,104.438
130.883,-6.258,87.317,104.438
130.506,-5.881,87.317,104.438
130.129,-5.504,87.317,104.438
129.752,-5.127,87.317,104.438
130.129,-5.504,87.317,104.438
129.752,-5.127,87.317,104.438
129.375,-4.750,87.317,104.438
128.998,-4.373,87.317,104.438
128.621,-3.996,87.317,104.438
128.244,-3.619,87.317,104.438
128.249,-2.805,86.572,103.547
127.875,-2.431,86.572,103.547
127.501,-2.057,86.572,103.547
127.127,-1.683,86.572,103.547
126.753,-1.309,86.572,103.547
126.758,-0.503,85.833,102.663
126.762,0.297,85.100,101.787
126.395,0.665,85.100,101.787
126.027,1.032,85.100,101.787
125.660,1.400,85.100,101.787
125.292,1.767,85.100,101.787
125.297,2.560,84.374,100.918
124.933,2.196,84.374,100.918
124.568,1.832,84.374,100.918
124.204,1.467,84.374,100.918
123.840,1.103,84.374,100.918
123.475,0.738,84.374,100.918
123.480,0.814,83.654,100.056
123.484,0.888,82.939,99.202
123.126,0.530,82.939,99.202
123.131,0.604,82.231,98.355
123.828,0.677,81.529,97.516
124.180,0.325,81.529,97.516
124.532,-0.027,81.529,97.516
125.224,0.046,80.833,96.683
125.910,0.118,80.143,95.858
126.589,0.189,79.459,95.039
127.263,0.260,78.781,94.228
127.603,-0.080,78.781,94.228
128.272,-0.010,78.108,93.424
128.609,-0.347,78.108,93.424
128.946,-0.684,78.108,93.424
129.284,-1.022,78.108,93.424
129.621,-1.359,78.108,93.424
129.958,-1.696,78.108,93.424
130.621,-1.627,77.442,92.626
131.278,-1.558,76.781,91.836
131.609,-1.889,76.781,91.836
131.941,-2.221,76.781,91.836
132.272,-2.552,76.781,91.836
132.924,-2.484,76.125,91.052
133.569,-2.416,75.475,90.274
134.209,-2.349,74.831,89.504
134.533,-2.025,74.831,89.504
134.856,-1.702,74.831,89.504
135.179,-1.379,74.831,89.504
135.502,-1.056,74.831,89.504
135.825,-0.733,74.831,89.504
136.148,-0.410,74.831,89.504
136.472,-0.086,74.831,89.504
136.795,0.237,74.831,89.504
137.118,0.560,74.831,89.504
137.441,0.883,74.831,89.504
137.118,1.206,74.831,89.504
136.795,1.529,74.831,89.504
136.472,1.853,74.831,89.504
136.148,2.176,74.831,89.504
135.825,2.499,74.831,89.504
135.829,3.196,74.192,88.740
135.509,3.517,74.192,88.740
135.189,3.837,74.192,88.740
134.868,3.517,74.192,88.740
134.548,3.196,74.192,88.740
134.552,3.262,73.559,87.982
134.234,2.945,73.559,87.982
134.238,3.010,72.931,87.231
134.242,3.075,72.308,86.486
133.930,2.763,72.308,86.486
133.934,2.828,71.691,85.748
133.624,2.518,71.691,85.748
133.628,2.582,71.079,85.016
133.321,2.275,71.079,85.016
133.014,1.968,71.079,85.016
132.707,1.661,71.079,85.016
132.711,1.724,70.472,84.290
132.407,1.420,70.472,84.290
132.102,1.116,70.472,84.290
131.798,0.811,70.472,84.290
131.802,0.874,69.871,83.571
131.187,0.199,70.482,84.302
131.191,0.262,69.880,83.582
131.195,0.324,69.284,82.869
131.199,0.386,68.692,82.161
131.202,0.448,68.106,81.460
130.908,0.153,68.106,81.460
130.614,-0.141,68.106,81.460
130.015,-0.799,68.702,82.173
129.718,-1.095,68.702,82.173
129.722,-1.034,68.115,81.471
129.725,-0.973,67.534,80.776
129.729,-0.913,66.957,80.086
129.733,-0.853,66.386,79.403
129.446,-1.140,66.386,79.403
129.159,-1.427,66.386,79.403
128.873,-1.713,66.386,79.403
128.586,-2.000,66.386,79.403
128.590,-1.941,65.819,78.725
128.593,-1.882,65.257,78.053
128.597,-1.824,64.700,77.386
128.600,-1.766,64.148,76.726
128.604,-1.709,63.600,76.071
128.329,-1.984,63.600,76.071
128.055,-2.258,63.600,76.071
127.780,-2.533,63.600,76.071
127.505,-2.808,63.600,76.071
127.231,-3.082,63.600,76.071
127.234,-3.026,63.057,75.422
126.962,-3.298,63.057,75.422
126.689,-3.570,63.057,75.422
126.417,-3.843,63.057,75.422
126.689,-4.115,63.057,75.422
126.962,-4.387,63.057,75.422
127.234,-4.660,63.057,75.422
127.237,-5.269,63.609,76.081
127.241,-5.883,64.166,76.747
127.518,-6.160,64.166,76.747
127.795,-6.437,64.166,76.747
128.072,-6.715,64.166,76.747
128.075,-7.334,64.727,77.419
128.079,-7.960,65.293,78.096
128.082,-8.590,65.865,78.779
128.085,-9.226,66.441,79.469
127.501,-9.868,67.022,80.164
127.504,-10.516,67.609,80.866
127.508,-11.169,68.200,81.573
127.802,-11.463,68.200,81.573
128.381,-11.402,67.618,80.877
128.954,-11.342,67.041,80.186
129.523,-11.282,66.469,79.502
130.086,-11.223,65.901,78.823
130.371,-11.508,65.901,78.823
130.930,-11.449,65.339,78.150
131.484,-11.391,64.781,77.483
131.204,-11.111,64.781,77.483
131.484,-11.391,64.781,77.483
131.204,-11.111,64.781,77.483
131.484,-11.391,64.781,77.483
131.204,-11.111,64.781,77.483
131.484,-11.391,64.781,77.483
131.204,-11.111,64.781,77.483
131.484,-11.391,64.781,77.483
131.204,-11.111,64.781,77.483
130.925,-11.391,64.781,77.483
130.645,-11.670,64.781,77.483
130.925,-11.950,64.781,77.483
130.645,-12.230,64.781,77.483
130.925,-12.510,64.781,77.483
131.204,-12.789,64.781,77.483
131.484,-13.069,64.781,77.483
131.204,-12.789,64.781,77.483
131.484,-13.069,64.781,77.483
131.764,-12.789,64.781,77.483
131.484,-12.510,64.781,77.483
131.204,-12.230,64.781,77.483
131.484,-12.510,64.781,77.483
131.204,-12.230,64.781,77.483
131.484,-12.510,64.781,77.483
131.204,-12.230,64.781,77.483
131.484,-12.510,64.781,77.483
131.204,-12.230,64.781,77.483
131.484,-12.510,64.781,77.483
131.204,-12.230,64.781,77.483
131.484,-12.510,64.781,77.483
131.204,-12.230,64.781,77.483
131.484,-12.510,64.781,77.483
131.204,-12.230,64.781,77.483
131.484,-12.510,64.781,77.483
131.204,-12.230,64.781,77.483
131.484,-12.510,64.781,77.483
131.204,-12.230,64.781,77.483
131.484,-12.510,64.781,77.483
131.204,-12.230,64.781,77.483
131.484,-12.510,64.781,77.483
131.204,-12.230,64.781,77.483
131.484,-12.510,64.781,77.483
131.204,-12.230,64.781,77.483
131.484,-12.510,64.781,77.483
131.204,-12.230,64.781,77.483
131.484,-12.510,64.781,77.483
131.204,-12.230,64.781,77.483
131.484,-12.510,64.781,77.483
131.204,-12.230,64.781,77.483
131.484,-12.510,64.781,77.483
131.204,-12.230,64.781,77.483
131.484,-12.510,64.781,77.483
131.204,-12.230,64.781,77.483
131.484,-12.510,64.781,77.483
131.204,-12.230,64.781,77.483
131.484,-12.510,64.781,77.483
131.204,-12.230,64.781,77.483
131.484,-12.510,64.781,77.483
