139.000,90.000,45.000,59.000
139.296,90.296,45.000,59.000
139.091,90.091,45.000,59.000
138.887,89.887,45.000,59.000
138.683,89.683,45.000,59.000
138.479,89.479,45.000,59.000
138.274,89.274,45.000,59.000
138.070,89.070,45.000,59.000
137.866,88.866,45.000,59.000
137.662,88.662,45.000,59.000
137.457,88.457,45.000,59.000
137.253,88.253,45.000,59.000
137.457,88.049,45.000,59.000
137.662,87.845,45.000,59.000
137.866,87.640,45.000,59.000
138.070,87.436,45.000,59.000
138.274,87.232,45.000,59.000
138.479,87.028,45.000,59.000
138.683,86.823,45.000,59.000
138.887,86.619,45.000,59.000
139.091,86.415,45.000,59.000
139.296,86.211,45.000,59.000
139.687,86.263,44.616,58.496
139.485,86.466,44.616,58.496
139.282,86.668,44.616,58.496
139.080,86.871,44.616,58.496
139.282,87.073,44.616,58.496
139.485,87.276,44.616,58.496
139.687,87.478,44.616,58.496
139.890,87.681,44.616,58.496
140.092,87.883,44.616,58.496
140.295,88.086,44.616,58.496
140.307,88.037,45.006,59.008
140.320,87.989,45.400,59.525
140.526,87.783,45.400,59.525
140.732,87.576,45.400,59.525
140.938,87.370,45.400,59.525
141.144,87.164,45.400,59.525
141.350,86.958,45.400,59.525
141.556,86.752,45.400,59.525
141.762,86.546,45.400,59.525
141.968,86.340,45.400,59.525
142.174,86.134,45.400,59.525
142.380,85.928,45.400,59.525
142.586,85.722,45.400,59.525
142.981,85.775,45.012,59.016
143.186,85.570,45.012,59.016
143.390,85.366,45.012,59.016
143.594,85.162,45.012,59.016
143.607,84.694,45.406,59.533
143.401,84.488,45.406,59.533
143.194,84.282,45.406,59.533
143.207,83.810,45.804,60.054
143.220,83.334,46.204,60.579
143.429,83.125,46.204,60.579
143.639,82.915,46.204,60.579
143.849,82.705,46.204,60.579
143.862,82.225,46.609,61.109
144.073,82.014,46.609,61.109
144.285,82.225,46.609,61.109
144.073,82.437,46.609,61.109
143.862,82.648,46.609,61.109
143.650,82.860,46.609,61.109
143.229,82.809,47.017,61.644
143.016,83.023,47.017,61.644
142.592,82.972,47.428,62.183
142.807,83.187,47.428,62.183
142.820,83.136,47.843,62.727
142.833,83.084,48.262,63.276
142.847,83.032,48.684,63.830
143.068,83.253,48.684,63.830
143.289,83.474,48.684,63.830
143.510,83.695,48.684,63.830
143.289,83.916,48.684,63.830
143.068,84.137,48.684,63.830
142.847,84.358,48.684,63.830
142.626,84.579,48.684,63.830
142.405,84.800,48.684,63.830
142.184,85.021,48.684,63.830
141.963,85.242,48.684,63.830
142.184,85.463,48.684,63.830
142.405,85.683,48.684,63.830
142.184,85.904,48.684,63.830
142.405,85.683,48.684,63.830
142.418,85.178,49.110,64.388
142.641,84.955,49.110,64.388
142.655,84.445,49.540,64.952
142.880,84.220,49.540,64.952
142.893,83.705,49.973,65.520
143.120,83.478,49.973,65.520
143.347,83.251,49.973,65.520
143.574,83.025,49.973,65.520
143.588,82.505,50.410,66.093
143.817,82.277,50.410,66.093
143.831,81.753,50.851,66.672
143.845,81.225,51.296,67.255
144.078,80.992,51.296,67.255
143.614,80.936,51.745,67.844
143.380,81.171,51.745,67.844
142.912,81.115,52.198,68.437
142.441,81.058,52.655,69.036
141.966,81.001,53.115,69.640
141.486,80.944,53.580,70.250
141.730,81.187,53.580,70.250
141.973,81.430,53.580,70.250
141.489,80.874,54.049,70.864
141.244,80.628,54.049,70.864
140.998,80.383,54.049,70.864
140.753,80.138,54.049,70.864
140.265,79.576,54.522,71.484
139.773,79.517,54.999,72.110
139.276,79.457,55.480,72.741
139.025,79.709,55.480,72.741
138.524,79.649,55.966,73.377
138.270,79.903,55.966,73.377
137.764,79.843,56.455,74.019
137.508,80.099,56.455,74.019
136.999,79.512,56.949,74.667
136.989,79.579,56.463,74.030
137.246,79.323,56.463,74.030
137.261,78.736,56.957,74.677
137.277,78.144,57.456,75.331
137.538,77.883,57.456,75.331
137.799,77.623,57.456,75.331
138.060,77.362,57.456,75.331
138.320,77.101,57.456,75.331
138.336,76.504,57.958,75.990
138.599,76.241,57.958,75.990
138.863,75.978,57.958,75.990
139.126,75.715,57.958,75.990
139.389,75.452,57.958,75.990
139.405,74.850,58.466,76.655
139.670,74.584,58.466,76.655
139.936,74.319,58.466,76.655
140.201,74.054,58.466,76.655
140.217,73.446,58.977,77.325
140.234,72.834,59.493,78.002
140.504,72.564,59.493,78.002
140.520,71.945,60.014,78.685
140.793,71.673,60.014,78.685
141.065,71.401,60.014,78.685
141.082,70.777,60.539,79.373
141.098,70.148,61.069,80.068
141.115,69.514,61.603,80.768
141.132,68.874,62.142,81.475
141.150,68.228,62.686,82.188
141.167,67.577,63.234,82.907
141.454,67.290,63.234,82.907
141.741,67.003,63.234,82.907
142.028,66.716,63.234,82.907
141.741,66.429,63.234,82.907
141.454,66.142,63.234,82.907
141.167,66.429,63.234,82.907
140.880,66.716,63.234,82.907
140.593,67.003,63.234,82.907
140.306,67.290,63.234,82.907
140.019,67.577,63.234,82.907
139.732,67.864,63.234,82.907
139.445,68.151,63.234,82.907
139.158,68.438,63.234,82.907
138.871,68.725,63.234,82.907
138.584,69.012,63.234,82.907
138.297,69.299,63.234,82.907
138.584,69.586,63.234,82.907
138.871,69.299,63.234,82.907
139.158,69.012,63.234,82.907
139.445,69.299,63.234,82.907
139.732,69.586,63.234,82.907
139.445,69.873,63.234,82.907
139.158,70.160,63.234,82.907
138.871,70.447,63.234,82.907
138.584,70.734,63.234,82.907
138.297,71.021,63.234,82.907
138.010,71.308,63.234,82.907
137.723,71.595,63.234,82.907
137.436,71.882,63.234,82.907
137.149,72.169,63.234,82.907
136.862,72.457,63.234,82.907
136.852,73.090,62.694,82.199
136.567,73.375,62.694,82.199
136.282,73.660,62.694,82.199
135.998,73.944,62.694,82.199
135.713,74.229,62.694,82.199
135.429,74.513,62.694,82.199
135.144,74.798,62.694,82.199
135.134,75.426,62.159,81.498
134.852,75.709,62.159,81.498
134.869,75.641,62.703,82.211
134.887,75.573,63.252,82.930
135.174,75.860,63.252,82.930
135.461,76.147,63.252,82.930
135.174,76.435,63.252,82.930
134.887,76.722,63.252,82.930
134.599,77.009,63.252,82.930
134.028,76.940,63.805,83.656
133.739,77.230,63.805,83.656
133.163,77.161,64.363,84.388
132.582,77.091,64.927,85.126
132.287,76.796,64.927,85.126
131.992,76.502,64.927,85.126
132.287,76.207,64.927,85.126
132.582,75.912,64.927,85.126
132.876,75.617,64.927,85.126
133.171,75.323,64.927,85.126
133.466,75.028,64.927,85.126
133.761,75.323,64.927,85.126
134.055,75.617,64.927,85.126
133.761,75.912,64.927,85.126
133.466,76.207,64.927,85.126
133.171,76.502,64.927,85.126
133.189,75.827,65.495,85.871
133.487,76.124,65.495,85.871
133.784,75.827,65.495,85.871
134.081,76.124,65.495,85.871
134.378,76.422,65.495,85.871
134.676,76.719,65.495,85.871
134.973,77.016,65.495,85.871
134.991,76.945,66.068,86.622
135.291,77.245,66.068,86.622
135.591,76.945,66.068,86.622
135.609,76.259,66.646,87.380
135.912,75.956,66.646,87.380
136.214,76.259,66.646,87.380
135.912,76.561,66.646,87.380
135.609,76.864,66.646,87.380
135.008,76.792,67.229,88.145
134.702,77.097,67.229,88.145
134.397,77.402,67.229,88.145
134.092,77.707,67.229,88.145
133.787,78.012,67.229,88.145
133.482,78.317,67.229,88.145
133.177,78.623,67.229,88.145
132.871,78.928,67.229,88.145
132.566,79.233,67.229,88.145
132.261,79.538,67.229,88.145
131.654,79.465,67.817,88.916
131.042,79.392,68.411,89.694
130.731,79.702,68.411,89.694
130.421,80.013,68.411,89.694
130.731,80.323,68.411,89.694
131.042,80.634,68.411,89.694
131.637,81.320,67.827,88.928
132.227,82.000,67.248,88.169
132.532,82.305,67.248,88.169
132.837,82.610,67.248,88.169
133.422,82.689,66.674,87.417
133.725,82.386,66.674,87.417
134.027,82.689,66.674,87.417
134.330,82.991,66.674,87.417
134.349,82.919,67.257,88.181
134.654,83.224,67.257,88.181
134.959,82.919,67.257,88.181
134.978,82.846,67.846,88.953
135.286,83.154,67.846,88.953
135.594,83.462,67.846,88.953
135.286,83.770,67.846,88.953
134.978,84.078,67.846,88.953
134.670,84.386,67.846,88.953
134.362,84.078,67.846,88.953
134.054,83.770,67.846,88.953
134.362,83.462,67.846,88.953
134.670,83.154,67.846,88.953
134.978,82.846,67.846,88.953
135.286,82.538,67.846,88.953
135.876,82.617,67.266,88.194
136.181,82.312,67.266,88.194
136.200,81.613,67.855,88.965
136.508,81.305,67.855,88.965
136.816,80.997,67.855,88.965
137.124,80.689,67.855,88.965
137.432,80.381,67.855,88.965
