130.000,132.000,31.000,115.000
130.225,132.775,31.000,115.000
129.949,133.051,31.000,115.000
129.674,133.326,31.000,115.000
129.399,133.601,31.000,115.000
129.124,133.876,31.000,115.000
128.848,134.152,31.000,115.000
128.573,134.427,31.000,115.000
128.298,134.702,31.000,115.000
128.023,134.977,31.000,115.000
127.747,135.253,31.000,115.000
127.472,135.528,31.000,115.000
127.197,135.803,31.000,115.000
126.922,136.078,31.000,115.000
126.646,136.354,31.000,115.000
126.371,136.629,31.000,115.000
126.096,136.904,31.000,115.000
125.821,137.179,31.000,115.000
125.545,137.455,31.000,115.000
125.270,137.730,31.000,115.000
124.995,138.005,31.000,115.000
124.720,138.280,31.000,115.000
124.444,138.556,31.000,115.000
124.169,138.831,31.000,115.000
123.894,139.106,31.000,115.000
123.619,139.381,31.000,115.000
123.343,139.657,31.000,115.000
123.068,139.932,31.000,115.000
122.793,140.207,31.000,115.000
122.518,140.482,31.000,115.000
122.242,140.758,31.000,115.000
121.967,141.033,31.000,115.000
121.692,141.308,31.000,115.000
121.417,141.583,31.000,115.000
121.141,141.859,31.000,115.000
120.866,142.134,31.000,115.000
120.591,142.409,31.000,115.000
120.316,142.684,31.000,115.000
120.040,142.960,31.000,115.000
119.765,143.235,31.000,115.000
119.490,143.510,31.000,115.000
119.215,143.785,31.000,115.000
118.939,144.061,31.000,115.000
118.664,144.336,31.000,115.000
118.389,144.611,31.000,115.000
118.114,144.886,31.000,115.000
117.838,145.162,31.000,115.000
117.421,144.941,31.271,116.006
117.143,145.218,31.271,116.006
116.865,145.496,31.271,116.006
116.588,145.774,31.271,116.006
116.310,146.051,31.271,116.006
116.032,146.329,31.271,116.006
115.755,146.607,31.271,116.006
115.477,146.884,31.271,116.006
115.199,147.162,31.271,116.006
114.922,147.440,31.271,116.006
114.644,147.717,31.271,116.006
114.366,147.995,31.271,116.006
114.089,148.273,31.271,116.006
113.811,148.550,31.271,116.006
113.533,148.828,31.271,116.006
113.256,149.106,31.271,116.006
112.978,149.383,31.271,116.006
112.700,149.661,31.271,116.006
112.423,149.939,31.271,116.006
112.145,150.216,31.271,116.006
111.867,150.494,31.271,116.006
111.590,150.772,31.271,116.006
111.312,151.049,31.271,116.006
111.034,151.327,31.271,116.006
110.757,151.605,31.271,116.006
110.479,151.882,31.271,116.006
110.201,152.160,31.271,116.006
109.924,152.437,31.271,116.006
109.786,153.204,31.004,115.016
109.511,153.479,31.004,115.016
109.375,154.238,30.740,114.034
109.102,154.511,30.740,114.034
108.829,154.784,30.740,114.034
108.556,154.511,30.740,114.034
108.283,154.238,30.740,114.034
108.010,153.965,30.740,114.034
107.737,153.692,30.740,114.034
107.464,153.420,30.740,114.034
107.191,153.692,30.740,114.034
106.918,153.965,30.740,114.034
106.645,153.692,30.740,114.034
106.918,153.420,30.740,114.034
107.191,153.147,30.740,114.034
106.918,152.874,30.740,114.034
107.191,152.601,30.740,114.034
107.464,152.328,30.740,114.034
107.737,152.055,30.740,114.034
107.464,152.328,30.740,114.034
107.737,152.055,30.740,114.034
108.010,151.782,30.740,114.034
108.283,152.055,30.740,114.034
108.556,152.328,30.740,114.034
108.829,152.055,30.740,114.034
109.102,151.782,30.740,114.034
109.375,151.509,30.740,114.034
109.648,151.236,30.740,114.034
109.921,150.963,30.740,114.034
110.194,150.690,30.740,114.034
110.467,150.963,30.740,114.034
110.740,151.236,30.740,114.034
111.012,151.509,30.740,114.034
111.285,151.782,30.740,114.034
111.558,152.055,30.740,114.034
111.831,152.328,30.740,114.034
112.104,152.601,30.740,114.034
112.377,152.874,30.740,114.034
112.775,153.627,30.477,113.061
113.169,154.373,30.217,112.095
113.437,154.642,30.217,112.095
113.705,154.910,30.217,112.095
113.974,155.178,30.217,112.095
114.242,155.446,30.217,112.095
114.510,155.715,30.217,112.095
114.779,155.983,30.217,112.095
115.047,156.251,30.217,112.095
115.315,156.520,30.217,112.095
115.583,156.788,30.217,112.095
115.852,157.056,30.217,112.095
116.120,157.325,30.217,112.095
116.388,157.593,30.217,112.095
116.657,157.861,30.217,112.095
116.799,157.646,30.481,113.076
117.070,157.916,30.481,113.076
117.341,158.187,30.481,113.076
117.611,158.458,30.481,113.076
117.882,158.728,30.481,113.076
118.026,158.511,30.748,114.066
118.299,158.784,30.748,114.066
118.572,159.057,30.748,114.066
118.717,158.838,31.017,115.064
118.864,158.617,31.289,116.071
119.012,158.394,31.562,117.086
119.161,158.169,31.839,118.111
119.444,158.451,31.839,118.111
119.726,158.734,31.839,118.111
120.009,159.017,31.839,118.111
120.160,158.790,32.117,119.144
120.445,159.075,32.117,119.144
120.597,158.846,32.398,120.187
120.884,159.134,32.398,120.187
121.037,158.903,32.682,121.238
121.192,158.670,32.968,122.299
121.348,158.435,33.256,123.369
121.505,158.198,33.547,124.449
121.803,158.496,33.547,124.449
122.101,158.793,33.547,124.449
122.398,159.091,33.547,124.449
122.696,159.389,33.547,124.449
122.994,159.687,33.547,124.449
123.292,159.985,33.547,124.449
123.451,159.746,33.841,125.538
123.611,159.505,34.137,126.636
123.772,159.261,34.435,127.744
123.935,159.016,34.737,128.862
124.099,158.768,35.041,129.990
124.264,158.518,35.347,131.127
124.578,158.832,35.347,131.127
124.745,158.580,35.657,132.274
125.062,158.897,35.657,132.274
125.379,159.213,35.657,132.274
125.547,158.310,35.969,133.432
125.866,158.629,35.969,133.432
126.036,157.718,36.283,134.599
126.359,157.396,36.283,134.599
126.681,157.718,36.283,134.599
127.003,158.041,36.283,134.599
127.325,157.718,36.283,134.599
127.647,157.396,36.283,134.599
127.969,157.074,36.283,134.599
128.292,156.752,36.283,134.599
128.614,156.430,36.283,134.599
128.936,156.108,36.283,134.599
129.258,155.785,36.283,134.599
129.580,155.463,36.283,134.599
130.049,155.723,35.974,133.450
130.369,155.404,35.974,133.450
130.539,154.493,36.288,134.618
130.861,154.171,36.288,134.618
131.032,153.251,36.606,135.796
131.358,152.926,36.606,135.796
131.531,151.999,36.926,136.984
131.858,151.671,36.926,136.984
132.186,151.999,36.926,136.984
132.514,152.327,36.926,136.984
132.842,151.999,36.926,136.984
133.170,151.671,36.926,136.984
133.498,151.343,36.926,136.984
133.000,150.408,37.249,138.183
132.669,150.077,37.249,138.183
132.339,149.746,37.249,138.183
132.008,149.416,37.249,138.183
131.677,149.085,37.249,138.183
131.346,148.754,37.249,138.183
131.016,148.423,37.249,138.183
130.685,148.093,37.249,138.183
130.354,148.423,37.249,138.183
130.023,148.093,37.249,138.183
129.693,147.762,37.249,138.183
129.362,147.431,37.249,138.183
129.031,147.101,37.249,138.183
128.701,146.770,37.249,138.183
128.370,146.439,37.249,138.183
128.039,146.108,37.249,138.183
127.708,145.778,37.249,138.183
127.378,146.108,37.249,138.183
127.047,146.439,37.249,138.183
126.716,146.770,37.249,138.183
126.385,147.101,37.249,138.183
126.055,147.431,37.249,138.183
125.724,147.762,37.249,138.183
125.393,148.093,37.249,138.183
125.062,148.423,37.249,138.183
124.732,148.754,37.249,138.183
124.401,149.085,37.249,138.183
124.070,149.416,37.249,138.183
123.906,150.328,36.931,137.003
123.579,150.656,36.931,137.003
123.251,150.984,36.931,137.003
122.923,151.312,36.931,137.003
122.595,151.640,36.931,137.003
122.267,151.968,36.931,137.003
121.939,152.296,36.931,137.003
121.611,152.624,36.931,137.003
121.283,152.952,36.931,137.003
120.955,153.279,36.931,137.003
120.627,153.607,36.931,137.003
120.299,153.935,36.931,137.003
119.971,154.263,36.931,137.003
119.644,154.591,36.931,137.003
119.316,154.919,36.931,137.003
118.988,155.247,36.931,137.003
118.660,155.575,36.931,137.003
118.332,155.903,36.931,137.003
118.004,156.231,36.931,137.003
117.676,156.559,36.931,137.003
117.348,156.887,36.931,137.003
117.020,157.214,36.931,137.003
116.692,157.542,36.931,137.003
116.364,157.870,36.931,137.003
116.036,158.198,36.931,137.003
115.709,158.526,36.931,137.003
115.381,158.854,36.931,137.003
115.053,159.182,36.931,137.003
114.725,159.510,36.931,137.003
114.397,159.838,36.931,137.003
114.069,160.166,36.931,137.003
113.741,160.494,36.931,137.003
113.413,160.822,36.931,137.003
113.085,161.149,36.931,137.003
112.757,161.477,36.931,137.003
112.429,161.805,36.931,137.003
112.101,162.133,36.931,137.003
111.774,162.461,36.931,137.003
111.446,162.789,36.931,137.003
111.118,163.117,36.931,137.003
110.790,163.445,36.931,137.003
110.462,163.773,36.931,137.003
110.134,164.101,36.931,137.003
109.806,164.429,36.931,137.003
109.478,164.757,36.931,137.003
109.150,165.084,36.931,137.003
108.822,165.412,36.931,137.003
108.494,165.740,36.931,137.003
108.166,166.068,36.931,137.003
107.839,166.396,36.931,137.003
107.511,166.724,36.931,137.003
107.183,167.052,36.931,137.003
106.685,166.789,37.254,138.202
106.354,167.119,37.254,138.202
105.852,166.854,37.580,139.411
105.346,166.586,37.909,140.631
104.835,166.316,38.241,141.861
104.495,166.655,38.241,141.861
104.156,166.995,38.241,141.861
103.816,166.655,38.241,141.861
103.477,166.316,38.241,141.861
103.137,165.976,38.241,141.861
102.798,165.637,38.241,141.861
102.458,165.297,38.241,141.861
102.118,164.958,38.241,141.861
101.779,164.618,38.241,141.861
101.439,164.278,38.241,141.861
101.100,163.939,38.241,141.861
100.760,163.599,38.241,141.861
100.245,162.631,38.576,143.103
99.725,161.654,38.913,144.355
99.380,161.308,38.913,144.355
99.034,160.963,38.913,144.355
98.689,160.617,38.913,144.355
98.343,160.271,38.913,144.355
98.172,160.551,38.581,143.123
98.671,160.827,38.252,141.901
99.166,161.102,37.925,140.689
99.502,160.765,37.925,140.689
99.839,160.428,37.925,140.689
100.176,160.091,37.925,140.689
100.513,159.755,37.925,140.689
100.176,159.418,37.925,140.689
99.839,159.081,37.925,140.689
99.502,158.744,37.925,140.689
99.166,158.408,37.925,140.689
99.502,158.071,37.925,140.689
99.166,157.734,37.925,140.689
99.502,157.397,37.925,140.689
99.839,157.061,37.925,140.689
100.176,156.724,37.925,140.689
100.513,156.387,37.925,140.689
100.849,156.050,37.925,140.689
101.186,155.714,37.925,140.689
101.523,155.377,37.925,140.689
101.859,155.040,37.925,140.689
102.196,154.703,37.925,140.689
102.533,154.367,37.925,140.689
102.870,154.030,37.925,140.689
103.206,153.693,37.925,140.689
103.543,153.357,37.925,140.689
103.880,153.020,37.925,140.689
104.217,152.683,37.925,140.689
104.553,152.346,37.925,140.689
104.890,152.010,37.925,140.689
105.227,151.673,37.925,140.689
105.564,151.336,37.925,140.689
105.900,150.999,37.925,140.689
106.237,150.663,37.925,140.689
106.574,150.326,37.925,140.689
106.911,149.989,37.925,140.689
107.247,149.652,37.925,140.689
107.584,149.316,37.925,140.689
107.921,148.979,37.925,140.689
108.258,148.642,37.925,140.689
108.594,148.305,37.925,140.689
108.931,147.969,37.925,140.689
109.268,147.632,37.925,140.689
109.605,147.295,37.925,140.689
109.941,146.958,37.925,140.689
110.278,146.622,37.925,140.689
110.615,146.285,37.925,140.689
110.951,145.948,37.925,140.689
111.288,145.611,37.925,140.689
111.625,145.275,37.925,140.689
111.962,144.938,37.925,140.689
112.298,144.601,37.925,140.689
112.635,144.265,37.925,140.689
112.972,143.928,37.925,140.689
113.309,143.591,37.925,140.689
113.645,143.928,37.925,140.689
113.982,144.265,37.925,140.689
114.319,144.601,37.925,140.689
114.656,144.938,37.925,140.689
114.992,145.275,37.925,140.689
115.329,145.611,37.925,140.689
115.666,145.948,37.925,140.689
116.003,146.285,37.925,140.689
116.339,146.622,37.925,140.689
116.676,146.958,37.925,140.689
117.166,147.887,37.601,139.488
117.500,148.221,37.601,139.488
117.166,148.555,37.601,139.488
116.833,148.889,37.601,139.488
116.499,149.223,37.601,139.488
116.165,149.557,37.601,139.488
116.499,149.891,37.601,139.488
116.165,150.225,37.601,139.488
115.831,150.558,37.601,139.488
116.317,151.480,37.280,138.298
115.986,151.811,37.280,138.298
115.655,152.142,37.280,138.298
115.491,153.055,36.962,137.117
115.163,153.383,36.962,137.117
114.835,153.711,36.962,137.117
114.673,153.976,36.646,135.947
114.347,153.651,36.646,135.947
114.022,153.325,36.646,135.947
113.696,153.000,36.646,135.947
113.371,152.675,36.646,135.947
113.845,152.937,36.334,134.786
114.168,152.615,36.334,134.786
114.490,152.292,36.334,134.786
114.813,151.970,36.334,134.786
115.135,151.647,36.334,134.786
115.458,151.324,36.334,134.786
115.781,151.002,36.334,134.786
116.250,151.262,36.023,133.635
116.716,151.521,35.716,132.495
117.033,151.204,35.716,132.495
117.495,151.460,35.411,131.364
117.953,151.714,35.109,130.242
118.407,151.965,34.809,129.130
118.857,152.215,34.512,128.028
119.164,151.909,34.512,128.028
119.470,151.602,34.512,128.028
119.633,151.356,34.814,129.148
119.942,151.665,34.814,129.148
120.251,151.974,34.814,129.148
120.560,152.284,34.814,129.148
121.011,152.533,34.517,128.046
121.457,152.781,34.222,126.953
121.761,153.085,34.222,126.953
122.065,153.388,34.222,126.953
122.369,153.692,34.222,126.953
122.672,153.388,34.222,126.953
122.976,153.085,34.222,126.953
123.280,153.388,34.222,126.953
123.584,153.692,34.222,126.953
123.888,153.996,34.222,126.953
124.050,153.129,34.521,128.064
124.213,152.255,34.824,129.184
124.522,151.946,34.824,129.184
124.831,152.255,34.824,129.184
124.996,151.373,35.128,130.315
125.308,151.061,35.128,130.315
125.620,151.373,35.128,130.315
125.786,150.483,35.436,131.455
125.953,149.585,35.746,132.605
126.270,149.268,35.746,132.605
126.439,148.362,36.058,133.765
126.760,148.042,36.058,133.765
127.080,147.722,36.058,133.765
127.400,147.402,36.058,133.765
127.570,146.489,36.374,134.936
127.893,146.166,36.374,134.936
128.216,145.843,36.374,134.936
128.388,144.921,36.692,136.116
128.714,144.595,36.692,136.116
129.040,144.270,36.692,136.116
129.366,143.944,36.692,136.116
129.691,143.618,36.692,136.116
130.017,143.292,36.692,136.116
130.492,143.555,36.379,134.954
130.664,142.634,36.697,136.135
130.837,141.704,37.018,137.326
131.166,141.376,37.018,137.326
131.341,140.438,37.342,138.528
131.672,140.106,37.342,138.528
131.849,139.160,37.669,139.740
132.336,139.431,37.348,138.547
132.512,138.484,37.674,139.760
132.690,137.530,38.004,140.983
133.182,137.803,37.680,139.779
133.360,136.848,38.009,141.002
133.697,136.511,38.009,141.002
133.877,135.548,38.342,142.236
134.058,134.577,38.677,143.480
134.402,134.233,38.677,143.480
134.584,133.254,39.016,144.736
134.931,132.907,39.016,144.736
135.277,132.561,39.016,144.736
135.624,132.214,39.016,144.736
135.808,131.226,39.357,146.002
136.157,130.877,39.357,146.002
136.344,129.880,39.702,147.280
136.696,129.527,39.702,147.280
136.884,128.521,40.049,148.569
137.239,128.166,40.049,148.569
137.595,127.810,40.049,148.569
137.784,126.796,40.399,149.868
138.143,126.437,40.399,149.868
138.502,126.078,40.399,149.868
138.692,125.055,40.753,151.180
138.885,124.023,41.109,152.503
139.079,122.981,41.469,153.837
139.275,121.931,41.832,155.183
139.473,120.871,42.198,156.541
139.848,120.496,42.198,156.541
140.047,119.428,42.567,157.911
140.425,119.050,42.567,157.911
140.626,117.971,42.940,159.292
140.829,116.884,43.315,160.686
141.389,117.194,42.946,159.315
141.592,116.106,43.321,160.709
141.797,115.009,43.700,162.115
142.185,114.621,43.700,162.115
142.392,113.514,44.083,163.533
142.600,112.397,44.469,164.964
142.995,112.003,44.469,164.964
143.390,111.608,44.469,164.964
143.600,110.481,44.858,166.408
143.812,109.345,45.250,167.864
144.026,108.199,45.646,169.332
144.431,107.793,45.646,169.332
144.836,107.388,45.646,169.332
145.242,106.983,45.646,169.332
145.457,105.827,46.046,170.814
145.866,105.418,46.046,170.814
146.084,104.251,46.448,172.309
146.496,103.839,46.448,172.309
146.716,102.662,46.855,173.816
146.937,101.475,47.265,175.337
147.161,100.278,47.678,176.872
147.386,99.070,48.096,178.419
147.813,98.643,48.096,178.419
148.040,97.425,48.516,179.980
148.471,96.994,48.516,179.980
