1.61819410
0.01775837
0.01695371
0.01691699
0.01692319
0.01699042
0.01690865
0.01693344
0.01696610
0.01695800
0.01695347
0.01702213
0.01734519
0.01706600
0.01597810
0.01596093
0.01612163
0.01626325
0.01616979
0.01599383
0.01596975
0.01595497
0.01596379
0.01606989
0.01592493
0.01608920
0.01616383
0.01597309
0.01602077
0.01595426
0.01601219
0.01600933
0.01599002
0.01603794
0.01598334
0.01615739
0.01606321
0.01598144
0.01593208
0.01594639
0.01593494
0.01592660
0.01592755
0.01593423
0.01592445
0.01592588
0.01590848
0.01592255
0.01593804
0.01639485
0.01639986
0.01657438
0.01660705
0.01612282
0.01600528
0.01599240
0.01596522
0.01596069
0.01593113
0.01594210
0.01594520
0.01596189
0.01594734
0.01597309
0.01592398
0.01593304
0.01595855
0.01594305
0.01602197
0.01603818
0.01599956
0.01596284
0.01608777
0.01620531
0.01593971
0.01613307
0.01590538
0.01611781
0.01613426
0.01587820
0.01653790
0.01693058
0.02328229
0.02024770
0.01733971
0.01734090
0.01732445
0.01733613
0.01677465
0.01673603
0.01678896
0.01642752
0.01636219
0.01640201
0.01621675
0.01600504
0.02360535
0.01995945
0.01951981
0.01954293
0.01949811
0.01592445
0.01618314
0.01629448
0.01631546
0.01597667
0.01591277
0.01589561
0.01590872
0.01592398
0.01589227
0.01588774
0.01596665
0.01608467
0.01586437
0.01584387
0.01583266
0.01586843
0.01649070
0.01649857
0.01601100
0.01595306
0.01618576
0.01627159
0.01619649
0.01613021
0.01613545
0.01613617
0.01598048
0.01599407
0.01639676
0.01599193
0.01611805
0.01628113
0.01613927
0.01589084
0.01591897
0.01591182
0.01589465
0.01616693
0.01624918
0.01616883
0.01612568
0.01651573
0.01624179
0.01616836
0.01614285
0.01612973
0.01610613
0.01592278
0.01585913
0.01592803
0.01594853
0.01594377
0.01585507
0.01589704
0.01588321
0.01597095
0.01627493
0.01602936
0.01597404
0.01586056
0.01596236
0.01601791
0.01611304
0.01610732
0.01600456
0.01601911
0.01599193
0.01597977
0.01596117
0.01596212
0.01596498
0.01596856
0.01596904
0.01597738
0.01594377
0.01608181
0.01618338
0.01610851
0.01604319
0.01594925
0.01593876
0.01594019
0.01592255
0.01590729
0.01596427
0.01615787
0.01601100
0.01589561
0.01595259
0.01590323
0.01589894
0.01582599
0.01587129
0.01594019
0.01583338
0.01591873
0.01592755
0.01589394
0.01590967
0.01585293
0.01596546
0.01597428
0.01590323
0.01589751
0.01588082
0.01585460
0.01593351
0.01590300
0.01591992
0.01605225
0.01659846
0.01604271
0.01652384
0.01662588
0.01640058
0.01603436
0.01608467
0.01607108
0.01578784
0.01604009
0.01597691
0.01597309
0.01600957
0.01598454
0.01598001
0.01601124
0.01602769
0.01644111
0.01618791
0.01606369
0.01605773
0.01607203
0.01616979
0.01613879
0.01610446
0.01609850
0.01607037
0.01606250
0.01611042
0.01604223
0.01605296
0.01604104
0.01605725
0.01605749
0.01604629
0.01606250
0.01608205
0.01694608
0.01670742
0.01671100
0.01684451
0.01674724
0.01617980
0.01614690
0.01607418
0.01607370
0.01606011
0.01605392
0.01608658
0.01607013
0.01605439
0.01609111
0.01607299
0.01611018
0.01611137
0.01608109
0.01626658
0.01626801
0.01590633
0.01614690
0.01610303
0.01609278
0.01609182
0.01585436
0.01588798
0.01582074
0.01580477
0.01588988
0.01585937
0.01619816
0.01620531
0.01618600
0.01622057
0.01626825
0.01658416
0.01642227
0.01633000
0.01622486
0.01619053
0.01612067
0.01608849
0.01600337
0.01608777
0.01613998
0.01642108
0.01635933
0.01597643
0.01594234
0.01588297
0.01596045
0.01617837
0.01621795
0.01616645
0.01617217
0.01614285
0.01613069
0.01610947
0.01612020
0.01611924
0.01612830
0.01610446
0.01635218
0.01622701
0.01616931
0.01610255
0.01610589
0.01610589
0.02001095
0.01617932
0.01993966
0.02043533
0.02091599
0.02012944
0.02012253
0.01995587
0.02392697
0.02000856
0.02363038
0.02752829
0.02315307
0.02668667
0.02310896
0.02326727
0.02343774
0.02738285
0.02313137
0.02326918
0.02717471
0.02680206
0.02676201
0.02674365
0.02686071
0.02680826
0.02682590
0.02683997
0.02692270
0.02679157
0.02681732
0.02684402
0.02679181
0.02666521
0.02661920
0.02670932
0.02680278
0.02683115
0.02814960
0.02751732
0.03312707
0.02796674
0.02692246
0.02686572
0.02691483
0.02690530
0.02673292
0.02674818
0.02672839
0.02676415
0.02685714
0.02717042
0.02702284
0.02774405
0.02693486
0.02735424
0.02755857
0.02745128
0.02741551
0.02670503
0.02672887
0.02752137
0.02694511
0.02679467
0.02685308
0.02729511
0.02686667
0.02685094
0.02731395
0.02670264
0.02677107
0.02677679
0.02689552
0.02677417
0.02675414
0.02700305
0.02763534
0.02745461
0.02679253
0.02659512
0.02664208
0.02676129
0.02671862
0.03326178
0.02672601
0.02700639
0.02699876
0.02696371
0.02679944
0.02729297
0.02745366
0.02761817
0.02754474
0.02723432
0.02721500
0.02725339
0.02765083
0.02734685
0.02733970
0.02679515
0.02680254
0.02681708
0.02742529
0.02688956
0.02682900
0.02688146
0.02705598
0.02696300
0.02725863
0.02743387
0.02740932
0.02754831
0.02728295
0.02764750
0.02674317
0.02804327
0.02686381
0.02725720
0.02756286
0.02775741
0.02734256
0.02728438
0.02803826
0.02693939
0.02756095
0.02753663
0.02729154
0.02752018
0.02718019
0.02723527
0.02733326
0.02707744
0.02714944
0.02713728
0.02700639
0.02993894
0.03383064
0.03229547
0.03201723
0.03325510
0.02749133
0.03150892
0.02708292
0.02746701
0.02744746
0.02713442
0.02730584
0.02717328
0.02754402
0.02830601
0.02722597
0.02810144
0.02736163
0.02737260
0.02715707
0.02715683
0.02709198
0.02687883
0.02718067
0.02717066
0.02735162
0.02750611
0.02737761
0.02716088
0.02722836
0.02726889
0.02726221
0.02709866
0.02705240
0.02721214
0.02710152
0.02716422
0.02721214
0.02717280
0.02717066
0.02670765
0.02713919
0.02777791
0.02751613
0.02745342
0.02655792
0.02753067
0.02732038
0.02797484
0.02775192
0.02735281
0.02757096
0.02758121
0.02735543
0.02734590
0.02736330
0.02757287
0.02758932
0.02730823
0.02728534
0.02774692
0.02741456
0.02725768
0.02715850
0.02722454
0.02729154
0.02729464
0.02758098
0.02717757
0.02724147
0.02727604
0.02729821
0.02719951
0.02714658
0.02725196
0.02731299
0.02722955
0.02741480
0.02672648
0.02702284
0.02724743
0.02722549
0.02735925
0.02756023
0.03171015
0.03127074
0.03110194
0.03145695
0.03067183
0.03088546
0.03083301
0.03076982
0.03082633
0.03089476
0.03102279
0.03077960
0.02679873
0.02685547
0.02687669
0.02683663
0.02703023
0.02683830
0.02682328
0.02692032
0.02686810
0.02780223
0.02761316
0.02859449
0.02713561
0.02694082
0.02719450
0.02712631
0.02691770
0.02701426
0.02710509
0.02687168
0.02774978
0.02709246
0.02693820
0.02727413
0.02726388
0.02729440
0.02731347
0.02738380
0.02737117
0.02720070
0.02733064
0.02742934
0.02730680
0.02721214
0.02721429
0.02724361
0.02724361
0.02722359
0.02717447
0.02707076
0.02705431
0.02714920
0.02720332
0.02705312
0.02315950
0.01995468
0.01612449
0.01614952
0.01627040
0.01619864
0.01625943
0.01635838
0.01607585
0.01620197
0.01590466
0.01608539
0.01593637
0.01612711
0.01611996
0.01632166
0.01653147
0.01636410
0.01618266
0.01616526
0.01616836
0.01613116
0.01612282
0.01614547
0.01612878
0.01614022
0.01633811
0.01633763
0.01616526
0.01614594
0.01611567
0.01614046
0.01613951
0.01626158
0.01633978
0.01602554
0.01616764
0.01597238
0.01603627
0.01601648
0.01594496
0.01591229
0.01594925
0.01599145
0.01600170
0.01590228
0.01599598
0.01610374
0.01608920
0.01592565
0.01591969
0.01601577
0.01598334
0.01607990
0.01613784
0.01603341
0.01601005
0.01600170
0.01600623
0.01599741
0.01610827
0.01611018
0.01624131
0.02329350
0.02716327
0.02719331
0.02716398
0.02717257
0.02768302
0.02680087
0.02674007
0.02675295
0.02659416
0.02664614
0.02696228
0.02669287
0.02669454
0.02674985
0.02726245
0.02757740
0.02721190
0.02722454
0.02715015
0.02715302
0.02715182
0.02739215
0.02752280
0.02749491
0.02762651
0.02755141
0.02785134
0.02799869
0.02803755
0.02998662
0.02818322
0.02789783
0.02783275
0.02793789
0.02803016
0.02800322
0.02792645
0.02828169
0.02831531
0.02776909
0.02756357
0.02763200
0.02752328
0.02746224
0.02760911
0.02738023
0.02719092
0.02740860
0.02765298
0.02756977
0.02777982
0.02757692
0.02740431
0.02749228
0.02753568
0.02780962
0.02775168
0.02779818
0.02767372
0.02765393
0.02754760
0.02749205
0.02747011
0.02760601
0.02753782
0.02760816
0.02724314
