0.00129700
0.01636362
0.01644158
0.01600432
0.01622295
0.02078056
0.02016354
0.01601863
0.01606822
0.02432394
0.02880931
0.02851987
0.02887464
0.02472711
0.02437210
0.02019668
0.02439833
0.02846622
0.02848554
0.01609707
0.02857065
0.02896309
0.02484274
0.01627111
0.02906919
0.02901363
0.02889943
0.02841735
0.03547335
0.03527832
0.03558779
0.03508973
0.03757763
0.02174616
0.01662493
0.02966523
0.02901936
0.02909899
0.02913547
0.02912688
0.02959728
0.02077651
0.02907586
0.02907515
0.02910590
0.03180909
0.02933121
0.02920628
0.02067280
0.01631808
0.02077818
0.01630020
0.01627469
0.01629138
0.01630187
0.01625967
0.01627851
0.02489281
0.02488446
0.02480245
0.02487874
0.02486229
0.02487588
0.02485991
0.02489614
0.02947211
0.02922344
0.02684546
0.01637888
0.01640892
0.02509689
0.01637268
0.01633906
0.02096581
0.02518034
0.02897501
0.02900076
0.03556085
0.02914643
0.02867794
0.02949500
0.02928877
0.02916598
0.02934504
0.02940726
0.02488899
0.01641655
0.02432799
0.02904749
0.02908254
0.02493978
0.01631951
0.01627922
0.01627684
0.02486014
0.02907538
0.02898407
0.02881217
0.02485538
0.02064371
0.01631451
0.01627254
0.02064991
0.01635218
0.01628852
0.02893949
0.02905869
0.02505136
0.01638365
0.01643467
0.02453136
0.02917051
0.02902412
0.02904510
0.01637006
0.01631594
0.01630759
0.01629376
0.02485800
0.02480459
0.02158785
0.02115011
0.02557111
0.02942133
0.02904201
0.02961564
0.01638889
0.01635861
0.02428699
0.02859616
0.02895188
0.02898026
0.02850270
0.02437043
0.01606154
0.02014279
0.02418256
0.02003622
0.02059317
0.02504373
0.02498913
0.02919459
0.02955198
0.02981043
0.02869987
0.02878666
0.02868223
0.02860522
0.02855420
0.02853394
0.02848458
0.02451229
0.01646519
0.01624727
0.01614451
0.02042103
0.02453446
0.02871323
0.02903628
0.02876735
0.02872801
0.02868652
0.02857161
0.02860999
0.02838683
0.02844143
0.02014565
0.02020812
0.01601386
0.02014184
0.02447486
0.02492833
0.02904558
0.02901673
0.02910876
0.02900839
0.02897096
0.02927566
0.02917171
0.02912641
0.03015256
0.02922034
0.02905083
0.02903080
0.02532244
0.02102208
0.02210283
0.01649666
0.02187324
0.01640534
0.02062058
0.02018881
0.02020311
0.02067757
0.02042174
0.01612186
0.02035642
0.02021885
0.02432871
0.02843618
0.02439547
0.02850938
0.02860212
0.02865672
0.02033901
0.02035975
0.01597118
0.02062941
0.02472353
0.02476501
0.02063465
0.02061248
0.02467442
0.02895689
0.02902627
0.02868390
0.02868986
0.02841592
0.02027321
0.02840948
0.02849221
0.02436018
0.01600575
0.01599216
0.01602960
0.01611352
0.02457905
0.02853227
0.02892780
0.03289628
0.01638889
0.02743077
0.03292704
0.02747440
0.01649952
0.02709246
0.02890134
0.02885222
0.02882457
0.02994919
0.02906179
0.02885866
0.02889848
0.02896428
0.02891207
0.02916598
0.02702713
0.02566576
0.02085137
0.02317142
0.02103758
0.02516031
0.02075124
0.02884793
0.02908087
0.02857876
0.02909279
0.02049804
0.02493548
0.02921700
0.02900124
0.02489877
0.02496290
0.02867222
0.02862620
0.03011203
0.02880883
0.03234410
0.01625609
0.01668668
0.01731181
0.01623940
0.02062511
0.02487707
0.02912760
0.02502584
0.01632857
0.01606345
0.01608777
0.02069855
0.02022624
0.02498388
0.02863765
0.02919745
0.02907157
0.02877188
0.02874756
0.02974844
0.02914429
0.01632333
0.02503800
0.02904391
0.02074337
0.01650095
0.02522755
0.02859306
0.02861381
0.02872205
0.02868700
0.02850461
0.02839327
0.02854419
0.02026701
0.02038908
0.02454686
0.02022791
0.01601672
0.01600504
0.02019286
0.02858496
0.02872872
0.02854347
0.02845669
0.02836752
0.02445245
0.02014232
0.01599050
0.01591444
0.01596332
0.01628041
0.01631165
0.02083325
0.02504873
0.02911544
0.02909136
0.02899075
0.02898645
0.02946615
0.01706243
0.01703930
0.01705527
0.01706290
0.01700258
0.01692057
0.01648879
0.01652646
0.02573228
0.02921343
0.02905273
0.02069068
0.01626015
0.01626015
0.01634884
0.02083158
0.02502894
0.02071571
0.02453113
0.02900410
0.02898788
0.02915049
0.02862334
0.02857113
0.02859426
0.02851462
0.02865267
0.02861023
0.02863216
0.02958322
0.02944922
0.02138591
0.02426076
0.02068830
0.02631021
0.02447486
0.02016306
0.01609993
0.01615596
0.01605487
0.01625276
0.01632810
0.01628685
0.01635647
0.01636887
0.01631331
0.01633382
0.02907634
0.02899528
0.02904558
0.02900815
0.02496028
0.02071738
0.02505898
0.02864599
0.02865267
0.02864051
0.02439308
0.02444696
0.02026296
0.02222300
0.02440238
0.02435064
0.02016091
0.02432919
0.02842331
0.02879572
0.02869654
0.02889633
0.02871633
0.02862382
0.02988029
0.02913952
0.01632333
0.01602268
0.01597595
0.01603889
0.01610446
0.01610947
0.02072740
0.02796125
0.02865362
0.02863860
0.02856827
0.02429819
0.01599646
0.01594806
0.01595998
0.01592445
0.01594210
0.01597953
0.01599407
0.01609969
0.02028322
0.02487683
0.02474475
0.02062154
0.01640439
0.01639628
0.01625609
0.02676797
0.02869058
0.02061939
0.01618338
0.01627374
0.01625514
0.01598763
0.01605725
0.01625896
0.01625514
0.01597691
0.01612043
0.01597762
0.01624608
0.01597524
0.01599836
0.01602721
0.02420950
0.02836800
0.02834773
0.02847648
0.02922678
0.02110600
0.01627946
0.01603723
0.01612306
0.01609516
0.01601672
0.01598215
0.01592731
0.02017045
0.02847767
0.02842712
0.02839947
0.02839160
0.01600647
0.01636481
0.01629186
0.01609397
0.01596451
0.01591587
0.02013874
0.01604342
0.01602697
0.01623845
0.01594234
0.01593518
0.01589417
0.01593018
0.01594067
0.02002120
0.02858996
0.02859497
0.02865767
0.02898455
0.02066517
0.01669455
0.01702857
0.01640463
0.01622701
0.01612949
0.01612449
0.01628089
0.02866721
0.02875304
0.02879977
0.02865553
0.02903652
0.02925515
0.02949595
0.01626897
0.01610994
0.01625586
0.01627111
0.01629448
0.01621652
0.01609302
0.01607585
0.01607013
0.02079940
0.02111530
0.02035499
0.02025819
0.01602340
0.02024150
0.02018046
0.01600194
0.01596975
0.01625967
0.01621604
0.01624513
0.01621842
0.01623178
0.01621079
0.01619911
0.01599956
0.01629019
0.01606226
0.01609707
0.01611280
0.01608014
0.01595664
0.02880073
0.03038621
0.02865124
0.02913928
0.02852058
0.02897930
0.02908993
0.03157735
0.02883339
0.02853227
0.01598048
0.01593900
0.02425408
0.01613450
0.01602125
0.01603293
0.02434158
0.02861595
0.02872729
0.02030516
0.01664400
0.01736736
0.01629257
0.01635003
0.01654911
0.01651549
0.01644254
0.01638913
0.01635671
0.02901697
0.02905655
0.02910995
0.02457309
0.02076864
0.02067137
0.02082944
0.01651883
0.01635051
0.01630282
0.01628304
0.01635361
0.01657796
0.01649284
0.01626849
0.01642036
0.02061582
0.02026296
0.01639891
0.01632261
0.01626515
0.01625562
0.01623344
0.01622176
0.01628280
0.01624894
0.01627541
0.01633596
0.02476287
0.02865148
0.02053094
0.01626873
0.01622915
0.01623011
0.02057719
0.02052808
0.01621842
0.01620889
0.01656556
0.01648974
0.02207875
0.02069879
0.02068305
0.01629901
0.01626945
0.02494860
0.02883244
0.02896261
0.02435851
0.02025914
0.02438498
0.02857423
0.02945852
0.02909446
0.02988696
0.02960658
0.02913618
0.02467752
0.01624942
0.01592875
0.01595140
0.01628757
0.01622272
0.01623249
0.01631713
0.01634955
0.01605511
0.02442122
0.02023005
0.01609468
0.01596189
0.01600146
0.01597118
0.02010560
0.02023673
0.01600981
0.01621318
0.02019286
0.02847552
0.02856469
0.02887201
0.02454901
0.01604986
0.02021408
0.02858949
0.02852607
0.02849030
0.02020669
0.01623702
0.01603174
0.02009678
0.02013993
0.01599240
0.01610661
0.01601815
0.02017117
0.02442932
0.02929711
0.02905035
0.02436638
0.02439141
0.02847409
0.02884626
0.02898955
0.03045726
0.02891707
0.02865839
0.02899003
0.02904797
0.02944899
0.03429437
0.03526473
0.03503466
0.02878761
0.02520776
0.02080512
0.01670909
0.01646924
0.01629829
0.01606131
0.01604724
0.02448249
0.02873182
0.03354120
0.03303194
0.02023196
0.01657104
0.01626635
0.01634288
0.01625013
0.01612329
0.01619482
0.01615739
0.01644540
0.01608181
0.01610589
0.01596260
0.01595211
0.01624775
0.01622653
0.01640940
0.01662612
0.01640463
0.01659989
0.01609302
0.02020025
0.02853990
0.02829099
0.02898455
0.02473593
0.01607037
0.01624346
0.01625562
0.01626492
0.01622128
0.01621675
0.01620412
0.01620674
0.02061152
0.02053642
0.01616073
0.01644111
0.01646161
0.01641011
0.01630688
0.01608849
0.01609206
0.01610136
0.01610804
0.02016997
0.02053094
0.02090526
0.01627922
0.01623154
0.01630831
0.01634884
0.01642513
0.01653647
0.01633263
0.01631522
0.01677680
0.01687717
0.01651549
