0.00153875
0.01667237
0.01647139
0.01609516
0.01605940
0.01594615
0.01594996
0.01604748
0.01599765
0.01621032
0.01616120
0.01595855
0.01616001
0.01616168
0.01613879
0.01593256
0.01595211
0.01597142
0.01596475
0.01614642
0.01605272
0.01602674
0.01615071
0.01603103
0.01601076
0.01615930
0.01618814
0.01614571
0.01614952
0.01602459
0.01619649
0.01617813
0.01625133
0.01627135
0.01625633
0.01623249
0.01626635
0.01619482
0.01637578
0.01639581
0.01626468
0.01634979
0.01641464
0.01633739
0.01627946
0.01631021
0.01627374
0.01666498
0.01658463
0.01599884
0.01619005
0.01634479
0.01719379
0.01688218
0.01636791
0.01625347
0.01625037
0.01619577
0.01614809
0.01614165
0.01615310
0.01613474
0.01593757
0.01620817
0.01630235
0.01592350
0.01617217
0.01623845
0.01625466
0.01592541
0.01621866
0.01617551
0.01616001
0.01618719
0.01618814
0.01614237
0.01616359
0.01617432
0.01618576
0.01617980
0.01616526
0.01620126
0.01620913
0.01599026
0.01604414
0.01616502
0.01633024
0.01601887
0.01616526
0.01632142
0.01619172
0.01618648
0.01623058
0.01675296
0.01680708
0.01669335
0.01648116
0.01649714
0.01638770
0.01631117
0.01617026
0.01608419
0.01606536
0.01619148
0.01627851
0.01612520
0.01601386
0.01606750
0.01604557
0.01602697
0.01597595
0.01595592
0.01598573
0.01616073
0.01632738
0.01612663
0.01594400
0.01625085
0.01624227
0.01626348
0.01630425
0.01618814
0.01619720
0.01617289
0.01625943
0.01629114
0.01620913
0.01620674
0.01618147
0.01616001
0.01616406
0.01618433
0.01620054
0.01636720
0.01617980
0.01620841
0.01617622
0.01618266
0.02471995
0.02934241
0.02502680
0.01634240
0.01596761
0.01608896
0.01633739
0.01630712
0.01626587
0.01633811
0.02901220
0.02930999
0.01626778
0.01624250
0.01632190
0.01624250
0.01622915
0.01623821
0.01621175
0.01621008
0.01621842
0.01617646
0.01620436
0.01618052
0.01619792
0.01618290
0.01623416
0.01621175
0.01620698
0.01619697
0.01619649
0.01624465
0.02472925
0.02490664
0.01610112
0.01596022
0.01590347
0.01592255
0.01593113
0.01595020
0.01596689
0.01601601
0.01604772
0.01602006
0.01609516
0.02871013
0.02859068
0.02449727
0.01605678
0.01605463
0.01602793
0.01600504
0.01599932
0.01612139
0.01636982
0.01645541
0.01651478
0.01617289
0.01670504
0.01635933
0.01624036
0.01603913
0.01613736
0.01697063
0.01670837
0.01647472
0.02075100
0.01626968
0.01622438
0.01620030
0.01623130
0.01629686
0.01622963
0.01631117
0.01604986
0.01601171
0.01604438
0.01598501
0.01602340
0.01602077
0.01607180
0.01612210
0.01602173
0.01622987
0.01620722
0.01620865
0.01602888
0.01597142
0.01598644
0.01599336
0.01597905
0.01619768
0.01621985
0.01620603
0.01598907
0.01622510
0.01623750
0.01623392
0.01629400
0.01628065
0.01621199
0.01624560
0.01621342
0.01614070
0.01634526
0.01635194
0.01669645
0.01644540
0.01642489
0.01626444
0.01622272
0.01623440
0.01623607
0.01628995
0.01627874
0.01623392
0.01619983
0.01626563
0.01611543
0.01620245
0.01617718
0.01616120
0.01615834
0.01615477
0.01614761
0.01653600
0.01624322
0.01599956
0.01602197
0.01617384
0.01617599
0.01621413
0.01625299
0.01621342
0.01616740
0.01633358
0.01610851
0.01619196
0.01622844
0.01620889
0.01617479
0.01619434
0.01595140
0.01598263
0.01598787
0.01619482
0.01598597
0.01593828
0.01612592
0.01599455
0.01606107
0.01618314
0.01622343
0.01621938
0.01619148
0.01616716
0.01622987
0.01620364
0.01626182
0.01640177
0.01600337
0.01606035
0.01606560
0.01599789
0.01606846
0.01625443
0.01619434
0.01628184
0.01621914
0.01611519
0.01599813
0.01602149
0.01620793
0.01600051
0.01598287
0.01597810
0.01619554
0.01590562
0.01639676
0.01694131
0.01692843
0.01693654
0.01710677
0.01690292
0.01683068
0.01684737
0.01661468
0.01676559
0.01672673
0.01652241
0.01603770
0.01596427
0.01599193
0.01602101
0.01604629
0.01621485
0.01635838
0.01632857
0.01624537
0.01620746
0.01626158
0.01630068
0.01627660
0.01621890
0.01621008
0.01622605
0.01596808
0.01620579
0.01601434
0.01646352
0.01657677
0.01634645
0.01675820
0.01648641
0.01627421
0.01625562
0.01603580
0.01604056
0.01658988
