0.00127268
0.02102470
0.02457857
0.02446580
0.02867079
0.02918291
0.02852249
0.02926397
0.02905965
0.02897477
0.02909017
0.02906680
0.02916670
0.02914310
0.02949238
0.02953744
0.02961159
0.02944756
0.02966142
0.02980947
0.02935410
0.02913499
0.02902746
0.02922153
0.02909875
0.02977610
0.02935576
0.02931905
0.02924347
0.02914619
0.02939844
0.02990532
0.02932262
0.02921295
0.02952003
0.02981329
0.02966833
0.02966547
0.02946854
0.02869439
0.02878785
0.02916169
0.02841616
0.02853656
0.02867055
0.02869964
0.02851677
0.02867508
0.02861905
0.02926588
0.02930617
0.02877498
0.02870512
0.02896547
0.02917218
0.02910900
0.02916956
0.02875566
0.02878308
0.02879214
0.02879739
0.02928281
0.02871251
0.02862406
0.02869153
0.02878332
0.02868652
0.02872443
0.02878308
0.02937603
0.02872419
0.02864528
0.02444315
0.02918577
0.02510667
0.02492738
0.02912378
0.02905798
0.02922392
0.02940059
0.02937031
0.02932572
0.02954650
0.03142619
0.02932382
0.02927589
0.02919650
0.02927375
0.02927065
0.02947164
0.02965498
0.02927589
0.02961826
0.02970409
0.03342056
0.02935076
0.02907705
0.02863073
0.02942824
0.02872896
0.02924824
0.02921653
0.02906919
0.02895856
0.02909994
0.02893043
0.02912855
0.02905965
0.02894139
0.02902794
0.02917910
0.02897549
0.02899456
0.02906036
0.03055263
0.02913761
0.02887726
0.02935958
0.02897382
0.02938962
0.02962017
0.02936149
0.02899647
0.02939701
0.02931356
0.02942204
0.02925134
0.02946591
0.02908993
0.02887607
0.02866721
0.03573632
0.02873445
0.02861404
0.02874088
0.02870941
0.02862763
0.02885127
0.02855659
0.02864575
0.02886105
0.02877808
0.02874970
0.02868414
0.02865672
0.02925253
0.02923036
0.02910781
0.02911448
0.02903914
0.02907372
0.02874231
0.02858710
0.02856874
0.02939415
0.02899647
0.02906442
0.02934957
0.02944994
0.02924371
0.02951241
0.02913141
0.02909279
0.02906537
0.02910447
0.02856231
0.02867103
0.02865338
0.02872467
0.02856159
0.02859306
0.02896023
0.02930880
0.02865005
0.02856040
0.02861643
0.02889466
0.02868724
0.02855110
0.02856779
0.02870393
0.02868819
0.02874112
0.02890396
0.02976394
0.02975035
0.02898669
0.02974010
0.02885437
0.02890229
0.02906108
0.02890515
0.02884626
0.02894831
0.02879882
0.02872252
0.02871370
0.02860260
0.02869868
0.02875757
0.02868819
0.02865124
0.02878928
0.02876377
0.02872825
0.02890229
0.02875710
0.02961159
0.03533387
0.03523970
0.03641701
0.03491020
0.03045392
0.02961946
0.02882195
0.02880239
0.02870774
0.02893639
0.02882314
0.02967691
0.02985907
0.02912426
0.02938485
0.03058243
0.02868342
0.02865362
0.02846622
0.02865314
0.02855372
0.02891469
0.02873611
0.02850842
0.02869296
0.02889895
0.02878618
0.02878213
0.02874637
0.02939081
0.02906919
0.02921438
0.02894902
0.02877140
0.02913380
0.02869940
0.02857256
0.02939391
0.02513003
0.02494621
0.02497864
0.02485418
0.02903438
0.02909207
0.02905130
0.02907944
0.02877617
0.02902818
0.02918267
0.02914166
0.02511573
0.02934051
0.02942681
0.02934575
0.02905130
0.02900052
0.02901959
0.02849030
0.02451563
0.02862120
0.02887630
0.02911901
0.02945662
0.02881217
0.02878165
0.03221750
0.02946281
0.02918625
0.02881742
0.03695083
0.02480555
0.02500296
0.02449059
0.02504802
0.02471924
0.02041197
0.02495146
0.02921271
0.02865529
0.02027774
0.02014637
0.01602983
0.02021337
0.02436686
0.02848458
0.02425241
0.01601505
0.02849126
0.02842641
0.02426672
0.02017808
0.02021098
0.02479839
0.02504015
0.02487445
0.02916670
0.02860212
0.02875829
0.02938557
0.02912474
0.02508759
0.01641035
0.01608801
0.02432871
0.02852201
0.02019238
0.01610970
0.02017570
0.01606774
0.02021360
0.02020025
0.01613474
0.02098179
0.02879357
0.02876973
0.02866149
0.02031684
0.01658034
0.01670122
0.02447033
0.02873468
0.02860212
0.02874994
0.02034974
0.01613903
0.02050447
0.02859235
0.02851534
0.02078986
0.01637363
0.01635146
0.02071595
0.02535248
0.02485418
0.02516699
0.02090955
0.01630020
0.02129149
0.02556753
0.02917957
0.02926517
0.02924919
0.02471399
0.01640415
0.01641226
0.01653123
0.01637006
0.02903771
0.02895427
0.02915573
0.02865362
0.02476549
0.01676869
0.02102470
0.02075863
0.02073765
0.02499270
0.02903199
0.02849674
0.02894235
0.02839804
0.02898717
0.02932644
0.02906728
0.02911067
0.02906227
0.02911782
0.02067041
0.01628637
0.01632643
0.01634526
0.01627851
0.02094531
0.02919340
0.02543998
0.01642585
0.01650214
0.02114463
0.02524781
0.02032661
0.01627445
0.01606083
0.01654482
0.01669168
0.01643252
0.01640105
0.01647592
0.01675940
0.01651382
0.01642919
0.01635003
0.01641107
0.01634145
0.01630449
0.01633334
0.01631999
0.01627612
0.01627779
0.01626539
0.01627588
0.01623774
0.01626372
0.01628613
0.01635027
0.01630330
0.01625395
0.01627421
0.01627254
0.01625347
0.01627016
0.01625872
0.01626587
0.01629663
0.01626253
0.01625967
0.01623893
0.01625514
0.01625514
0.01625633
0.01636958
0.01632071
0.01641750
0.01640391
0.01630569
0.01631212
0.01674151
0.01650333
0.01648307
0.01640511
0.01630998
0.01628017
0.01625514
0.01627970
0.01630163
0.01626205
0.01628232
0.01628327
0.01625252
0.01625848
0.01623058
0.01628971
0.01619244
0.01626062
0.01637483
0.01604581
0.01611590
0.01629019
0.01628923
0.01629758
0.01652956
0.01660061
0.01621032
0.01626348
0.01626229
0.01612544
0.01617122
0.01614904
0.01604104
0.01613474
0.01610351
0.01606035
0.01608801
0.02029753
0.01607943
0.01608968
0.01613069
0.01609755
0.02446914
0.02861524
0.02025723
0.01611757
0.01611352
0.01612782
0.01613712
0.01617432
0.02458191
0.02927542
0.02501869
0.01621747
0.01615191
0.02449250
0.02872968
0.02912903
0.02884102
0.02856159
0.02857780
0.02026558
0.02446389
0.02920461
0.02863598
0.02864361
0.01605821
0.01606131
0.02035117
0.02862883
0.02860904
0.02868485
0.02444029
0.02447367
0.02854037
0.02854466
0.02882910
0.02857208
0.02852583
0.02863503
0.02881718
0.02874446
0.02852941
0.02889132
0.02859259
0.02895427
0.02889013
0.02867627
0.02868056
0.02875638
0.02946210
0.02915716
0.03514004
0.03625035
0.03530669
0.03476548
0.02931547
0.02929187
0.02889419
0.02869272
0.02878451
0.02866459
0.03325438
0.03323936
0.03321671
0.03345346
0.03363252
0.02880502
0.02931595
0.02936292
0.02928233
0.02920723
0.02939558
0.02913761
0.02918243
0.03308225
0.03390956
0.03348351
0.03379464
0.03379345
0.03360152
0.03349662
0.02935243
0.02859926
0.02936316
0.02953911
0.02914548
0.02961802
0.03374553
0.02884030
0.02858019
0.02872348
0.02885342
0.02917838
0.02925944
0.02914310
0.02908301
0.02927494
0.02935648
0.02939939
0.02941251
0.02916956
0.02937555
0.02928710
0.02941370
0.02959895
0.02952003
0.02931070
0.02931476
0.02936339
0.02927899
0.02933884
