0.00124121
0.01605344
0.01612496
0.01622081
0.01609421
0.01609254
0.01616955
0.01613331
0.01609731
0.01596475
0.01614094
0.01776314
0.01615334
0.01816273
0.01811242
0.01828647
0.01628041
0.01625729
0.01610637
0.01607347
0.01588321
0.01590872
0.01592422
0.01590014
0.01589608
0.01592517
0.01595998
0.01590300
0.01591516
0.01587915
0.01588941
0.01593280
0.01590967
0.01590562
0.01592660
0.01592612
0.01599121
0.01604152
0.01594591
0.01622033
0.01629972
0.01645303
0.01618075
0.01596332
0.01593637
0.01592708
0.01593781
0.01596546
0.01595664
0.01615524
0.01619506
0.01622009
0.01612592
0.01613235
0.01615191
0.01629734
0.01638365
0.01627636
0.01621103
0.01613021
0.01607466
0.01609921
0.01608777
0.01610470
0.01607013
0.01605463
0.01604819
0.01607847
0.01628995
0.01656079
0.01632643
0.01623130
0.01608658
0.01609230
0.01625156
0.01607037
0.01616240
0.01611543
0.01613832
0.01613259
0.01609802
0.01639724
0.01614332
0.01623130
0.01612258
0.01621509
0.01612902
0.01592565
0.01627326
0.01622796
0.01630473
0.01632833
0.01631951
0.01624870
0.01627827
0.01612711
0.01612210
0.01589060
0.01624680
0.01643777
0.01603699
0.01628160
0.01647735
0.01647973
0.01631427
0.01635456
0.01637769
0.01666713
0.01698422
0.01657629
0.01633215
0.01662707
0.02154398
0.02224422
0.02212238
0.01814270
0.01990461
0.01991844
0.01811767
0.01986623
0.01816702
0.01611519
0.01597238
0.01614904
0.01624489
0.01624084
0.01622367
0.01624322
0.01617193
0.01614118
0.01638603
0.01638269
0.01614523
0.01613641
0.01611733
0.01612043
0.01613450
0.01627088
0.01630282
0.01629400
0.01622725
0.01625490
0.01625252
0.01612043
0.01612592
0.01622796
0.01635551
0.01622963
0.01618981
0.01636362
0.01637554
0.01619101
0.01618767
0.01616573
0.01618695
0.01631308
0.01640940
0.01647162
0.01615572
0.01636314
0.01625299
0.01627564
0.01611996
0.01627564
0.01655078
0.01644969
0.01635337
0.01622391
0.01613140
0.01635766
0.01612091
0.01607990
0.01611137
0.01609826
0.01607585
0.01618361
0.01617837
0.01621652
0.01619244
0.01610446
0.01604843
0.01624966
0.02029061
0.02329969
0.01680589
0.02177072
0.02157831
0.02168369
0.01929808
0.01682138
0.01647258
0.01657248
0.01665020
0.01629090
0.01610327
0.01613665
0.01631880
0.01624823
0.01609731
0.01609921
0.01608419
0.01605487
0.01604652
0.01607728
0.01611519
0.01613832
0.01664519
0.01638651
0.01642084
0.01645112
0.01635718
0.01628780
0.01622963
0.01624060
0.01628137
0.01615977
0.01615739
0.01618719
0.01614904
0.01625276
0.01631594
0.01622796
0.01620126
0.01613665
0.01626992
0.01633191
0.01646090
0.01628232
0.01623988
0.01630211
0.01627302
0.01625419
0.01619577
0.01593161
0.01602530
0.01610708
0.01607180
0.01615453
0.01616621
0.01624274
0.01630545
0.01623535
0.01620960
0.01612830
0.01606202
0.01609397
0.01610518
0.01613426
0.01627731
0.01634145
0.01619720
0.01629663
0.01624966
0.01627636
0.01621795
0.01594615
0.01605701
0.01603770
0.01594281
0.01650500
0.01709986
0.01646376
0.01616383
0.01607609
0.01599097
0.01596260
0.01593995
0.01609111
0.01609612
0.01609564
0.01611638
0.01616859
0.01624966
0.01625085
0.01614213
0.01612186
0.01613545
0.01623368
0.01609182
0.01597357
0.01596761
0.01597643
0.01600814
0.01616716
0.01617622
0.01598167
0.01591945
0.01596594
0.01603556
0.01604295
0.01598024
0.01776242
0.02153039
