0.00118327
0.01617050
0.01608396
0.01597619
0.01593161
0.01588964
0.01588964
0.01596689
0.01599741
0.01598716
0.01597667
0.01593709
0.01593423
0.01589012
0.01598191
0.01606727
0.01600575
0.01603365
0.01607513
0.01603532
0.01626611
0.01624155
0.01635933
0.01632547
0.01621795
0.01622367
0.01617789
0.01633358
0.01649714
0.01637483
0.01644206
0.01623201
0.01608920
0.01610613
0.01589131
0.01605868
0.01586533
0.01604271
0.01609421
0.01606655
0.01603293
0.01603556
0.01605225
0.01607633
0.01606035
0.01608253
0.01611137
0.01608849
0.01612186
0.01612186
0.01621246
0.01626205
0.01652861
0.01680923
0.01695561
0.01688576
0.01683974
0.01681423
0.01712918
0.01661038
0.01662064
0.01658654
0.01650381
0.01637197
0.01611185
0.01591015
0.01587796
0.01591253
0.01596880
0.01605606
0.01636124
0.01619530
0.01606822
0.01622796
0.01607585
0.01614857
0.01607370
0.01607418
0.01608276
0.01603198
0.01630306
0.01649928
0.01631546
0.01611614
0.01606226
0.01607704
0.01624417
0.01629734
0.01611710
0.01608872
0.01601672
0.01599526
0.01597977
0.01597023
0.01599050
0.01601958
0.01590466
0.01591444
0.01608849
0.01586413
0.01592922
0.01596451
0.01598191
0.01597714
0.01636577
0.01612067
0.01598811
0.01599240
0.01598883
0.01603222
0.01617050
0.01607084
0.01621962
0.01623631
0.01639986
0.01621962
0.01607442
0.01592326
0.01590705
0.01600909
0.01601791
0.01604891
0.01675749
0.01670003
0.01643133
0.01631856
0.01622629
0.01612163
0.01608539
0.01597238
0.01607490
0.01594019
0.01591039
0.01611829
0.01596332
0.01592278
0.01592636
0.01591539
0.01584601
0.01594734
0.01592660
0.01592135
0.01596284
0.01601839
0.01596212
0.01591277
0.01585770
0.01590490
0.01589870
0.01592612
0.01599693
0.01606297
0.01602554
0.01600504
0.01637101
0.01620317
0.01621151
0.01625395
0.01619363
0.01616859
0.01616955
0.01618099
0.01615882
0.01614165
0.01617908
0.01620722
0.01612139
0.01613474
0.01613665
0.01620221
0.01605797
0.01610470
0.01610398
0.01608300
0.01609397
0.01608443
0.01640606
0.01605892
0.01613832
0.01613283
0.01608133
0.01610088
0.01636338
0.01621652
0.01619267
0.01613188
0.01609492
0.01609302
0.01607037
0.01605272
0.01611233
0.01609015
0.01610231
0.01608181
0.01607251
0.01609802
0.01612735
0.01634073
0.01619411
0.01612139
0.01615977
0.01615977
0.01618886
0.01652265
0.01639748
0.01639485
0.01624966
0.01614285
0.01623774
0.01618266
0.01620793
0.01622534
0.01622033
0.01636338
0.01620603
0.01612091
0.01612282
0.01601386
0.01609063
0.01605415
0.01611853
0.01609063
0.01609039
0.01608253
0.01610398
0.01611233
0.01611781
0.01636624
0.01620841
0.01604366
0.01606131
0.01598620
0.01637149
0.01683950
0.01661873
0.01638389
0.01611233
0.01626205
0.01613832
0.01589727
0.01589584
0.01610494
0.01607895
0.01585484
0.01588917
0.01588345
0.01589704
0.01612067
0.01610875
0.01608348
0.01607370
0.01611590
0.01610041
0.01606774
0.01605797
0.01605034
0.01609159
0.01611018
0.01604104
0.01608419
0.01608539
0.01605368
0.01605034
0.01608419
0.01619983
0.01618814
0.01619411
0.01618052
0.01641750
0.01636982
0.01632738
0.01612520
0.01610279
0.01606607
0.01607537
0.01609015
0.01610231
0.01588368
0.01658750
0.01641297
0.01633549
0.01610470
0.01605177
0.01625490
0.01637769
0.01633692
0.01611829
0.01626849
0.01633692
0.01597118
0.01587129
0.01593399
0.01589513
0.01590300
0.01593733
0.01592040
0.01592088
0.01597333
0.01605916
0.01611567
0.01606369
0.01594186
0.01606941
0.01595736
0.01606989
0.01606393
0.01604629
0.01608109
0.01593685
0.01607251
0.01591468
0.01608753
0.01609898
0.01604438
0.01604843
0.01606798
0.01612711
0.01603866
0.01627541
0.01657581
0.01652074
0.01646185
0.01652765
0.01649046
0.01622510
0.01636815
0.01616907
0.01626277
0.01636982
0.01651669
0.01633215
0.01628208
0.01636028
0.01636696
0.01651859
0.01630211
0.01629758
0.01613569
0.01623201
0.01630187
0.01612854
0.01626825
0.01630235
0.01613402
0.01607728
0.01625752
0.01630592
0.01611733
0.01608896
0.01606655
0.01606631
0.01606846
0.01610589
0.01612067
0.01613092
0.01607466
0.01606631
0.01606131
0.01606274
0.01612997
0.01621723
0.01644611
0.01624727
0.01613879
0.01610994
0.01606202
0.01619673
0.01614809
0.01626968
0.01630259
0.01617527
0.01615381
0.01608825
0.01605129
0.01606393
0.01604104
0.01604056
0.01605344
0.01607704
0.01605034
0.01608586
0.01612163
0.01611352
0.01618814
0.01613688
0.01614165
0.01621699
0.01630878
0.01614428
0.01622200
0.01622725
0.01631308
0.01633501
0.01609111
0.01609325
0.01603580
0.01604652
0.01602411
0.01603603
0.01603842
0.01605773
0.01605725
0.01605320
0.01608825
0.01607943
0.01603341
0.01606011
0.01607895
0.01608872
0.01610422
0.01608133
0.01608157
0.01603293
0.01603746
0.01608038
0.01615095
0.01623487
0.01606297
0.01602221
0.01604438
0.01617789
0.01669073
0.01641488
0.01619983
0.01610065
0.01611757
0.01628423
0.01652145
0.01628518
0.01616406
0.01607347
0.01605797
0.01614761
0.01613760
0.01613402
0.01634645
0.01713681
0.01661587
0.01636553
0.01650548
0.01621938
0.01625252
0.01628447
0.01626301
0.01640201
0.01616406
0.01608896
0.01607203
0.01608205
0.01610231
0.01666307
0.01632595
0.01614761
0.01616240
0.01611924
0.01608920
0.01611114
0.01613784
0.01614070
0.01609874
0.01610184
0.01610184
0.01610184
0.01618409
0.01647162
0.01630592
0.01616788
0.01614022
0.01612234
0.01612568
0.01610255
0.01611161
0.01622581
0.01624370
0.01616406
0.01608610
0.01613092
0.01609707
0.01613307
0.01610303
0.01608038
0.01610208
0.01608109
0.01657557
0.01695538
0.01699734
0.01677394
0.01676893
0.01673007
0.01693583
0.01688552
0.01692867
0.01687169
0.01701117
0.01655340
0.01655149
0.01635623
0.01621222
0.01619959
0.01610899
0.01617146
0.01612306
0.01613784
0.01614690
0.01618409
0.01611686
0.01620483
0.01615262
0.01613307
0.01612687
0.01617789
0.01618743
0.01613045
0.01612663
0.01623631
0.01625180
0.01618147
0.01610637
0.01629853
0.01606393
0.01593494
0.01595116
0.01601958
0.01614237
0.01618648
0.01615310
0.01600647
0.01614833
0.01623249
0.01607490
0.01605344
0.01605058
0.01599264
0.01603293
0.01601553
0.01611781
0.01616359
0.01597929
0.01608300
0.01607847
0.01596332
0.01604843
0.01595902
0.01609397
0.01624990
0.01610875
0.01616597
0.01610017
0.01597285
0.01593423
0.01588392
0.01593614
0.01596475
0.01593900
0.01590967
0.01599312
0.01611018
0.01627779
0.01640916
0.01611447
0.01606202
0.01602817
0.01608062
0.01606441
0.01611590
0.01587009
0.01586032
0.01604581
0.01606345
0.01598954
0.01588488
0.01583338
0.01583409
0.01586008
0.01602340
0.01602983
0.01589131
0.01595140
0.01595044
0.01595187
0.01593924
0.01606536
0.01652622
0.01599574
0.01586199
0.01598048
0.01595902
0.01605296
0.01606941
0.01605678
0.01600122
0.01630545
0.01639199
0.01619673
0.01591873
0.01589537
0.01631021
0.01684356
0.01633453
0.01646948
0.01623631
0.01608038
