0.00138259
0.01593995
0.01599002
0.01589942
0.01581931
0.01591921
0.01628232
0.01599240
0.01599169
0.01593804
0.01585412
0.01580620
0.01577353
0.01577830
0.01580000
0.01574302
0.01580167
0.01583314
0.01591492
0.01579905
0.01585150
0.01604986
0.01625180
0.01612186
0.01599288
0.01598072
0.01600838
0.01587486
0.01596951
0.01606202
0.01582742
0.01598072
0.01595354
0.01590681
0.01593494
0.01598310
0.01589823
0.01583862
0.01584244
0.01590872
0.01584649
0.01686311
0.01651263
0.01619911
0.01610661
0.01595092
0.01581883
0.01579762
0.01580286
0.01575685
0.01589108
0.01594067
0.01590848
0.01597261
0.01587915
0.01594400
0.01602745
0.01584816
0.01584530
0.01630855
0.01637197
0.01600289
0.01600838
0.01606417
0.01602030
0.01593447
0.01609373
0.01600170
0.01594949
0.01596761
0.01580811
0.01577282
0.01615071
0.01637268
0.01604009
0.01584268
0.01585412
0.01579762
0.01580453
0.01578474
0.01578045
0.01579189
0.01583672
0.01585007
0.01578379
0.01579833
0.01584649
0.01577950
0.01578379
0.01580524
0.01576638
0.01578760
0.01575470
0.01575422
0.01575327
0.01580000
0.01585126
0.01594496
0.01598048
0.01585698
0.01578021
0.01580739
0.01591659
0.01604366
0.01606679
0.01591563
0.01584268
0.01584363
0.01580501
0.01596904
0.01602530
0.01584291
0.01584435
0.01581550
0.01582360
0.01585269
0.01580930
0.01579404
0.01577854
0.01579452
0.01577806
0.01578212
0.01579523
0.01580048
0.01577377
0.01578856
0.01578474
0.01576185
0.01580954
0.01589942
0.01574206
0.01573396
0.01572847
0.01582909
0.01588035
0.01594448
0.01579928
0.01579428
0.01580596
0.01582241
0.01577091
0.01617360
0.01681399
0.01606655
0.01584601
0.01582241
0.01583362
0.01577497
0.01581144
0.01579356
0.01576567
0.01575756
0.01573515
0.01578784
0.01584196
0.01591516
0.01592517
0.01582360
0.01583529
0.01586008
0.01581573
0.01577854
0.01578236
0.01590061
0.01589561
0.01590729
0.01587701
0.01580763
0.01580095
0.01583147
0.01626778
0.01611400
0.01622200
0.01632428
0.01633906
0.01643634
0.01622868
0.01617026
0.01629043
0.01626515
0.01614714
0.01622987
0.01623678
0.01612592
0.01592779
0.01581573
0.01578975
0.01583743
0.01603365
0.01599145
0.01592350
0.01584697
0.01584244
0.01583552
0.01590943
0.01620770
0.01595044
0.01584864
0.01580167
0.01580262
0.01580811
0.01580262
0.01581144
0.01580071
0.01578236
0.01580477
0.01579976
0.01581001
0.01590180
0.01577449
0.01588106
0.01595521
0.01599193
0.01591730
0.01591492
0.01611209
0.01591611
0.01583004
0.01581740
0.01580715
0.01577163
0.01577997
0.01578879
0.01586485
0.01601911
0.01587033
0.01585078
0.01586127
0.01580548
0.01580620
0.01585340
0.01586390
0.01589561
0.01605558
0.01605320
0.01597857
0.01588130
0.01590586
0.01581144
0.01581454
0.01596451
0.01612186
0.01594901
0.01582122
0.01583672
0.01604700
0.01631379
0.01606607
0.01598382
0.01596475
0.01582217
0.01583004
0.01578856
0.01664472
0.01656032
0.01640701
0.01622772
0.01616025
0.01607466
0.01609492
0.01610136
0.01609755
0.01611185
0.01641417
0.01628470
0.01619673
0.01610708
0.01621461
0.01653743
0.01662064
0.01657009
0.01653886
0.01654696
0.01661325
0.01686239
0.01662517
0.01667881
0.01664424
0.01669526
0.01666999
0.01643062
0.01627374
0.01594806
0.01584792
0.01589799
0.01586080
0.01599932
0.01604104
0.01592612
0.01586246
0.01581264
0.01590252
0.01583838
0.01579833
0.01580095
0.01580358
0.01584578
0.01580596
0.01585960
0.01593208
0.01600528
0.01594281
0.01582289
0.01583934
0.01592803
0.01584530
0.01585031
0.01583171
0.01595116
0.01598525
0.01586485
0.01581049
0.01592135
0.01594496
0.01584435
0.01640248
0.01666737
0.01614189
0.01590419
0.01585984
0.01596951
0.01619720
0.01617193
0.01589012
0.01585484
0.01584530
0.01587152
0.01582193
0.01600146
0.01606560
0.01613998
0.01609182
0.01604152
0.01604342
0.01601720
0.01605177
0.01590991
0.01585984
0.01582766
0.01589799
0.01596665
0.01587582
0.01579642
0.01577592
0.01586723
0.01591253
0.01617694
0.01618886
0.01591301
0.01584268
0.01590443
0.01598167
0.01584244
0.01583242
0.01592088
0.01609826
0.01596451
0.01582789
0.01600266
0.01600099
0.01630235
0.01600766
0.01602125
0.01624727
0.01612568
0.01592565
0.01593399
0.01601958
0.01599979
0.01600814
0.01593995
0.01589918
0.01585937
0.01580334
0.01583767
0.01583171
0.01581001
0.01582432
0.01583982
0.01594949
0.01580691
0.01584005
0.01585698
0.01578856
0.01583791
0.01586652
0.01584768
0.01582456
0.01582384
0.01580071
0.01583552
0.01588202
0.01588249
0.01597428
0.01585603
0.01579428
0.01583266
0.01581001
0.01590562
0.01587725
0.01587152
0.01581383
0.01577401
0.01579571
0.01581764
0.01598644
0.01601267
0.01587534
0.01591110
0.01582503
0.01584435
0.01586223
0.01588631
0.01588941
0.01584244
0.01584864
0.01579452
0.01578331
0.01581025
0.01601982
0.01615477
0.01594996
0.01583028
0.01606965
0.01585221
0.01581192
0.01581764
0.01598573
0.01597762
0.01579523
0.01580596
0.01581979
0.01608825
0.01635480
0.01633406
0.01590729
0.01586032
0.01587701
0.01588011
0.01583743
0.01582241
0.01602578
0.01607084
0.01588869
0.01586771
0.01586175
0.01584005
0.01583910
0.01582646
0.01584125
0.01584220
0.01585269
0.01590514
0.01587725
0.01584363
0.01581454
0.01584458
0.01580381
0.01585889
0.01578760
0.01701307
0.01666665
0.01626158
0.01772165
0.01651931
0.01625133
0.01623273
0.01612210
0.01611137
0.01606154
0.01607537
0.01602221
0.01594234
0.01587844
0.01582837
0.01594162
0.01588273
0.01582623
0.01579952
0.01585722
0.01579547
0.01582241
0.01586723
0.01588225
0.01584959
0.01587701
0.01582861
0.01584220
0.01581383
0.01581287
0.01582551
0.01591754
0.01591349
0.01587129
0.01581502
0.01581526
0.01587987
0.01591635
0.01581669
0.01582861
0.01587510
0.01639986
0.01639652
0.01593471
0.01588559
0.01588678
0.01589441
0.01585150
0.01586986
0.01586056
0.01586413
0.01593018
0.01604009
0.01590490
0.01587319
0.01589608
0.01586914
0.01581955
0.01581979
0.01584625
0.01587963
0.01585579
0.01584411
0.01601744
0.01623249
0.01615191
0.01600337
0.01610017
0.01608634
0.01601458
0.01597643
0.01609993
0.01614857
0.01601601
0.01584768
0.01582217
0.01581335
0.01579356
0.01583314
0.01591539
0.01584601
0.01582575
0.01589060
0.01579499
0.01582932
0.01585960
0.01611876
0.01602817
0.01586771
0.01587033
0.01612520
0.01624131
0.01620483
0.01601744
0.01604462
0.01596236
0.01611853
0.01617360
0.01623321
0.01607823
0.01644111
0.01639724
0.01675200
0.01637006
0.01678586
0.01651692
0.01643157
0.01667905
0.01667929
0.01658702
0.01754189
0.01697302
0.01672530
0.01736736
0.01657915
0.01704407
0.01713181
0.01668215
0.01676035
0.01680422
0.01644921
0.01638269
0.01639032
0.01629925
0.01647568
0.01623774
0.01604724
0.01613498
0.01612639
0.01627254
0.01669621
0.01694345
0.01700997
0.01659727
0.01681709
0.01645279
0.01675129
0.01656795
0.01699185
0.01678300
0.01712084
0.01657557
0.01659417
0.01687098
0.01658106
0.01673532
0.01646948
0.01682281
0.01651001
0.01745653
0.01681209
0.01680446
0.01676989
0.01644468
0.01679802
0.01648092
0.01699209
0.01641631
0.01690292
0.01651716
0.01685667
0.01660085
0.01655912
0.01667380
0.01649117
0.01667142
0.01643515
0.01689887
0.01647806
0.01665354
0.01643229
0.01691937
0.01645136
0.01692057
0.01654077
0.01677322
0.01660299
0.01674461
0.01634002
0.01681948
0.01792169
0.01713896
0.01685929
0.01677537
0.01703405
0.01658797
0.01642394
0.01636863
0.01643682
0.01661086
0.01662326
0.01652360
0.01609707
0.01596928
0.01603794
0.01589513
0.01609635
0.01610804
0.01593947
0.01594543
0.01586938
0.01591325
0.01592898
0.01589465
0.01597404
0.01587105
0.01584554
0.01587486
0.01593852
0.01589179
0.01591349
0.01594353
0.01596379
0.01590490
0.01623130
0.01623178
0.01626086
0.01685882
0.01662135
0.01647210
0.01623869
0.01604462
0.01596880
0.01595950
0.01631284
0.01609969
0.01651931
0.01657724
0.01621866
0.01596212
0.01590323
0.01596379
0.01600194
0.01590419
0.01658511
0.01665425
0.01629663
0.01647091
0.01617122
0.01602340
0.01610780
0.01601362
0.01610613
0.01666164
0.01706100
0.01704931
0.01664305
0.01661015
0.01645923
0.01639628
0.01636004
0.01634240
0.01642084
0.01643443
0.01637173
0.01661563
0.01632261
0.01644564
0.01698661
0.01665401
0.01657557
0.01649237
0.01656199
0.01647544
0.01640105
0.01630735
0.01634622
0.01658106
0.01658130
0.01653361
0.01651812
0.01641369
0.01639557
0.01599574
0.01585937
0.01588941
0.01605535
0.01625490
0.01626849
0.01616120
0.01598120
0.01611710
0.01627564
0.01608992
0.01647139
0.01638579
0.01624107
0.01635456
0.01612473
0.01613116
0.01607084
0.01607656
0.01608658
0.01618814
0.01686859
0.01703978
0.01699257
0.01712322
0.01717734
0.01693535
0.01740098
0.02075481
0.01650453
0.01638627
0.01636338
0.01640344
0.01636410
0.01628542
0.01596379
0.01589513
0.01644921
0.01699495
0.01646447
0.01638627
0.01608109
0.01588726
0.01592493
0.01689315
0.01752758
0.01783919
0.01696563
0.01671648
0.01685166
0.01686072
0.01691747
0.01667619
0.01668334
0.01673627
0.01667523
0.01708698
0.01686811
0.01693225
0.01770377
0.01669478
0.01746559
0.01686621
0.01671410
0.01684570
0.01664066
0.01699162
0.01644897
0.01664877
0.01643991
0.01646948
0.01614404
0.01592875
0.01591015
0.01591706
0.01601052
0.01594949
0.01594925
0.01597857
0.01648617
0.01621222
0.01665878
0.01743197
0.01683545
0.01644158
0.01703143
0.01681447
0.01687908
0.01663423
0.01672101
0.01691008
0.01651454
0.01674867
0.01650524
0.01656771
0.01639581
0.01656866
0.01657152
0.01654768
0.01640391
0.01666689
0.01652789
0.01704144
0.01640248
0.01684189
0.01634717
0.01673341
0.01635933
0.01676202
0.01680779
0.01679826
0.01640105
0.01679277
0.01631880
0.01618838
0.01652169
0.01657987
0.01624441
0.01614070
0.01614642
0.01615858
0.01615453
0.01625276
0.01614141
0.01600718
0.01589942
0.01590705
0.01613998
0.01595068
0.01594472
0.01592970
0.01605415
0.01619029
0.01606894
0.01633215
0.01603127
0.01628733
0.01607656
0.01601744
0.01586747
0.01580381
0.01584530
0.01584244
0.01584148
0.01582599
0.01587129
0.01594019
0.01601624
0.01628494
0.01593018
0.01610518
0.01606679
0.01603770
0.01600194
0.01611662
0.01616096
0.01615047
0.01604724
0.01601839
0.01617098
0.01629305
0.01643038
0.01615691
0.01664519
0.01631236
0.01688409
0.01614928
0.01639724
0.01620340
0.01636124
0.01621699
0.01614761
0.01613617
0.01623654
0.01624489
0.01622391
0.01622057
0.01618314
0.01611447
0.01614857
0.01615715
0.01606870
0.01616049
0.01620960
0.01612425
0.01616359
0.01612473
0.01613307
0.01616359
0.01665401
0.01679087
0.01665640
0.01672196
0.01664853
0.01659608
0.01629639
0.01625323
0.01634860
0.01615286
0.01608348
0.01608419
0.01616073
0.01627827
0.01611137
0.01617289
0.01663423
0.01654124
0.01616907
0.01626778
0.01614451
0.01622534
0.01617765
0.01649785
0.01694751
0.01692915
0.01652431
0.01636434
0.01637816
0.01653838
0.01645112
0.01647687
0.01648593
0.01649833
0.01639032
0.01639414
0.01654959
0.01674366
0.01654506
0.01658654
0.01626444
0.01596761
0.01593828
0.01588011
0.01587439
0.01589417
0.01600122
0.01594520
0.01587057
0.01587367
0.01586246
0.01596546
0.01594687
0.01586723
0.01585555
0.01591992
0.01596165
0.01595831
0.01587558
0.01589060
0.01584792
0.01583886
0.01581478
0.01582742
0.01584411
0.01582098
0.01585078
0.01584888
0.01592946
0.01591873
0.01589394
0.01591182
0.01588631
0.01586461
0.01586199
0.01592231
0.01600361
0.01597977
0.01593518
0.01593590
0.01591158
0.01593018
0.01587319
0.01589894
0.01585245
0.01586628
0.01585078
0.01584244
0.01588202
0.01592898
0.01589084
0.01589298
0.01590490
0.01593614
0.01603127
0.01612759
0.01603508
0.01607418
0.01618075
0.01686049
0.01707101
0.01680207
0.01700783
0.01646423
0.01690531
0.01709843
0.01716709
0.01716590
0.01800227
0.01760101
0.01718712
0.01741600
0.01747012
0.01642537
0.01765132
0.01669383
0.01673031
0.01680088
0.01657486
0.01711178
0.01643729
0.01701045
0.01650167
0.01741815
0.01636004
0.01686072
0.01636076
0.01715708
0.01698565
0.01652527
0.01694059
0.01654124
0.01680231
0.01655173
0.01715612
0.01651716
0.01697993
0.01659465
0.01677799
0.01666117
0.01647186
0.01645803
0.01761889
0.01663661
0.01796603
0.01689672
0.01777077
0.01774311
0.01766872
0.01777887
0.01645041
0.01676559
0.01647496
0.01740408
0.01654601
0.01742458
0.01636243
0.01610446
0.01600957
0.01592183
0.01593733
0.01590967
0.01589656
0.01588678
0.01593590
0.01597857
0.01599026
0.01614618
0.01632476
0.01629806
0.01629639
0.01631689
0.01610875
0.01592970
0.01592898
0.01591229
0.01591778
0.01595092
0.01596141
0.01598692
0.01588035
0.01593065
0.01594424
0.01593161
0.01598287
0.01596522
0.01599169
0.01603627
0.01592040
0.01589489
0.01589131
0.01596427
0.01585555
0.01597810
0.01603270
0.01593089
0.01598573
0.01607013
0.01608849
0.01646638
0.01624560
0.01605439
0.01600647
0.01600695
0.01604819
0.01609826
0.01598263
0.01596951
0.01594734
0.01603556
0.01607084
0.01590967
0.01620865
0.01717901
0.01630449
0.01614738
0.01727819
0.01631117
0.01609969
0.01621032
0.01619935
0.01629686
0.01741743
0.01732850
0.01617551
0.01755714
0.01618528
0.01731920
0.01625800
0.01741934
0.01726151
0.01617765
0.01660132
0.01641726
0.01646447
0.01620913
0.01604843
0.01618433
0.01610303
0.01610613
0.01619053
0.01596522
0.01713967
0.01594567
0.01597571
0.01657939
0.01873541
0.01611185
0.01717663
0.01727438
0.01692533
0.01690960
0.01709414
0.01707792
0.01707363
0.01727819
0.01719189
0.01730394
0.01732588
0.01718044
0.01730585
0.01820183
0.01708698
0.01707697
0.01697588
0.01806498
0.01713061
0.01726079
0.01808429
0.01699448
0.01703334
0.01725984
0.01711249
0.01702356
0.01699781
0.01700282
0.01700687
0.01720905
0.01826358
0.01808715
0.01792622
0.01931953
0.01935911
0.01767898
0.01700854
0.01800990
0.01807356
0.01816463
0.01801109
0.01798129
0.01722336
0.01802349
0.01810503
0.01796055
0.01794767
0.01875257
0.01806545
0.01802588
0.01801109
0.01814890
0.01821995
0.01800537
0.01703334
0.01801348
0.01799297
0.01793265
0.01702595
0.01720190
0.01752663
0.01719642
0.01832151
0.01782227
0.02020741
0.01986980
0.02041769
0.01829433
0.01966667
0.01814628
0.01822734
0.01833677
0.01831913
0.01840973
0.01818442
0.01769304
0.01811481
0.01706648
0.01797724
0.01803231
0.01802874
0.01807690
0.01808548
0.01815581
0.01703072
0.01809049
0.01822090
0.01819062
0.01719594
0.01842046
0.01841521
0.01826143
0.01723981
0.01729751
0.01720047
0.01739097
0.01739764
0.01729703
0.01750278
0.01734328
0.01752067
0.01842451
0.01824951
0.01729584
0.01838613
0.01728940
0.01754451
0.01733232
0.01719522
0.01854920
0.01754904
0.01746249
0.01755357
0.01857448
0.01853085
0.01804733
0.01903009
0.01755643
0.01734447
0.01740742
0.01739717
0.01636457
0.01737428
0.01700139
0.01714325
0.01705289
0.01727772
0.01837373
0.01703286
0.01858211
0.01746082
0.01825333
0.01724243
0.01714468
0.01713490
0.01721191
0.01711321
0.01714802
0.01739454
0.01729989
0.01731062
0.01739860
0.01711345
0.01721048
0.01699781
0.01693940
0.01699114
0.01710391
0.01700354
0.01695776
0.01714897
0.01712513
0.01703501
0.01698375
0.01698852
0.01702428
0.01701140
0.01694798
0.01591539
0.01594520
0.01711798
0.01720858
0.01707792
0.01696801
0.01593328
0.01699352
0.01586008
0.01588202
0.01636696
0.01798201
0.01653075
0.01751876
0.01626158
0.01763368
0.01747513
0.01627636
0.01611972
0.01599813
0.01596284
0.01603317
0.01619124
0.01602769
0.01591969
0.01589298
0.01600599
0.01607561
0.01595926
0.01596355
0.01590323
0.01593637
0.01592851
0.01715922
0.01599407
0.01594186
0.01604581
0.01617599
0.01618862
0.01609468
0.01604176
0.01609850
0.01610422
0.01592970
0.01595163
0.01599860
0.01609325
0.01608157
0.01611447
0.01602006
0.01605701
0.01597238
0.01588869
0.01605916
0.01618958
0.01613379
0.01600838
0.01607561
0.01622677
0.01613855
0.01606226
0.01593113
0.01594424
0.01600623
0.01607275
0.01599503
0.01707363
0.01699233
0.01731324
0.01724315
0.01747084
0.01715112
0.01740122
0.01750135
0.01730680
0.01704764
0.01705170
0.01717043
0.01843190
0.01835537
0.01808047
0.01805830
0.01810384
0.01801753
0.01800036
0.01808190
0.01795650
0.01806092
0.01797318
0.01793838
0.01809168
0.01804185
0.01804304
0.01795936
0.01810551
0.01827693
0.01871967
0.01938152
0.01800299
0.01712298
0.01842523
0.01819563
0.01801252
0.01805449
0.01806974
0.01930285
0.01910067
0.01899147
0.01912904
0.01931095
0.01919603
0.01902962
0.01810622
0.01812196
0.01918936
0.01909661
0.01921773
0.01904511
0.01901245
0.01907563
0.01893449
0.01914883
0.01913428
0.01905775
0.01920605
0.01929331
0.01944828
0.01925755
0.01925874
0.01931596
0.01925349
0.01930308
0.01914787
0.01915741
0.01920176
0.01918292
0.01937246
0.01939535
0.01990581
0.01926398
0.01925826
0.01942015
0.01912022
0.01910448
0.01902056
0.01906562
0.01937461
0.01929545
0.01921678
0.01906872
0.01906323
0.01916575
0.01914215
0.01904058
0.01905632
0.01906466
0.01905036
0.01918292
0.01903725
0.01904178
0.01935124
0.01910424
0.01917100
0.01916194
0.01910615
0.01909614
0.01905489
0.01927686
0.01936340
0.01917076
0.01911759
0.01921439
0.01931739
0.01923847
0.01930976
0.01937532
0.01944423
0.01944280
0.01931977
0.01932359
0.01919317
0.01902676
0.01905394
0.01902175
0.01909089
0.01953197
0.01910901
0.01912427
0.01901937
0.01902390
0.01955485
0.01917768
0.01919937
0.01905560
0.01938534
0.02008200
0.02053332
0.01924872
0.01930666
0.01926851
0.01950502
0.01904774
0.01904917
0.01902556
0.01891994
0.01896191
0.01903868
0.01894116
0.01891494
0.01917076
0.01926208
0.01915479
0.01907420
0.01902938
0.01899314
0.01907897
0.01916623
0.01901698
0.01895499
0.01892853
0.01899529
0.01897216
0.01901197
0.01914144
0.01929426
0.01946092
0.01952052
0.01911616
0.01899457
0.01924038
0.01918674
0.01898313
0.01901460
0.01894712
0.01897454
0.01904225
0.01961279
0.02148724
0.01929069
0.01908755
0.01917624
0.01911616
0.01899123
0.01898837
0.01894450
0.01903844
0.01953554
0.01910353
0.01907921
0.01904488
0.01897216
0.01893210
0.01896358
0.01896572
0.01892829
0.01891494
0.01898885
0.01893067
0.01941395
0.01907492
0.01898766
0.01896596
0.01898193
0.01892567
0.01888037
0.01886559
0.01891613
0.01894021
0.01894641
0.01898193
0.01903772
0.01897359
0.01899290
0.01914358
0.01909614
0.01915812
0.01904798
0.01987743
0.01975393
0.01933193
0.01919985
0.01901889
0.01904416
0.01898217
0.01900125
0.01897502
0.01897526
0.01896381
0.01943016
0.02116394
0.01835489
0.01905417
0.01908803
0.01798105
0.01797891
0.01798368
0.01814055
0.01803422
0.01801562
0.01837111
0.01813865
0.01797390
0.01796126
0.01798201
0.01792145
0.01792765
0.01790261
0.01900434
0.01792264
0.01906490
0.01903749
0.01897764
0.01900840
0.01906300
0.01932454
0.01928043
0.01909184
0.01903772
0.01907563
0.01899409
0.01900625
0.01897430
0.01897836
0.01901293
0.01912689
0.01903296
0.01903129
0.01908588
0.01925707
0.01931453
0.01937604
0.01975799
0.01864529
0.01928902
0.01799798
0.01916051
0.01840043
0.01817656
0.01798034
0.01800585
0.01875138
0.02003837
0.01834536
0.01828909
0.01838255
0.01855111
0.01836085
0.01828885
0.01819253
0.01868773
0.01643705
0.01752186
0.01728582
0.01812601
0.01889062
0.01811528
0.01805043
0.01818752
0.01823950
0.01810861
0.01808548
0.01805377
0.01807451
0.01806688
0.01822734
0.01815224
0.01720309
0.01723647
0.01611280
0.01610065
0.01620865
0.01606202
0.01613307
0.01609826
0.01611042
0.01609755
0.01617575
0.01624227
0.01617551
0.01612616
0.01602936
0.01632094
0.01633167
0.01629567
0.01648355
0.01637745
0.01651931
0.01626205
0.01625299
0.01617360
0.01612949
0.01613903
0.01613235
0.01611710
0.01597738
0.01595402
0.01602936
0.01621819
0.01613879
0.01614809
0.01611090
0.01619649
0.01614690
0.01739836
0.01739955
0.01742029
0.01736498
0.01734710
0.01732445
0.01837778
0.01828051
0.01823211
0.01828027
0.01933193
0.01966381
0.01932812
0.01951098
0.01944113
0.01921892
0.01929235
0.01932263
0.01924467
0.01935291
0.01834559
0.01925588
0.01929927
0.01952076
0.01914358
0.01903057
0.01950645
0.01912928
0.01907349
0.01925373
0.01911998
0.01911306
0.01801324
0.01849937
0.01837134
0.01833129
0.01820564
0.01814985
0.01816702
0.01818919
0.01817226
0.01800299
0.01792026
0.01788568
0.01791453
0.01847506
0.01998544
0.01819301
0.01803017
0.01797700
0.01798606
0.01789713
0.01817942
0.01798630
0.01795888
0.01799703
0.01807284
0.01866770
0.01806116
0.01812005
0.01807904
0.01829672
0.01951575
0.01823401
0.01818895
0.01821661
0.01826763
0.01831079
0.01735950
0.01829648
0.01745272
0.01824450
0.01733875
0.01744032
0.01731944
0.01765847
0.01725793
0.01719046
0.01733160
0.01722598
0.01737165
0.01757479
0.01738644
0.01834249
0.01735854
0.01721406
0.01731086
0.01731253
0.01754117
0.01749825
0.01746583
0.01705503
0.01734066
0.01737070
0.01747108
0.01775837
0.01631331
0.01782107
0.01734829
0.01745081
0.01763368
0.01740193
0.01737452
0.01703691
0.01595020
0.01718831
0.01607561
0.01707315
0.01624417
0.01627874
0.01627874
0.01599908
0.01590776
0.01597381
0.01622605
0.01619339
0.01618099
0.01621985
0.01612329
0.01616526
0.01629543
0.01634264
0.01628685
0.01622915
0.01625085
0.01625419
0.01634169
0.01645446
0.01622033
0.01619864
0.01617980
0.01605749
0.01597166
0.01600814
0.01588488
0.01585698
0.01584148
0.01590610
0.01600361
0.01599240
0.01589918
0.01585436
0.01588368
0.01594186
0.01603985
0.01597691
0.01596117
0.01594019
0.01606345
0.01609492
0.01597309
0.01599407
0.01591134
0.01590776
0.01590538
0.01594591
0.01599383
0.01587677
0.01601863
0.01600242
0.01587820
0.01587272
0.01596427
0.01598358
0.01599121
0.01626778
0.01622272
0.01614642
0.01627064
0.01613784
0.01612544
0.01612067
0.01606345
0.01605320
0.01608133
0.01616192
0.01605272
0.01606679
0.01611423
0.01615191
0.01624727
0.01626372
0.01636696
0.01615906
0.01643968
0.01618457
0.01627183
0.01610732
0.01639271
0.01615787
0.01641059
0.01608729
0.01633215
0.01607871
0.01733685
0.01722121
0.01729703
0.01730204
0.01729083
0.01732945
0.01725292
0.01722527
0.01724982
0.01789570
0.01669621
0.01648116
0.01683760
0.01658797
0.01635933
0.01678538
0.01661205
0.01652884
0.01658678
0.01657629
0.01673651
0.01662111
0.01653099
0.01666236
0.01658869
0.01658320
0.01652288
0.01650095
0.01649809
0.01656318
0.01647329
0.01644135
0.01646972
0.01655602
0.01661325
0.01658201
0.01652884
0.01660204
0.01651049
0.01651359
0.01652575
0.01656628
0.01656651
0.01650310
0.01631165
0.01623797
0.01630282
0.01623464
0.01607275
0.01651287
0.01634765
0.01624942
0.01621294
0.01611853
0.01617169
0.01618981
0.01617002
0.01617837
0.01620245
0.01633859
0.01631427
0.01647663
0.01636910
0.01619720
0.01613188
0.01594567
0.01599455
0.01610851
0.01605129
0.01588726
0.01588893
0.01588607
0.01668453
0.01623368
0.01596832
0.01601291
0.01594853
0.01587176
0.01593018
0.01587486
0.01585245
0.01582623
0.01589775
0.01587105
0.01597381
0.01610637
0.01597309
0.01601863
0.01595569
0.01608491
0.01670098
0.01634693
0.01616693
0.01616025
0.01729798
0.01612520
0.01734734
0.01728249
0.01724172
0.01794577
0.01942587
0.01795483
0.01781273
0.01779866
0.01783323
0.01794744
0.01820850
0.02014279
0.01847887
0.01813602
0.01845074
0.01896644
0.01987553
0.01918697
0.01885223
0.01831198
0.01956511
0.02055717
0.01849532
0.01956606
0.02139735
0.01904678
0.01898289
0.02430701
0.01840925
0.01896882
0.01750088
0.01873827
0.01832080
0.01889491
0.01966310
0.01807070
0.01815176
0.01822591
0.01840758
0.01838827
0.01824069
0.01830196
0.01818800
0.01922226
0.01829886
0.01826859
0.01916313
0.01916909
0.01803708
0.01813579
0.01810360
0.01810026
0.01810670
0.01827478
0.01812720
0.01925683
0.01917124
0.01840258
0.01819301
0.01815891
0.01712561
0.01821613
0.01721144
0.01714587
0.01735377
0.01768899
0.01717830
0.01714253
0.01724768
0.01710629
0.01714277
0.01714969
0.01718521
0.01719189
0.01611972
0.01605844
0.01718211
0.01822352
0.01703119
0.01823640
0.01736856
0.01709151
0.01607752
0.01600099
0.01609492
0.01609063
0.01631427
0.01634288
0.01615477
0.01602650
0.01605773
0.01609778
0.01614952
0.01667380
0.01643658
0.01619911
0.01600933
0.01609945
0.01611233
0.01609325
0.01601696
0.01587105
0.01581049
0.01589847
0.01600885
0.01597905
0.01597047
0.01599789
0.01639724
0.01676750
0.01692367
0.01690745
0.01685381
0.01666951
0.01686907
0.01677656
0.01696372
0.01673985
0.01639009
0.01632905
0.01670218
0.01637411
0.01620030
0.01608181
0.01601791
0.01618958
0.01605487
0.01602292
0.01610851
0.01616096
0.01616287
0.01641774
0.01621723
0.01590514
0.01585984
0.01584840
0.01597404
0.01602507
0.01593161
0.01587772
0.01584077
0.01582146
0.01580620
0.01580858
0.01587415
0.01597476
0.01619601
0.01623821
0.01593971
0.01586819
0.01586699
0.01580501
0.01580811
0.01585913
0.01585007
0.01580715
0.01589799
0.01594448
0.01580644
0.01583147
0.01581812
0.01602125
0.01612306
0.01594734
0.01586032
0.01586628
0.01581693
0.01611066
0.01615763
0.01645803
0.01638150
0.01595879
0.01591349
0.01592588
0.01592135
0.01589942
0.01641655
0.01609063
0.01591253
0.01583076
0.01606798
0.01684260
0.01700640
0.01632667
0.01630926
0.01633716
0.01598096
0.01596570
0.01601195
0.01591420
0.01590586
0.01583147
0.01605225
0.01621437
0.01601744
0.01598048
0.01628876
0.01633358
0.01603699
0.01584387
0.01583695
0.01585460
0.01587677
0.01590991
0.01623702
0.01636600
0.01664519
0.01639962
0.01629806
0.01616478
0.01633477
0.01654363
0.01657319
0.01636338
0.01619482
0.01628280
0.01650357
0.01633739
0.01617742
0.01612353
0.01619077
0.01633644
0.01699686
0.01656413
0.01633143
0.01597047
0.01605368
0.01612020
0.01598191
0.01599169
0.01583576
0.01583290
0.01584053
0.01590776
0.01584888
0.01584291
0.01667690
0.01658320
0.01601958
0.01604414
0.01599026
0.01585460
0.01585150
0.01584601
0.01580620
0.01578593
0.01576614
0.01581860
0.01584530
0.01589108
0.01581001
0.01607704
0.01657701
0.01605678
0.01588535
0.01587677
0.01595879
0.01648450
0.01641178
0.01592684
0.01586556
0.01586318
0.01581120
0.01579571
0.01578927
0.01595449
0.01596022
0.01593256
0.01593065
0.01586962
0.01584983
0.01628208
0.01630354
0.01624680
0.01600313
0.01588821
0.01588273
0.01590014
0.01584196
0.01584840
0.01578856
0.01612282
0.01617312
0.01587009
0.01582074
0.01587081
0.01586986
0.01620269
0.01605582
0.01592612
0.01591730
0.01587319
0.01586175
0.01584172
0.01582646
0.01583242
0.01586699
0.01583433
0.01582241
0.01583076
0.01586294
0.01580143
0.01585388
0.01584291
0.01582336
0.01581788
0.01581192
0.01585722
0.01614833
0.01612282
0.01589608
0.01613855
0.01632857
0.01589537
0.01585770
0.01601148
0.01606822
0.01584601
0.01584697
0.01579785
0.01587296
0.01583791
0.01588440
0.01624656
0.01601934
0.01583624
0.01612377
0.01624107
0.01594687
0.01589990
0.01585078
0.01584435
0.01587415
0.01608968
0.01602292
0.01588917
0.01582003
0.01583576
0.01583529
0.01586604
0.01608324
0.01657701
0.01609159
0.01591468
0.01584268
0.01588607
0.01602125
0.01606250
0.01594353
0.01601124
0.01586199
0.01589203
0.01617956
0.01587343
0.01583552
0.01587248
0.01585197
0.01586771
0.01602149
0.01614809
0.01604390
0.01583123
0.01587272
0.01583743
0.01590514
0.01584101
0.01594949
0.01600575
0.01592588
0.01584935
0.01599860
0.01616526
0.01602244
0.01596212
0.01584458
0.01591635
0.01607490
0.01587033
0.01585603
0.01587892
0.01582932
0.01583719
0.01585579
0.01583958
0.01584649
0.01587725
0.01592612
0.01606059
0.01600671
0.01591516
0.01597977
0.01586938
0.01587749
0.01590085
0.01610088
0.01646972
0.01596165
0.01587176
0.01587296
0.01581955
0.01599193
0.01622343
0.01600575
0.01590824
0.01588368
0.01589298
0.01583982
0.01583338
0.01587605
0.01592970
0.01582599
0.01583219
0.01583552
0.01582742
0.01586127
0.01583052
0.01584697
0.01580310
0.01586246
0.01591229
0.01587415
0.01585650
0.01588988
0.01581836
0.01582193
0.01590896
0.01587343
0.01584220
0.01590419
0.01587319
0.01617718
0.01642776
0.01617265
0.01594257
0.01588368
0.01585627
0.01601052
0.01662803
0.01649904
0.01601410
0.01593208
0.01586866
0.01704788
0.01692867
0.01700282
0.01694894
0.01699543
0.01704168
0.01791430
0.01962328
0.01793170
0.01766968
0.01754427
0.01734591
0.01702118
0.01586485
0.01624346
0.01593304
0.01585650
0.01637292
0.01649308
0.01722693
0.01702976
0.01702881
0.01702166
0.01711226
0.01697755
0.01689792
0.01696086
0.01704288
0.01802421
0.01695299
0.01702476
0.01692438
0.01792979
0.01799226
0.01728249
0.01741672
0.01807809
0.01697159
0.01704144
0.01831722
0.01804590
0.01791668
0.01930308
0.01921344
0.01899099
0.02032590
0.02048779
0.02065945
0.02070665
0.02045822
0.02040339
0.02040577
0.01899147
0.01897502
0.01893783
0.01952100
0.01829410
0.01953316
0.01823711
0.01958942
0.01964402
0.01948786
0.01927733
0.01936388
0.01913571
0.01930237
0.02080178
0.02069378
0.01950455
0.02120781
0.02069044
0.02048445
0.01908135
0.01912570
0.01803589
0.01908851
0.01799655
0.01896501
0.01898980
0.01896954
0.01898170
0.01898313
0.01899862
0.01905560
0.01965427
0.01941609
0.01977944
0.01914454
0.01903129
0.01910448
0.01917481
0.02033639
0.01824021
0.01935077
0.01929808
0.01913238
0.01915979
0.01935577
0.01928496
0.01959419
0.01906013
0.01898479
0.01899099
0.01916480
0.01927161
0.01896882
0.01916599
0.01863647
0.02053952
0.01999092
0.01889348
0.01949310
0.01938105
0.01939678
0.01934409
0.01983070
0.01971221
0.01990271
0.01965761
0.01941752
0.01925445
0.01922226
0.01949358
0.01933360
0.01950264
0.01954913
0.01921368
0.01847029
0.01877189
0.01941633
0.01800346
0.01798892
0.01797581
0.01820707
0.01829863
0.01923108
0.01925755
0.01940656
0.01982737
0.02150822
0.02132130
0.02150750
0.02242422
0.02238846
0.02217484
0.02182031
0.02005768
0.01999378
0.01976395
0.02118039
0.02279425
0.02033091
0.02032185
0.02035427
0.02143002
0.02128768
0.02158451
0.02164435
0.02136397
0.02127814
0.01985598
0.02157855
0.02173829
0.02150106
0.02120924
0.02142692
0.02157688
0.02124476
0.02122116
0.02134323
0.02142310
0.02163100
0.02122545
0.02123332
0.02151084
0.02158833
0.02162266
0.02201605
0.01973033
0.01939464
0.01932740
0.01921535
0.01927996
0.01974440
0.02009869
0.02042675
0.02130914
0.02021027
0.02077007
0.02006888
0.02121973
0.02107501
0.02040291
0.02058434
0.02016521
0.02006602
0.02068210
0.02004409
0.01897740
0.01924753
0.01919961
0.01914692
0.01890397
0.01914835
0.01857209
0.01912928
0.01913953
0.01880622
0.01934457
0.01885295
0.01861358
0.01881170
0.01930118
0.01889586
0.01974583
0.01970696
0.01941824
0.01904774
0.01877522
0.01849198
0.01860785
0.01901293
0.01945782
0.01772833
0.01899171
0.01759362
0.01893759
0.01919341
0.01897597
0.01880646
0.01857042
0.01825070
0.01818085
0.01721311
0.01837134
0.01849461
0.01837754
0.01825619
0.01827788
0.01822591
0.01834917
0.01829433
0.01715922
0.01726341
0.01724267
0.01714110
0.01704597
0.01702237
0.01710320
0.01697969
0.01699090
0.01700449
0.01702881
0.01698661
0.01699710
0.01704192
0.01703882
0.01699138
0.01695609
0.01771426
0.01707506
0.01705837
0.01714277
0.01700711
0.01700258
0.01699734
0.01694274
0.01708770
0.01699185
0.01699328
0.01707172
0.01696348
0.01708674
0.01803875
0.01791000
0.01697540
0.01694226
0.01702642
0.01704383
0.01694655
0.01692200
0.01692152
0.01691985
0.01584601
0.01695681
0.01583242
0.01697206
0.01593018
0.01698780
0.01698470
0.01592278
0.01590395
0.01586223
0.01703191
0.01592994
0.01588154
0.01706815
0.01696277
0.01585841
0.01593399
0.01620340
0.01607728
0.01606941
0.01613760
0.01678729
0.01656651
0.01624894
0.01609445
0.01610875
0.01612854
0.01609540
0.01627374
0.01613832
0.01623082
0.01613092
0.01613092
0.01611328
0.01627135
0.01641893
0.01652598
0.01622605
0.01612544
0.01609612
0.01606226
0.01608491
0.01598430
0.01606488
0.01609969
0.01623368
0.01615810
0.01617980
0.01631284
0.01610518
0.01605844
0.01606631
0.01609993
0.01604033
0.01621270
0.01608801
0.01612782
0.01608109
0.01604843
0.01634192
0.01610017
0.01608872
0.01607871
0.01607513
0.01621675
0.01629472
0.01614404
0.01617742
0.01615977
0.01608515
0.01621032
0.01606297
0.01614022
0.01608324
0.01599479
0.01599050
0.01605964
0.01609659
0.01611066
0.01592755
0.01589394
0.01586366
0.01586699
0.01581764
0.01585865
0.01708746
0.01598215
0.01586485
0.01586628
0.01715469
0.01595521
0.01591134
0.01608872
0.01594257
0.01596379
0.01608038
0.01609302
0.01598525
0.01596904
0.01595545
0.01591396
0.01595616
0.01640439
0.01654124
0.01604056
0.01593089
0.01586032
0.01586080
0.01589131
0.01591921
0.01590323
0.01593733
0.01589298
0.01587367
0.01589465
0.01588345
0.01585269
0.01586556
0.01599979
0.01611185
0.01591682
0.01587415
0.01583576
0.01587892
0.01614833
0.01605225
0.01594067
0.01591063
0.01594567
0.01594567
0.01587462
0.01589084
0.01589060
0.01591396
0.01591730
0.01604390
0.01609564
0.01591563
0.01590610
0.01587605
0.01591635
0.01589751
0.01595044
0.01587605
0.01588368
0.01585674
0.01591349
0.01587462
0.01702285
0.01700091
0.01697493
0.01595974
0.01718283
0.01696897
0.01704693
0.01705241
0.01702189
0.01696849
0.01705647
0.01690292
0.01693869
0.01703405
0.01701355
0.01728821
0.01725554
0.01707673
0.01719522
0.01702881
0.01707387
0.01716971
0.01705194
0.01699972
0.01708555
0.01704788
0.01696944
0.01700640
0.01697636
0.01691556
0.01698422
0.01696301
0.01706338
0.01695275
0.01707983
0.01729512
0.01727509
0.01705480
0.01705503
0.01709580
0.01702976
0.01593018
0.01699519
0.01595974
0.01601100
0.01596355
0.01593184
0.01594567
0.01720142
0.01686287
0.01664972
0.01601100
0.01594901
0.01585388
0.01587224
0.01592731
0.01590872
0.01594186
0.01594615
0.01597738
0.01600480
0.01704788
0.01601744
0.01745868
0.01636791
0.01734638
0.01714563
0.01706910
0.01716852
0.01721501
0.01698661
0.01704693
0.01697469
0.01607561
0.01726627
0.01701927
0.01698995
0.01690698
0.01702833
0.01698065
0.01698256
0.01705480
0.01694489
0.01694822
0.01706028
0.01596451
0.01587510
0.01588106
0.01587701
0.01588655
0.01587200
0.01587510
0.01592398
0.01704526
0.01705694
0.01713729
0.01701093
0.01699400
0.01699281
0.01695895
0.01701283
0.01712680
0.01719213
0.01723385
0.01825547
0.01827264
0.01817107
0.01906800
0.01900840
0.01907325
0.01901364
0.01904345
0.01955390
0.01905155
0.01903033
0.01922655
0.01935983
0.01959872
0.01915312
0.01894808
0.01911235
0.01935601
0.01924396
0.01913047
0.01915503
0.01973271
0.01945686
0.01950312
0.01903319
0.01917577
0.01919794
0.01895714
0.01898408
0.01896143
0.01900601
0.01909161
0.01905417
0.01903629
0.01904774
0.01913190
0.01934600
0.01913428
0.01905346
0.01910567
0.01904988
0.01900601
0.01906872
0.01908374
0.01910019
0.01904440
0.01907086
0.01900005
0.01909733
0.01937461
0.01924348
0.01903009
0.01896977
0.01896238
0.01953554
0.02148986
0.02118826
0.02267718
0.02129006
0.02129984
0.02144146
