0.00150084
0.01967859
0.01943111
0.01903605
0.01905847
0.01894855
0.01900101
0.01899719
0.01896310
0.01896596
0.01896071
0.01901269
0.01894879
0.01896310
0.01896691
0.01902914
0.01909208
0.01903248
0.01934838
0.01899433
0.01903939
0.01896572
0.01899672
0.01900530
0.01898861
0.01909447
0.01905823
0.01911020
0.01913977
0.01907897
0.01903582
0.01923347
0.01911855
0.01899695
0.01897407
0.01906562
0.01892757
0.01906466
0.01898932
0.01915216
0.01939631
0.02013183
0.01910853
0.01907063
0.01907301
0.01903892
0.01900434
0.01914430
0.01909137
0.01906013
0.01912570
0.01945353
0.01912355
0.02035928
0.01937580
0.01923871
0.01896691
0.01902008
0.01911998
0.01934218
0.01913929
0.01908946
0.01913953
0.01902175
0.01901102
0.01901793
0.01900053
0.01908565
0.01916242
0.01936412
0.01910710
0.01920056
0.01929235
0.01910543
0.01904178
0.01896620
0.01902986
0.01902318
0.01908135
0.01918793
0.01912570
0.01902723
0.01900578
0.01905155
0.01900244
0.01895976
0.01901364
0.01904035
0.01895404
0.01900268
0.01905465
0.01903796
0.01906681
0.01900434
0.01907396
0.01901340
0.01909971
0.01900029
0.01906562
0.01901340
0.01900363
0.01897120
0.01915312
0.01925278
0.02020860
0.01911950
0.01898885
0.01899362
0.01901293
0.01902723
0.01895857
0.01898861
0.01900196
0.01899886
0.01902008
0.01899910
0.01903391
0.01902318
0.01896405
0.01903486
0.01914024
0.01904106
0.01909566
0.01911211
0.01927900
0.01909208
0.01902866
0.01899648
0.01897001
0.01916122
0.01912117
0.01912999
0.01901531
0.01803923
0.01811814
0.01799965
0.01796985
0.01802063
0.01791501
0.01795626
0.01897335
0.01788902
0.01791477
0.01799917
0.01809478
0.01831579
0.01725340
0.01814318
0.01805568
0.01694059
0.01807237
0.01695776
0.01793957
0.01798105
0.01799035
0.01802087
0.01976752
0.01948547
0.01914263
0.01908517
0.01903367
0.01900578
0.01892328
0.01896524
0.01894331
0.01908875
0.01911378
0.01905346
0.01898813
0.01899838
0.01892638
0.01902366
0.01901507
0.01907587
0.01927090
0.01904130
0.01911426
0.01905584
0.01896024
0.01895356
0.01894712
0.01900125
0.01907539
0.01914668
0.01798391
0.01896191
0.01792836
0.01792645
0.01789832
0.01915812
0.01894498
0.01827335
0.01794219
0.01792669
0.01804328
0.01793432
0.01802683
0.01909304
0.01905537
0.01906013
0.01899314
0.01898050
0.01900554
0.01906228
0.01896620
0.01894951
0.01899314
0.01896548
0.01899481
0.01997280
0.01921749
0.01898551
0.01789641
0.01791334
0.01794815
0.01814723
0.01828408
0.01814580
0.01809883
0.01799703
0.01794600
0.01798153
0.01794243
0.01795244
0.01791382
0.01802540
0.01833177
0.01933861
0.01917219
0.01915598
0.01905322
0.01901197
0.01904035
0.01899338
0.01903367
0.01912451
0.01940465
0.01905298
0.01902676
0.01898026
0.01900601
0.01897073
0.01903605
0.01899505
0.01903868
0.01893783
0.01936245
0.02133894
0.02145505
0.02116895
0.02127647
0.02124429
0.02105212
0.02132082
0.01963162
0.01963854
0.01958108
0.01954722
0.01955462
0.01950240
0.01924300
0.01902699
0.01895666
0.01895618
0.01894975
0.01895547
0.01902151
0.01912308
0.01903653
0.01906204
0.01896000
0.01897979
0.01895118
0.01898670
0.01906371
0.01896811
0.01901317
0.01903677
0.01919508
0.01917648
0.01909041
0.01907015
0.01908994
0.01902270
0.01911902
0.01911330
0.01903129
0.01901150
0.01916599
0.01914096
0.01899767
0.01901412
0.01897550
0.01893616
0.01894712
0.01901889
0.01900625
0.01905799
0.01900458
0.01908135
0.01906300
0.01974487
0.01921082
0.01909184
0.01904511
0.01909232
0.01899409
0.01908898
0.01917100
0.01925206
0.01908350
0.02155805
0.01954579
0.01918149
0.01912284
0.01917195
0.01926208
0.01939845
0.01904440
0.01921725
0.01906085
0.01902509
0.01903987
0.01899695
0.01898265
0.01895261
0.01897025
0.01898360
0.01890850
0.01900601
0.01913142
0.01913524
0.01913047
0.01803589
0.01797819
0.01801181
0.01825047
0.01797843
0.01796961
0.01798081
0.01795912
0.01796436
0.01797795
0.01903057
0.01904273
0.01901317
0.01902556
0.01900053
0.01901722
0.01794529
0.01829672
0.01709819
0.01694870
0.01585698
0.01592779
0.01591897
0.01591063
0.01595068
0.01593685
0.01588607
0.01588249
0.01587296
0.01607704
0.01611900
0.01592135
0.01587176
0.01591611
0.01586342
0.01586485
0.01585650
0.01583433
0.01583219
0.01584077
0.01606178
0.01620722
0.01595521
0.01589894
0.01583314
0.01581645
0.01583171
0.01586175
0.01586771
0.01589227
0.01586437
0.01587439
0.01587081
0.01586723
0.01591802
0.01602054
0.01603079
0.01593542
0.01598096
0.01596141
0.01595664
0.01603460
0.01593900
0.01588249
0.01585340
0.01592302
0.01591420
0.01588941
0.01585793
0.01590490
0.01585317
0.01586294
0.01590824
0.01586342
0.01588583
0.01585746
0.01593876
0.01590037
0.01586556
0.01584458
0.01591301
0.01589108
0.01588869
0.01596975
0.01601696
0.01584792
0.01586556
0.01592064
0.01585937
0.01583362
0.01601529
0.01624942
0.01633334
0.01623726
0.01601386
0.01586533
0.01582479
0.01585364
0.01585460
0.01585865
0.01582360
0.01585174
0.01583529
0.01585722
0.01584482
0.01590943
0.01615000
0.01606226
0.01603365
0.01611972
0.01597333
0.01593280
0.01584816
0.01584625
0.01584935
0.01589680
0.01585650
0.01596856
0.01609898
0.01599646
0.01595020
0.01595497
0.01611638
0.01600218
0.01586175
0.01589847
0.01588893
0.01597738
0.01604295
0.01606512
0.01591778
0.01604033
0.01607800
0.01586556
0.01587391
0.01588440
0.01586580
0.01602864
0.01607060
0.01588225
0.01589894
0.01591015
0.01608872
0.01613927
0.01615858
0.01592541
0.01590252
0.01592708
0.01591277
0.01589108
0.01588202
0.01587462
0.01608920
0.01611519
0.01603985
0.01667476
0.01678085
0.01609015
0.01588202
0.01591206
0.01588440
0.01590085
0.01588678
0.01585174
0.01596165
0.01597428
0.01588464
0.01590562
0.01584744
0.01583529
0.01590586
0.01589632
0.01588440
0.01585078
0.01583219
0.01584291
0.01715970
0.01586437
0.01583791
0.01705027
0.01643991
0.01623416
0.01634336
0.01639414
0.01629686
0.01613498
0.01614857
0.01596212
0.01588345
0.01693630
0.01696086
0.01697731
0.01689768
0.01688862
0.01695490
0.01695609
0.01693320
0.01698971
0.01689672
0.01695824
0.01700401
0.01697254
0.01701164
0.01704884
0.01693344
0.01693964
0.01695943
0.01592588
0.01606917
0.01597190
0.01594853
0.01701212
0.01711512
0.01608658
0.01695037
0.01590395
0.01589346
0.01588535
0.01587582
0.01587224
0.01587439
0.01584458
0.01595378
0.01617098
0.01616859
0.01604700
0.01589608
0.01587152
0.01587319
0.01588535
0.01589656
0.01584935
0.01583529
0.01588583
0.01587081
0.01598358
0.01599598
0.01592040
0.01587749
0.01585865
0.01599646
0.01606321
0.01602030
0.01603079
0.01601982
0.01593137
0.01592112
0.01587534
0.01589036
0.01587963
0.01584435
0.01587558
0.01587868
0.01587367
0.01586890
0.01584363
0.01589584
0.01589417
0.01624084
0.01600122
0.01590061
0.01595664
0.01595354
0.01589751
0.01586843
0.01584315
0.01583362
0.01590347
0.01592660
0.01591349
0.01589203
0.01589751
0.01638746
0.01630306
0.01679850
0.01657724
0.01664519
0.01636672
0.01611161
0.01611686
0.01598525
0.01584458
0.01585293
0.01587057
0.01586556
0.01588845
0.01586866
0.01586270
0.01586676
0.01584792
0.01586986
0.01588392
0.01704311
0.01586127
0.01693535
0.01699567
0.01701164
0.01699877
0.01693439
0.01688766
0.01687670
0.01707768
0.01726413
0.01713634
0.01703930
0.01704431
0.01700091
0.01704288
0.01706314
0.01706672
0.01691484
0.01692438
0.01796389
0.01696324
0.01801705
0.01694131
0.01799631
0.01803041
0.01794648
0.01807022
0.01818824
0.01802564
0.01837540
0.01964331
0.01805854
0.01794910
0.01813078
0.01793528
0.01794839
0.01795745
0.01800513
0.01800418
0.01905680
0.01844478
0.01984763
0.01840615
0.01904583
0.01798844
0.01793480
0.01897216
0.01790810
0.01798224
0.01894855
0.01794314
0.01899815
0.01899672
0.01900911
0.01895928
0.01906061
0.01897120
0.01908112
0.01926160
0.01912308
0.01899505
0.01900244
0.01902795
0.01907158
0.01925111
0.01914811
0.01911592
0.01908469
0.01902628
0.01906061
0.01902151
0.01899529
0.01893973
0.01900601
0.01895308
0.01901507
0.01906705
0.01933384
0.01902032
0.01904631
0.01901197
0.01895213
0.01909041
0.01897764
0.01900768
0.01906681
0.01897717
0.01899266
0.01911139
0.01917338
0.01904941
0.01910067
0.01899004
0.01937270
0.02157927
0.02097201
0.02138448
0.02124238
0.02145648
0.02305317
0.02310228
0.01960659
0.01959538
0.01956511
0.01942849
0.01905155
0.01900458
0.01905465
0.01901674
0.01900387
0.01899052
0.01899600
0.01904082
0.01916552
0.01916504
0.01923847
0.01916599
0.01908183
0.01906133
0.01916552
0.01910400
0.01908326
0.01904392
0.01896143
0.01891088
0.01900291
0.01896191
0.01903248
0.01895809
0.01903152
0.01899934
0.01899838
0.01898360
0.01899481
0.01889873
0.01902437
0.01897860
0.01901746
0.01906109
0.01975179
0.01980233
0.02072716
0.02209759
0.01941133
0.01903725
0.01893711
0.01892281
0.01900554
0.01907921
0.01962638
0.01903892
0.01904798
0.01902080
0.01903391
0.01901102
0.01902556
0.01897526
0.01895618
0.01908994
0.01911044
0.01901293
0.01901579
0.01900744
0.01901317
0.01914740
0.01911497
0.01929688
0.01914573
0.01916194
0.01909542
0.01902866
0.01905465
0.01898861
0.01903462
0.01904631
0.01896453
0.01902533
0.02057815
0.01904845
0.01906538
0.01918244
0.01900053
0.01895070
0.01843572
0.02185917
0.01804447
0.01805854
0.01801419
0.01798701
0.01807809
0.01806402
0.01801205
0.01818633
0.01721525
0.01725769
0.01967335
0.01883316
0.01863647
0.01945043
0.01960111
0.01948428
0.01936460
0.01822186
0.01958203
0.01955771
0.01812243
0.01796627
0.01852632
0.01806593
0.01909256
0.01912165
0.01927614
0.01902604
0.01895285
0.01899433
0.01908302
0.01922941
0.01912856
0.01911998
0.01933599
0.01930285
0.01920676
0.01911592
0.01908278
0.01922321
0.01799846
0.01905060
0.01797557
0.01909900
0.01907897
0.01908875
0.01908278
0.01916218
0.01811028
0.01914573
0.01912689
0.01918149
0.01907277
0.01914406
0.01902056
0.01897264
0.01926255
0.01945758
0.01919508
0.01914263
0.01915598
0.01912689
0.01905966
0.01919532
0.01950836
0.01938534
0.01928782
0.01923299
0.01938844
0.01993966
0.02197814
0.01910305
0.02073121
0.02035761
0.02043581
0.02026963
0.01910377
0.01904678
0.01900268
0.01900172
0.01903081
0.01910186
0.01922870
0.01916671
0.01951742
0.01929331
0.01928377
0.01918721
0.01907587
0.01893353
0.01893473
0.01896644
0.01898932
0.01897287
0.01910710
0.01902246
0.01912999
0.01905847
0.01905799
0.01901841
0.01898098
0.01906538
