0.00126052
0.01613855
0.01607943
0.01617694
0.01625991
0.01648021
0.01620245
0.01622915
0.01628613
0.01673079
0.01625466
0.01647401
0.01634979
0.01731730
0.01713061
0.01731443
0.01676846
0.01693916
0.01651573
0.01667428
0.01676393
0.01639152
0.01662302
0.01666212
0.01658130
0.01680589
0.01636124
0.01639295
0.01643205
0.01659465
0.01651812
0.01664519
0.01673818
0.01681232
0.01703238
0.01739597
0.01738787
0.01710916
0.01691580
0.01743674
0.01755214
0.01743627
0.01799822
0.01783967
0.01752043
0.01721716
0.01733398
0.01723170
0.01729822
0.01708460
0.01688981
0.01675153
0.01710033
0.01658916
0.01679039
0.01814032
0.01678443
0.01706982
0.01670766
0.01696682
0.01666617
0.01667023
0.01663852
0.01681662
0.01725006
0.01703739
0.01705980
0.01724482
0.01728344
0.01688075
0.01660037
0.01719666
0.01698065
0.01645899
0.01648116
0.01617074
0.01615906
0.01620507
0.01651263
0.01648974
0.01600862
0.01626062
0.01626444
0.01631331
0.01691389
0.01680279
0.01618719
0.01623058
0.01604915
0.01606464
0.01604843
0.01596761
0.01593375
0.01594639
0.01619530
0.01650357
0.01680851
0.01627517
0.01598859
0.01622486
0.01624298
0.01623011
0.01623535
0.01629972
0.01624846
0.01623464
0.01634002
0.01635838
0.01631498
0.01641440
0.01651788
0.01634860
0.01628041
0.01634598
0.01638150
0.01646709
0.01649809
0.01614022
0.01606107
0.01609516
0.01614857
0.01637363
0.01632404
0.01599598
0.02022171
0.02023172
0.02442932
0.02433014
0.02857924
0.02858186
0.02860951
0.02857280
0.02915382
0.02910233
0.02901840
0.02909493
0.03061247
0.02939582
0.02961922
0.02956390
0.02896547
0.02872944
0.02878451
0.02880740
0.02875638
0.02868438
0.02870655
0.02895498
0.02886891
0.02856874
0.02860141
0.02972603
0.02858472
0.03043818
0.02968216
0.03206539
0.03081894
0.02977324
0.02924800
0.02943039
0.02954316
0.03089452
0.02996540
0.03027248
0.03058553
0.03052950
0.03085303
0.02462935
0.02451634
0.02910709
0.02908134
0.02933717
0.02924323
0.02901888
0.02916217
0.02935886
0.02910376
0.02908778
0.02945733
0.02935290
0.02904892
0.02879500
0.02890277
0.02114224
0.02611303
0.02643371
0.02180815
0.02585340
0.02131724
0.02164149
0.02189922
0.02582645
0.02586102
0.02621722
0.02122998
0.02147651
0.02989435
0.02976084
0.03857541
0.03021717
0.02978802
0.03010726
0.02995467
0.03052783
0.03081727
0.03003645
0.02999806
0.03062129
0.03007865
0.02981281
0.02935958
0.02935529
0.02949071
0.02505040
0.02081156
0.02078271
0.01643944
0.01639462
0.01630902
0.02083683
0.02071071
0.02446294
0.02449322
0.02450776
0.02460241
0.02873969
0.02875018
0.02867675
0.02969480
0.02984428
0.02954578
0.03360939
0.03281808
0.03639817
0.03887939
0.03432846
0.03483653
0.03416491
0.03408003
0.03355598
0.03345013
0.03301430
0.03054595
0.02937675
0.02995348
0.02936006
0.02912259
0.02922821
0.02867460
0.02899504
0.03008747
0.02893925
0.02862978
0.02846956
0.02073693
0.02481818
0.02906632
0.02926421
0.02922082
0.02904606
0.02912784
0.02855062
0.02850628
0.02909374
0.02857924
0.02965951
0.02902818
0.02938771
0.02470112
0.02450371
0.02039504
0.02031803
0.02433038
0.02491903
0.02052879
0.02016306
0.02440095
0.02898741
0.02917981
0.02884150
0.02887559
0.02939463
0.02861834
0.02863503
0.02868295
0.02864432
0.02913618
0.03146505
0.02896285
0.02882862
0.02880383
