0.00192857
0.02163339
0.02135229
0.02087641
0.02058959
0.01929569
0.01925898
0.01926112
0.01941371
0.01922297
0.01927376
0.01928115
0.01969624
0.01932240
0.01964808
0.01909471
0.01899481
0.01905870
0.01905036
0.01906633
0.01909399
0.01909423
0.01943064
0.01936436
0.01920414
0.01907873
0.01914644
0.01906013
0.01903009
0.01913571
0.01941848
0.01920652
0.01915002
0.01908755
0.01909232
0.01904345
0.01916718
0.01950383
0.01910400
0.01922011
0.01918411
0.01906872
0.01914430
0.01903319
0.01922679
0.02021241
0.02218938
0.02252007
0.02185345
0.02261066
0.01908398
0.01909256
0.01898551
0.01901674
0.01911950
0.02185321
0.02065277
0.02039027
0.02028203
0.02028203
0.02033377
0.02032399
0.01955938
0.01912212
0.01926923
0.01898670
0.01893425
0.01909494
0.01913619
0.01903677
0.01902819
0.01923943
0.01969743
0.01933432
0.01902103
0.01901674
0.01898050
0.01908803
0.01893306
0.01897573
0.01895142
0.01940894
0.01920056
0.01902628
0.01903439
0.01923561
0.01938438
0.01917624
0.01923609
0.01911449
0.01902151
0.01897907
0.01895404
0.01897550
0.01901627
0.01900363
0.01901627
0.01910734
0.01929879
0.01915789
0.01906180
0.01908040
0.01900387
0.01905489
0.01906538
0.01905107
0.02053189
0.02022481
0.02024531
0.02043390
0.02052951
0.02017546
0.01901054
0.01804709
0.01800466
0.01809287
0.01796913
0.01900935
0.01900339
0.01795053
0.01693892
0.01592946
0.01612878
0.01634169
0.01633644
0.01642251
0.01608324
0.01589823
0.01588607
0.01589227
0.01696515
0.01911616
0.01907921
0.01846075
0.01777387
0.01588273
0.01584435
0.01609802
0.01609111
0.01596045
0.01593065
0.01595140
0.01584816
0.01593494
0.01584411
0.01587892
0.01586747
0.01590419
0.01583028
0.01593661
0.01588702
0.01598215
0.01660013
0.01919413
0.01907706
0.01894855
0.01760268
0.01762676
0.01764894
0.01761103
0.01758218
0.01588154
0.01586199
0.01589322
0.01588154
0.01585960
0.01589084
0.01597357
0.01584768
0.01585865
0.01586866
0.01604462
0.01599431
0.01592326
0.01701283
0.01585984
0.01693130
0.01697230
0.01687598
0.01844764
0.01843905
0.01988745
0.02122140
0.02136493
0.02147627
0.02142167
0.02104163
0.01753807
0.01978040
0.01958251
0.01933432
0.01900387
0.01914239
0.01936269
0.01923585
0.01919436
0.01937866
0.01944351
0.01910114
0.01908350
0.01899123
0.01896739
0.01900482
0.01902485
0.01906037
0.01926970
0.01911855
0.01892376
0.01901460
0.01894307
0.01895380
0.01899719
0.01894569
0.01903772
0.01894379
0.01893353
0.01895094
0.01904368
0.01797628
0.01692319
0.01688552
0.01795793
0.01691604
0.01815438
0.01911616
0.01906204
0.01906490
0.01903319
0.01799893
0.01697659
0.01608467
0.01632047
0.01612091
0.01654768
0.01878357
0.02229714
0.02258253
0.02220488
0.02165222
0.01921535
0.01945066
0.01903796
0.01904678
0.01903248
0.01899409
0.01907897
0.01906991
0.01898742
0.01901579
0.01897430
0.01889491
0.01890159
0.01894116
0.01891422
0.01895261
0.01902294
0.01904559
0.01899719
0.01899123
0.01908565
0.01908326
0.01921272
0.01899600
0.01900005
0.01901269
0.01902294
0.01893520
0.01892090
0.01901364
0.01974607
0.02124119
0.01901937
0.01895189
0.01898408
0.01906085
0.01916122
0.01905918
0.01905227
0.01890254
0.01898837
0.01897478
0.01922631
0.01976180
0.02311969
0.02492142
0.02263832
0.02220559
0.02196980
0.02094460
0.02304888
0.01982903
0.01921701
0.02025843
0.01934528
0.01933622
0.01917291
0.01904869
0.01902127
0.01915860
0.01927400
0.01970172
0.01958990
0.02032828
0.02091050
0.02061605
0.02136111
0.01954436
0.01913834
0.01910973
0.01900554
0.01904678
0.01896858
0.01901484
0.01906753
0.01955128
0.01918006
0.01914263
0.01804495
0.01690674
0.01585317
0.01611781
0.01589251
0.01588988
0.01592326
0.01596522
0.01603842
0.01597667
0.01701093
0.01705241
0.01701164
0.01699567
0.01609898
0.01621127
0.01674509
0.01840758
0.01830029
0.01800966
0.01900578
0.01896787
0.01902437
0.01810312
0.01829720
0.01706767
0.01593637
0.01594067
0.01597476
0.01609778
0.01734877
0.01823759
0.01802874
0.01802802
0.01695943
0.01581979
0.01590180
0.01587749
0.01584816
0.01586294
0.01591039
0.01596928
0.01616168
0.01605749
0.01586318
0.01588130
0.01589966
0.01590252
0.01588368
0.01591659
0.01587605
0.01584506
0.01589394
0.01584625
0.01589084
0.01582289
0.01581931
0.01587129
0.01580834
0.01584268
0.01581144
0.01582766
0.01582742
0.01583099
0.01589608
0.01584339
0.01587415
0.01593947
0.01590037
0.01599574
0.01607251
0.01604772
0.01603794
0.01601505
0.01585865
0.01588392
0.01604605
0.01602149
0.01591039
0.01589298
0.01583624
0.01584148
0.01589489
0.01585555
0.01592422
0.01596117
0.01588178
0.01585841
0.01591468
0.01591396
0.01596999
0.01593518
0.01587391
0.01584506
0.01589513
0.01696372
0.01800656
0.01903629
0.01893687
0.01899624
0.01913190
0.01814914
0.01700664
0.01695323
0.01698112
0.01694560
0.01694918
0.01695395
0.01688313
0.01689458
0.01701975
0.01693368
0.01582837
0.01583862
0.01583624
0.01590395
0.01584363
0.01603508
0.01621032
0.01703525
0.01698112
0.01589751
0.01591134
0.01592422
0.01587081
0.01593661
0.01609516
0.01598167
0.01589370
0.01593614
0.01600170
0.01600909
0.01587987
0.01585793
0.01630998
0.01670599
0.01626754
0.01589155
0.01590466
0.01590919
0.01597905
0.01591468
0.01587367
0.01591325
0.01589441
0.01587820
0.01604795
0.01633620
0.01617861
0.01612616
0.01595116
0.01594186
0.01592779
0.01587176
