0.00171661
0.03042030
0.03077221
0.03090334
0.03075242
0.03081918
0.03090858
0.03096604
0.03093195
0.03088236
0.03094506
0.03102660
0.03098464
0.03191233
0.03101397
0.03098822
0.03088355
0.03098011
0.03085113
0.03157640
0.03127789
0.03129268
0.03103590
0.03086948
0.03826356
0.03523922
0.03089023
0.03117561
0.03098845
0.03162432
0.03113937
0.03120279
0.03121495
0.03124022
0.03127527
0.03126121
0.03125620
0.03152776
0.03053617
0.03164029
0.03107810
0.03093839
0.03091741
0.03123426
0.03153944
0.03133464
0.03121209
0.03194165
0.03099275
0.03073335
0.03075171
0.03051591
0.03068590
0.03033495
0.03030300
0.03093958
0.03089118
0.03101230
0.03096271
0.03075719
0.03136539
0.03109050
0.03115559
0.03052568
0.03023601
0.03061008
0.03056622
0.03039241
0.03107166
0.03030849
0.03055811
0.03105879
0.03676081
0.03849792
0.03768325
0.03807235
0.03170562
0.03163004
0.03071976
0.03048301
0.03034043
0.03035879
0.03115416
0.03032184
0.03024268
0.03044248
0.03041744
0.03023410
0.03032184
0.03027606
0.03035450
0.03075624
0.03064108
0.03040290
0.03022671
0.03036261
0.03060889
0.03037429
0.03057599
0.03051043
0.03053474
0.03041482
0.03060055
0.03069162
0.03070140
0.03037953
0.03074718
0.03058982
0.03099751
0.03033113
0.03045392
0.03039551
0.03048539
0.03046513
0.03037024
0.03035307
0.03053427
0.03050876
0.03034234
0.03048635
0.03061748
0.03103375
0.03101349
0.03049922
0.03051257
0.03056622
0.03042626
0.03043270
0.03039813
0.03039408
0.03059459
0.03113270
0.03189254
0.03062916
0.03072548
0.03091741
0.03073883
0.03056622
0.03098249
0.03123641
0.03093553
0.03110051
0.03102851
0.03112578
0.03078437
0.03041029
0.03033304
0.03045559
0.03028274
0.03101873
0.03099084
0.03095961
0.03116894
0.03069496
0.03069735
0.03104210
0.03108883
0.03106284
0.03098464
0.03103209
0.03098059
0.03090358
0.03101110
0.03300309
0.03137016
0.03146863
0.03122044
0.03164387
0.03094029
0.03115320
0.03145504
0.03115010
0.03118181
0.03127265
0.03173876
0.03101254
0.03087020
0.03095102
0.03095531
0.03140497
0.03097463
0.03099561
0.03092003
0.03111768
0.03096581
0.03093743
0.03101110
0.03088593
0.03087592
0.03081870
0.03031588
0.03096819
0.03109503
0.03454924
0.03231454
0.03107476
0.03100967
0.03077292
0.03087306
0.03091693
0.03075552
0.03085184
0.03036141
0.03035975
0.03059554
0.03088689
0.03063560
0.03083467
0.03048801
0.03033280
0.03038502
0.03035426
0.03052139
0.03116775
0.03062940
0.03038406
0.03037691
0.03044176
0.03037262
0.03030753
0.03058815
0.03034139
0.03030705
0.03038025
0.03437138
0.03055906
0.03032541
0.03032947
0.03021002
0.03029037
0.03039908
0.03085494
0.03073025
0.03075957
0.03090024
0.03097391
0.03114438
0.03071356
0.03092098
0.03085303
0.03058624
0.03089166
0.03070593
0.03096795
0.03067207
0.03098130
0.03076673
0.03083348
0.03097677
0.03075290
0.03042865
0.03034782
0.03011537
0.03028250
0.03052688
0.03096128
0.03551507
0.03065252
0.03025365
0.03077984
0.03062439
0.03086090
0.03082490
0.03088045
0.03045678
0.03076172
0.03080249
0.03040791
0.03029776
0.03112411
0.03030729
0.03031707
0.03056908
0.03008628
0.03036022
0.03038979
0.03056550
0.03058457
0.03068614
0.03072786
0.03072834
0.03061652
0.03065467
0.03079367
0.03094172
0.03091931
0.03110480
0.03111291
0.03062201
0.03036237
0.03049874
0.03044724
0.03031325
0.03050756
0.03081465
0.03077722
0.03056121
0.03124571
0.03255177
0.03063202
0.03255272
0.03046107
0.03044391
0.03063846
0.03042603
0.03037763
0.03872871
0.03047085
0.03034616
0.03038168
0.03064156
0.03061295
0.03067279
0.03069830
0.03074765
0.03096366
0.03087068
0.03118753
0.03100681
0.03049755
0.03035283
0.03042483
0.03066564
0.03069091
0.03102469
0.03179479
0.03107953
0.03854823
0.03765917
0.03808451
0.03856635
0.03845716
0.03305292
0.03128433
0.03082752
0.03029847
0.03025985
0.03089643
0.03077102
0.03050375
0.03035283
0.03039169
0.03024745
0.03051353
0.03040767
0.03058529
0.03093672
0.03161860
0.03134751
0.03063893
0.03101945
0.03096938
0.03056192
0.03288603
0.03033996
0.03069687
0.03092337
0.03082657
0.03046274
0.03033185
0.03249216
0.03051305
0.03026104
0.03032160
0.03080225
0.03206348
0.03061318
0.03035522
0.03020263
0.03040600
0.03108668
0.03046107
0.03052592
0.03043270
0.03060627
0.03052068
0.03076649
0.03127885
0.03107023
0.03107762
0.03073192
0.03041577
0.03099108
0.03073192
0.03111696
0.03054714
0.03099966
0.03112507
0.03125477
0.03053665
0.03040671
0.03023934
0.03029680
0.03040433
0.03029704
0.03184962
0.03728247
0.03134155
0.03040242
0.03032756
0.03028226
0.03050041
0.03066254
0.03037190
0.03040695
0.03023052
0.03022647
0.03041220
0.03372192
0.03050280
0.03039789
0.03031635
0.03015232
0.03051615
0.03088689
0.03018284
0.03029490
0.03062248
0.03101134
0.03049183
0.03048539
0.03093481
0.03037381
0.03027105
0.03041935
0.03080583
0.03032136
0.03052807
0.03056383
0.03026152
0.03086019
0.03024507
0.03029680
0.03054643
0.03041601
0.03054094
0.03038311
0.03044295
0.03043604
0.03099823
0.03310513
0.03094602
0.03103471
0.03093982
0.03102803
0.03053737
0.03031468
0.03028345
0.03088045
0.03124332
0.03340316
0.03179097
0.03055763
0.03065228
0.03067732
0.03026533
0.03025126
0.03044963
0.03072071
0.03031898
0.03029060
0.03041530
0.03091025
0.03039646
0.03049016
0.03057313
0.03051448
0.03050303
0.03056526
0.03062391
0.03117681
0.03059721
0.03089523
0.03081155
0.03093743
0.03085756
0.03140783
0.03040957
0.03045273
0.03047490
0.03203321
0.03087401
0.03092670
0.03036165
0.03033710
0.03056717
0.03044772
0.03081369
0.03092170
0.03110600
0.03210926
0.03117847
0.03089881
0.03096938
0.03045154
0.03058147
0.03033328
0.03039217
0.03046131
0.03036380
0.03042293
0.03366756
0.03099847
0.03044820
0.03042674
0.03063297
0.03036237
0.03030252
0.03035688
0.03026247
0.03024268
0.03069830
0.03041840
0.03061700
0.03040409
0.03036809
0.03049397
0.03037047
0.03057480
0.03047705
0.03059053
0.03046608
0.03050232
0.03044724
0.03027511
0.03043628
0.03112102
0.03050160
0.03041506
0.03124428
0.03057671
0.03055811
0.03186512
0.03151035
0.03035402
0.03042841
0.03030229
0.03101993
0.03099084
0.03087211
0.03082871
0.03526688
0.03084135
0.03293848
0.03048611
0.03055954
0.03024292
0.03032637
0.03014612
0.03026915
0.03056812
0.03058076
0.03025866
0.03049612
0.03023267
0.03031278
0.03053498
0.03081679
0.03079772
0.03086782
0.03049040
0.03045440
0.03045321
0.03061986
0.03061152
0.03050923
0.03086877
0.03089666
0.03100753
0.03106380
0.03109717
0.03139400
0.03160715
0.03133678
0.03117037
0.03135538
0.03367400
0.03150320
0.03151321
0.03119135
0.03591275
0.03940153
0.03816891
0.03799224
0.03913140
0.03817320
0.03093052
0.03308892
0.03315926
0.03075647
0.03073430
0.03094625
0.03131366
0.03182340
0.03118014
0.03100109
0.03067422
0.03119016
0.03099012
0.03125143
0.03051615
0.03113723
0.03158331
0.03057075
0.03098035
0.03161836
0.03092623
0.03097916
0.03093696
0.03106642
0.03103232
0.03137350
0.03090119
0.03097606
0.03093457
0.03084850
0.03079748
0.03082395
0.03099251
0.03102660
0.03104520
0.03098273
0.03129935
0.03152132
0.03520656
0.03050590
0.03087687
0.03154826
0.03309917
0.03251696
0.03110099
0.03120875
0.03123713
0.03088808
0.03104162
0.03139949
0.03095579
0.03099680
0.03097558
0.03118205
0.03090262
0.03127408
0.03106451
0.03096724
0.03077316
0.03084588
0.03077984
0.03099918
0.03090405
0.03095913
0.03088498
0.03091764
0.03109860
0.03094125
0.03124309
0.03205824
0.03104687
0.03112555
0.03072929
0.03023863
0.03047943
0.03045130
0.03037167
0.03105664
0.03077579
0.03091288
0.03037453
0.03112721
0.03074050
0.03022313
0.03122187
0.03037691
0.03046989
0.03112769
0.03712773
0.03082371
0.03074479
0.03029370
0.03026628
0.03035975
0.03038502
0.03051996
0.03041291
0.03114390
0.03116822
0.03132486
0.03065372
0.03046989
0.03056431
0.03049040
0.03026843
0.03050947
0.03095651
0.03072476
0.03094530
0.03087854
0.03116679
0.03068256
0.03094959
0.03061533
0.03048921
0.03053474
0.03049994
0.03076077
0.03074765
0.03103662
0.03089976
0.03109264
0.03105187
0.03106284
0.03128266
0.03105664
0.03114843
0.03147244
0.03121209
0.03116345
0.03160334
0.03050947
0.03108191
0.03110766
0.03108168
0.03121710
0.03117442
0.03107238
0.03079557
0.03034353
0.03032780
0.03031731
0.03089881
0.03090072
0.03054070
0.03044128
0.03087974
0.03072858
0.03102517
0.03078341
0.03024602
0.03028989
0.03093576
0.03094411
0.03110218
0.03128242
0.03087950
0.03065014
0.03074837
0.03076839
0.03057218
0.03072405
0.03058434
0.03067923
0.03101349
0.03042674
0.03106570
0.03166652
0.03137875
0.03200912
0.03115940
0.03119636
0.03104496
0.03143096
0.03076744
0.03066730
0.03055882
0.03053474
0.03065133
0.03038430
0.03072166
0.03108716
0.03103948
0.03059912
0.03045535
0.03027678
0.03096485
0.03106904
0.03093576
0.03078580
0.03055477
0.03078556
0.03576159
0.03114033
0.03106904
0.03095865
0.03086734
0.03081918
0.03099799
0.03102112
0.03115129
0.03107834
0.03095269
0.03125381
0.03095770
0.03103852
0.03098917
0.03113389
0.03054047
0.03039694
0.03091502
0.03106141
0.03097010
0.03096342
0.03082299
0.03089428
0.03104091
0.03096533
0.03042150
0.03063154
0.03041553
0.03021240
0.03084087
0.03690934
0.03032899
0.03027606
0.03079724
0.03044415
0.03035140
0.03039598
0.03035760
0.03034854
0.03025341
0.03038502
0.03031063
0.03028393
0.03110886
0.03095174
0.03106141
0.03032565
0.03014421
0.03044701
0.03099275
0.03082108
0.03076673
0.03020597
0.03439426
0.03860521
0.03761363
0.03756928
0.03749013
0.03779292
0.03129745
0.03058457
0.03097391
0.03079915
0.03057909
0.03073168
0.03056335
0.03053880
0.03094625
0.03068328
0.02591991
0.03064370
0.03028607
0.02531886
0.03253245
0.02551055
0.02104211
0.01647663
0.01633763
0.01635814
0.01628733
0.01637340
0.01605606
0.01626730
0.02305079
0.02861667
0.02087116
0.01611614
0.01609850
0.01631641
0.01604676
0.01614714
0.01610780
0.01613379
0.01617002
0.01610208
0.01604557
0.01638579
0.01651955
0.01619554
0.01603365
0.01634502
0.01656795
0.01657271
0.01622891
0.01618695
0.01617408
0.02080536
0.02076864
0.02585268
0.02632403
0.02073908
0.02128339
0.02153873
0.02167892
0.02149749
0.02132893
0.01632690
0.01638079
0.01640296
0.01640701
0.01645589
0.01641440
0.01634431
0.01651359
0.02218127
0.01648593
0.01650882
0.01625156
0.01618171
0.02080965
0.02064657
0.02114916
0.02121830
0.03070045
0.03055859
0.03002858
0.03047347
0.03047919
0.03064728
0.03071833
0.03110242
0.03088927
0.03115225
0.03080916
0.03195047
0.03074884
0.03070068
0.03058147
0.03065562
0.03087568
0.03084373
0.03096271
0.03529000
0.03022718
0.03048897
0.03135562
0.03043771
0.03076959
0.03160882
0.03114200
0.03104019
0.03086090
0.03087115
0.03076982
0.03092360
0.03089237
0.03084230
0.03081346
0.03031301
0.03100443
0.03038454
0.03130937
0.03100014
0.03099513
0.03093648
0.03099680
0.03100753
0.03099585
0.03132415
0.03088307
0.03079152
0.03074527
0.03538966
0.03052855
0.03091502
0.03090978
0.03094292
0.03095841
0.03130317
0.03125715
0.03064823
0.03076959
0.03057981
0.03065491
0.03208184
0.03139710
0.03115916
0.03115010
0.03121924
0.03103065
0.03147388
0.03209949
0.03189921
0.03129935
0.03114367
0.03433394
0.03145218
0.03144360
0.03040767
0.03109002
0.03097606
0.03090239
0.03138280
0.03150272
0.03084230
0.03086662
0.03087234
0.03083515
0.03156924
0.03088403
0.03050661
0.03043246
0.03050852
0.03018832
0.03020930
0.03030419
0.03020263
0.03027654
0.03015733
0.03022647
0.03089356
0.03093195
0.03220105
0.03089905
0.03109860
0.03118563
0.03434086
0.03138852
0.03184819
0.03064442
0.03077793
0.03075361
0.03070831
0.03128457
0.03176856
0.03110790
0.03102875
0.03113794
0.03064823
0.03088021
0.03113174
0.03098202
0.03086567
0.03094959
0.03071904
0.03079700
0.03070951
0.03072453
0.03076577
0.03057170
0.03044820
0.03001595
0.03039646
0.03070688
0.03021908
0.03027320
0.03011489
0.02559161
0.02565265
0.02570105
0.02098441
0.02070260
0.02128887
0.02121592
0.02128458
0.01639843
0.01634765
0.01635194
0.01633143
0.01640201
0.01612711
0.01638293
0.01637936
0.01636147
0.01637149
0.01637006
0.01634383
0.01637626
0.01638508
0.01636481
0.01643968
0.01625180
0.01620150
0.01639462
0.01641107
0.01644039
0.01618576
0.01613641
0.01613688
0.01634049
0.01644111
0.01654410
0.01613522
0.01614857
0.01603818
0.01605439
0.01611352
0.01621652
0.01627421
0.01611400
0.01606989
0.01619387
0.01635695
0.01630807
0.01611567
0.01622128
0.01621270
0.01639104
0.01619148
0.01657176
0.01683521
0.01657295
0.01622701
0.01619005
0.01611257
0.01610541
0.01606941
0.01602530
0.01608491
0.01606750
0.01603532
0.01617050
0.01664019
0.01640081
0.01620722
0.01617289
0.01608229
0.01605606
0.01607752
0.01612234
0.01628709
0.01638556
0.01636076
0.01637888
0.01639533
0.01639318
0.01642013
0.01627159
0.01606202
0.01624942
0.01620030
0.01634216
0.01626420
0.01611209
0.01606083
0.01604915
0.01605916
0.02092791
0.02597117
0.02621460
0.03094077
0.03107119
0.03102398
0.03137374
0.03127384
0.03088474
