0.00127029
0.01609421
0.01604891
0.01624894
0.01630259
0.01619983
0.01618576
0.01612616
0.01613784
0.01619029
0.01611519
0.01603627
0.01599455
0.01601171
0.01610398
0.01612425
0.01603913
0.01604748
0.01603723
0.01605392
0.01603770
0.01600599
0.01753855
0.01932669
0.02088857
0.02090406
0.02018237
0.02019548
0.01875925
0.01883674
0.01883650
0.01744413
0.01595402
0.01595473
0.01599312
0.01612353
0.01647592
0.01618528
0.01603389
0.01598501
0.01590371
0.01591039
0.01606607
0.01591849
0.01590300
0.01604891
0.01629305
0.01620936
0.01606345
0.01607251
0.01607132
0.01606584
0.01602793
0.01915598
0.01781011
0.01600575
0.01604915
0.01605797
0.01671052
0.01683450
0.01681399
0.01618671
0.01614261
0.01593018
0.01602530
0.01623225
0.01605415
0.01601338
0.01599455
0.01597500
0.01606083
0.01612663
0.01608777
0.01605010
