0.00132346
0.01592112
0.01593018
0.01589465
0.01654863
0.01649785
0.01609063
0.01594782
0.01583195
0.01577306
0.01581454
0.01593208
0.01592731
0.01590610
0.01578712
0.01580358
0.01583791
0.01580143
0.01588893
0.01615167
0.01603532
0.01579452
0.01585770
0.01604986
0.01615691
0.01624274
0.01589966
0.01579142
0.01579928
0.01632595
0.01642895
0.01618552
0.01600075
0.01581168
0.01578236
0.01579213
0.01582122
0.01575279
0.01576757
0.01574516
0.01583004
0.01574850
0.01578665
0.01577258
0.01577997
0.01582265
0.01596594
0.01611114
0.01592040
0.01588464
0.01579762
0.01580024
0.01583672
0.01580811
0.01575637
0.01580405
0.01582479
0.01580167
0.01578879
0.01577210
0.01576257
0.01591063
0.01649642
0.01645756
0.01595068
0.01581192
0.01578426
0.01580548
0.01583719
0.01579857
0.01579332
0.01577473
0.01637697
0.01606560
0.01585579
0.01582456
0.01582789
0.01583529
0.01579928
0.01577830
0.01586390
0.01582313
0.01585960
0.01585364
0.01578808
0.01584148
0.01586533
0.01591086
0.01584220
0.01586890
0.01576447
0.01626086
0.01648211
0.01605940
0.01589632
0.01580739
0.01577353
0.01580167
0.01580691
0.01602602
0.01627040
0.01614475
0.01587486
0.01599050
0.01599574
0.01580071
0.01576447
0.01580882
0.01583695
0.01595783
0.01647425
0.01600528
0.01576900
0.01580286
0.01578569
0.01575947
0.01579237
0.01579475
0.01579714
0.01578808
0.01576090
0.01579332
0.01587701
0.01587081
0.01592612
0.01588368
0.01590323
0.01579332
0.01584411
0.01580811
0.01576686
0.01577401
0.01578784
0.01588798
0.01596904
0.01584125
0.01583338
0.01583624
0.01575971
0.01583672
0.01587987
0.01585436
0.01579785
0.01588511
0.01608920
0.01611757
0.01589465
0.01583123
0.01579356
0.01584268
0.01584482
0.01583552
0.01600218
0.01634598
0.01607442
0.01667404
0.01713824
0.01711059
0.01661897
0.01607728
0.01582956
0.01609182
0.01619911
0.01598072
0.01587892
0.01581287
0.01582360
0.01619267
0.01627898
0.01595068
0.01588655
0.01580262
0.01580453
0.01600981
0.01613307
0.01614141
0.01605678
0.01596022
0.01582503
0.01591802
0.01586890
0.01583624
0.01589012
0.01586723
0.01581240
0.01577854
0.01640368
0.01649237
0.01614141
0.01587152
0.01582599
0.01580644
0.01577306
0.01588631
0.01593280
0.01588297
0.01580858
0.01581740
0.01583767
0.01579213
0.01578617
0.01581001
0.01578712
0.01582432
0.01601291
0.01605916
0.01583052
0.01581717
0.01586843
0.01583862
0.01586509
0.01580048
0.01583076
0.01578808
0.01587081
0.01593590
0.01594567
0.01591039
0.01586747
0.01583791
0.01582050
0.01581979
0.01580596
0.01579118
0.01579046
0.01582336
0.01580477
0.01581740
0.01592708
0.01621556
0.01591706
0.01587200
0.01582932
0.01583266
0.01584363
0.01585364
0.01616812
0.01614118
0.01586986
0.01583648
0.01582193
0.01581335
0.01584840
0.01597857
0.01601529
0.01631784
0.01611447
0.01588583
0.01585388
0.01589990
0.01583886
0.01582003
0.01581764
0.01600051
0.01596975
0.01583624
0.01580310
0.01583290
0.01583719
0.01585269
0.01585770
0.01601315
0.01589108
0.01583171
0.01613474
0.01604700
0.01589227
0.01586342
0.01598382
0.01602507
0.01586246
0.01704025
0.01699495
0.01704025
0.01701403
0.01833177
0.01833391
0.01829100
0.01709795
0.01708055
0.01700878
0.01704264
0.01583123
0.01580429
0.01585340
0.01585913
0.01583362
0.01588273
0.01590943
0.01589632
0.01590753
0.01584768
0.01583934
0.01585054
0.01709771
0.01702571
0.01709461
0.01704907
0.01698470
0.01696968
0.01579142
0.01586795
0.01589012
0.01585841
0.01581097
0.01585245
0.01584291
0.01581287
0.01588774
0.01594210
0.01584530
0.01582479
0.01584673
0.01588964
0.01607299
0.01583791
0.01581812
0.01583123
0.01582384
0.01580763
0.01583385
0.01582265
0.01702952
0.01821661
0.01938224
0.01930571
0.01934648
0.01933908
0.01925898
0.01949406
0.01928020
0.01925111
0.01928353
0.01928282
0.01946306
0.01939487
0.01963449
0.01932478
0.01931810
0.01943278
0.01960588
0.01942062
0.01938725
0.01926208
0.02050900
0.01952624
0.01936007
0.01923752
0.01931000
0.01937938
0.01930285
0.01944327
0.01931572
0.01928210
0.01989746
0.02263522
0.01993132
0.01943207
0.01938939
0.01934147
0.02022505
0.01994419
0.01970601
0.01956511
0.01947260
0.01963258
0.02105761
0.02079010
0.02064371
0.01937580
0.01932287
0.01957059
0.01943779
0.01957941
0.01962996
0.01935434
0.01936531
0.01950693
0.01937628
0.01938152
0.01935172
0.01930165
0.01946044
0.01933527
0.01952004
0.01951075
0.01941180
0.01933408
0.01930690
0.01930642
0.01930428
0.01937485
0.01937366
0.01943970
0.01958847
0.01940823
0.01930761
0.01940775
0.01937246
0.01935053
0.01930928
0.01938224
0.01930594
0.01939130
0.01940060
0.01942039
0.01938796
0.01976037
0.02171087
0.01991677
0.01959562
0.01938725
0.01940799
0.01937985
0.01969123
0.01940370
0.01937437
0.01935220
0.01929665
0.01939464
0.01930094
0.01939940
0.01949430
0.01941133
0.01943135
0.01938391
0.01942205
0.01959968
0.01958489
0.01940823
0.01939440
0.01940203
0.01934528
0.01941228
0.01939678
0.01958561
0.01947904
0.01948118
0.01942229
0.01939869
0.01938248
0.01940274
0.01935315
0.01958704
0.01937819
0.01933932
0.01940322
0.01943970
0.01934552
0.01941562
0.01939344
0.01949215
0.01958394
0.01938987
0.01942706
0.01947403
0.01942325
0.01985979
0.02178311
0.02165484
