0.00159907
0.01648116
0.01665950
0.01662302
0.01682878
0.01666236
0.01689720
0.01673055
0.01655674
0.01629305
0.01611853
0.01593328
0.01585603
0.01583529
0.01587510
0.01592946
0.01584458
0.01583171
0.01583242
0.01581335
0.01583552
0.01581192
0.01582122
0.01580358
0.01579309
0.01580334
0.01585841
0.01580620
0.01580262
0.01592684
0.01598144
0.01591229
0.01590466
0.01587558
0.01589251
0.01593208
0.01621652
0.01593876
0.01584506
0.01585698
0.01587605
0.01583695
0.01578569
0.01584673
0.01581812
0.01580286
0.01578999
0.01577783
0.01583052
0.01586080
0.01587248
0.01582026
0.01583338
0.01583838
0.01584482
0.01587987
0.01590037
0.01584578
0.01582432
0.01585317
0.01586628
0.01609230
0.01638985
0.01608729
0.01586819
0.01599407
0.01599169
0.01586127
0.01580644
0.01580882
0.01579046
0.01581025
0.01579928
0.01577425
0.01581597
0.01583338
0.01602602
0.01611781
0.01592088
0.01596069
0.01585174
0.01580691
0.01582241
0.01584721
0.01582742
0.01580191
0.01582789
0.01581097
0.01586604
0.01589727
0.01588202
0.01582241
0.01590180
0.01615357
0.01602364
0.01587439
0.01593995
0.01586151
0.01582551
0.01584101
0.01589751
0.01605773
0.01590133
0.01588035
0.01580071
0.01583529
0.01584816
0.01584482
0.01581788
0.01580477
0.01585484
0.01582932
0.01583028
0.01580811
0.01586771
0.01584411
0.01589823
0.01591158
0.01585364
0.01596093
0.01631880
0.01607919
0.01585889
0.01583934
0.01584506
0.01585507
0.01594305
0.01582909
0.01584244
0.01581788
0.01581788
0.01579356
0.01578927
0.01585984
0.01594615
0.01583409
0.01601815
0.01605415
0.01592851
0.01594353
0.01589417
0.01585245
0.01584888
0.01585722
0.01582694
0.01581907
0.01578522
0.01581573
0.01580906
0.01582623
0.01585007
0.01584601
0.01580882
0.01585317
0.01589108
0.01597404
0.01592684
0.01588535
0.01590371
0.01579905
0.01579142
0.01579428
0.01601887
0.01611352
0.01601744
0.01582408
0.01581717
0.01584721
0.01587296
0.01588416
0.01588178
0.01584768
0.01583242
0.01582670
0.01588559
0.01587129
0.01582384
0.01589036
0.01588392
0.01586318
0.01583862
0.01583838
0.01586103
0.01582026
0.01580334
0.01584363
0.01590586
0.01598930
0.01586199
0.01580930
0.01584291
0.01585412
0.01582694
0.01581764
0.01580572
0.01578593
0.01581860
0.01601362
0.01612234
0.01593351
0.01588511
0.01580930
0.01586556
0.01593447
0.01585603
0.01584935
0.01583791
0.01581764
0.01581860
0.01584435
0.01584625
0.01582336
0.01584005
0.01580667
0.01581550
0.01581788
0.01588321
0.01596332
0.01591182
0.01657915
0.01647258
0.01595950
0.01585889
0.01585507
0.01587391
0.01583099
0.01586318
0.01588750
0.01586461
0.01586509
0.01584506
0.01582551
0.01585269
0.01587415
0.01581526
0.01586986
0.01588655
0.01582599
0.01591277
0.01585317
0.01582265
0.01581979
0.01587915
0.01585078
0.01598787
0.01665807
0.01657820
0.01626062
0.01608729
0.01584649
0.01585388
0.01584387
0.01613808
0.01596236
0.01590729
0.01587844
0.01587558
0.01583862
0.01591778
0.01757145
0.01978588
0.01961136
0.01952696
0.01968241
0.01954675
0.01952124
0.01954246
0.01952505
0.01948643
0.01953959
0.01953125
0.01949024
0.01949573
0.01953864
0.01954794
0.01975799
0.01962686
0.01986241
0.01966643
0.01984572
0.01997590
0.01978683
0.02015758
