0.00174499
0.01666117
0.01653194
0.01639628
0.01638675
0.01640034
0.01615715
0.01620221
0.01618242
0.01613569
0.01616669
0.01609588
0.01613307
0.01613593
0.01619411
0.01623821
0.01622438
0.01625824
0.01614356
0.01612163
0.01613426
0.01612067
0.01609397
0.01600242
0.01633787
0.01633310
0.01633978
0.01634359
0.01637888
0.01637650
0.01640940
0.01639605
0.01635432
0.01645517
0.01662254
0.01651430
0.01645422
0.01639581
0.01637053
0.01636529
0.01638532
0.01610994
0.01616049
0.01621509
0.01626086
0.01617956
0.01617813
0.01611590
0.01617908
0.01633620
0.01688170
0.01636171
0.01622963
0.01612401
0.01612401
0.01615787
0.01621056
0.01612663
0.01614690
0.01617718
0.01618648
0.01618958
0.01614690
0.01618099
0.01612830
0.01613164
0.01613212
0.01611996
0.01615953
0.01611400
0.01620674
0.01613259
0.01620007
0.02033329
0.01606011
0.01609349
0.01613045
0.01612234
0.01607180
0.01609945
0.02022719
0.01606345
0.02020764
0.01624703
0.01628327
0.01613808
0.01654887
0.01651525
0.01664257
0.01651096
0.01641107
0.01647019
0.01642418
0.01639819
0.01682901
0.01699066
0.01616073
0.01645398
0.01641607
0.01637459
0.01636481
0.01630926
0.01636052
0.01649189
0.01663399
0.01661849
0.01640320
0.01638913
0.01635146
0.01636219
0.01631021
0.01632333
0.01638603
0.02530789
0.02562094
0.02529073
0.02487326
0.02483416
0.02488542
0.02481127
0.02483582
0.02519703
0.02518201
0.02515244
0.02511930
0.02062106
0.02093673
0.02097845
0.02478838
0.02897811
0.02905130
0.02865744
0.02849793
0.02893019
0.02874923
0.02879500
0.02865481
0.02856851
0.03086352
0.02873111
0.02861238
0.02862048
0.02870393
0.02997494
0.03328180
0.03004980
0.02926326
0.02925658
0.02932286
0.02936435
0.02955461
0.02873230
0.02874708
0.02914977
0.02931929
0.02919912
0.03561282
0.03523517
0.03867984
0.03157449
0.03001046
0.03042173
0.02970314
0.02935457
0.02908468
0.02899551
0.02888322
0.02868605
0.02868414
0.02883291
0.02877593
0.02887774
0.02927089
0.02901053
0.02862239
0.02874136
0.02876663
0.02884984
0.02916884
0.02882242
0.02888203
0.02878213
0.02918506
0.02931285
0.02923036
0.02927494
0.02925110
0.02914977
0.03018093
0.02957416
0.02958107
0.02896070
0.02946401
0.02927947
0.02888584
0.02954793
0.02982855
0.02977705
0.02969193
0.02945995
0.03048563
0.02953124
0.02931380
0.02988172
0.02943206
0.02926302
0.02959776
0.02947736
0.02942824
0.02952838
0.02995467
0.02945781
0.02942324
0.02931333
0.02943468
0.02934217
0.02948594
0.02936935
0.02884316
0.02880645
0.02886105
0.02894664
0.02885246
0.02896023
0.03083086
0.02955747
0.02940106
0.02953768
0.02964878
0.02948523
0.02941608
0.02938890
0.02935004
0.02924991
0.02921009
0.02951598
0.02879620
0.02888203
0.03113723
0.02910280
0.02894568
0.02888465
0.02885675
0.02879095
0.02888775
0.02861643
0.02462387
0.02438593
0.02457643
0.02439165
0.02448726
0.02438402
0.02441835
0.02447391
0.02440000
0.02442813
0.02446198
0.02438831
0.02447534
0.02431726
0.02442145
0.02471638
0.02445817
0.02459908
0.02473307
0.02526522
0.02515173
0.02954412
0.02939415
0.02939582
0.02956891
0.03517532
0.02908015
0.02929211
0.02905536
0.02849340
0.02839088
0.02860117
0.02861834
0.02846718
0.02858758
0.02862120
0.02915835
0.02926302
0.02910972
0.02859902
0.02903938
0.02910638
0.02905822
0.02867341
0.02921391
0.02932668
0.02907252
0.02908039
0.02915120
0.02903080
0.03150892
0.02910542
0.02904177
0.02907300
0.02910495
0.02910089
0.02914572
0.02902865
0.02900410
0.02903175
0.02911687
0.02858067
0.02916074
0.02926278
0.02891159
0.02902222
0.02905011
0.02850270
0.02858019
0.02866220
0.02856207
0.02861500
0.02853084
0.02846003
0.02856946
0.02858233
0.02905655
0.02899837
0.02911043
0.02922320
0.02913404
0.02919030
0.02921867
0.02932668
0.02952361
0.02927899
0.02904534
0.02916384
0.02960253
0.02926898
0.02866197
0.03005385
0.03028488
0.02934504
0.02968884
0.02875209
0.02875209
0.02876544
0.02862477
0.02884364
0.02875829
0.02882695
0.02903938
0.02912140
0.02909970
0.02941990
0.02940392
0.02972698
0.03035641
0.02994442
0.02848887
0.02859879
0.03010082
0.03629613
0.02915549
0.03201294
0.02874136
0.02909184
0.02864218
0.02884865
0.02868962
0.02977800
0.02897930
0.02880311
0.02890253
0.02879214
0.02943206
0.02923703
0.02910280
0.02902913
0.02910972
0.02909636
0.02918553
0.02913260
0.02908826
0.02917290
0.02884960
0.02901888
0.02917790
0.02923059
0.02911806
0.02910256
0.02897716
0.02865601
0.02864838
0.02879405
0.02853942
0.02873635
0.02965903
0.02937937
0.02924943
0.02948308
0.02926898
0.02918339
0.02860069
0.02871776
0.02929735
0.02913332
0.02928352
0.02934408
0.02874017
0.02868724
0.02943921
0.02920628
0.02921867
0.02946043
0.02928138
0.02910066
0.02898073
0.02911210
0.02912354
0.02913070
0.02917981
0.02923846
0.02910089
0.02848983
0.02916312
0.03475666
0.03556514
0.03561878
0.03469515
0.03081822
0.03406072
0.02921700
0.02903914
0.02898049
0.03197765
0.02952886
0.02926707
0.02928543
0.02923584
0.02869320
0.02856588
0.02848363
0.02857327
0.02857208
0.02859879
0.02847481
0.02857947
0.02842307
0.02874732
0.02904677
0.02987766
0.02943468
0.02907491
0.02909017
0.02858067
0.02848983
0.02865791
0.02856088
0.02849603
0.02935791
0.02926445
0.02919292
0.02940178
0.02943492
0.02968502
0.02934146
0.02911854
0.02913928
0.02898407
0.02899671
0.02900434
0.02848029
0.02852464
0.02850342
0.02866101
0.02841425
0.02859569
0.02844048
0.02866125
0.02844167
0.02856469
0.02865148
0.02866507
0.02849722
0.02849340
0.02866745
0.02851319
0.02857947
0.02855563
0.02844691
0.02846789
0.02860951
0.02892184
0.02872992
0.02905130
0.02875519
0.02861238
0.02909613
0.02915287
0.02920890
0.02915645
0.03113651
0.02907252
0.02915573
0.02922368
0.02916789
0.02908683
0.02908969
0.02906108
0.02901387
0.02902842
0.02902651
0.02908659
0.02900767
0.02974725
0.02891707
0.02887893
0.02888703
0.02881694
0.02892399
0.02861643
0.02854395
0.02919722
0.02932191
0.02979422
0.02943587
0.02941442
0.02938056
0.02924991
0.02914023
0.02935600
0.02995420
0.03067064
0.02884674
0.02920604
0.02864337
0.02923679
0.02931166
0.02907991
0.02857661
0.02932429
0.02933407
0.02924252
0.02914143
0.02908444
0.02905273
0.03062010
0.02964926
0.02923846
0.02919817
0.02920723
0.02923608
0.02934480
0.02924943
0.02932310
0.02964306
0.02930975
0.02988839
0.02950978
0.02885437
0.02894402
0.02931404
0.02890801
0.02877045
0.02901530
0.02909780
0.02884126
0.02897334
0.02875400
0.02876949
0.02886653
0.02876401
0.02938104
0.02878118
0.02918863
0.02878404
0.02871776
0.02874112
0.02890635
0.02894068
0.02885985
0.02888012
0.02871919
0.02938390
0.02871633
0.02874255
0.02879524
0.02871966
0.02874207
0.02951837
0.02924418
0.02916121
0.02872658
0.02870464
0.02889657
0.02884054
0.02910662
0.02882981
0.02911019
0.02913785
0.02923179
0.02930498
0.03112006
0.02929068
0.02914166
0.02912807
0.02923274
0.02921891
0.02930236
0.02928901
0.02932310
0.02910066
0.02948403
0.02906823
0.02927518
0.02936745
0.02880335
0.02892089
0.02878070
0.02886868
0.02875352
0.02910185
0.02992010
0.02957416
0.02924681
0.02985477
0.02970386
0.03010035
0.02931142
0.02920794
0.02917123
0.02926040
0.02934742
0.02923107
0.02917695
0.02860761
0.02856302
0.02912760
0.02911687
0.02915263
0.02907348
0.02922869
0.02962279
0.02914333
0.02926850
0.02923393
0.02931809
0.02919126
0.02920580
0.02928472
0.02913404
0.02932143
0.02937937
0.02927661
0.02950835
0.03128004
0.02958107
0.02982974
0.03001332
0.02941632
0.03137064
0.02918243
0.02930474
0.02922630
0.02940464
0.02923298
0.02907276
0.02858520
0.02859235
0.02856112
0.02882743
0.02853155
0.02859807
0.02936840
0.02970862
0.02873468
0.02898431
0.02910495
0.02923536
0.02905321
0.02910137
0.02899098
0.02929330
0.02921176
0.02928495
0.02930045
0.02915597
0.02968955
0.03545380
0.03586531
0.03550196
0.03396273
0.03618693
0.03472638
0.02870703
0.02940583
0.02915287
0.02927709
0.02989364
0.02960277
0.02964830
0.02947664
0.02934980
0.02939963
0.02974820
0.02932000
0.02947831
0.02923799
0.02893353
0.02882957
0.02881670
0.02882409
0.02874327
0.02933192
0.02936959
0.02930093
0.02978444
0.02925229
0.02904630
0.02898526
0.02915692
0.03776193
0.02906036
0.02895904
0.02889872
0.02940464
0.02943921
0.02928448
0.02940392
0.02930260
0.02939224
0.02940941
0.02938890
0.02942395
0.02951384
0.02986932
0.02923012
0.02951717
0.02939653
0.02903485
0.02940226
0.02952290
0.02950358
0.02897573
0.02903962
0.02978730
0.02951884
0.02954674
0.02992487
0.02984357
0.03111649
0.02955937
0.02951479
0.03023028
0.02958870
0.02968979
0.02960634
0.02963066
0.02952886
0.02971721
0.02900934
0.02955317
0.02876258
0.02904463
0.02904463
0.02980256
0.02961063
0.02966619
0.02943277
0.02914476
0.02924490
0.02934146
0.02936649
0.02932858
0.02929974
0.02925205
0.02930212
0.02930927
0.02940392
0.02902389
0.02912569
0.02918983
0.02888846
0.02889132
0.02909732
0.02890205
0.02880430
0.02895880
0.02876496
0.02888298
0.02889967
0.02888656
0.02862668
0.02881217
0.02877665
0.02894926
0.02863836
0.02882123
0.02878451
0.02870035
0.02873397
0.02871442
0.03420496
0.03282928
0.02911782
0.02941966
0.02899218
0.02914667
0.02931499
0.02927661
0.02922797
0.02874899
0.02976179
0.02910137
0.02878499
0.02932978
0.03681850
0.02912736
0.02875996
0.02924848
0.02931952
0.02934575
0.02913570
0.02937031
0.02930593
0.02911973
0.02914524
0.02918053
0.02903271
0.02934265
0.02971816
0.02864957
0.02859092
0.02931476
0.02943206
0.02921867
0.02924752
0.02932072
0.02929807
0.02934957
0.02926517
0.02874923
0.02863860
0.03027391
0.02951455
0.03568411
0.02920008
0.02922869
0.02936244
0.02922153
0.02913404
0.02913427
0.02933836
0.02934408
0.02874398
0.02881026
0.02871609
0.02880788
0.02883840
0.02929401
0.02933836
0.02952576
0.02929878
0.02916169
0.02916813
0.02934813
0.02857876
0.02846670
0.02900410
0.02903271
0.02903366
0.02923179
0.02910924
0.02902865
0.02901888
0.02910137
0.02916241
0.02883315
0.02887654
0.02881503
0.02882528
0.02862549
0.02868176
0.02925897
0.02931714
0.02930927
0.02925777
0.02919507
0.02875900
0.02882171
0.02857518
0.02856374
0.02857065
0.02870989
0.02928329
0.02966285
0.02978706
0.03017688
0.02886486
0.02864146
0.02870178
0.02864599
0.02943516
0.02937508
0.02980399
0.02927399
0.02923369
0.02989888
0.02918839
0.03181338
0.02911663
0.03112054
0.02933502
0.02860832
0.02891707
0.02919173
0.02878666
0.02844858
0.02901316
0.02851939
0.02860236
0.02863646
0.02857351
0.02860260
0.02887821
0.02887750
0.02863193
0.03563356
0.02868342
0.02858829
0.02851081
0.02849627
0.02841854
0.02846456
0.02951503
0.03109503
0.02446699
0.02073574
0.02072787
0.02067947
0.01620746
0.02077818
0.01672387
0.01703691
0.01672268
0.01700616
0.01656079
0.01634765
0.01637554
0.01640749
0.01613212
0.01620770
0.01621485
0.01621127
0.01622581
0.01664233
0.01694417
0.01696730
0.01757312
0.01748276
0.01756501
0.01700258
0.01670957
0.01668835
0.01676750
0.01650453
0.01675916
0.01657319
0.01641154
0.01629758
0.01636124
0.01627517
0.01623821
0.01624608
0.01605821
0.01606631
0.01601553
0.01622510
0.01620889
0.01624155
0.01620913
0.01619339
0.01592994
0.01643801
0.01625919
0.01605630
0.01636887
0.01629472
0.01627827
0.01632929
0.01634121
0.01625681
0.01609182
0.01601839
0.01607132
0.01605749
0.01608229
0.01630020
0.01617336
0.01615119
0.01602507
0.01603198
0.01606345
0.01608133
0.01607847
0.01618123
0.01603532
0.01603341
0.01602435
0.01591158
0.01601028
0.01599765
0.01600862
0.01611304
0.01601553
0.01603103
0.01605701
0.01604080
0.01622415
0.01624370
0.01623893
0.01644373
0.01650071
0.01632285
0.01632190
0.01620793
0.01628828
0.01599193
0.01598978
0.01631403
0.01627731
0.01610708
0.01621318
0.01611137
0.01610756
0.01607513
0.01603580
0.01612735
0.01642656
0.01615405
0.01605701
0.01610422
0.01606560
0.01606774
0.01619697
0.01609397
0.01610494
0.01616287
0.01613259
0.01609445
0.01609254
0.01621819
0.01624179
0.01619959
0.01730871
0.02315593
0.02039719
0.02084470
0.02077651
0.02076793
0.02494884
0.02489901
0.02490687
0.02489710
0.02491951
0.02073574
0.02078319
0.01633000
0.01631236
0.02075720
0.02073336
0.02068400
0.02492571
0.02490973
0.02488828
0.02503419
0.02503586
0.02480841
0.02495360
0.02912045
0.02903128
0.02908993
0.02917790
0.02920723
0.02900243
0.02914667
0.02914858
0.02911973
0.02909994
0.03574514
0.02956891
0.02877784
0.02864647
0.02865028
0.02919984
0.02922535
0.02915406
0.02930140
0.02927589
0.02930570
0.02902579
0.02903628
0.02905297
0.02996111
0.02964067
0.02924681
0.02860212
0.02943969
0.02912498
0.02876592
0.02896190
0.02902412
0.02881527
0.02879763
0.02872324
0.02868390
0.02870250
0.02861214
0.02875900
0.02866602
0.02908731
0.02956438
0.02926469
0.02879906
0.02903199
0.02858686
0.02867866
0.02866435
0.02878284
0.02863359
0.02870560
0.02867579
0.02864623
0.02912688
0.02902675
0.02870107
0.02931905
0.02457595
0.02484560
0.02478218
0.02459669
0.02462506
0.02912974
0.02929711
0.02917886
0.02923846
0.02526307
0.02500510
0.02073503
0.02497411
0.02502990
0.02916026
0.02492690
0.02921605
0.02510667
0.02926970
0.02991939
0.03168583
0.03037834
0.02994895
0.02984285
0.02936006
0.02887940
0.02869606
0.02960801
0.02924275
0.02875590
0.02910519
0.02935004
0.02945900
0.02953076
0.02939010
0.02906632
0.02909994
0.02913046
0.02907348
0.02911043
0.02911067
0.02926159
0.02917266
0.02913952
0.02909827
0.02902126
0.02922511
0.02886343
0.02903199
0.02975011
0.03219008
0.02881789
0.02910852
0.02897906
0.02870440
0.02864814
0.02859354
0.02476859
0.02445626
0.02477455
0.02865410
0.02903533
0.02559376
0.02713251
0.03016973
0.02641225
0.02992082
0.02603006
0.02928853
0.02501726
0.02920890
0.02877235
0.02876329
0.02868247
0.02896452
0.02864456
0.02888727
0.02876425
0.02895856
0.03004503
0.02871561
0.02871013
0.02937388
0.02899075
0.02855682
0.02887058
0.02884722
0.02871537
0.03401685
0.03307486
0.02894568
0.02870226
0.02980328
0.02984309
0.02959418
0.02967072
0.03002501
0.02940607
0.03072047
0.03292775
0.02958584
0.03055882
0.02520275
0.02973342
0.02991390
0.03047252
0.03270483
0.03183746
0.03116226
0.03051329
0.03026938
0.02893472
0.02894711
0.03002739
0.02941060
0.02935767
0.03186655
0.03012061
0.03041434
0.02954841
0.02963495
0.02897000
0.03001165
0.02939701
0.02939034
0.02913189
0.02946258
0.02963662
0.02989721
0.03670359
0.03393555
0.03051066
0.03408360
0.02970004
0.02925205
0.02890086
0.02935052
0.02919650
0.02905583
0.02865434
0.02868462
0.03066230
0.03081942
0.02992105
0.03049302
0.02880454
0.02865052
0.02878809
0.02902555
0.02883148
0.02857137
0.02866077
0.02852440
0.02924657
0.02938938
0.03089309
0.03034568
0.02878189
0.02870464
0.02859521
0.02857447
0.02904725
0.02912593
0.02933383
0.02923822
0.02971101
0.02984023
0.03020954
0.02965045
0.02925205
0.02908969
0.02974272
0.02966881
0.02974248
0.02986526
0.03039217
0.03025651
0.03003597
0.03033400
0.02910995
0.02989340
0.02966666
0.02949786
0.02932143
0.02962494
0.02906966
0.02910089
0.02957940
0.03001070
0.02944684
0.02890682
0.02880359
0.02925777
0.02992654
0.02978992
0.02974319
0.02941370
0.02932262
0.02912354
0.02890134
0.02886653
0.02884412
0.02887154
0.02891111
0.02872825
0.02888489
0.02848935
0.02973819
0.02963424
0.02916050
0.03083873
0.02879977
0.02867007
0.02909064
0.02922845
0.02908587
0.02930093
0.02907896
0.02895689
0.02913260
0.02917552
0.02922678
0.02901673
0.02920032
0.02863050
0.02907038
0.02917480
0.02920461
0.02954316
0.02961707
0.02957129
0.02964807
0.02957296
0.02953911
0.02961469
0.02886343
0.02926421
0.02907443
0.02939892
0.03042579
0.02968454
0.02954388
0.02972531
0.02931046
0.02955770
0.02940679
0.02884245
0.02905869
0.02968812
0.02995205
0.02997947
0.03002214
0.02937293
0.02947474
0.03367829
0.03317714
0.03329325
0.03343296
0.03302121
0.03276753
0.03319192
0.02927423
0.02878499
0.02895999
0.02890778
0.02880931
0.02886629
0.02926564
0.02909827
0.02886343
0.02920628
0.02932978
0.02939153
0.02934909
0.02866411
0.02884197
0.02905345
0.02905893
0.02913237
0.02856946
0.02840519
0.02938795
0.02940798
0.02989006
0.02935839
0.02899337
0.02945995
0.02923059
0.02911258
0.02555108
0.03104424
0.02450991
0.02460456
0.02024007
0.02022696
0.01605964
0.01608992
0.01639438
0.01634145
0.01638603
0.01647329
0.01642752
0.01639104
0.01637363
0.01635695
0.01637244
0.01641870
0.01656771
0.01666331
0.01636934
0.01629305
0.01632595
0.01667190
0.01676440
0.01643181
0.01641607
0.01637769
0.01645923
0.01665115
0.01638985
0.01621819
0.01622272
0.01646233
0.01638746
0.01618242
0.01609063
0.01610351
0.01613259
0.01606727
0.01609588
0.01622772
0.01625419
0.01614761
0.01606917
0.01612258
0.01618981
0.01624489
0.01637912
0.01615548
0.01623416
0.01625824
0.01617885
0.01616812
0.01615286
0.01613235
0.01617122
0.01626539
0.01621985
0.01613450
0.01613259
0.01630068
0.01629543
0.01611495
0.01607823
0.01602554
0.01609111
0.01609945
0.01617956
0.01612735
0.01614761
0.01608801
0.01612616
0.01620102
0.01636577
0.01622248
