0.00125694
0.03021097
0.02964091
0.02962923
0.03041482
0.02971244
0.02969289
0.02962136
0.02983165
0.02961397
0.02974200
0.02974200
0.03018832
0.02974415
0.02945471
0.02997279
0.03016305
0.03031611
0.03132701
0.03199124
0.02956939
0.02997923
0.03010201
0.02998829
0.03011322
0.03002572
0.03037167
0.03225183
0.02994990
0.03011179
0.03017783
0.03014207
0.03023267
0.03012586
0.03108144
0.03029346
0.03039432
0.03024650
0.03021121
0.03029013
0.03036523
0.03026533
0.03020382
0.03056955
0.03016567
0.03029490
0.03541231
0.03405190
0.02975488
0.03065109
0.02965593
0.03032470
0.03068089
0.03018069
0.03758216
0.03683162
0.03649807
0.03940225
0.03781223
0.03353310
0.03033113
0.03032017
0.02989721
0.03083181
0.02972293
0.03023863
0.03011632
0.02981257
0.02969480
0.02988529
0.02965522
0.03027773
0.02985454
0.02950597
0.02959418
0.02980280
0.02971339
0.02970791
0.03012681
0.03002644
0.02974987
0.02969551
0.02987432
0.02975106
0.02970910
0.03007770
0.03053331
0.03007317
0.03007507
0.02995825
0.02999425
0.03022718
0.03014946
0.03089404
0.03321648
0.03085852
0.03071189
0.03064609
0.03080559
0.03077602
0.03060246
0.03064084
0.03061724
0.03058171
0.03067708
0.03059006
0.03079414
0.03016806
0.03021049
0.03963852
0.03036523
0.03035307
0.03038955
0.03026223
0.03033185
0.03047061
0.03016853
0.03022790
0.03101325
0.03112054
0.03040433
0.03059649
0.03060555
0.03084660
0.03106403
0.03038478
0.03060460
0.03046393
0.03057337
0.03074408
0.03050590
0.03082848
0.03167796
0.03079724
0.03072786
0.03127670
0.03560066
0.03483534
0.03517413
0.02995944
0.03049922
0.03049588
0.03170586
0.03040504
0.03086710
0.03077507
0.03053379
0.03046417
0.03069496
0.03084970
0.03057575
0.03022194
0.02992439
0.03045249
0.03072500
0.03061318
0.03053188
0.03049064
0.03071046
0.03074336
0.03041220
0.03063440
0.03044415
0.03046846
0.03068805
0.03092289
0.03059292
0.03066921
0.03085542
0.02963519
0.03013778
0.03020883
0.03028369
0.03026843
0.03101754
0.03048182
0.03027987
0.02969909
0.02978110
0.03001070
0.03008199
0.02992201
0.02964926
0.03065348
0.03085661
0.03372407
0.02976751
0.02993202
0.02969360
0.02985740
0.02977610
0.02973914
0.02979541
0.02989030
0.02977085
0.02967238
0.02985001
0.02977681
0.02975416
0.03088570
0.03157759
0.03010130
0.03003263
0.02995253
0.02997351
0.03050971
0.03025651
0.03021407
0.03025913
0.03039289
0.03071141
0.02993035
0.02995515
0.03004456
0.03039432
0.03037763
0.03007030
0.03012514
0.02999520
0.02992654
0.03002858
0.02999401
0.03003120
0.03002381
0.02997565
0.03007531
0.03058863
0.03303647
0.03016210
0.03029227
0.03026199
0.03036785
0.03042173
0.03038740
0.03050375
0.03116989
0.03013825
0.03003812
0.03019214
0.02999854
0.03056479
0.03055143
0.03015280
0.03032327
0.03020549
0.03007913
0.03007078
0.03002548
0.03008628
0.03011417
0.02965760
0.02944970
0.03036046
0.02997994
0.02995896
0.02977109
0.02996063
0.02939177
0.02935433
0.02990270
0.02946758
0.03011870
0.02948713
0.02998209
0.03004932
0.02986217
0.02972198
0.03004646
0.03010893
0.02981400
0.02966905
0.02979779
0.03001642
0.02984881
0.03009844
0.02993345
0.03060699
0.03003979
0.02977180
0.02963161
0.02955079
0.02947402
0.02958703
0.03054667
0.03024650
0.03004479
0.02984738
0.03004432
0.02998185
0.03001666
0.03011823
0.03196883
0.02995825
0.02958393
0.02942443
0.02940679
0.03092957
0.03006029
0.02942133
0.02990341
0.02944827
0.02938247
0.02967381
0.03013086
0.03607798
0.03556609
0.03614759
0.03578854
0.03039956
0.03095102
0.03021765
0.02997851
0.03000116
0.03007579
0.02994204
0.02997303
0.02999640
0.03002858
0.03032851
0.03029323
0.02996087
0.02984333
0.02936959
0.02966094
0.02961445
0.02951980
0.02977061
0.02956295
0.02949452
0.02976894
0.02963591
0.02947140
0.02982831
0.02987695
0.02995825
0.02989221
0.02973104
0.02977490
0.02951121
0.02949762
0.02960396
0.02946281
0.02962565
0.02971077
0.02969575
0.02959061
0.02959538
0.02958202
0.02964258
0.02976441
0.02981925
0.02978563
0.02985716
0.03036451
0.02976680
0.03058767
0.03028822
0.03080082
0.02999210
0.02997184
0.03019881
0.03001928
0.02999091
0.03259921
0.03044486
0.03051662
0.03018785
0.03011656
0.03091121
0.03006387
0.02995300
0.02979541
0.02986908
0.02959299
0.02977324
0.02991652
0.02959085
0.02975321
0.02984571
0.02981710
0.02981138
0.02991438
0.02953506
0.03251433
0.02973223
0.02997899
0.03004551
0.03036785
0.03051758
0.03023219
0.03063726
0.03012776
0.03003788
0.03010368
0.03012061
0.03044534
0.03043652
0.02957344
0.02956414
0.02946043
0.02955389
0.02954173
0.02947617
0.02960563
0.02955675
0.02953339
0.02964807
0.02947688
0.02939272
0.02943730
0.02959991
0.03015113
0.02960610
0.03000355
0.02954841
0.02950168
0.02961326
0.03134370
0.02957416
0.02935839
0.02966595
0.02965593
0.02946377
0.02939034
0.02991962
0.02946186
0.02956080
0.02985120
0.03004408
0.02976704
0.02992487
0.02992368
0.03008556
0.02982116
0.02999568
0.03029537
0.03022075
0.02953577
0.02956557
0.02962303
0.02960277
0.02959609
0.03027940
0.02957010
0.02952933
0.02950621
0.02947640
0.03022814
0.03068280
0.03212810
0.03676414
0.02947402
0.02960515
0.02972460
0.03008986
0.03013277
0.02985096
0.03050208
0.03478146
0.03411126
0.03441072
0.03399444
0.02952313
0.02947116
0.02946401
0.02979541
0.03026366
0.02965164
0.02943015
0.02953887
0.02952456
0.02946687
0.03049445
0.03013468
0.03011608
0.03534794
0.03045321
0.03018928
0.02973938
0.02993059
0.02972031
0.02976584
0.02961802
0.02974319
0.02979350
0.02964783
0.02954578
0.03033090
0.03029275
0.02986550
0.02966928
0.02963877
0.02942467
0.02947140
0.02945495
0.02943110
0.02960539
0.02965975
0.02955675
0.02953339
0.02943230
0.02946496
0.02971458
0.03007841
0.02968168
0.02951407
0.02965879
0.02963114
0.02948976
0.02961922
0.02968502
0.02960229
0.02978992
0.03020644
0.02966976
0.02977514
0.02969909
0.03031754
0.03019404
0.03001022
0.03013897
0.03000569
0.02989411
0.02977133
0.02947950
0.03004003
0.02985930
0.02999640
0.03351402
0.03361368
0.03352594
0.03094673
0.02937865
0.02990460
0.02980733
0.02981734
0.02984667
0.02980089
0.02978754
0.02996469
0.03063869
0.02934480
0.02940774
0.03014517
0.02995872
0.03010416
0.03007269
0.02993083
0.03019571
0.03017473
0.03011250
0.03051043
0.03061128
0.02966523
0.02968907
0.02998495
0.02961063
0.03043056
0.03774691
0.03639436
0.03635383
0.03234673
0.03177857
0.03130865
0.03054667
0.03050637
0.03365970
0.03024030
0.02949405
0.02988601
0.02949786
0.02967215
0.03004360
0.03020382
0.03020978
0.03037930
0.03001142
0.03024006
0.03028655
0.03022337
0.03127289
0.03009319
0.03017235
0.03011060
0.02991748
0.02997088
0.03002095
0.02997661
0.02984357
0.03002405
0.03004837
0.02998781
0.03014040
0.03022575
0.03030825
0.03113961
0.02949047
0.03013515
0.03004813
0.03064871
0.03036237
0.02994633
0.03010130
0.02994061
0.03042126
0.03011632
0.03049827
0.03023720
0.03013039
0.03005075
0.02955747
0.03083229
0.03048038
0.02975154
0.02946258
0.02993393
0.02987266
0.03000832
0.02952504
0.02950644
0.02944350
0.02955699
0.02942133
0.02983713
0.02961016
0.02951169
0.02950859
0.02971721
0.02974916
0.02978039
0.02975249
0.02963853
0.02993464
0.02973723
0.02958107
0.02964950
0.03000522
0.02955866
0.02965665
0.02972293
0.02965403
0.02954769
0.02966881
0.03544521
0.03493047
0.02958512
0.02941370
0.02935457
0.03009510
0.03001046
0.02956653
0.02938604
0.02950263
0.02979350
0.02972293
0.02973700
0.03016210
0.02968097
0.03036427
0.03247523
0.02983022
0.03009868
0.02976751
0.02971768
0.02963686
0.02962255
0.02983451
0.02988577
0.02976155
0.02987123
0.02974939
0.02969217
0.02971888
0.02978539
0.03007269
0.02986741
0.02968574
0.02967882
0.02980208
0.03025055
0.02964115
0.02970576
0.02962422
0.03011274
0.02999806
0.02983570
0.03029943
0.02981472
0.02975965
0.02987647
0.02968168
0.02988911
0.03115988
0.02977729
0.03001881
0.02984810
0.02987361
0.03005052
0.02969980
0.03012085
0.03015232
0.02978182
0.02957749
0.02968788
0.03476596
0.03496003
0.03471994
0.03449392
0.03465056
0.03465867
0.03461170
0.03016424
0.02963305
0.02967739
0.02989626
0.02953148
0.02948070
0.02957582
0.02958512
0.02953100
0.02945256
0.02957034
0.02952123
0.02962518
0.02965093
0.02984500
0.02954817
0.03027892
0.02960277
0.03059340
0.02963424
0.02969766
0.02979541
0.03165197
0.02974892
0.03642511
0.03003454
0.02959180
0.02974749
0.02974772
0.02972960
0.02949071
0.02949524
0.02951360
0.02966189
0.02973843
0.02971697
0.02965140
0.02967286
0.02968168
0.03342843
0.03026342
0.03014469
0.02990627
0.02987766
0.02977920
0.02977014
0.02998590
0.02991724
0.02978873
0.03005147
0.03007340
0.02989864
0.02977467
0.02982903
0.02969646
0.02962542
0.03001213
0.02987170
0.02965569
0.03032446
0.03021359
0.03021550
0.03021812
0.03008723
0.03048921
0.03012967
0.03169847
0.03026986
0.03016043
0.03011394
0.02999067
0.03037596
0.03143334
0.03065968
0.03027630
0.03010106
0.03011513
0.03034711
0.03367686
0.03065825
0.03050637
0.03028083
0.03015351
0.03034854
0.03017712
0.03031397
0.03043890
0.03024721
0.03020859
0.03022003
0.03022575
0.03013444
0.03009248
0.03027296
0.03043675
0.03023791
0.02975225
0.03012848
0.03034496
0.03668833
0.03805995
0.03664732
0.03784490
0.03183460
0.03162694
0.03055668
0.02999187
0.02963805
0.03044629
0.02988720
0.02976155
0.02977514
0.02973151
0.02986002
0.02996874
0.03608584
0.03007245
0.02993035
0.02993035
0.02976537
0.02977753
0.02974749
0.02969408
0.02957439
0.03037071
0.03035212
0.03013325
0.03015471
0.03019881
0.03017831
0.03631592
0.03050971
0.03030729
0.03034973
0.03020811
0.03018188
0.03042436
0.03016901
0.03026581
0.03043532
0.03023434
0.03045988
0.03059649
0.03025842
0.03042698
0.02976942
0.02972817
0.03018665
0.03008509
0.03007340
0.02971959
0.02957821
0.02958727
0.02968431
0.03035116
0.03012705
0.03015900
0.03065920
0.03048253
0.03012776
0.03003359
0.03043628
0.03063345
0.03046846
0.03047419
0.03000855
0.03029203
0.02995801
0.03018355
0.03036976
0.03032041
0.03026843
0.03053641
0.02961874
0.03007865
0.03022885
0.03024197
0.02945614
0.03026295
0.03038788
0.03035402
0.03009129
0.03016281
0.03030324
0.02984238
0.02973676
0.02958941
0.02956009
0.02983022
0.02972436
0.02977657
0.02985406
0.02976513
0.03006530
0.02984905
0.03001165
0.02987432
0.03002596
0.02963519
0.02975702
0.03025484
0.03010345
0.03027749
0.02999592
0.03023624
0.03010607
0.03066278
0.03535724
0.03524184
0.03226519
0.03069592
0.03030443
0.03010106
0.03017330
0.03067589
0.03043938
0.03009963
0.03022695
0.03046393
0.03461480
0.03472996
0.03586578
0.03493261
0.03045964
0.03045607
0.03050900
0.03042936
0.03071785
0.03052163
0.03063345
0.03043914
0.02993798
0.02959991
0.03020954
0.03032994
0.03024316
0.03021455
0.03024101
0.03028655
0.03136635
0.03020835
0.03037930
0.02974081
0.03043270
0.03055692
0.03038120
0.03098392
0.03124642
0.03068590
0.03066683
0.02987194
0.02990103
0.03014040
0.03000498
0.03024769
0.03022313
0.03035641
0.03032565
0.03027797
0.03094745
0.03028822
0.03013897
0.03009415
0.03009796
0.03039217
0.03026271
0.03002620
0.03006101
0.03019047
0.03017092
0.03089809
0.03056693
0.03050041
0.03038239
0.03075886
0.03014088
0.03022623
0.02965927
0.02973247
0.02969265
0.02965379
0.02961016
0.02987051
0.03033280
0.02966809
0.02981830
0.03055191
0.03032660
0.02967072
0.02981901
0.02977943
0.02975035
0.02985001
0.03454494
0.03472543
0.03458643
0.03490901
0.03345585
0.02971101
0.03026557
0.03055882
0.03036404
0.03013325
0.03011370
0.03031254
0.03021479
0.03005505
0.03008938
0.03010178
0.03009748
0.03011465
0.03040338
0.03122735
0.03008246
0.02989340
0.02966022
0.02998471
0.02989197
0.03004003
0.03011584
0.02976704
0.02989769
0.03020573
0.03062153
0.03049445
0.03053141
0.03184509
0.03040123
0.03088617
0.03067803
0.03062940
0.03133345
0.03074002
0.02975655
0.03036976
0.03059220
0.03042817
0.03032875
0.03259254
0.03050828
0.03048205
0.03004766
0.03023982
0.03011775
0.02985001
0.02989006
0.03011155
0.03075910
0.03045464
0.03256989
0.03718638
0.03663111
0.03659868
0.03256130
0.03071046
0.03093100
0.03039575
0.03045535
0.03037739
0.03028274
0.03013611
0.02998734
0.02996898
0.03069401
0.02963781
0.02966809
0.02972150
0.03026199
0.03015804
0.03030086
0.03025413
0.03045416
0.03068781
0.03048778
0.03039932
0.03036213
0.03049755
0.03036237
0.03180480
0.03040862
0.03052759
0.03045464
0.03036880
0.03050566
0.03075266
0.03197622
0.03210759
0.03096724
0.03076863
0.03104424
0.03118944
0.03140807
0.03065109
0.03072476
0.03045034
0.03036928
0.03030610
0.03055882
0.03037357
0.03024602
0.03042316
0.03187561
0.03137589
0.03000093
0.02985883
0.03002644
0.02994704
0.02990031
0.03054357
0.02972722
0.02984810
0.02999115
0.02992678
0.02981472
0.02978253
0.02980518
0.02975297
