0.00113773
0.01920938
0.01938033
0.01910353
0.01902652
0.01900148
0.01903701
0.01904511
0.01896548
0.01889896
0.01910353
0.01919985
0.01913500
0.01905704
0.01907897
0.01905489
0.01904273
0.01914191
0.01909089
0.01914668
0.01917338
0.01920056
0.01947856
0.01903105
0.01904345
0.01901484
0.01908350
0.01909685
0.01907444
0.01962638
0.02233458
0.01937938
0.01911211
0.01915741
0.01902795
0.01907539
0.01926994
0.01936793
0.01917768
0.01915789
0.01908827
0.01905084
0.01911521
0.01905155
0.01937985
0.01935434
0.01911592
0.01910186
0.01904225
0.01914597
0.01911449
0.01904750
0.01915264
0.01909256
0.01905704
0.01908159
0.01905870
0.01910067
0.01907110
0.01900816
0.01914859
0.01925278
0.01911116
0.01907039
0.01908493
0.01908064
0.01908827
0.01916552
0.01976323
0.02204609
0.01923108
0.01923251
0.01932764
0.01911449
0.01903749
0.01903081
0.01903820
0.01908112
0.01903462
0.01903534
0.01904845
0.01905227
0.01909781
0.01907063
0.01898837
0.01906085
0.01918912
0.01908636
0.01962233
0.01906395
0.01908088
0.01910019
0.01906514
0.01906610
0.01907444
0.02035666
0.02060652
0.01912904
0.01939869
0.01922321
0.01911807
0.01902699
0.01901698
0.01904082
0.01897979
0.01904726
0.01908684
0.01907277
0.01904798
0.01905203
0.01912856
0.01916504
0.01909733
0.01908207
0.01905608
0.01909375
0.01907468
0.01937151
0.01948857
0.01910162
0.01913071
0.01938391
0.01930285
0.01924396
0.01946306
0.01911139
0.01907897
0.01907659
