0.00162578
0.02926779
0.02919888
0.02931523
0.02916622
0.02914071
0.02917027
0.02920341
0.02924514
0.02907228
0.02926517
0.02920961
0.02906775
0.02922535
0.02925158
0.02923989
0.02912927
0.02924824
0.02922988
0.02993250
0.02950048
0.02930045
0.02975416
0.02928996
0.02875924
0.02886653
0.02864242
0.02872109
0.02862453
0.02866936
0.02863216
0.02923107
0.02965903
0.02920222
0.02924299
0.02936006
0.02930260
0.02927208
0.02922487
0.02922869
0.02933121
0.02866030
0.02923489
0.02923679
0.02932715
0.02919412
0.02915597
0.02952194
0.02927566
0.02937388
0.02921605
0.02905607
0.02889013
0.02872014
0.03266835
0.02946424
0.02925825
0.02908945
0.02867484
0.02916288
0.02927136
0.02932811
0.02920341
0.02925849
0.02914310
0.02956033
0.02949119
0.02933931
0.03120685
0.02950239
0.02924991
0.02936745
0.02871823
0.02864528
0.02867627
0.02925611
0.02899313
0.02878499
0.02921057
0.02928543
0.02934790
0.02948260
0.02953529
0.02987814
0.03038478
0.02996325
0.02981496
0.02915168
0.02893186
0.02886581
0.02886558
0.03553343
0.02906775
0.02936864
0.02927017
0.02958488
0.02912498
0.02866507
0.02859402
0.02873397
0.02882910
0.02875566
0.02851772
0.02864075
0.02860308
0.02867055
0.02898717
0.02883053
0.02855825
0.02875948
0.02879500
0.02872467
0.02878666
0.02872157
0.02943373
0.02934194
0.02929854
0.02961040
0.02976322
0.02963281
0.02959752
0.02922392
0.02934217
0.02928591
0.02924490
0.02920818
0.02923393
0.02991629
0.02932310
0.02896690
0.02912903
0.02974939
0.02928233
0.02949500
0.02921677
0.02909899
0.02904844
0.02938223
0.02949715
0.02952552
0.02948403
0.02952361
0.02943420
0.03001308
0.02935076
0.02925086
0.02925491
0.02936149
0.02959704
0.02954817
0.02912617
0.02881765
0.02907562
0.02957511
0.02952862
0.02918148
0.02870297
0.02922249
0.02875590
0.02866602
0.02909851
0.02857399
0.02922082
0.02927327
0.03243780
0.02883005
0.02859306
0.02920294
0.02919960
0.02918506
0.02927542
0.02967930
0.03012943
0.02913666
0.02921057
0.02937174
0.02911520
0.02975678
0.02975273
0.02911901
0.02930403
0.02921867
0.02954268
0.03106809
0.03036380
0.02957487
0.02975917
0.02958250
0.02886271
0.02882457
0.02940702
0.02958035
0.02917457
0.02920723
0.02944899
0.02915478
0.02918243
0.02940392
0.02921462
0.02919197
0.02912474
0.02932429
0.02935219
0.02919316
0.02932382
0.02864838
0.02885318
0.02892065
0.02882791
0.02900624
0.02940035
0.02866101
0.02889371
0.02874017
0.02869058
0.02875686
0.02903628
0.02923918
0.02887774
0.02869391
0.02861309
0.02865863
0.02925801
0.02880073
0.02862668
0.02885032
0.02891684
0.02868581
0.02960134
0.03557348
0.03527260
0.03516817
0.03517127
0.03283930
0.02943206
0.02920818
0.02928567
0.02937365
0.02901459
0.02932572
0.02922630
0.02949095
0.02920866
0.02921581
0.02934194
0.02963591
0.02927494
0.02949715
0.02955937
0.02923799
0.02924705
0.02923346
0.02921700
0.02943492
0.02919030
0.02915525
0.02937269
0.02928281
0.02963734
0.03046227
0.02957296
0.02870679
0.02872419
0.02867818
0.02888894
0.03063869
0.02876806
0.02926397
0.02914596
0.02923322
0.02918291
0.02899981
0.02932763
0.02924228
0.02909136
0.02887845
0.02912617
0.02960300
0.02905989
0.02887225
0.02962351
0.02880645
0.03052402
0.02853417
0.02913404
0.03216386
0.02925301
0.02912450
0.02949190
0.02921939
0.02915525
0.02925873
0.02912927
0.02962518
0.02925134
0.02925062
0.02885461
0.02870798
0.02869725
0.02870631
0.02865720
0.02854609
0.02872801
0.02868938
0.02897382
0.02865744
0.02940536
0.02888465
0.02873731
0.02878594
0.02858305
0.02951455
0.02878046
0.02877259
0.02874136
0.02864122
0.02904224
0.02973104
0.02910757
0.02921677
0.02940536
0.02920818
0.02903914
0.02917242
0.02907372
0.02914977
0.02912450
0.02913165
0.02941132
0.02914667
0.02915788
0.02927041
0.02908659
0.02998900
0.02966785
0.02880955
0.02896380
0.02867031
0.02871275
0.02866960
0.02881026
0.02856469
0.02871752
0.02877760
0.02893639
0.02889991
0.02886748
0.02880549
0.02882242
0.02928829
0.02961636
0.02948260
0.02952576
0.02925372
0.02952313
0.02977300
0.02999973
0.03017044
0.02932501
0.02933431
0.02916241
0.02918386
0.02896714
0.02912140
0.02942824
0.02944040
0.02930212
0.02946448
0.02942729
0.02919030
0.02962732
0.02887654
0.02874827
0.02873373
0.02884436
0.02889705
0.02882099
0.02912927
0.03466940
0.02895164
0.02894783
0.02889585
0.02888274
0.02889252
0.02906108
0.02885389
0.02885270
0.02882600
0.02891064
0.02877188
0.02871990
0.02919912
0.02896285
0.02956581
0.02927327
0.02913260
0.02924967
0.02914095
0.02936196
0.02911925
0.02889705
0.02919888
0.02897477
0.02891016
0.02905774
0.02888227
0.02870202
0.02871132
0.02875733
0.02915788
0.02880192
0.02900171
0.02892637
0.02887487
0.02868104
0.02985215
0.03008080
0.02965522
0.02952743
0.02871680
0.02976704
0.02914333
0.02925825
0.02924085
0.02916455
0.02951717
0.02914500
0.02952766
0.02866745
0.02867508
0.02997708
0.02921510
0.02964115
0.02940154
0.02965474
0.02951026
0.02933025
0.02881336
0.02921510
0.02987099
0.02934241
0.02936149
0.02906156
0.02878881
0.02929473
0.02943993
0.02915645
0.02948403
0.02967143
0.02940226
0.02927589
0.02960229
0.03021312
0.02921963
0.02933860
0.02928352
0.02930689
0.02941012
0.02935195
0.02929163
0.02929592
0.02915907
0.02927947
0.02909207
0.02884078
0.02875471
0.02882314
0.02871704
0.02895451
0.02878094
0.02881885
0.02886987
0.02860856
0.02900457
0.02949166
0.02943420
0.02894759
0.02885008
0.02875900
0.02898884
0.02879715
0.02894831
0.02861023
0.02921009
0.02885818
0.02870011
0.02936482
0.02875614
0.02883697
0.02896309
0.02896214
0.02871323
0.02874184
0.02920532
0.03419042
0.03551650
0.03476119
0.03552222
0.02982807
0.02975702
0.02935767
0.02932310
0.02879477
0.02908182
0.02924991
0.02916670
0.02929282
0.02951813
0.02929401
0.02916956
0.02924967
0.02924919
0.02913046
0.02916384
0.02914357
0.02916646
0.02925086
0.02936220
0.02933359
0.02931023
0.02932382
0.02926230
0.02937579
0.02918983
0.02928829
0.03384542
0.02901125
0.02892661
0.02911043
0.02891111
0.02881145
0.02883482
0.02877665
0.02875662
0.02924132
0.02936268
0.02954650
0.02931571
0.02945328
0.03010821
0.03345394
0.03366876
0.03338790
0.03345776
0.03339076
0.03319025
0.03402519
0.03334141
0.02886510
0.02866769
0.02874875
0.02873802
0.02862787
0.02872300
0.02869916
0.02852821
0.02868605
0.02868199
0.02877665
0.02876449
0.02889538
0.02868700
0.02875185
0.02883053
0.02877784
0.02871227
0.02882791
0.02878356
0.02911949
0.02940845
0.02931666
0.02882266
0.02889204
0.02866745
0.02868199
0.02864242
0.02865386
0.02871156
0.02870035
0.02865934
0.02899027
0.02885246
0.02887678
0.02862930
0.02858543
0.02850866
0.02855301
0.02848983
0.02878833
0.02854371
0.02858734
0.02876806
0.02873611
0.02910542
0.02924180
0.02969384
0.02928424
0.02930784
0.02919650
0.02878141
0.02857733
0.02876711
0.02910185
0.02453685
0.02885246
0.02870941
0.02861476
0.02863050
0.02454710
0.02444577
0.02444363
0.02028537
0.02457356
0.02048898
0.02443695
0.02511144
0.02052474
0.02441812
0.02438354
0.02030492
0.02448058
0.02026343
0.02034259
0.02035046
0.02232456
0.02048779
0.02039957
0.02086377
0.02025056
0.02448893
0.02083707
0.02508283
0.02496719
0.02496696
0.02494526
0.02079368
0.02075195
0.02085090
0.02485275
0.02077746
0.02074218
0.02110076
0.02471495
0.02134371
0.02110648
0.02112365
0.02132869
0.02095294
0.02033901
0.02029037
0.02496576
0.02151942
0.02133131
0.02186918
0.02067423
0.02075052
0.02083993
0.02084017
0.02506948
0.02079153
0.02078581
0.02076173
0.02078032
0.02083111
0.02488017
0.02112842
0.02156329
0.02145314
0.02145624
0.02144980
0.02098536
0.02079368
0.02076769
0.02081728
0.02081203
0.02108455
0.02109957
0.02110076
0.02111053
0.02103209
0.02110910
0.02103662
0.02109718
0.02055168
0.02064562
0.02466321
0.02047920
0.02046657
0.02047586
0.02086043
0.02075624
0.02027845
0.02069449
0.02494502
0.02027774
0.02029014
0.02437139
0.02026033
0.02452970
0.02027678
0.02026963
0.02019382
0.02033472
0.02070117
0.02074242
0.02087450
0.02495956
0.02096295
0.02103734
0.02087379
0.02474236
0.02069950
0.02478719
0.02060437
0.02453518
0.02440572
0.02021384
0.02026677
0.02035928
0.02451921
0.02076960
0.02042246
0.02453232
0.02466226
0.02460527
0.02876472
0.02878165
0.02894402
0.02904415
0.02872300
0.02936721
0.02923489
0.02919221
0.02067542
0.02067614
0.02012992
0.02026534
0.02044106
0.02508092
0.02073193
0.02072024
0.02075529
0.02064157
0.02075291
0.02073836
0.02063203
0.02065349
0.02161670
0.02130270
0.02102470
0.02092862
0.02078414
0.02072549
0.02084112
0.02075410
0.02072382
0.02068758
0.02101731
0.02104759
0.02094746
0.02062631
0.02023768
0.02060819
0.02071309
0.02070951
0.02079058
0.02123070
0.02037454
0.02032495
0.02049541
0.01612020
0.01616740
0.01605916
0.01605177
0.02029443
0.02021599
0.02024317
0.02021360
0.02017212
0.02276063
0.02049160
0.02037168
0.02102137
0.02085352
0.02073431
0.02077246
0.02071691
0.02074003
0.02076101
0.02066708
0.02065778
0.02101874
0.02072477
0.02068329
0.02105522
0.02096200
0.02066731
0.02085972
0.02065420
0.02063990
0.02034760
0.02062225
0.02071381
0.02072501
0.02112389
0.02310896
0.02475166
0.02309799
0.02285218
0.02358556
0.02315164
0.02285099
0.02287316
0.02230954
0.02227879
0.02193737
0.02023458
0.02022457
0.02024770
0.02024698
0.02015877
0.02019691
0.02071166
0.02026463
0.02030993
0.02030945
0.02024460
0.02037549
0.02024317
0.02034712
0.02022934
0.02022123
0.02081203
0.02093530
0.02031732
0.02030873
0.02035642
0.02032304
0.02024531
0.02037024
0.02026963
0.02029204
0.02077961
0.02025032
0.02022171
0.02024531
0.02020192
0.02023363
0.02023864
0.02028728
0.02450943
0.02426434
0.02447176
0.02442408
0.02479935
0.02459812
0.02471805
0.02453756
0.02456927
0.02446437
0.02497768
0.02492595
0.02892327
0.02920818
0.02921677
0.02916527
0.02909231
0.02900839
0.02904582
0.02905130
0.02487540
0.02492952
0.02502441
0.02568626
0.02651000
0.02937865
0.02923489
0.02915263
0.02911329
0.02907133
0.02903700
0.02911711
0.02912211
0.02897763
0.02928114
0.02902842
0.02970862
0.02873111
0.02882290
0.02871847
0.02979350
0.02924824
0.02909136
0.02917337
0.02899742
0.03004646
0.02923751
0.02916121
0.02880263
0.02873588
0.02859235
0.02868509
0.02957916
0.03287888
0.03285861
0.03288078
0.03319430
0.03272867
0.03274989
0.03279924
0.03261924
0.03266144
0.03266859
0.03268194
0.03267288
0.03291702
0.03313255
0.03372192
0.03288674
0.03239799
0.02881527
0.02865887
0.02874804
0.02914357
0.02976942
0.02925062
0.02914023
0.02881026
0.02887034
0.02878141
0.02866840
0.02890420
0.02874780
0.02914691
0.02874684
0.03107214
0.02970815
0.02904463
0.02935386
0.02923608
0.02908564
0.02923012
0.02904129
0.02963328
0.02924132
0.02911496
0.02909327
0.02905059
0.02983475
0.02932882
0.02930713
0.02932930
0.02955818
0.02925849
0.02893114
0.02947640
0.02890897
0.02887011
0.02904463
0.02904439
0.02963209
0.02904320
0.02913356
0.02953386
0.02950644
0.02977729
0.02935863
0.03621149
0.02956533
0.02965665
0.02954149
0.02951217
0.02947998
0.02929497
0.02968025
0.02939844
0.02899361
0.02908301
0.02900314
0.02969790
0.02955484
0.02902913
0.02895665
0.02908850
0.02943587
0.02919412
0.02908325
0.02876496
0.02922797
0.03732181
0.02916265
0.02880120
0.02879262
0.02916408
0.02900720
0.02909684
0.02915859
0.02891588
0.03073978
0.02907801
0.02907634
0.02890182
0.02905488
0.02899575
0.02885795
0.02934241
0.02918983
0.02892709
0.02915788
0.02901268
0.02960348
0.02956438
0.03230619
0.02901363
0.02950859
0.02960944
0.02959871
0.02986741
0.02932358
0.02938795
0.02955055
0.03054070
0.03020167
0.02931714
0.02956414
0.02941966
0.02956414
0.03033853
0.02973390
0.02971697
0.02912712
0.02896738
0.02896452
0.02886581
0.02878356
0.02881503
0.02917671
0.02930784
0.02927017
0.02940917
0.02925229
0.02960396
0.03008199
0.02966666
0.02923036
0.03057313
0.02938581
0.02955770
0.03025126
0.02973509
0.02963543
0.02951622
0.02973318
0.02956510
0.02936029
0.02965212
0.02959514
0.02930546
0.02962279
0.02960634
0.02960157
0.02974868
0.02974892
0.02956963
0.03447104
0.02952051
0.02906036
0.02910829
0.02886581
0.02926731
0.02946639
0.02898002
0.02974319
0.02949905
0.02994275
0.02962542
0.02938938
0.02959371
0.03432512
0.03605771
0.03523231
0.03542352
0.03617477
0.03639460
0.03159928
0.02935481
0.02931499
0.02966881
0.02980852
0.02878952
0.02944303
0.02985525
0.02915835
0.02887583
0.02957082
0.02901340
0.02889299
0.02890038
0.02873397
0.02985191
0.02871776
0.02870655
0.02929711
0.02982879
0.02982235
0.02972937
0.02969313
0.02868891
0.02917552
0.02919888
0.02935004
0.02969599
0.02925038
0.02955508
0.02928710
0.02874589
0.02993965
0.02939534
0.02950335
0.02899814
0.02946591
0.02907586
0.02993369
0.02976060
0.02924895
0.02876925
0.02931690
0.02916169
0.02946782
0.02925801
0.02947307
0.02912593
0.02917004
0.02962565
0.02958536
0.03013825
0.02972865
0.02949619
0.02957416
0.02927661
0.02929306
0.02931976
0.03000689
0.02947235
0.02959657
0.02959347
0.02940512
0.02966499
0.02925587
0.02939749
0.02941203
0.02955103
0.02942920
0.02932525
0.03159428
0.02961469
0.02921104
0.02900076
0.02890158
0.02920413
0.02882004
0.02891397
0.02889156
0.02889872
0.02906871
0.02923417
0.03005457
0.02985716
0.02892232
0.02892828
0.02889276
0.02904797
0.02868104
0.02913547
0.02917194
0.02896929
0.02928662
0.02968931
0.03000498
0.02880287
0.02896905
0.02898717
0.02882743
0.02928615
0.02865720
0.02929068
0.02970481
0.02931285
0.02947855
0.02850842
0.02916217
0.02866220
0.02884722
0.02920079
0.02855635
0.02925420
0.02905130
0.02906418
0.02971363
0.02955008
0.03039765
0.02905345
0.02912998
0.02912974
0.02923346
0.02923322
0.02918220
0.02956796
0.02966642
0.02922869
0.02905083
0.02912021
0.02941537
0.02865195
0.02895761
0.02886534
0.02866936
0.02912593
0.02879310
0.02889872
0.02865100
0.02926302
0.02920246
0.02915645
0.02939820
0.02858973
0.02907515
0.02902555
0.02869654
0.02893281
0.02895546
0.02887130
0.02911019
0.03068209
0.02922630
0.02911329
0.02929783
0.02952981
0.02918863
0.02936363
0.02935791
0.02945113
0.02858472
0.02856827
0.02866840
0.02860427
0.02880406
0.02864647
0.02919722
0.02933025
0.02929997
0.03173494
0.02870107
0.02877784
0.02866077
0.02851510
0.02856016
0.02926636
0.02896738
0.02874231
0.02862597
0.02867484
0.02919102
0.02874374
0.02868629
0.02902484
0.02866149
0.02866220
0.02853918
0.02906489
0.02939796
0.02942562
0.03169203
0.02935648
0.02968907
0.02887964
0.02866673
0.02887225
0.02939939
0.02898097
0.02914190
0.02916622
0.02939630
0.02896070
0.02905989
0.02917933
0.02888536
0.02923965
0.02919030
0.02892590
0.02901864
0.02911782
0.02909589
0.02912068
0.03008747
0.02904177
0.03107643
0.02918768
0.02928090
0.02968669
0.02943921
0.02965403
0.02959275
0.02948236
0.02964306
0.02964234
0.02982402
0.02927899
0.02917767
0.02928901
0.02940607
0.02922726
0.02983141
0.02976489
0.02920079
0.02931309
0.02862120
0.02864242
0.02939773
0.02865553
0.02876186
0.02885795
0.02874303
0.02946854
0.02882838
0.02943659
0.02936745
0.02922082
0.02924442
0.02926612
0.02940607
0.02921510
0.02928638
0.02934909
0.02880692
0.02959251
0.03280759
0.02918959
0.02888751
0.02887297
0.02969599
0.03616738
0.03498793
0.03482366
0.03451896
0.03002357
0.03633714
0.02968097
0.02962708
0.02872038
0.02888441
0.02879429
0.02867365
0.02944016
0.02877378
0.02895236
0.02939367
0.02888823
0.02885604
0.02992630
0.02898669
0.02907848
0.02894711
0.02892113
0.02882838
0.02936697
0.02877641
0.02881312
0.03234220
0.02903891
0.02934504
0.02903485
0.02918744
0.02955222
0.02992773
0.02981186
0.02911139
0.02941918
0.02906346
0.02903748
0.02923203
0.02864218
0.02913737
0.02867055
0.02871609
0.02862644
0.02866316
0.02940631
0.02935004
0.02869272
0.02912569
0.03691411
0.02941179
0.02926779
0.02921200
0.02922273
0.02975988
0.02933145
0.02910471
0.02933788
0.02941036
0.02963734
0.02917385
0.02941823
0.02935576
0.02888656
0.02951598
0.02961922
0.02879930
0.02905488
0.02856636
0.02876663
0.02894831
0.02931118
0.02907300
0.02910995
0.02922177
0.02853727
0.02913284
0.02925563
0.02940726
0.02863979
0.02861571
0.02881336
0.02915454
0.02956295
0.02999735
0.02919030
0.02925348
0.02913952
0.02939224
0.02948332
0.02963924
0.02936292
0.02912951
0.02934885
0.02919841
0.02933908
0.02928448
0.03079200
0.02865291
0.02908945
0.02953839
0.02972507
0.02951050
0.02952600
0.02917695
0.02920890
0.02919817
0.02932334
0.02924013
0.02961540
0.02931213
0.02921152
0.02954054
0.02934504
0.02918220
0.02920723
0.02902293
0.02896404
0.02897882
0.02921200
0.02892137
0.02928019
0.02996445
0.02998042
0.02977037
0.02957201
0.02919054
0.02965808
0.02939939
0.02963328
0.02955723
0.02985668
0.02948451
0.02960014
0.02958870
0.02949548
0.02987003
0.02943063
0.02951813
0.02870107
0.02862811
0.02893329
0.02869582
0.02875018
0.02934742
0.02928734
0.02885008
0.02859116
0.02896929
0.02877712
0.02868557
0.02872586
0.02862811
0.02899957
0.02879477
0.02878952
0.02890158
0.02881956
0.02869773
0.02948141
0.02950406
0.02904844
0.02941370
0.02927709
0.02918005
0.02942538
0.02917147
0.02861404
0.02861404
0.02877951
0.02903962
0.02876878
0.02924156
0.02908039
0.02888799
0.02911496
0.02889824
0.02879453
0.02887058
0.02929497
0.02887344
0.02859163
0.02963495
0.02928329
0.02927566
0.02927470
0.02965260
0.03243995
0.02958417
0.02895927
0.02889347
0.02897596
0.02880502
0.02885151
0.02910042
0.02900171
0.02929091
0.02926135
0.02932787
0.02957463
0.02863503
0.02874494
0.02903342
0.02920651
0.03067493
0.02929020
0.02928567
0.02986836
0.02872586
0.02877998
0.02916813
0.02980161
0.02871275
0.02935243
0.02938843
0.02889943
0.02914214
0.02882433
0.03459907
0.03373504
0.03358459
0.03338337
0.03357768
0.03355217
0.03347397
0.03336477
0.03334522
0.03339195
0.03319097
0.03344989
0.03327775
0.02867889
0.02904987
0.02909803
0.02939987
0.02935886
0.02862072
0.02895594
0.02913833
0.02907610
0.02884483
0.02860522
0.02925396
0.02867532
0.02938509
0.02911949
0.02919888
0.02921987
0.02916741
0.02934575
0.02958584
0.02886415
0.02881074
0.02885485
0.02874088
0.02893925
0.02916479
0.02876830
0.02871013
0.02924919
0.03455901
0.03524685
0.03518105
0.03427529
0.03087163
0.03001046
0.02933025
0.02903295
0.02926874
0.02902269
0.02849555
0.02903295
0.02858257
0.02859616
0.02877903
0.02898455
0.02899551
0.02901888
0.02910233
0.02916431
0.02896070
0.02951455
0.02916813
0.02942038
0.02941132
0.02923918
0.02922988
0.02908587
0.02918196
0.02948189
0.02905154
0.02868581
0.02865076
0.02915597
0.02859950
0.02873945
0.02875018
0.02906418
0.02880859
0.02874279
0.02874279
0.02874517
0.02875233
0.02887225
0.02853012
0.02861118
0.02883935
0.02883172
0.02875233
0.02873874
0.02916026
0.03140759
0.02908921
0.02893353
0.02936697
0.02887082
0.02841306
0.02906990
0.02918720
0.02899599
0.02912903
0.02903152
0.02908134
0.02918530
0.02917290
0.02933717
0.02918625
0.02865243
0.02866817
0.02989531
0.02887535
0.02900624
0.02896714
0.03284836
0.03346944
0.03275919
0.03268027
0.03280735
0.02932930
0.02917218
0.02921653
0.02916670
0.02865601
0.02865839
0.02870178
0.02893090
0.02888846
0.02877569
0.02877450
0.02873206
0.02874732
0.02850771
0.02860355
0.02864861
0.02853465
0.02854252
0.02846742
0.02838993
0.02859998
0.02860928
0.02946472
0.02870917
0.02892494
0.02931786
0.02936864
0.02934980
0.02906203
0.02854943
0.02867460
0.02878785
0.02877450
0.02866006
0.02866745
0.02874994
0.02861834
0.02924132
0.02876902
0.02862525
0.02869439
0.03411937
0.02883625
0.02867508
0.02880430
0.02861500
0.02952909
0.03488398
0.02857900
0.02878881
0.02905750
0.02927995
0.02899194
0.02908707
0.02952623
0.02916932
0.02859378
0.02900743
0.02838182
0.02854466
0.02847838
