0.00109959
0.01655889
0.01659751
0.01661277
0.01674008
0.01598859
0.01605010
0.01661563
0.01581669
0.01651382
0.01652741
0.01648831
0.01584244
0.01580381
0.01580453
0.01592636
0.01665878
0.01659155
0.01647687
0.01635265
0.01615548
0.01627779
0.01645613
0.01630044
0.01621222
0.01610899
0.01588297
0.01586699
0.01584792
0.01588249
0.01584482
0.01587152
0.01582003
0.01588035
0.01583958
0.01585484
0.01582384
0.01578116
0.01583242
0.01580358
0.01583409
0.01578832
0.01586056
0.01575398
0.01578641
0.01576471
0.01589894
0.01590919
0.01604438
0.01601505
0.01584625
0.01587391
0.01591039
0.01595569
0.01589823
0.01609302
0.01612139
0.01591253
0.01631141
0.01674080
0.01638103
0.01617527
0.01599503
0.01581335
0.01587749
0.01595068
0.01585841
0.01583934
0.01580381
0.01581478
0.01581049
0.01579475
0.01578140
0.01588941
0.01583648
0.01581430
0.01577330
0.01586556
0.01598573
0.01581573
0.01579070
0.01576710
0.01582766
0.01592350
0.01592851
0.01590347
0.01586986
0.01590848
0.01585197
0.01582003
0.01576853
0.01585293
0.01588702
0.01585484
0.01581240
0.01578450
0.01576662
0.01583624
0.01584411
0.01578355
0.01575923
0.01575637
0.01580501
0.01576710
0.01581550
0.01576281
0.01578665
0.01596141
0.01602101
0.01594710
0.01600528
0.01587152
0.01587200
0.01584291
0.01589298
0.01616979
0.01593351
0.01581717
0.01577473
0.01579332
0.01595616
0.01597953
0.01583886
0.01584268
0.01583958
0.01585078
0.01596761
0.01585174
0.01581717
0.01585627
0.01584625
0.01582813
0.01580620
0.01580310
