0.00145078
0.02559423
0.02625203
0.02623749
0.02622700
0.02606940
0.02616334
0.02618670
0.02615428
0.02604961
0.02608156
0.02621865
0.02625871
0.02644873
0.02640343
0.02634907
0.02573180
0.02573991
0.02623034
0.02613759
0.02631426
0.02636576
0.02616882
0.02617240
0.02618766
0.02630305
0.02620411
0.02616668
0.02643204
0.02617478
0.02616644
0.02607989
0.02612567
0.02607632
0.02601647
0.02556968
0.02561426
0.02554345
0.02560377
0.02564216
0.02563262
0.02600551
0.02757668
0.02671242
0.02652669
0.02620029
0.02552867
0.02567220
0.02568793
0.02611995
0.02586269
0.02594900
0.02580690
0.02561903
0.02565956
0.02563572
0.02558923
0.02580070
0.02566457
0.02558708
0.02587342
0.02587318
0.02571702
0.02573967
0.02560234
0.02571678
0.02583337
0.02556086
0.02690196
0.02712893
0.02581596
0.02554798
0.02545261
0.02557063
0.02616286
0.02641296
0.02605915
0.02608061
0.02620029
0.02629948
0.02614403
0.02627683
0.02610493
0.02627635
0.02613473
0.02685952
0.02838492
0.02646518
0.02620053
0.02605987
0.02911615
0.02707291
0.02619505
0.03285909
0.03064609
0.03095102
0.03021669
0.03002787
0.02651501
0.02700138
0.02589154
0.02626419
0.02630830
0.02671647
0.02626061
0.02618051
0.02610302
0.02550793
0.02583170
0.02584291
0.02591586
0.02553606
0.02562451
0.02608752
0.02569795
0.02554893
0.02603054
0.02576256
0.02572536
0.02562785
0.02574134
0.02618575
0.02561641
0.02595711
0.02543783
0.02561522
0.02606225
0.02624679
0.02614927
0.02617741
0.02621436
0.02628350
0.02619100
0.02593350
0.02594447
0.02544975
0.02555871
0.02552867
0.02572227
0.02565503
0.02557707
0.02571726
0.02542734
0.02532887
0.02535844
0.02565837
0.02235198
0.02229691
0.02229357
0.01910949
0.01618552
0.01644707
0.01638746
0.01633549
0.01627660
0.01970363
0.01962543
0.01966524
0.01969481
0.01960516
0.01966929
0.01676011
0.01658249
0.01652288
