0.00113535
0.01585269
0.01586986
0.01589179
0.01582336
0.01584220
0.01583552
0.01583171
0.01584935
0.01582432
0.01577616
0.01580954
0.01585269
0.01578641
0.01578808
0.01578999
0.01580620
0.01585102
0.01579785
0.01579404
0.01582026
0.01582742
0.01589990
0.01596785
0.01585913
0.01586032
0.01586723
0.01585770
0.01582789
0.01599264
0.01608276
0.01590562
0.01585841
0.01580954
0.01621437
0.01622629
0.01586747
0.01582789
0.01578832
0.01582241
0.01587200
0.01580405
0.01584339
0.01590204
0.01584482
0.01585913
0.01582718
0.01580811
0.01586723
0.01601958
0.01587963
0.01585150
0.01595688
0.01601481
0.01584268
0.01579356
0.01579237
0.01591754
0.01601911
0.01589441
0.01583052
0.01582098
0.01578355
0.01583838
0.01579452
0.01580215
0.01582885
0.01581049
0.01579785
0.01586246
0.01576328
0.01584435
0.01590848
0.01583791
0.01582789
0.01586485
0.01585960
0.01582813
0.01578999
0.01580715
0.01581287
0.01581693
0.01586413
0.01595759
0.01591372
0.01581192
0.01584244
0.01583648
0.01585174
0.01588154
0.01586914
0.01592875
0.01603341
0.01614428
0.01597595
0.01586127
0.01587057
0.01582956
0.01594591
0.01589036
0.01583648
0.01582837
0.01587558
0.01614451
0.01630020
0.01589823
0.01582456
0.01582861
0.01581526
0.01582503
0.01600552
0.01595807
0.01598167
0.01612139
0.01590967
0.01581359
0.01585436
0.01588726
0.01595092
0.01592708
0.01580501
0.01581454
0.01582742
0.01582432
0.01590872
0.01588798
0.01584458
0.01586580
0.01584291
0.01585293
0.01584196
0.01585197
0.01582670
0.01584363
0.01578140
0.01638937
0.01703691
0.01673436
0.01680517
0.01678205
0.01679468
0.01669335
0.01675296
0.01684213
0.01692796
0.01687431
0.01688647
0.01653934
0.01604486
0.01585937
0.01588464
0.01588392
0.01620102
0.01588225
0.01584125
0.01583505
0.01582313
0.01585913
0.01588607
0.01586318
0.01583481
0.01581860
0.01595259
0.01586795
0.01579714
0.01587749
0.01583290
0.01584721
0.01583743
0.01582479
0.01589942
0.01599145
0.01599216
0.01599956
0.01592493
0.01582837
0.01620579
0.01637697
0.01626730
0.01595378
0.01588988
0.01586962
0.01585793
0.01588774
0.01581168
0.01597190
0.01601291
0.01611590
0.01589346
0.01586199
0.01583099
0.01582623
0.01590753
0.01591802
0.01586556
0.01582170
0.01579523
0.01576138
0.01579428
0.01581979
0.01583934
0.01582313
0.01592159
0.01595783
0.01586723
0.01584625
0.01583242
0.01627374
0.01584482
0.01597929
0.01606703
0.01610279
0.01609278
0.01589990
0.01587248
0.01583242
0.01581812
0.01613426
0.01583743
0.01583123
0.01580191
0.01591420
0.01594710
0.01589727
0.01587057
0.01580191
0.01585269
0.01597118
0.01584768
0.01586890
0.01582432
0.01587558
0.01614332
0.01605153
0.01592517
0.01590657
0.01587105
0.01583767
0.01600432
0.01589894
0.01585436
0.01587367
0.01582956
0.01583147
0.01586556
0.01586390
0.01585817
0.01586390
0.01582408
0.01626444
0.01582003
0.01581049
0.01582313
0.01596022
0.01596975
0.01594377
0.01582384
0.01582408
0.01582170
0.01584530
0.01585484
0.01579618
0.01591635
0.01593947
0.01584411
0.01579905
0.01581144
0.01591825
0.01584196
0.01581860
0.01596713
0.01619005
0.01609778
0.01615596
0.01608324
0.01592374
0.01588583
0.01588726
0.01581717
0.01583123
0.01598001
0.01580763
0.01584506
0.01585960
0.01585221
0.01583529
0.01580453
0.01578474
0.01579070
0.01582766
0.01617098
0.01581836
0.01592183
0.01622725
0.01608205
0.01588631
0.01595998
0.01601768
0.01589322
0.01585054
0.01585436
0.01583886
0.01582551
0.01584172
0.01594353
0.01579547
0.01583147
0.01581526
0.01585770
0.01584220
0.01578093
0.01579571
0.01582766
0.01588058
0.01587391
0.01581049
0.01579809
0.01605630
0.01634622
0.01606488
0.01587176
0.01589251
0.01592994
0.01590729
0.01589370
0.01586032
0.01585150
0.01591182
0.01583815
0.01578116
0.01584649
0.01587534
0.01581025
0.01579547
0.01581073
0.01577377
0.01579618
0.01578856
0.01578665
0.01578975
0.01579404
0.01683211
0.01585007
0.01699638
0.01583266
0.01686025
0.01578236
0.01677585
0.01578426
0.01583505
0.01585388
0.01686215
0.01590085
0.01586652
0.01628041
0.01717949
0.01804447
0.01802397
0.02023673
0.01896811
0.01928473
0.01886272
0.01877832
0.01876402
0.01868272
0.01883817
0.01894808
0.01879144
0.01869678
0.01875854
0.01876736
0.01884484
0.01884103
0.01871848
0.01873279
0.01873350
0.01870537
0.01879215
0.01893497
0.01870370
0.01872349
0.01890230
0.01894641
0.01888037
0.01889396
0.01910377
0.01904321
0.01893187
0.01890063
0.01888776
0.01877308
0.01874018
0.01874232
0.01870298
0.01877832
0.01914835
0.01895094
0.01879954
0.01875877
0.01869202
0.01874089
0.01877689
0.01872921
0.01884484
0.01897240
0.01882410
0.01895499
0.01880193
0.01939321
0.01890707
0.01874614
0.01875567
0.01875615
0.01876831
0.01874733
0.01875019
0.01871586
0.01872420
0.01870608
0.01868582
0.01870084
0.01873684
0.01878858
0.01782179
0.01779652
0.01780915
0.01677179
0.01579428
0.01577425
0.01591444
0.01596904
0.01581883
0.01579452
0.01590014
0.01580238
0.01578689
0.01581454
0.01606989
0.01594901
0.01602840
0.01582241
0.01591730
0.01661062
0.01625466
0.01580667
0.01583934
0.01579046
0.01576591
0.01586509
0.01580596
0.01582885
0.01584053
0.01581430
0.01578546
0.01580048
0.01581359
0.01580739
0.01582122
0.01580262
0.01590681
0.01600146
0.01591206
0.01582193
0.01594782
0.01597738
0.01590896
0.01593113
0.01591563
0.01584315
0.01583266
0.01580143
0.01577425
0.01580715
0.01581621
0.01582646
0.01581740
0.01578236
0.01576424
0.01588559
0.01579332
0.01579332
0.01583052
0.01580930
0.01578403
0.01577473
0.01580644
0.01677823
0.01652479
0.01601028
0.01594090
0.01590300
0.01582074
0.01585317
0.01581287
0.01582551
0.01578069
0.01580000
0.01582956
0.01583815
0.01585102
0.01580477
0.01577616
0.01582909
0.01577711
0.01580358
0.01582193
0.01583505
0.01578593
0.01579881
0.01582789
0.01588750
0.01584220
0.01582336
0.01579833
0.01581645
0.01584220
0.01584673
0.01584435
0.01580191
0.01596737
0.01600146
0.01583242
0.01582122
0.01596451
0.01605558
0.01608253
0.01601768
0.01654410
0.01646233
0.01598668
0.01588178
0.01581025
0.01581502
0.01583600
0.01579785
0.01582503
0.01583385
0.01581383
0.01578307
0.01578188
0.01577973
0.01584435
0.01586056
0.01581573
0.01581359
0.01579833
0.01577020
0.01582241
0.01581407
0.01591992
0.01594448
0.01585889
0.01580071
0.01582384
0.01576924
0.01576543
0.01579928
0.01578617
0.01649332
0.01614213
0.01614022
0.01602030
0.01584840
0.01582646
0.01591158
0.01588607
0.01587772
0.01583338
0.01581836
0.01592064
0.01598835
0.01625967
0.01602483
0.01587415
0.01589966
0.01587868
0.01589465
0.01586366
0.01585412
0.01593280
0.01593184
0.01585007
0.01583767
0.01584673
0.01593232
0.01607466
0.01605558
0.01596045
0.01591706
0.01590991
0.01585674
0.01582479
0.01582456
0.01584959
0.01585197
0.01581907
0.01582599
0.01583076
0.01582313
0.01581931
0.01587439
0.01610279
0.01592445
0.01586175
0.01583385
0.01583314
0.01584268
0.01590133
0.01585436
0.01588273
0.01593447
0.01590014
0.01588392
0.01586628
0.01586819
0.01589227
0.01595354
0.01592088
0.01598573
0.01612115
0.01592159
0.01583266
0.01635480
0.01692128
0.01707649
0.01689959
0.01677108
0.01678205
0.01689363
0.01681376
0.01673007
0.01666927
0.01690459
0.01695228
0.01693630
0.01662135
0.01630449
0.01622200
0.01608610
0.01586819
0.01581502
0.01585793
0.01584673
0.01601863
0.01600218
0.01595712
0.01626921
0.01621509
0.01601577
0.01598334
0.01600218
0.01585841
0.01588011
0.01583433
0.01589036
0.01584339
0.01584244
0.01583767
0.01584291
0.01584554
0.01588321
0.01587319
0.01584792
0.01581883
0.01584554
0.01583266
0.01608515
0.01628232
0.01616287
0.01591897
0.01587176
0.01579213
0.01584077
0.01584148
0.01583648
0.01582050
0.01584291
0.01591372
0.01590896
0.01596236
0.01587725
0.01587749
0.01585293
0.01584291
0.01583195
0.01579666
0.01585960
0.01586652
0.01589870
0.01583457
0.01583838
0.01585054
0.01582980
0.01583886
0.01581073
0.01583862
0.01592755
0.01585889
0.01592994
0.01588178
0.01580429
0.01580143
0.01581597
0.01587129
0.01591158
0.01584220
0.01585293
0.01605725
0.01628947
0.01610327
0.01606512
0.01587653
0.01685619
0.01708984
0.01693606
0.01683927
0.01781869
0.01684022
0.01784611
0.01779819
0.01783943
0.01787877
0.01782584
0.01676464
0.01678038
0.01580954
0.01691914
0.01594543
0.01583886
0.01580739
0.01584291
0.01580739
0.01584792
0.01581788
0.01682234
0.01684523
0.01705909
0.01708174
0.01686096
0.01686287
0.01684189
0.01687384
0.01683331
0.01680970
0.01682973
0.01678610
0.01782131
0.01802421
0.01808262
0.01787519
0.01778245
0.01777172
0.01780772
0.01781583
0.01779819
0.01795530
0.01881957
0.01892638
0.01919389
0.01881289
0.01899004
0.01883030
0.01876187
0.01881552
0.01898503
0.01893353
0.01894689
0.01881886
0.01882768
0.01891875
0.01871014
0.01877427
0.01874256
0.01879239
0.01878715
0.01881313
0.01870513
0.01875162
0.01869655
0.01872587
0.01880670
0.01881742
0.01881194
0.01879811
0.01873779
0.01872969
0.01874733
0.01881051
0.01903510
0.01887035
0.01874423
0.01877260
0.01874614
0.01889300
0.01907396
0.01892710
0.01878095
0.01883078
0.01886153
0.01878905
0.01875710
0.01873326
0.01872373
0.01876688
0.01873589
0.01886630
0.01898623
0.01877546
0.01872087
0.01872253
0.01878428
0.01886845
0.01883268
0.01878214
0.01879334
0.01893210
0.01899767
0.01884055
0.01886392
0.01875901
0.01867127
0.01871800
0.01886988
0.01875353
0.01879978
0.01868796
0.01882410
0.01872802
0.01868081
0.01870918
0.01872206
0.01986122
0.02186441
0.01888347
0.01880503
0.01777864
0.01774383
0.01772428
0.01792598
0.01801705
0.01802921
0.01887488
0.01778769
0.01776004
0.01794791
0.01932955
0.01834440
0.01824546
0.01897025
0.01782942
0.01783967
0.01881671
0.01773906
0.01879954
0.01872778
0.01875615
0.01773715
0.01789737
0.01702809
0.01780319
0.01679516
0.01692820
0.01603508
0.01592922
0.01685739
0.01581907
0.01581430
0.01697993
0.01711106
0.01707816
0.01799321
0.01691437
0.01688719
0.01578498
0.01681352
0.01578903
0.01684785
0.01577067
0.01574707
0.01585603
0.01582336
0.01576447
0.01573896
0.01580739
0.01579285
0.01579237
0.01584578
0.01585817
0.01579952
0.01582098
0.01580167
0.01579237
0.01580667
0.01579642
0.01581573
0.01580191
0.01580477
0.01584315
0.01581311
0.01578140
0.01577544
0.01578617
0.01584339
0.01582384
0.01579142
0.01579237
0.01581264
0.01590323
0.01602721
0.01602340
0.01582050
0.01582694
0.01583147
0.01583099
0.01583147
0.01582503
0.01589966
0.01592731
0.01582718
0.01582551
0.01586723
0.01585984
0.01588941
0.01591015
0.01584983
0.01617312
0.01623535
0.01600313
0.01590157
0.01593161
0.01609325
0.01597595
0.01600957
0.01589775
0.01583695
0.01582670
0.01582098
0.01580524
0.01584435
0.01590276
0.01585102
0.01581502
0.01579475
0.01581788
0.01583457
0.01683283
0.01788568
0.01784730
0.01877499
0.01769757
0.01777029
0.01777029
0.01879740
0.01874566
0.01887751
0.01906300
0.01884627
0.01874423
0.01874232
0.01879716
0.01898146
0.02074862
0.01938915
0.01902962
0.01884151
0.01881838
0.01884055
0.01880217
0.01883388
0.01876211
0.01884222
0.01893783
0.01896405
0.01881313
0.01879144
0.01883531
0.01894617
0.01924372
0.01890135
0.01887536
0.01893830
0.01889706
0.01883364
0.01885033
0.01890779
0.01923561
0.01896167
0.01894212
0.01882195
0.01881886
0.01883769
0.01883864
0.01892447
0.01889682
0.01889181
0.01883626
0.01883245
0.01907253
0.01920342
0.01927567
