0.00115275
0.01922607
0.01923013
0.01921439
0.01914477
0.01908302
0.01924372
0.01935482
0.01935816
0.01942110
0.01979828
0.01934958
0.01910591
0.01917005
0.01920199
0.01907539
0.01909328
0.01913834
0.01912999
0.01913023
0.01912189
0.01916504
0.01910043
0.01912332
0.01909018
0.01914907
0.01915169
0.01911759
0.01912761
0.01916122
0.01909566
0.01910973
0.01973748
0.01931500
0.01930976
0.01927900
0.02042270
0.01955128
0.01963663
0.02167130
0.02179646
0.02148747
0.02162457
0.02149439
0.02135944
0.02146363
0.01963115
0.01977563
0.01968193
0.01960015
0.01935267
0.01921082
0.01915026
0.01911235
0.01919460
0.01908183
0.01918149
0.01930285
0.01917243
0.01919484
0.01918054
0.01907754
0.01905489
0.01920390
0.01933289
0.01939249
0.01923394
0.01913905
0.01908207
0.01915312
0.01909637
0.01907992
0.01920319
0.01933599
0.01947236
0.01917458
0.01915073
0.01916265
0.01924109
0.01918983
0.01915956
0.01918221
0.01942992
0.01911283
0.01917124
0.01927638
0.01925159
0.01920462
0.01912308
0.01913643
0.01910949
0.01907158
0.01908231
0.01912045
0.01912475
0.01909566
0.01915240
0.01914477
0.02032137
0.01907325
0.01907730
0.01957226
0.01906300
0.01906824
0.01907682
0.01958966
0.01916790
0.01942086
0.01927018
0.01928353
0.01924396
0.01950359
0.01936007
0.01974154
0.01958489
0.01910329
0.01912618
0.01916695
0.01913714
0.01913595
0.01907492
0.01913834
0.01907635
0.01910686
0.01911521
0.01905107
0.01906228
0.01911521
0.01938581
0.01915932
0.01909256
0.01910830
0.01964092
0.01920509
0.01909614
0.01912475
0.01925254
0.01932597
0.01918602
0.01931357
0.01921368
0.01914716
0.01908827
0.01910424
0.01909399
0.01912379
0.01911235
0.01932073
0.01946664
0.01919961
0.01916075
0.01917171
0.01920128
0.01908541
0.01912284
0.01912713
0.01918030
0.01914144
0.01928878
0.01949215
