0.00161862
0.02982259
0.02973819
0.02940965
0.02656245
0.02623105
0.02675557
0.02616191
0.02599955
0.02626872
0.02568936
0.02559376
0.02593780
0.02559161
0.02547812
0.02553916
0.02548862
0.02574682
0.02556896
0.02541947
0.02567506
0.02539539
0.02551913
0.02538514
0.02541804
0.02544928
0.02548814
0.02531290
0.02557611
0.02543211
0.02552271
0.02560830
0.02549911
0.02555275
0.02545953
0.02537537
0.02527118
0.02558708
0.02572751
0.02599549
0.02638769
0.02709937
0.03155231
0.03113937
0.02711201
0.02702785
0.02687764
0.02764797
0.02642703
0.02801347
0.02729201
0.02723002
0.02690363
0.02680874
0.02618742
0.02655530
0.02609301
0.02555203
0.02646065
0.02559423
0.02561164
0.02587271
0.02582026
0.02615952
0.02613115
0.02688241
0.02676630
0.02646112
0.02629042
0.02633739
0.02645230
0.02639270
0.02888680
0.02631760
0.02587128
0.02629113
0.02668548
0.02784324
0.02778244
0.02946258
0.02628255
0.02587104
0.02563620
0.02681065
0.02535939
0.02621174
0.02689457
0.02741885
0.02776408
0.02767563
0.02752542
0.02803850
0.02866602
0.03070450
0.03083301
0.03023005
0.03008199
0.03037119
0.03021431
0.03069448
0.03031063
0.03101683
0.03007388
0.02998996
0.02730250
0.02736187
0.02710414
0.02928972
0.02807975
0.02736402
0.02696657
0.03077865
0.02809596
0.02563667
0.02568078
0.02619720
0.02648377
0.02606678
0.02692986
0.02598643
0.02649260
0.02603889
0.02625680
0.02600884
0.02733231
0.02571297
0.02620125
0.02600050
0.02585626
0.02573466
0.02562666
0.02609134
0.02584743
0.02602029
0.02582788
0.02565217
0.02559781
0.02606583
0.02608299
0.02604103
0.02591109
0.02626085
0.02644873
0.02665114
0.02614784
0.02570796
0.02658057
0.03249598
0.02586031
0.02549553
0.02662373
0.02634549
0.02638483
0.02567649
0.02611041
0.02638531
0.02605224
0.02640438
0.02634287
0.02684236
0.02625656
0.02626848
0.02632856
0.02603507
0.02622318
0.02618027
0.02622628
0.02609253
0.02628446
0.02547550
0.02648687
0.02619720
0.02625656
0.02592158
0.02593160
0.02737904
0.02736449
0.02572560
0.02607632
0.02607179
0.02634454
0.02616763
0.02633786
0.02574396
0.02615762
0.02646661
0.02594137
0.02601123
0.02576494
0.02571917
0.02567816
0.02579212
0.02578425
0.02595544
0.02623343
0.02645588
0.02628541
0.02596784
0.02611494
0.02635145
0.02658606
0.02684546
0.02662468
0.02736187
0.03113890
0.03098392
0.03057194
0.02989030
0.02705479
0.02724576
0.02756810
0.02598047
0.02577972
0.02617550
0.02582240
0.02605724
0.02568960
0.02570152
0.02587557
0.02673769
0.02582335
0.02564597
0.02563596
0.02545667
0.02573633
0.02552915
0.02542186
0.02559853
0.02660179
0.02571058
0.02575517
0.02586961
0.02572393
0.02574134
0.02562475
0.02545905
0.02549982
0.02608252
0.02567124
0.02580166
0.02553773
0.02563262
0.02607703
0.02561283
0.02615499
0.02638125
0.02620316
0.02613068
0.02539730
0.02564001
0.02568889
0.02589083
0.02629304
0.02655673
0.02670264
0.02673221
0.02702069
0.02628446
0.02633190
0.02621579
0.02581477
0.02571130
0.02567577
0.02577806
0.02609181
0.02604675
0.02566218
0.02585173
0.02571797
0.02568078
0.02553701
0.02561617
0.02552247
0.02591777
0.02599835
0.02675724
0.02636647
0.02634835
0.02644944
0.02640104
0.02669096
0.02685666
0.02771974
0.02693176
0.02658725
0.02698421
0.02706623
0.02660394
0.02665925
0.02646375
0.02713251
0.02618194
0.02618861
0.02595067
0.02592325
0.02590370
0.02579498
0.02582192
0.02566123
0.02600431
0.02670288
0.03028250
0.02529240
0.02583647
0.02579355
0.02585053
0.02601552
0.02568603
0.02657175
0.02592587
0.02667761
0.02580905
0.02569366
0.02568221
0.02565408
0.02583957
0.02547932
0.02574992
0.02595568
0.02657866
0.02849174
0.02665567
0.02650642
0.02561712
0.02633548
0.02663422
0.02644539
0.02595091
0.02584100
0.02586842
0.02578378
0.02618408
0.02591205
0.02571535
0.02575588
0.02607179
0.02589512
0.02657509
0.02531075
0.02527642
0.02634811
0.02671361
0.02671218
0.02621317
0.02640319
0.02533984
0.02566075
0.02546954
0.02559900
0.02556753
0.02577710
0.02572536
0.02615309
0.02544236
0.02543950
0.02566934
0.02547026
0.02546000
0.02647471
0.02856374
0.02579761
0.02844691
0.02599025
0.02575588
0.02544260
0.02538896
0.02546883
0.02541327
0.02574492
0.02593112
0.02548862
0.02543473
0.02569413
0.02541423
0.02539301
0.02549911
0.02566814
0.02626610
0.02558637
0.02554011
0.02562952
0.02539158
0.02538848
0.02553058
0.02556610
0.02545857
0.02652955
0.02675414
0.02624679
0.02566266
0.02548885
0.02554274
0.02548146
0.02536631
0.02554917
0.02687669
0.02680635
0.02700496
0.02621889
0.02631354
0.02532911
0.02614236
0.02596855
0.02605867
0.02660012
0.02613401
0.02607131
0.02583432
0.02645135
0.02551031
0.02622938
0.02598667
0.02627778
0.02658057
0.02580857
0.02592468
0.02600288
0.02576184
0.02622366
0.02622700
0.02633309
0.02645731
0.02660203
0.02669334
0.02641225
0.02634192
0.02641368
0.02636766
0.02629614
0.02641463
0.02725005
0.02682233
0.02609944
0.02666688
0.02617764
0.02603364
0.02599978
0.02606297
0.02532697
0.02624702
0.02604055
0.02603436
0.02618909
0.02617383
0.02594447
0.02607274
0.02589774
0.02621245
0.02668524
0.02623606
0.02597666
0.02592564
0.02617335
0.02597237
0.02607703
0.02594900
0.02580905
0.02639103
0.02621722
0.02599096
0.02726173
0.02574730
0.02569675
0.02548718
0.02603245
0.02569437
0.02769947
0.02682567
0.02638793
0.02609706
0.02832389
0.02599740
0.02633095
