0.00140166
0.01984358
0.01985645
0.01966476
0.01965952
0.01966739
0.01975751
0.01965261
0.01963687
0.01968789
0.01964951
0.01971102
0.01969814
0.01966429
0.01972270
0.01978040
0.01990318
0.01973939
0.01972938
0.01977015
0.01977849
0.01971841
0.01971674
0.01981187
0.01983976
0.01973772
0.01968217
0.01967382
0.01993680
0.02130818
0.02023363
0.02016401
0.01973867
0.01966691
0.01974177
0.01968575
0.01964736
0.01965141
0.01967645
0.01974487
0.01969790
0.01967072
0.01973963
0.01970410
0.01969242
0.01972437
0.01977348
0.01967883
0.01981521
0.01989603
0.02002811
0.01964521
0.01970100
0.01992369
0.01966000
0.01989126
0.01967168
0.02028298
0.02307415
0.01973915
0.01972079
0.01970196
0.01967382
0.01962709
0.01961803
0.01971936
0.01965833
0.01973510
0.01968122
0.01966357
0.01965308
0.01970792
0.01971292
0.01980925
0.01972342
0.01973367
0.01959848
0.01968145
0.01974392
0.01998425
0.01978946
0.01973438
0.01970601
0.01964808
0.01959181
0.01967287
0.01959372
0.01969671
0.01965547
0.01961780
0.01968384
0.01961017
0.01958466
0.01958227
0.01964951
0.01967788
0.01962996
0.01965809
0.02141237
0.01984262
0.01987076
0.01987767
0.01967812
0.01967049
0.01969075
0.01973319
0.01963997
0.01963949
0.01957774
0.01961446
0.01955032
0.01960278
0.01957035
0.01955271
0.01955986
0.01959348
0.01956439
0.01955557
0.01954365
0.01955795
0.01958513
0.01954699
0.01954556
0.01969457
0.01965904
0.01958394
0.01956034
0.01953983
0.02004504
0.02190447
0.02156782
0.02148652
0.02105713
0.01962471
0.01958418
0.01961923
0.01961803
0.01982141
0.02013111
0.02005792
0.01967907
0.01965833
0.01966262
0.01959133
0.01961279
0.01976824
0.01972198
0.02050710
0.01998615
0.01962805
0.01972795
0.01986384
0.01974463
0.01982498
0.01977468
0.01967812
0.01974726
0.01966882
0.01965976
0.01957393
0.01959038
0.01959515
0.01959205
0.01957583
0.01962018
0.01982832
0.01960969
0.01958585
0.01958990
0.01966715
0.01958919
0.01966739
0.01975250
0.01968050
0.01965261
0.01960540
0.01956820
0.01964068
0.02030969
0.02209115
0.01994491
0.01970744
0.01963282
0.01960301
0.01957440
0.01954556
0.01979041
0.01961470
0.01959467
0.01960373
0.01960373
0.01968074
0.01963830
0.01957130
0.01965809
0.01958871
0.01976681
0.01980662
0.01974225
0.01973414
0.01959848
0.01962090
0.01957798
0.02035093
0.01966000
0.02050328
0.02102757
0.02079415
0.02056885
0.02036905
0.02040505
0.02043962
0.02063465
0.02152586
0.02228355
0.02055001
0.02043414
0.02229929
0.02271891
0.02092314
0.02125597
0.02220345
0.02310085
0.02102733
0.02123475
0.02275562
0.02162218
0.02244759
0.02289462
0.02061820
0.02107763
0.02064776
0.02098441
0.02067137
0.02185607
0.02110100
0.02168846
0.02115321
0.02166724
0.02086067
0.02158856
0.02344394
0.02108121
0.02120757
0.02219844
0.02164936
0.02091718
0.02210021
0.02142859
0.02122331
0.02058005
0.02129459
0.02135229
0.02106714
0.02113724
0.02177024
0.02227235
0.02243900
0.02273726
0.02173066
0.02348971
0.02023363
0.02259231
0.01989317
0.01976371
0.02036095
0.01993585
0.01966119
0.02016115
0.01993895
0.01980281
0.01982880
0.02162981
0.02190256
0.02223229
0.02181721
0.02163744
0.02134228
0.02117300
0.01966977
0.02104354
0.02033734
0.02011704
0.02036095
0.02109265
0.02005529
0.02018595
0.02023888
0.02059937
0.02246666
0.02239847
0.02235270
0.02232504
0.02226424
0.02234745
0.02114797
0.02037525
0.02097940
0.02119875
0.02304244
0.02289200
0.02068591
0.02045560
0.02039623
0.02038574
0.02041245
0.02042437
0.02039957
0.02038646
0.02031517
0.02030301
0.02033019
0.02023196
0.02104425
0.02087021
0.02092099
0.02072120
0.02055645
0.02115488
0.02360654
0.02214146
0.02192807
0.02110291
0.02149320
0.02167606
0.02030945
0.02056122
0.02053785
0.02080965
0.02128410
0.02163839
0.02095509
0.02033567
0.02042270
0.02023268
0.02235198
0.02198815
0.02061677
0.02038360
0.02035141
0.02046990
0.02193642
0.02119637
0.02065921
0.02124333
0.02038431
0.02166247
0.02133179
0.02104664
0.02283120
0.02156377
0.02129936
0.02133799
0.02024889
0.02049851
0.02025032
0.02034664
0.02017927
0.02003455
0.02009010
0.02174830
0.02168155
0.02158618
0.02166343
0.02167773
0.02167964
0.02155828
0.02160311
0.02184701
0.02173543
0.02197957
0.02208257
0.02209687
0.02431178
0.02090693
0.02405190
0.02351141
0.02081823
0.02369452
0.02376390
0.02344036
0.02279639
0.02158618
0.02152371
0.02020860
0.02013850
0.02012396
0.02259994
0.02105641
0.02033067
0.02007461
0.02011061
0.01993442
0.02000070
0.02013254
0.02050805
0.02009821
0.02027082
0.02015138
0.02033687
0.01990461
0.01978469
0.01992798
0.01970530
0.01967430
0.01970053
0.01969743
0.01967716
0.01961708
0.01964617
0.01970649
0.01966596
0.01958847
0.01960850
0.01960135
0.01961637
0.01987600
0.01976132
0.01980257
0.01968741
0.02004886
0.02143407
0.01985216
0.01987767
0.01970649
0.01968694
0.01960969
0.01958060
0.01967192
0.01999521
0.01973987
0.01964450
0.01972175
0.01971793
0.01983500
