0.00150180
0.01616597
0.01636219
0.01604462
0.01629615
0.01590586
0.01609707
0.01609802
0.01610923
0.01610136
0.01603818
0.01611066
0.01603818
0.01630974
0.01602840
0.01628041
0.01635170
0.01622701
0.01601601
0.01601648
0.01604295
0.01598406
0.01607752
0.01600027
0.01602745
0.01597047
0.01597881
0.01603198
0.01614237
0.01644111
0.01647067
0.01627994
0.01620913
0.01632786
0.01631308
0.01629400
0.01611781
0.01617002
0.01602888
0.01612234
0.01619220
0.01613855
0.01618028
0.01634002
0.01653552
0.01621723
0.01627779
0.01624703
0.01622176
0.01639748
0.01626325
0.01633048
0.01628256
0.01601100
0.01613474
0.01613998
0.01603770
0.01625490
0.01630616
0.01616335
0.01615214
0.01610494
0.01627803
0.01630425
0.01618648
0.01619673
0.01613998
0.01613092
0.01610351
0.01619434
0.01607418
0.01636481
0.01662111
0.01658130
0.01620507
0.01629472
0.01622200
0.01616573
0.01622057
0.01610422
0.01621938
