0.00356317
0.02146792
0.02077007
0.02093720
0.02097988
0.02116704
0.02080941
0.02081013
0.02025175
0.02042031
0.02018857
0.02014732
0.02019238
0.02021122
0.02018046
0.02031922
0.02034593
0.02058482
0.02059007
0.02066946
0.02173328
0.02177954
0.02111530
0.02072382
0.02053642
0.02069783
0.02018762
0.02063823
0.02067804
0.01937675
0.01920772
0.01791644
0.01597834
0.01614356
0.01610470
0.01594687
0.01594210
0.01597643
0.01613426
0.01611328
0.01614070
0.01689887
0.01655984
0.01593399
0.01611090
0.01615238
0.01605487
0.01618934
0.01624680
0.01608300
0.01609612
0.01607180
0.01596761
0.01631522
0.01658034
0.01658440
0.01630974
0.01624393
0.01614690
0.01615548
0.01612067
0.01617026
0.01610541
0.01633024
0.01652217
0.01630569
0.01630068
0.01613450
0.01619506
0.01615644
0.01623106
0.01615477
0.01633549
0.01670027
0.01653266
0.01622343
0.01613402
0.01612258
0.01634502
0.01629925
0.01617837
0.01617551
0.01618505
0.01615071
0.01617551
0.01609993
0.01622701
0.01664376
0.01698494
0.01692152
0.01735830
0.01738739
0.01737380
0.01726246
0.01752687
0.01737261
0.01699829
0.01700950
0.01714802
0.01655531
0.01669335
0.01625347
0.01617312
0.01641870
0.01654339
0.01649356
0.01637244
0.01625037
0.01617074
0.01612902
0.01610374
0.01601934
0.01612186
0.01608396
0.01591706
0.01592755
0.01591516
0.01591253
0.01600242
0.01620507
0.01649380
0.01635242
0.01611066
0.01610827
0.01614332
0.01610851
0.01606870
0.01603627
0.01604295
0.01609325
0.01623821
0.01654077
0.01624727
0.01627970
0.01638532
0.01605749
0.01601553
0.01619148
0.01622868
0.01621914
0.01621413
0.01614165
0.01619029
0.01605105
0.01620793
0.01602101
0.01601005
0.01611733
0.01640415
0.01618505
0.01592541
0.01797843
0.01786661
0.01881623
0.01898050
0.02031159
0.02026200
0.02031922
0.02020884
0.02041435
0.02062178
0.02055717
0.02037907
0.02054644
0.02058220
0.02025461
0.02019477
0.02015257
0.02023435
0.02025676
0.02030730
0.02044058
0.02066326
0.02079868
0.02025628
