0.00120831
0.01821542
0.01843905
0.02017474
0.02128649
0.01934862
0.02001190
0.02071500
0.01921296
0.01919532
0.01930523
0.01926756
0.01923871
0.01926351
0.01825619
0.01822400
0.01727271
0.01715398
0.01716995
0.01820731
0.01819444
0.01918960
0.01925802
0.01926589
0.01920676
0.01952195
0.01928592
0.01922965
0.01915550
0.01920462
0.01931167
0.01927900
0.01929379
0.02022910
0.01867867
0.01818490
0.01816702
0.01819348
0.01819563
0.01811481
0.01810503
0.01921654
0.01928377
0.01917100
0.01939631
0.01932669
0.01927018
0.01922154
0.01926517
0.01941228
0.01926255
0.01922655
0.01927590
0.01933742
0.01990938
0.01945972
0.01971650
0.01958799
0.01942086
0.02179313
0.01962948
0.01944542
0.01929569
0.01922560
0.01924276
0.01940107
0.01929402
0.01922274
0.01955771
0.01929188
0.01936316
0.01926470
0.01932216
0.01933098
0.01925325
0.01930809
0.01947522
0.01930404
0.01933050
0.01927114
0.01929450
0.01927423
0.01923537
0.01929569
0.01945400
0.01931810
0.01933384
0.01936150
0.01939249
0.01933265
0.01925564
0.01987815
0.01929784
0.01929069
0.01959324
0.01931357
0.01931810
0.01924014
0.01926112
0.01953769
0.01940179
0.01931524
0.01928806
0.01955438
0.01936173
0.01966405
0.01947188
0.01963997
0.01936293
0.01929188
0.01931524
0.01931810
0.01924944
0.01922560
0.01957703
0.01955533
0.01939654
0.01964045
0.01982164
0.01932645
0.01926613
0.01930404
0.01968288
0.01933861
0.01930046
0.01933575
0.01940727
0.01927686
0.01917076
0.01916862
0.01929450
0.01925039
0.01926732
0.01938319
0.01933956
0.01930285
0.01928830
0.01936722
0.01930690
0.01924777
0.01936221
0.02192330
0.02085781
0.01936579
0.01931715
0.01943755
0.01937199
0.01938939
0.01940370
0.01937103
0.01927662
0.01929092
0.01922202
0.01927948
0.01931071
0.01928449
0.01951241
0.01953316
0.01930428
0.01940918
0.01942062
0.01928806
0.01917434
0.01918674
0.01964092
0.01922631
0.01943040
0.01958799
0.01950550
0.01935101
0.01928663
0.01933765
0.01941299
0.01927400
0.01929593
0.01934028
0.01591730
0.01596594
0.01591277
0.01716375
0.01961184
0.01917553
0.01925588
0.01943851
0.01936603
0.01936865
0.01984167
0.02008629
0.01940894
0.01925135
0.01931572
0.01954961
0.01933122
0.01925492
0.01932621
0.01931453
0.01937461
0.01924467
0.01926374
0.01936197
0.01926827
0.01928878
0.01950765
0.01965380
0.01925015
0.01927996
0.01939726
0.01951599
0.01954150
0.01954293
0.01938391
0.01958942
0.01971483
0.01940489
0.01942062
0.01944590
0.01932907
0.01941395
0.01992774
0.01969576
0.01952195
0.01933908
0.01967883
0.01930547
0.01945019
0.01978159
0.01942468
0.01940298
0.01934481
0.01937103
0.01934767
0.01933813
0.01924658
0.01942825
0.01934767
0.01927042
0.01927376
0.01950955
0.01936293
0.01928020
0.01942873
0.01946568
0.01938748
0.01934958
0.01948524
0.01965380
0.01935577
0.01928806
0.01946139
0.01946259
0.01931381
0.01931071
0.01936889
0.01943302
0.01928115
0.01937556
0.01961422
0.01937771
0.01937771
0.01942611
0.01955247
0.01939487
0.01938462
0.01934552
0.01955557
0.01931715
0.01930332
0.01934266
0.01973033
0.01932621
0.01927567
