0.00220251
0.01938057
0.01990628
0.01925159
0.01915503
0.01912141
0.01964569
0.01939845
0.01909876
0.01908445
0.01912618
0.01912665
0.01906443
0.01910758
0.01914763
0.01905489
0.01906514
0.01913571
0.01923275
0.01912284
0.01914477
0.01944160
0.01920724
0.01929641
0.01929975
0.01918340
0.01953530
0.02041149
0.01928663
0.01924682
0.01916313
0.01918530
0.01915812
0.01927185
0.01930308
0.01911354
0.01937509
0.01914215
0.01915264
0.01913738
0.01916528
0.01909256
0.01914716
0.01908779
0.01916480
0.01908445
0.01904154
0.01911259
0.01932383
0.01930976
0.01908112
0.01911664
0.01928926
0.01936316
0.01913238
0.01943445
0.01918077
0.01908422
0.01907969
0.01918459
0.01916766
0.01913142
0.01911926
0.01922178
0.01911902
0.01906490
0.01911092
0.01928639
0.01912308
0.01904535
0.01914763
0.01934004
0.01966405
0.01949787
0.01950717
0.01923561
0.01912546
0.01919436
0.01927710
0.01918101
0.01917434
0.01913548
0.01938248
0.01923132
0.01938677
0.01918626
0.01919031
0.01912928
0.01915598
0.01915956
0.01917553
0.01907516
0.01908851
0.01933622
0.02074552
0.02045751
0.02083945
0.02075624
0.02083516
0.02097678
0.02058959
0.02060223
0.02053833
0.02060795
0.02074170
0.02057338
0.02041292
0.02042198
0.02053452
0.02037001
0.02042103
0.02047062
0.01923442
0.01810431
0.01828623
0.01675129
0.01670575
0.01666856
0.01660991
0.01671481
0.01671124
0.01677465
0.01676893
0.01690793
0.01660705
0.01624656
0.01627851
0.01612926
0.01605892
0.01591682
0.01591825
0.01590681
0.01595545
0.01601291
0.01598358
0.01601243
0.01590657
0.01603889
0.01596451
0.01591444
0.01591992
0.01596761
0.01603842
0.01593089
0.01586843
0.01593733
0.01598978
0.01597595
0.01587033
0.01589584
0.01596642
0.01597524
0.01596451
0.01636314
0.01612401
0.01601148
0.01597285
0.01590395
0.01589298
0.01623201
0.01720810
0.01819277
0.01814795
0.01919866
0.01918268
0.01912832
0.01900959
0.01909685
0.01909041
0.01909041
0.01904106
0.01941609
0.01912117
0.01905322
0.01906180
0.01908970
0.01912189
0.01900172
0.01900887
0.02009201
0.01909208
0.01910710
0.01912284
0.01927161
0.01955843
0.01915860
0.01920700
0.01916909
0.01897931
0.01919079
0.01938367
0.01923037
0.01914501
0.01900434
0.01915288
0.01942778
0.01931024
0.01907849
0.01949286
0.01908946
0.01909900
0.01914477
0.01921058
0.01903796
0.02033114
0.01953101
0.01950693
0.01926160
0.01914096
0.01941848
0.01964879
0.01981163
0.01940441
0.01967406
0.01917934
0.01911116
0.01907897
0.01917052
0.01920390
0.01906514
0.01912069
0.01920128
0.01913261
0.01912832
0.01917315
0.01922679
0.01906943
0.01916409
0.02023840
0.02018642
0.01944113
0.01920176
0.01934409
0.01919603
0.01904678
0.01921439
0.01918149
0.01924253
0.01918960
0.01929879
0.01924944
0.01914096
0.01905394
0.01966834
0.01929188
0.01932454
0.01912570
0.01920867
0.01912355
0.01917958
0.01922226
0.01941013
0.01920462
0.01945591
0.01938581
0.01934743
0.01966405
0.01913762
0.01971793
0.01944375
0.01929092
0.01943851
0.01958466
0.01927900
0.01924157
0.01928473
0.01932359
0.01911974
0.01913929
0.01914048
0.01922798
0.01912332
0.01914668
0.01917052
0.01919055
0.01905918
0.01913166
0.01972437
0.01934600
0.01933384
0.01916122
0.01923013
0.01976728
0.01908994
0.01918292
0.01933241
0.01909971
0.01909399
0.01916957
0.01928711
0.01917696
0.01909232
0.01941991
0.01913190
0.01932573
0.01929307
0.01923800
0.01919675
0.01906204
0.01912403
0.01946306
0.01908994
0.01908422
0.01920056
0.01958609
0.01935363
0.01912832
0.01918745
0.01920557
0.01920199
0.01923347
0.01954055
0.01969743
0.02019691
0.01930094
0.01986599
0.01930785
0.01910639
0.01910853
0.01911950
0.01908016
0.01909328
0.01908827
0.01915264
0.01906919
0.01902246
0.01920485
0.01915026
0.01918459
0.01924610
0.01924491
0.01915479
0.01909661
0.01937699
0.01979923
0.01961851
0.01911640
0.01907134
0.01927304
0.01913810
0.01909566
0.01919222
0.01915860
0.01903057
0.01909399
0.01964617
0.01920223
0.01907945
0.01906610
0.01952672
0.01916504
0.01903105
0.01928067
0.01913238
0.01941705
0.01930571
0.01911640
0.01916456
0.01926875
0.01926613
0.01941609
0.01936936
0.01921177
0.01975513
0.01952076
0.01947808
0.01947355
0.01938915
0.02178502
0.02085686
0.01994634
0.01946855
0.01943660
0.01964378
0.01956463
0.01938677
0.01917911
0.01914191
0.01970792
0.01971817
0.01926684
0.01914930
0.01921773
0.01930451
0.01928115
0.02042747
0.02022815
0.02027225
0.02021074
0.02002335
0.01978230
0.01934028
0.01931834
0.02008128
0.02271318
0.02031875
0.02142859
0.02082133
0.02259874
0.02196050
0.02174187
0.02252817
0.02231908
0.02196264
0.02239728
0.02191043
0.02152801
0.02282977
0.02222109
0.02223897
0.02193761
0.02140570
0.02154994
0.02169728
0.02148485
0.02147508
0.02129960
0.02162170
0.02169538
0.02136779
0.02041507
0.02049875
0.02016044
0.02220798
0.02111030
0.02133179
0.02189326
0.02028608
0.01986933
0.02032304
0.02017045
0.01999950
0.01956463
0.01928997
0.01934600
0.01932645
0.02313805
0.02296329
0.01969099
0.01944637
0.01935673
0.01928711
0.01923108
0.01921082
0.01929498
0.01989031
0.02060723
0.02053690
0.02231312
0.02152658
0.02210164
0.02010775
0.02009821
0.02028561
0.02029943
0.02161121
0.02156281
0.02152371
0.02176452
0.01994777
0.02009559
0.01982951
0.02061272
0.02032804
0.02027512
0.01977229
0.02026391
0.02004910
0.01993990
0.02001166
0.02089453
0.02049780
