0.00207210
0.01652241
0.01696086
0.01669550
0.01693320
0.01660275
0.01723909
0.01672006
0.01689219
0.01658344
0.01694822
0.01659679
0.01699066
0.01683187
0.01653647
0.01655555
0.01632071
0.01638365
0.01636386
0.01658940
0.01681066
0.01639032
0.01644826
0.01642275
0.01682401
0.01705790
0.01791668
0.01812267
0.01705694
0.01713634
0.01758075
0.01667690
0.01698041
0.01652932
0.01753902
0.01763344
0.01875377
0.01968050
0.01970720
0.01965332
0.01963639
0.01977706
0.01992321
0.01997757
0.01997757
0.01996708
0.01992583
0.01966429
0.01946735
0.01936626
0.01933646
0.01940680
0.01949167
0.01954460
0.01997828
0.02300191
0.01994705
0.01977205
0.02031255
0.02244473
0.02237487
0.02282953
0.02184606
0.02164578
0.02198005
0.02210808
0.02115393
0.01995754
0.01990318
0.02027345
0.01970577
0.01939416
0.01928759
0.01936483
0.01936483
0.01957178
0.01970792
0.01959682
0.01969719
0.01977706
0.01963186
0.02019691
0.01964951
0.01935625
0.01934361
0.01935816
0.01941705
0.01959085
0.01989269
0.01956606
0.01984024
0.01978993
0.02001452
0.01988602
0.01972079
0.01975870
0.01986337
0.02083039
0.01994514
0.01974297
0.02057028
0.01999688
0.01983666
0.01974201
0.02029109
0.02157116
0.02153897
0.02159739
0.02138376
0.02169013
0.02032280
0.01989937
0.02022195
0.01987553
0.02088237
0.01992345
0.01999974
0.01946568
0.01991534
0.02010179
0.01956010
0.01943493
0.01950121
0.01962972
0.01984715
0.01970816
0.01963735
0.01988435
0.01978874
0.01947021
0.01943302
0.01939154
0.01951814
0.01992345
0.01938343
0.01923203
0.01947927
0.02003670
0.01998830
0.02000999
0.01991081
0.01976871
0.02063704
0.02009106
0.01974273
0.02101684
0.02146554
0.01992345
0.02151823
0.02041459
0.01993084
0.02066207
0.02059960
0.02263880
0.02051711
0.01946354
0.01954556
0.02158499
0.02157354
0.02133822
0.02194953
0.02199149
0.02181268
0.02221465
0.02155805
0.02189207
0.02166128
0.02136850
0.02159047
0.02127218
0.02179384
0.02161980
0.02160406
0.02129316
0.02152133
0.02129817
0.02162409
0.02134895
0.02179146
0.02174497
0.02132988
0.02154136
0.02144885
0.02145457
0.02139187
0.02110529
0.02138543
0.02105999
0.02090669
0.01989627
0.01972580
0.01947570
0.01943183
0.01962519
0.01943874
0.01964426
0.01951122
0.01947665
0.01960087
0.01995969
0.02100062
0.02041674
0.02096629
0.02114439
0.02032113
0.02039886
0.02024627
0.02042484
0.02079105
0.01981425
0.01975322
0.02005315
0.01988482
0.01974154
0.02028537
0.02020073
0.01976418
0.01969409
0.02059746
0.02003789
0.01973605
0.02048826
0.02038598
0.01992583
0.01996493
0.02038050
0.02014947
0.02013326
0.02023697
0.02065706
0.02027822
0.01990724
0.02058482
0.02013826
0.01983976
0.02218747
0.02144718
0.01996207
0.02265835
0.02019787
0.01988840
0.02131677
0.02002835
0.01978493
0.02036095
0.02034640
0.01992130
0.02033281
0.02058125
0.02033734
0.01997948
0.02097011
0.02068758
0.01986861
0.02012157
0.02061868
0.01977849
0.02037024
0.02024674
0.01992154
0.01995087
0.02029896
0.02029395
0.01981163
0.01959777
0.02006125
0.01967692
0.01977253
0.01995182
0.01986647
0.01982975
