0.00128579
0.02091646
0.02079391
0.02070093
0.02080870
0.02059770
0.02182293
0.02062130
0.02087951
0.02089143
0.02060294
0.02077246
0.02056789
0.02051687
0.02071714
0.02063751
0.02095437
0.02104425
0.02069974
0.02086258
0.02080512
0.02065611
0.02068973
0.02243423
0.02229357
0.02272320
0.02261353
0.02249336
0.02256536
0.02231908
0.02104187
0.02157640
0.02135992
0.02149343
0.02125025
0.02118587
0.02147102
0.02086425
0.02096510
0.02125168
0.02103496
0.02123308
0.02123594
0.02107859
0.02056575
0.02110338
0.02110004
0.02147222
0.02111888
0.02089691
0.02041531
0.02107835
0.02084494
0.02130508
0.02116799
0.02184248
0.02126741
0.02122211
0.02103829
0.02108812
0.02082324
0.02160454
0.02281356
0.02150631
0.02119589
0.02106881
0.02101111
0.02145910
0.02079034
0.02087975
0.02241611
0.02109337
0.02214479
0.02171540
0.02288294
0.02209282
0.02207828
0.02365613
0.02328181
0.02268052
0.02137470
0.02155066
0.02120447
0.02084136
0.02108765
0.02153182
0.02266264
0.02105021
0.02268791
0.02112865
0.02135253
0.02160764
0.02099752
0.02150059
0.02161908
0.02235532
0.02107859
0.02091241
0.02269888
0.02118826
0.02205038
0.02098680
0.02175117
0.02104592
0.01941371
0.02150130
0.01985574
0.01972294
0.01970601
0.01961255
0.01958537
0.01985145
0.01963687
0.01974702
0.01995683
0.01962137
0.01983500
0.01980948
0.02003384
0.01968789
0.01960850
0.01958728
0.01964426
0.01970863
0.01970410
0.02109194
0.01949310
0.02113509
0.02110982
0.02098417
0.02109027
0.01953173
0.01956773
0.01956463
0.01913667
0.01951218
0.01966977
0.01964736
0.01836681
0.01815963
0.01825213
0.01784587
0.01991272
0.01859093
0.01993489
0.02030396
0.02029848
0.01988530
0.01919007
0.01950860
0.01967025
0.02267337
0.02078485
0.02127814
0.02111793
0.02128124
0.02119565
0.01953888
0.02098179
0.02085924
0.02084851
0.02074099
0.02145529
0.02005601
0.01992202
0.02110839
0.02025652
0.02079749
0.02109432
0.02100110
0.01945853
0.02077556
0.01987886
0.01987743
0.02231741
0.02016330
0.01989555
0.02066278
0.01987720
0.01986909
0.01972985
0.01949549
0.01950860
0.01951623
0.01841664
0.01820111
0.01822376
0.01954818
0.01913476
0.02112985
0.02106214
0.02106166
0.02108169
0.02107882
0.02141237
0.02132416
0.02112699
0.02095628
0.02073646
0.02097559
0.02103519
0.02097154
0.02098465
0.02102494
0.02105355
0.02096343
0.02109218
0.02112103
0.02121019
0.02102184
0.02108264
0.02101326
0.02085328
0.02080154
0.02071214
0.02069545
0.02080226
0.02346087
0.02295065
0.02238035
0.02111959
0.02100015
0.02105212
0.02165103
0.02137017
0.02155042
0.02152991
0.02098227
0.02107930
0.02105308
0.02116227
0.02114773
0.02106333
0.02093267
0.02117300
0.02107167
0.02096272
0.02105045
0.02105117
0.02122927
0.02052283
0.02073002
0.02117229
0.02106786
0.02102113
0.02052569
0.02063632
0.02069020
0.02063990
0.02060175
0.02065730
0.02063966
0.02077198
0.02082467
0.02067518
0.02091742
0.02152753
0.02094722
0.02096987
0.02102757
0.02077579
0.02069449
0.02071905
0.02064300
0.02059078
0.02075911
0.02114820
0.02142644
0.02099276
0.02065611
0.02086520
0.02088356
0.02072740
0.02071071
0.02071428
0.02080202
0.02120757
0.02062440
0.02073908
0.02069807
0.02128768
0.02171874
0.02053618
0.02063513
0.02105236
0.02099776
0.02091622
0.02113271
0.02084088
0.02070904
0.02062154
0.02107668
0.02126002
0.02114034
0.02119684
0.02111959
0.02107882
0.02073622
0.02110720
0.02086544
0.02085590
0.02090096
0.02089286
0.02125955
0.02064824
0.02084398
0.02085066
0.02093053
0.02075005
0.02059054
0.02056098
0.02061367
0.02096462
0.02437258
0.02074575
0.02109051
0.02114701
0.02114415
0.02111602
0.02109981
0.02053547
0.02167535
0.02114940
0.02112865
0.02067423
0.02073479
0.02085757
0.02155471
0.02153587
0.02121305
0.02051783
0.02103996
0.02076912
0.02075362
0.02056789
0.02055693
0.02061009
0.02048111
0.02055717
0.02048111
0.02060771
0.02051401
0.02069473
0.02120423
0.02167392
0.02050614
0.02082253
0.02119064
0.02066112
0.02057886
0.02310061
0.02072835
0.02129793
0.02169967
0.02259254
0.02086353
0.02078104
0.02059126
0.02048421
0.02056193
0.02052045
0.02061939
0.02059031
0.02074432
0.02051115
0.02055383
0.02073598
0.02071357
0.02069259
0.02058172
0.02050114
0.02054930
0.02110505
0.02104092
0.02108407
0.02142191
0.02291656
0.02147698
0.02153850
0.02143812
0.02149534
0.02199483
0.02127171
0.02149701
0.02069163
0.02059698
0.02063584
0.02062654
0.02112508
0.02125835
0.02065492
0.02062654
0.02065635
0.02054644
0.02056503
0.02120495
0.02113366
0.02071595
0.02090836
0.02114296
0.02074122
0.02071476
0.02076364
0.02100205
0.02101088
0.02094102
0.02042508
0.02060199
0.02056456
0.02073455
0.02110529
0.02116299
0.02125978
0.02094936
0.02087259
0.02093077
0.02068067
0.02052522
0.02042007
0.02035213
0.02046585
0.02049088
0.02085805
0.02057624
0.02098250
0.02101636
0.02107430
0.02097702
0.02100539
0.02096438
0.02094078
0.02087617
0.02094531
0.02098989
0.02111053
0.02143168
0.02126479
0.02114224
0.02147341
0.02126145
0.02123880
0.02134132
0.02125144
0.02125263
0.02219558
0.02138901
0.02144313
0.02128935
0.02126288
0.02149916
0.02203560
0.02145529
0.02136970
0.02109289
0.02126551
0.02102685
0.02128243
0.02175307
0.02099538
0.02093339
0.02094293
0.02145386
0.02114367
0.02239108
0.02135181
0.02091336
0.02091074
0.02092862
0.02087116
0.02125239
0.02123427
0.02125359
0.02126837
0.02127647
0.02062201
0.02052331
0.02042007
0.02052021
0.02056551
0.02130818
0.02112222
0.02040982
0.02046347
0.02046084
0.02048564
0.02052236
0.02051401
0.02057099
0.02054691
0.02060652
0.02081203
0.02103066
0.02105403
0.02089810
0.02062798
0.02055740
0.02055550
0.02064276
0.02084851
0.02077866
