0.00140905
0.03513145
0.03463244
0.03478122
0.03561735
0.03577542
0.03485322
0.03497124
0.03467822
0.03465724
0.03437781
0.03471923
0.03501725
0.02984357
0.02294469
0.01706195
0.01658893
0.01659918
0.01693702
0.01778913
0.01680827
0.01640344
0.01700592
0.01691818
0.01632118
0.01652455
0.01710367
0.01640463
0.01639938
0.01662540
0.01745677
0.01673722
0.01678038
0.01664114
0.01721764
0.01686621
0.01686954
0.01653767
0.01667476
0.01713896
0.01680326
0.01666427
0.01664710
0.01659226
0.01643658
0.01628995
0.01642418
0.01628113
0.01635838
0.01629853
0.01632214
0.01632357
0.01638913
0.01662636
0.01669407
0.01678586
0.01674485
0.01650715
0.01644683
0.01662970
0.01666236
0.01658154
0.01636624
0.01628852
0.01667309
0.01666546
0.01658368
0.01638126
0.01673126
0.01659608
0.01662922
0.01657033
0.01657224
0.01657987
0.01676846
0.01670504
0.01675630
0.01671672
0.01670051
0.01666951
0.01657176
0.01641536
0.01692295
0.01664543
0.01635647
0.01637220
0.01718664
0.01663518
0.01657391
0.01636720
0.01638222
0.01626945
0.01616073
0.01634359
0.01652694
0.01623774
0.01644897
0.01634789
0.01631236
0.01621103
0.01628494
0.01636910
0.01637483
0.01629543
0.01640391
0.01648402
0.01651907
0.01655340
0.01660037
0.01663375
0.01664853
0.01651382
0.01633763
0.01647687
0.01644063
0.01606870
0.01621866
0.01623225
0.01620674
0.01622248
0.01622319
0.01649547
0.01633286
0.01611066
0.01630878
0.01624203
0.01646900
0.01665711
0.01648021
0.01636219
0.01631498
0.01638937
0.01624370
0.01622081
0.01627874
0.01627445
0.01655960
0.01621795
0.01611280
0.01613665
0.01622820
0.01674747
0.01641679
0.01626778
0.01640844
0.01647282
0.01635909
0.01634765
0.01640964
0.01646328
0.01640272
0.01636815
0.01641893
0.01640630
0.01637053
0.01642179
0.01640654
0.01656938
0.01641202
0.01653290
0.01648307
0.01672149
0.01667428
0.01670122
0.01657104
0.01685858
0.01659131
0.01662064
0.01676702
0.01688433
0.01635122
0.01664281
0.01638508
0.01648521
0.01621675
0.01629639
0.01627421
0.01625991
0.01623988
0.01672435
0.01653790
0.01631451
0.01698232
0.01818037
0.01698947
0.01728582
0.01814508
0.01714492
0.01792693
0.01906157
0.01746297
0.01703000
0.01664615
0.01701117
0.01659179
0.01656532
0.01642632
0.01645947
0.01608253
0.01629448
0.01621604
0.01633310
0.01623273
0.01629567
0.01663160
0.01645327
0.01644039
0.01730061
0.01677513
0.01671720
0.01655579
0.01682448
0.01694655
0.01667190
0.01657081
0.01669097
0.01799464
0.01668644
0.01651287
0.01693463
0.01672816
0.01630759
0.01605630
0.01623130
0.01623893
0.01638818
0.01649284
0.01639175
0.01638150
0.01637125
0.01635432
0.01615238
0.01624584
0.01617360
0.01635051
0.01634526
0.01631904
0.01620150
0.01659226
0.01644349
0.01630998
0.01631093
0.01631665
0.01620913
0.01637578
0.01659036
0.01632547
0.01649785
0.01603889
0.01610899
0.01627064
0.01629376
0.01723933
0.01682830
0.01652598
0.01656008
0.01662326
0.01679277
0.01680040
0.01687098
0.01681662
0.01700401
0.01657891
0.01639175
0.01644301
0.01679516
0.01658416
0.01650643
0.01656151
0.01648402
0.01648664
0.01659703
0.01672125
0.01655412
0.01653934
0.01774049
0.01663446
0.01652408
0.01666284
0.01678014
0.01661873
0.01651001
0.01675820
0.01682711
0.01661444
0.01668644
0.01642919
0.01642418
0.01640964
0.01649785
0.01674652
0.01630354
0.01637316
0.01625109
0.01636958
0.01634884
0.01643801
0.01633430
0.01647925
0.01641488
0.01630712
0.01638126
0.01639676
0.01626539
0.01632357
0.01625562
0.01628757
0.01610160
0.01626301
0.01617765
0.01624441
0.01652861
0.01623797
0.01622939
0.01605010
0.01608157
0.01606321
0.01641703
0.01639533
0.01630020
0.01628089
0.01626444
0.01637053
0.01660156
0.01636887
0.01620293
0.01654625
0.01674795
0.01646638
0.01629686
0.01629400
0.01659083
0.01648927
0.01633263
0.01632404
0.01650238
0.01629806
0.01617575
0.01615214
0.01634216
0.01688838
0.01642919
0.01598620
0.01594973
0.01631260
0.01630139
0.01651907
0.01675439
0.01641321
0.01645112
0.01675224
0.01700568
0.01647377
0.01645589
0.01644874
0.01658535
0.01618791
0.01602149
0.01606035
0.01611876
0.01620865
0.01610994
0.01625562
0.01612258
0.01613927
0.01603937
0.01611185
0.01623964
0.01622248
0.01683831
0.01669145
0.01646519
0.01619625
0.01650190
0.01674819
0.01651931
0.01626468
0.01645851
0.01655841
0.01662064
0.01639342
0.01634288
0.01639605
0.02225614
0.02216768
0.02287388
0.02235842
0.03087020
0.02887058
0.03464580
0.03797030
0.03476381
0.03612900
0.03546143
0.03697491
0.03721714
0.03615642
0.03534245
0.03511620
0.03463960
0.03525567
0.03491187
0.03526759
0.03494382
0.03509569
0.03421044
0.03391886
0.03382087
0.03372693
0.03420353
0.03480864
0.03411889
