0.00199771
0.01699924
0.01654363
0.01631546
0.01611567
0.01606655
0.01627731
0.01615977
0.01615286
0.01611543
0.01613975
0.01642942
0.01628399
0.01633930
0.01614666
0.01612186
0.01614499
0.01625323
0.01640558
0.01623631
0.01610374
0.01641059
0.01609564
0.01603723
0.01618385
0.02034068
0.02045178
0.01617408
0.01615548
0.01613212
0.01614666
0.01614285
0.01615524
0.01613450
0.01624918
0.01611114
0.01694560
0.01726079
0.01639295
0.01651311
0.01623487
0.01607943
0.01608682
0.02852941
0.02435565
0.01614523
0.01630020
0.01637173
0.02898741
0.02935457
0.02067065
0.01617455
0.01616335
0.01618338
0.01620221
0.01607347
0.01606393
0.02024984
0.01605988
0.01622510
0.01625919
0.01616120
0.01606202
0.01620770
0.01619625
0.01641536
0.02500749
0.01655746
0.01611543
0.01635194
0.01631331
0.01631212
0.01605415
0.01608920
0.01622438
0.01613212
0.01616144
0.01608729
0.01605272
0.01612759
0.01625729
0.02545905
0.02129054
0.01633668
0.01636219
0.01637745
0.01635504
0.01634765
0.01629353
0.01632190
0.01629567
0.01627231
0.02484202
0.02913857
0.02486372
0.01631379
0.01627207
0.02071047
0.01633310
0.01643634
0.01631856
0.01628661
0.01633382
0.01615906
0.01616168
0.01627064
0.01620150
0.01621079
0.01624489
0.01604056
0.01603436
0.01599813
0.01596665
0.01604199
0.01619458
0.01629376
0.01618075
0.01678038
0.01663852
0.01654959
0.01623511
0.01617742
0.01640320
0.01638961
0.01639605
0.01629901
0.01628828
0.01630497
0.01631784
0.01626468
0.01625228
0.01682329
0.01666951
0.01630235
0.01643062
0.01629615
0.01621509
0.01616096
0.01613879
0.01613021
0.01606083
0.01606369
0.01606727
0.01602674
0.01608300
0.01607609
0.01617193
0.01619744
0.01614165
0.01615429
0.01611519
0.01610637
0.01609325
0.01608849
0.01611638
0.01606441
0.01608276
0.01607656
0.01626754
0.01637006
0.01652074
0.01638865
0.01624799
0.01614881
0.01607275
0.01611376
0.01687598
0.01657939
0.01643324
0.01657581
0.01661396
0.03242326
0.02016330
0.01608467
0.01607466
0.01628232
0.02902222
0.02886438
0.02897406
0.02949643
0.02899575
0.03057766
0.02952385
0.02914310
0.02899766
0.02848673
0.02835107
0.02852893
0.02909493
0.02884173
0.02201509
0.01637578
0.01641273
0.01641822
0.01640439
0.01640010
0.01643729
0.01642823
0.01643300
0.01652932
0.01658511
0.01647544
0.01636434
0.01633763
0.01618910
0.01601911
0.01609826
0.01609588
0.01613784
0.01633525
0.01622200
0.01615310
0.01624060
0.01618314
0.01635933
0.01608372
0.01606917
0.01602769
0.01606512
0.01605511
0.01602793
0.01601171
0.01614881
0.01633096
0.01615930
0.01628780
0.01629806
0.01612020
0.02449179
0.01615334
0.01616311
0.01612425
0.02862549
0.02864861
0.01619196
0.01611781
0.01608348
0.01612401
0.01629758
0.01605034
0.02918506
0.02922320
0.02928996
0.02936673
0.01632833
0.01630592
0.01627469
0.01632452
0.01633334
0.02925920
0.02885437
0.02915978
0.02879477
0.01619291
0.01614022
0.01658273
0.01625681
0.01642919
0.02465916
0.02901721
0.02908373
0.02901101
0.01617122
0.01622343
0.01613617
0.01620841
0.01642752
0.02489972
0.02885771
0.02981687
0.02512217
0.01617956
0.01626778
0.01628137
0.02071214
0.02902246
0.02944732
0.02946448
0.01680970
0.01622224
0.01613021
0.01649380
0.01629424
0.02938080
0.02922344
0.02928090
0.02934361
0.01650429
0.01642680
0.01656199
0.01668024
0.01651430
0.01651621
0.02943635
0.02866912
0.03309274
0.01717186
0.01714945
0.01688695
0.01690173
0.01695704
0.01713371
0.03101015
0.02919245
0.02992463
0.01641035
0.01630116
0.01604843
0.01703763
0.01682806
0.01620412
0.01629496
0.02889085
0.02905297
0.01612687
0.01607084
0.01659536
0.01643538
0.01634932
0.01630068
0.01636934
0.02076769
0.02890348
0.02888680
0.02067232
0.01626372
0.01636815
0.01644230
0.01645541
0.01648092
0.01674747
0.01645517
0.02904582
0.02911758
0.01648808
0.01628518
0.01627731
0.01627254
0.01624846
0.01625013
0.01676488
0.01662874
0.02100801
0.02923632
0.02493596
0.01632261
0.01627350
0.01628923
0.01627398
0.01633573
0.02519560
0.01644301
0.01638937
0.01631975
0.01650643
0.02019954
0.01602364
0.01628613
0.01622272
0.01635456
0.01625633
0.01627135
0.01641011
0.01630974
0.01625323
0.01623726
0.01624918
0.01628423
0.01630998
0.01629257
0.01641798
0.01624250
0.01633835
0.01632714
0.01630807
0.01641583
0.01628876
0.01677370
0.01671457
0.01638341
0.01645708
0.01679850
0.01647186
0.01632786
0.01608682
0.01609349
0.01602650
0.01605773
0.01627159
0.01624775
0.02069926
0.02996397
0.02930665
0.02935195
0.02914786
0.02898932
0.02861762
0.03064275
0.02932048
0.02913427
0.02863455
0.02877498
0.02888513
0.02926874
0.02508187
0.02079654
0.02067590
0.02481794
0.02902102
0.02888083
0.02898407
0.02483559
0.02057862
0.02020168
0.01622486
0.01604533
0.01601744
0.02442575
0.02933550
0.02968287
0.02923059
0.02909231
0.02893925
0.02479506
0.02065969
0.01641893
0.01624084
0.01609659
0.02448106
0.02864790
0.02867723
0.02882433
0.02023292
0.01614237
0.01616859
0.01613259
0.01629305
0.01651716
0.01642585
0.02049661
0.02860498
0.02866650
0.02880287
0.01612163
0.01599693
0.01607990
0.01607227
0.01610374
0.01638865
0.01631927
0.02929926
0.02908325
0.02924466
0.02911139
0.02953196
0.01644826
0.01629591
0.01605439
0.01614118
0.01626658
0.01676512
0.03348398
0.03323627
0.03338408
0.03322363
0.02198195
0.01643395
0.01625085
0.01638150
0.01633000
0.01634383
0.02907467
0.02915835
0.03031898
0.02947187
0.02916169
0.02501702
0.01632214
0.01628923
0.01629472
0.01627493
0.01638699
0.02860618
0.02858233
0.02858281
0.01601887
0.01608944
0.01615334
0.01604390
0.01604414
0.01624775
0.02031469
0.02860665
0.02865005
0.01600528
0.01633000
0.01622462
0.01605177
0.01604390
0.02064657
0.02873588
0.02845860
0.01602197
0.01599908
0.01599360
0.01605248
0.01618242
0.01634908
0.02038217
0.02061462
0.01625013
0.01614404
0.01603913
0.01607251
0.01603270
0.01607752
0.01601720
0.01632094
0.03054643
0.01637745
0.01614404
0.01636338
0.01610732
0.01630354
0.01624656
0.02890682
0.02887511
0.01629066
0.01633215
0.01626158
0.01628232
0.01628685
0.02914810
0.02976894
0.01633692
0.01627493
0.01628685
0.01628542
0.01627183
0.02904058
0.02863169
0.01600075
0.01603246
0.01605797
0.01609278
0.02864671
0.02866244
0.02852416
0.02849841
0.01614761
0.01633811
0.01610565
0.02858186
0.02949190
0.02891207
0.02080369
0.01608825
0.01631856
0.01632810
0.02134490
0.02908206
0.01610303
0.01620317
0.01649022
0.01686382
0.01652908
0.03254676
0.02846193
0.01605773
0.01609707
0.01601267
0.02026343
0.01607561
0.01604915
0.02036929
0.01611924
0.01652288
0.01625633
0.01610231
0.01610327
0.01609254
0.01609898
0.01610541
0.01622963
0.01630831
0.01625848
0.01621795
0.01613474
0.01614285
0.01625156
0.01614022
0.01612186
0.01610470
0.01612163
0.01605439
0.01614428
0.01613522
0.01628518
0.01637769
0.01630282
0.01615882
0.01664424
0.01630235
0.01621723
0.01612687
0.01615620
0.01613235
0.01608419
0.01645923
0.02095222
0.02045131
0.02049017
0.01641250
0.01618075
0.01610065
0.01615310
0.01608610
0.01605225
0.01611352
0.01611781
0.01612306
0.01615620
0.01609159
0.01608896
0.01636481
0.01682925
0.01630640
0.01621938
0.01618290
0.01623535
0.01615500
