0.00328135
0.02149892
0.02105546
0.02063155
0.02069592
0.02068233
0.02073526
0.02061725
0.01931262
0.01973581
0.01921606
0.01929212
0.01937962
0.01944900
0.01932621
0.01929760
0.01928473
0.01928282
0.01939821
0.01928186
0.01922703
0.01913595
0.01924920
0.01928568
0.01934266
0.01927614
0.01930714
0.01927161
0.01921129
0.01924896
0.01921797
0.01927567
0.01918626
0.01914191
0.01921797
0.01929474
0.01960087
0.01970387
0.01939392
0.01934719
0.01929045
0.01942277
0.01924205
0.01940322
0.01924014
0.01928949
0.01923490
0.01934433
0.01958013
0.01948071
0.01976609
0.02005863
0.01969099
0.01952457
0.01934052
0.01925755
0.01949668
0.01939154
0.01929617
0.01936674
0.01932669
0.01926517
0.01926661
0.01959157
0.01935387
0.01937652
0.01956916
0.01986861
0.01959610
0.01945090
0.01931214
0.01931906
0.01923800
0.01947975
0.01950502
0.01926303
0.01936483
0.01917291
0.01928234
0.01974559
0.02015519
0.01919127
0.01923776
0.01954007
0.01932740
0.01925993
0.01926374
0.01929855
0.01916528
0.01919532
0.01939249
0.01937652
0.01928663
0.01916003
0.01924109
0.01922297
0.01926684
0.01931858
0.01939869
0.01946139
0.01923037
0.01937938
0.01994538
0.01942110
0.01945877
0.01935124
0.01931286
0.01924014
0.01921511
0.01923013
0.01920652
0.01939726
0.01973319
0.02017593
0.01937413
0.01925540
0.01928210
0.01926041
0.01960063
0.01920056
0.01925802
0.01919889
0.01918316
0.01924801
0.01923180
0.01956582
0.01926184
0.01920986
0.01916099
0.01915550
0.01914740
0.01945281
0.01948595
0.01931572
0.01921034
0.01920390
0.01926494
0.01918888
0.01916265
0.01906323
0.01916957
0.01921511
0.01905441
0.01930332
0.01915145
0.01915574
0.01916718
0.02096701
0.02102470
0.02091646
0.02074933
0.02062297
0.02061558
0.02083683
0.01931453
0.01930809
0.01927805
0.01930118
0.01913476
0.01917243
0.01925325
0.01912665
0.01916504
0.01942134
0.02102947
0.02083755
0.02067065
0.02050185
0.02025342
0.01908064
0.01910925
0.01916051
0.01923776
0.01924491
0.01929617
0.01913643
0.01912761
0.01908970
0.01925993
0.01942182
0.01932764
0.01928496
0.01957607
0.01921868
0.01919127
0.01922584
0.01928234
0.01972437
0.02157950
0.02157545
0.02125263
0.02128506
0.02109480
0.02124596
0.02108932
0.02105546
0.01963639
0.01817966
0.01818061
0.01671290
0.01648188
0.01643944
0.01634526
0.01634789
0.01630616
0.01620698
0.01618600
0.01616645
0.01613855
0.01601481
0.01605606
0.01614356
0.01605916
0.01610470
0.01614285
0.01628113
0.01629162
0.01615381
0.01628089
0.01623940
0.01631761
0.01650119
0.01628900
0.01626611
0.01607442
0.01607561
0.01603603
0.01601768
0.01598859
0.01612163
0.01599455
0.01607203
0.01599813
0.01603198
0.01604295
0.01600552
0.01610422
0.01608968
0.01607180
0.01610184
0.01650143
0.01662469
0.01641011
0.01637554
0.01642656
0.01650691
0.01633811
0.01640987
0.01657081
0.01637602
0.01646638
0.01633263
0.01638675
0.01629615
0.01629925
0.01644707
0.01648641
0.01646376
0.01644135
0.01648164
0.01649332
0.01635432
0.01643538
0.01635671
0.01659250
0.01638412
0.01661491
0.01649022
0.01652598
0.01634860
0.01647925
0.01635122
0.01632524
0.01640940
0.01657152
0.01677990
0.01650357
0.01645446
0.01649928
0.01634645
0.01641583
0.01671290
0.01693487
0.01686358
0.01667953
0.01677537
0.01665545
0.01659727
0.01656389
0.01663351
0.01658440
0.01650667
0.01652765
0.01654267
0.01665640
0.01653719
0.01658463
0.01665258
0.01679778
0.01652622
0.01623797
0.01627827
0.01643324
0.01662183
0.01644278
0.01653457
0.01622295
0.01648474
0.01613569
0.01628613
0.01617885
0.01620865
0.01633835
0.01661468
0.01689053
0.01639485
0.01654267
0.01649547
0.01670051
0.01655889
0.01640797
0.01628685
0.01628041
0.01630545
0.01648664
0.01682258
0.01675773
0.01672888
0.01678729
0.01656461
0.01659727
0.01664734
0.01664114
0.01671195
0.01658821
0.01679444
0.01652169
0.01645374
0.01645279
0.01647210
0.01641893
0.01642847
0.01640749
0.01639390
0.01642704
0.01638079
0.01632786
0.01629162
0.01656628
0.01640797
0.01643038
0.01638317
0.01650095
0.01643634
0.01657104
0.01648784
0.01646638
0.01645732
0.01638317
0.01655245
0.01644540
0.01650596
0.01660728
0.01641178
0.01654792
0.01644731
0.01646733
0.01641417
0.01637650
0.01630664
0.01635289
0.01635194
0.01634550
0.01644087
0.01653767
0.01640916
0.01629877
0.01628852
0.01629257
0.01632190
0.01630402
0.01625776
0.01626396
0.01629448
0.01683807
0.01647210
0.01641011
0.01640391
0.01652336
0.01640940
0.01631904
0.01630259
0.01685190
0.01642394
0.01652741
0.01678658
0.01634431
0.01654863
0.01690507
0.01719666
0.01932073
0.01631594
0.01627755
0.01649618
0.01642966
0.01654506
0.01646233
0.01645517
0.01653004
0.01703620
0.01722693
0.01744437
0.01690364
0.01650476
0.01696515
0.01645613
0.01665688
0.01666665
0.01666141
0.01673293
0.01684976
0.01651931
0.01644874
0.01640177
0.01665306
0.01637053
0.01638389
0.01636386
0.01655984
0.01630378
0.01625609
0.01621461
0.01637244
0.01623368
0.01626897
0.01615381
0.01613140
0.01612473
0.01617193
0.01614738
0.01603723
0.01658869
0.01640248
0.01676083
0.01685739
0.01615810
0.01636434
0.01628661
0.01618385
0.01623106
0.01640773
0.01680398
0.01673841
0.01624298
0.01614070
0.01610398
0.01612592
0.01620460
0.01609087
0.01610637
0.01618886
0.01615667
0.01614070
0.01614451
0.01609445
0.01611733
0.01603866
0.01612902
0.01601005
0.01607060
0.01604486
0.01602793
0.01616001
0.01617050
0.01631999
0.01657081
0.01616216
0.01621151
0.01632500
0.01639700
0.01618958
0.01618147
0.01632428
0.01626611
0.01610112
0.01612782
0.01616573
0.01616478
0.01627254
0.01625776
0.01617885
0.01616549
0.01637554
0.01630306
0.01632667
0.01619315
0.01631474
0.01621604
0.01636958
0.01636457
0.01612473
0.01608491
0.01618099
0.01638985
0.01708770
0.01710916
0.01669049
0.01628494
0.01625848
0.01639271
0.01648736
0.01663566
0.01667309
0.01670790
0.01663709
0.01661539
0.01663589
0.01678586
0.01668334
0.01669049
0.01676178
0.01695824
0.01672769
0.01678228
0.01670623
0.01662660
0.01652098
0.01649785
0.01649618
0.01650310
0.01644039
0.01649809
0.01645541
0.01648498
0.01645064
0.01622105
0.01608992
0.01631570
0.01628351
0.01620364
0.01623559
0.01623225
0.01615620
0.01646829
0.01622272
0.01633358
0.01613450
0.01622176
0.01621580
0.01736641
0.01746178
0.01742887
0.01961184
0.01940608
0.01939654
0.01946878
0.01933265
0.01947403
0.01948619
0.01949286
0.01948595
0.01940942
0.01986551
0.01955128
0.01951504
0.01977348
0.01942682
0.01937628
0.01935339
0.01959586
0.01948094
0.01953626
0.02113438
0.02122998
0.02138114
0.02081347
0.02066922
0.02069497
0.02065659
0.02067709
0.02084947
0.02110434
0.02093768
0.02063680
0.02099514
0.02121687
0.02155328
0.02119660
0.02080703
0.02073836
0.02085495
0.02069235
0.02063513
0.02089310
0.02081656
0.02073145
0.02071643
0.02075267
0.02098632
0.02098417
0.02086878
0.02067208
0.02094364
0.02085829
0.02074933
0.02085519
0.02071857
0.02081656
0.02089572
0.02104616
0.02124357
0.02124286
0.02112222
0.02096343
0.02092862
0.02124977
0.02121115
0.02094913
0.02081919
0.02078080
0.02072716
0.02101588
0.02090359
0.02100492
0.02081871
0.02088499
0.02052546
0.02049613
0.02082992
0.02091980
0.02107239
0.02088094
0.02099133
0.02077985
0.02101612
0.02117610
0.02106118
0.02096558
0.02105474
0.02090144
0.02080584
0.02083206
0.02081561
0.02081490
0.02099752
0.02100754
0.02090931
0.02081943
0.02092934
0.02063155
0.02064896
0.02074742
0.02092624
0.02114105
0.02108264
0.02218843
0.02113509
0.02165174
0.02181435
0.02076268
0.01991534
0.01986265
0.02012634
0.02032208
0.02056289
0.01991606
0.01955152
0.01937127
0.01946616
0.01943588
0.01965833
0.01923800
0.01934600
0.01948500
0.01926398
0.01924586
0.01913357
0.01928449
0.01935601
0.01978230
0.01966929
0.01980472
0.01961350
0.01950645
0.01945066
0.01956224
0.02026105
0.01933169
0.01920128
0.01955032
0.01966977
0.01942921
0.01948237
0.02040696
0.01957059
0.01957393
0.01934624
0.01954579
0.01967955
0.01954269
0.01977777
0.02095795
0.02065802
0.02080560
0.01943421
0.01955581
0.01949883
0.01965237
0.01977468
0.01980877
0.01973057
0.01947451
0.01965380
0.01924992
0.01947331
0.02001119
0.02221823
0.01948738
0.01936173
0.01938558
0.02242184
0.02288604
0.02152610
0.01985812
0.01938653
0.01957417
0.01949525
0.01950240
0.01963449
0.01937675
0.01997900
0.01980495
0.01956534
0.01951838
0.01945949
0.01953650
0.01950407
0.01990390
0.02233267
0.02226353
0.02230787
0.02234507
0.02215028
0.01980257
0.01936817
0.01932573
0.01932168
0.01924276
0.01928711
0.01941442
0.02042532
0.02066851
0.01950741
0.02073503
0.02024770
0.02157450
0.01951671
0.02020192
0.02092505
0.02095819
0.02083921
0.02083349
0.02097464
0.02088857
0.02075362
0.02101398
0.01986122
0.01950359
0.01941228
0.01931262
0.01926923
0.01936817
0.01981521
0.01946712
0.02056980
0.01951027
0.01971316
0.01976109
0.01961374
0.01946235
0.01965785
0.01940536
0.02096272
0.02091122
0.02095413
0.02083635
0.02077198
0.02094197
0.02096343
0.02111006
0.02111530
0.02115917
0.02087569
0.02082086
0.02078509
0.02057743
0.01931071
0.01998734
0.01934767
0.01957035
0.01973224
0.01961517
0.01997256
0.01962733
0.01974249
0.01997924
0.02051353
0.01979399
0.01986265
0.01970100
0.01986003
0.01971412
0.01937699
0.01940060
0.01930237
0.01956868
0.01966381
0.01936507
0.01938319
0.01928496
0.01927972
0.01956964
0.01957679
0.02028036
0.01948237
0.02044749
0.01949668
0.01932764
0.01934791
0.01945710
0.01961446
0.01939249
0.02016926
0.01970053
0.01962137
0.01961470
0.01972342
0.01964259
0.01986074
0.01982760
0.01988101
0.01945281
0.01932645
0.01928997
0.01947951
0.01924586
0.01932669
0.01954293
0.01964450
0.01969123
0.01971197
0.01972270
0.01937962
0.01962829
0.01984382
0.01998734
0.01968503
0.01950002
0.01946783
0.01931381
0.01927066
0.01933765
0.01939487
0.01952696
0.01955938
0.01952338
0.01991725
0.01951408
0.01997232
0.01951337
0.01995087
0.01968741
0.01962185
0.01950431
0.02021837
0.01981616
0.01985860
0.01966953
0.01952910
0.01978421
0.01950574
0.01954770
0.01990938
0.01969767
0.01981306
0.01996803
0.01970148
0.01958346
0.01980782
0.02002454
0.01966882
0.01963925
0.01949334
0.01943755
0.02000642
0.01957798
0.01942348
0.01933861
0.01924825
0.01917005
0.01927900
0.01962185
0.01925778
0.01948285
0.01963758
0.02054906
0.02009392
0.01982617
0.01971316
0.01944661
0.01937795
0.01931739
0.01938343
0.01942062
0.01925087
0.01927376
0.01925135
0.01929641
0.01929092
0.01956034
0.01980424
0.01926422
0.01926064
0.01920366
0.01929855
0.01926398
0.01935005
0.01941586
0.01936460
0.01921868
0.01913500
0.01930666
0.01914954
0.01917267
0.01917601
0.01928258
0.01942396
0.01910448
0.01974034
0.01959825
0.01936531
0.01926827
0.01931572
0.01919556
0.01934218
0.01930237
0.01929522
0.01934600
0.01924801
0.01918769
0.01925898
0.01926947
0.01930475
0.01941085
0.01927233
0.02003193
0.01960182
0.01929879
0.01941156
0.01958919
0.02183652
0.02133298
0.01978493
0.01979923
0.01976967
0.02063918
0.02150011
0.01999593
0.01972437
0.01999044
0.01993060
0.02015090
0.02008224
0.01993227
0.01988721
0.01968336
0.02009344
0.02107000
0.01990509
0.01991081
0.01978827
0.01968527
0.01982689
0.01982808
0.01974869
0.01971912
0.02048349
0.01987863
0.02042603
0.02184558
0.02005839
0.02064061
0.01996374
0.02074146
0.02124310
0.02175236
0.02300191
0.02384734
0.02373219
0.02411389
0.02357388
0.02185655
0.02148342
0.02131343
0.02123451
0.02134156
0.02146029
0.02156138
0.02129793
0.02143455
0.02125835
0.02145839
0.02156830
0.02144670
0.02124810
0.02133155
0.02127457
0.02098823
0.02106690
0.02097368
