0.00443244
0.02485037
0.02446699
0.02388120
0.02394843
0.02405286
0.02376246
0.02391911
0.02383280
0.02379346
0.02734327
0.02502894
0.02414155
0.02474403
0.02391291
0.02379012
0.02397418
0.02379608
0.02383757
0.02340722
0.02353811
0.02364039
0.02425170
0.02396250
0.02332711
0.02323008
0.02327991
0.02328610
0.02095866
0.02097702
0.02102065
0.01857114
0.01851320
0.01609421
0.01636553
0.01614666
0.01632118
0.01635194
0.01634502
0.01633668
0.01622796
0.01641154
0.01645589
0.01646328
0.01631498
0.01642323
0.01639390
0.01635504
0.01627374
0.01615191
0.01701641
0.01713896
0.01650238
0.01643038
0.01637077
0.01643634
0.01632810
0.01627517
0.01665163
0.01630974
0.01635051
0.01650095
0.01643538
0.01670480
0.01638889
0.01639843
0.01694584
0.01676869
0.01664662
0.01673698
0.01644444
0.01641321
0.01621771
0.01642084
0.01643920
0.01640224
0.01661706
0.01701164
0.01684856
0.01674438
0.01657248
0.01651335
0.01963353
0.01639628
0.01625538
0.01929331
0.01933670
0.01921582
0.01924396
0.02067518
0.02119493
0.02138090
0.02079463
0.02154398
0.02143550
0.02092552
0.02086067
0.02102327
0.02368665
0.02314520
0.02346611
0.02157402
0.02133965
0.02135372
0.02387428
0.02570438
0.02503991
0.02509570
0.02416468
0.02377176
0.02367091
0.02344298
0.02320170
0.02322817
0.02321649
0.02346301
0.02330804
0.02304769
0.02328062
0.02360797
0.02368999
0.02345014
0.02343011
0.02341223
0.02318287
0.02366972
0.02332306
0.02342439
0.02347994
0.02346158
0.02329040
0.02345252
0.02321315
0.02445102
0.02354956
0.02330756
0.02319241
0.02322268
0.02327847
0.02317381
0.02587223
0.02325964
0.02381968
0.02365947
0.02358174
0.02412796
0.02773261
0.02465725
0.02392125
0.02512026
0.02585316
0.02533436
0.02491450
0.02472091
0.02532530
0.02733421
0.02394319
0.02451539
0.02420831
0.02390146
0.02366829
0.02404761
0.02467799
0.02470183
0.02475405
0.02466106
0.02486706
0.02444935
0.02388883
0.02377057
0.02384186
0.02398491
0.02406549
0.02335334
0.02333641
0.02372742
0.02325916
0.02373171
0.02463579
0.02516961
0.02557182
0.02628469
0.02809548
0.02519369
0.02563000
0.02588725
0.02423358
0.02416778
0.02510691
0.02400827
0.02384949
0.02368307
0.02367854
0.02434397
0.02506065
0.02466631
0.02463937
0.02428269
0.02472138
0.02547407
0.02564931
0.02468133
0.02698064
0.02711391
0.02687979
0.02702260
0.02701974
0.02688050
0.02696180
0.02652693
0.02650166
0.02601743
0.02582812
0.02596688
0.02593684
0.02662420
0.02604151
0.02350402
0.02415013
0.02422738
0.02482748
0.02472186
0.02433109
0.02389288
0.02401423
0.02412558
0.02376914
0.02371907
0.02366042
0.02377009
0.02372003
0.02384257
0.02381444
0.02395582
0.02334642
0.02323318
0.02322984
0.02371430
0.02726269
0.02749896
0.02761269
0.02723789
0.02741456
0.02709556
0.02489948
0.02469707
0.02432513
0.02404308
0.02574420
0.02438569
0.02389002
0.02381992
