0.00177741
0.01694894
0.01709795
0.01681876
0.01680279
0.01676965
0.01647806
0.01649237
0.01661372
0.01663899
0.01688194
0.01679063
0.01665068
0.01673412
0.01674867
0.01655817
0.01664233
0.01665545
0.01650858
0.01663232
0.01618528
0.01610160
0.01607776
0.01601386
0.01610351
0.01616120
0.01624560
0.01621342
0.01604295
0.01601028
0.01610184
0.01620173
0.01621413
0.01621604
0.01637745
0.01609206
0.01639962
0.01692867
0.01683116
0.01634645
0.01653910
0.01652646
0.01669717
0.01707339
0.01766825
0.01749563
0.01765108
0.01701927
0.01727629
0.01738095
0.01744127
0.01810312
0.01758361
0.01778221
0.01772141
0.01719832
0.01712680
0.01706100
0.01671124
0.01635599
0.01674604
0.01656580
0.01630878
0.01662040
0.01660609
0.01661015
0.01655436
0.01654172
0.01655746
0.01677489
0.01649284
0.01669455
0.01646304
0.01663756
0.01652122
0.01680112
0.01720071
0.01690865
0.01686740
0.01682830
0.01693201
0.01706791
0.01693916
0.01694632
0.01689959
0.01687193
0.01687217
0.01690865
0.01684713
0.01685929
0.01684737
0.01690650
0.01688838
0.01691985
0.01688933
0.01687264
0.01691341
0.01693201
0.01687264
0.01685834
0.01697516
0.01704359
0.01695180
0.01688790
0.01692080
0.01710176
0.01706147
0.01700425
0.01668000
0.01658154
0.01660442
0.01685882
0.01697540
0.01708651
0.01704931
0.01725483
0.01661468
0.01653147
0.01659060
0.01680565
0.01702332
0.01703048
0.01680708
0.01710868
0.01679897
0.01659894
0.02100658
0.01691747
0.02114654
0.02504706
0.02926636
0.02929616
0.02938223
0.02999711
0.03049493
0.02981234
0.02893782
0.02919722
0.02873039
0.02893162
0.02920580
0.02884865
0.02846718
0.02845550
0.02827048
0.02912593
0.03337932
0.02954888
0.02930999
0.02892947
0.02891469
0.02896643
0.02917552
0.02890515
0.02992225
0.02982998
0.02978110
0.03192115
0.02704597
0.02197385
0.02147508
0.01715803
0.01706862
0.01704907
0.01714277
0.01708221
0.01720023
0.01753044
0.01719308
0.01694822
0.01704550
0.01698923
0.02851200
0.03418970
0.03422427
0.03431082
0.03428197
0.03421330
0.03462243
0.03406668
0.01688814
0.01705050
0.01688361
0.01682472
0.01686716
0.01675153
0.01674366
0.01673794
0.01675081
0.01683116
0.02252221
0.02246451
0.02237582
0.01651764
0.01646590
0.01647639
0.01661229
0.01677060
0.01682615
0.01654720
0.01641178
0.01620913
0.01610017
0.01620030
0.01618266
0.01615214
0.01641202
0.01610827
0.01646471
0.01643085
0.01647997
0.01610661
0.01636314
0.01635480
0.01640654
0.01644611
0.01641107
0.01633239
0.01603389
0.01646686
0.01660967
0.01617503
0.01614308
0.01609015
0.01632667
0.01636481
0.01608419
0.01612735
0.01608682
0.01607227
0.02018642
0.01639462
0.01715875
0.01704216
0.01620388
0.01633239
0.01638818
0.01610255
0.01641178
0.01639295
0.02075696
0.02886701
0.02885890
0.02882504
0.02841759
0.02890587
0.02933383
0.02857065
0.02829003
0.02421904
0.01618195
0.01621270
0.01621985
0.01624250
0.01616788
0.01617622
0.01615167
0.02026415
0.02441978
0.02889991
0.02493811
0.02479100
0.02426982
0.02423811
0.02061033
0.02082920
0.01709533
0.01684666
0.01655269
0.01648808
0.01675797
0.01672196
0.01650691
0.01653337
0.01651073
0.01640821
0.01631999
0.01624489
0.01617074
0.01635385
0.01638222
0.01637697
0.01604843
0.02024674
0.02845621
0.02843547
0.02883601
0.02895045
0.03079963
0.02924871
0.02905178
