0.00170803
0.02218509
0.02174473
0.02117443
0.02108264
0.02152371
0.02154708
0.02149010
0.02115631
0.01990604
0.02080917
0.02119827
0.02051806
0.01986051
0.01968026
0.01963496
0.02016997
0.01977777
0.01943398
0.01939750
0.01960611
0.01980901
0.01971221
0.01972914
0.01965261
0.01964092
0.01970506
0.02035952
0.02030063
0.01980662
0.02197099
0.02174807
0.02075338
0.02132797
0.02187133
0.01973653
0.01965570
0.01944566
0.01950264
0.01952100
0.01953077
0.01942849
0.01935983
0.01929498
0.01944256
0.01965427
0.01954269
0.01966095
0.02110672
0.02075171
0.02085638
0.01974416
0.02001595
0.01996875
0.02049470
0.01973510
0.01956749
0.01949215
0.01937413
0.01954031
0.01974702
0.02086210
0.02086067
0.01951838
0.01964951
0.01968670
0.01945782
0.01958394
0.02181602
0.02027726
0.01979685
0.01986527
0.02111363
0.01975012
0.01986337
0.01982307
0.01945353
0.01968503
0.01993394
0.02048373
0.01981187
0.01947045
0.01984715
0.02213097
0.01953316
0.01957774
0.01941657
0.01948404
0.01978326
0.01962256
0.01959372
0.01946115
0.01962256
0.02009439
0.01944423
0.01936817
0.01933265
0.01935744
0.01941061
0.01942730
0.01960349
0.01975465
0.01970387
0.01943231
0.02038288
0.02107692
0.02046442
0.02065301
0.02072883
0.02030873
0.02171111
0.02060008
0.02288771
0.02017212
0.02026010
0.02036595
0.02034283
0.02026820
0.02067828
0.02090406
0.02182961
0.02022481
0.01995850
0.01971650
0.02016020
0.02160668
0.02090907
0.01964068
0.01960778
0.02004838
0.02033854
0.02031302
0.01963854
0.01955485
0.02042675
0.01949453
0.01941299
0.01966739
0.02019000
0.02163601
0.01975918
0.01955247
0.02000284
0.02042127
0.02043343
0.02027965
0.02025294
0.02029538
0.02105379
0.02088189
0.02045465
0.02066445
0.01969790
0.01974082
0.02011418
0.02099061
0.02213097
0.02008462
0.02026439
0.02008581
0.02033973
0.02233911
0.01939964
0.01940227
0.01945186
0.01930141
0.01925373
0.01985478
0.02003765
0.02060246
0.01971555
0.01949239
0.01964331
0.01977968
0.02126694
0.02125669
0.02121449
0.02114439
0.02142239
0.02103853
0.01982069
0.02072716
0.02091742
0.02029920
0.02025962
0.02052689
0.02189541
0.02084494
0.02128005
0.02056503
0.02027774
0.02075338
0.02239704
0.02185249
0.02155995
0.02220273
0.02291822
0.02180243
0.02284575
0.02304554
0.02168179
0.02067161
0.02136874
0.02128887
0.02167916
0.02133608
0.02131057
0.02137113
0.02140784
0.02096677
0.02082777
0.02078891
0.02084255
0.02184820
0.02118874
0.02122450
0.02110457
0.01958656
0.01997733
0.02001572
0.01986814
0.02019429
0.01990652
0.01973820
0.01960635
