0.00205851
0.02066064
0.02205253
0.02209592
0.02188635
0.02162170
0.02177358
0.02183390
0.02165914
0.02182531
0.01995778
0.02040505
0.02159595
0.02172565
0.02196407
0.02191091
0.02147269
0.02132440
0.02198529
0.02179098
0.02192807
0.02184892
0.02191234
0.02165604
0.02160263
0.02144122
0.02106929
0.02093887
0.02079535
0.01968694
0.02230859
0.02031016
0.02020741
0.01985264
0.01996899
0.01971269
0.01978421
0.01987052
0.02006102
0.02041602
0.01973248
0.01961851
0.01969218
0.02010202
0.01930118
0.01928544
0.01992178
0.02131295
0.01955390
0.01969123
0.02243733
0.01877713
0.01730943
0.01614285
0.01609540
0.01602054
0.01600480
0.01597977
0.01614881
0.01600575
0.01603746
0.01608324
0.01601648
0.01611066
0.01595855
0.01590514
0.01588488
0.01590300
0.01587749
0.01590753
0.01592064
0.01589060
0.01595426
0.01596785
0.01592827
0.01593399
0.01591229
0.01599503
0.01607227
0.01659560
0.01645565
0.01646018
0.01637816
0.01639390
0.01634073
0.01610518
0.01601744
0.01621580
0.01645350
0.01607156
0.01606488
0.01596355
0.01594663
0.01609421
0.01619720
0.01663494
0.01640487
0.01612544
0.01598859
0.01608086
0.01600623
0.01611042
0.01611972
0.01606274
0.01607275
0.01597381
0.01600885
0.01610947
0.01601195
0.01591563
0.01594472
0.01588202
0.01588202
0.01590562
0.01589680
0.01585889
0.01621056
0.01604772
0.01607132
0.01598787
0.01590848
0.01589036
0.01589084
0.01820970
0.01935244
0.01927924
0.01943517
