0.00170684
0.02669597
0.02619648
0.02601624
0.02581167
0.02629375
0.02611446
0.02635145
0.02601051
0.02597022
0.02593923
0.02589083
0.02594829
0.02607775
0.02617884
0.01960897
0.01598763
0.01600838
0.01913118
0.02530265
0.02548075
0.02535009
0.02536082
0.02529454
0.03153753
0.02551603
0.02588701
0.02625036
0.02642512
0.02619052
0.03203893
0.02556491
0.02536798
0.02547050
0.02625132
0.02595520
0.02601218
0.02673793
0.02577925
0.02555180
0.02642369
0.02974963
0.02964616
0.02926683
0.02903509
0.02911210
0.01634073
0.01637840
0.02922344
0.02905130
0.02910280
0.02907610
0.02876997
0.02558351
0.02543330
0.02542162
0.02545261
0.02545857
0.02548456
0.02554917
0.03025937
0.03601789
0.03044939
0.03002501
0.01917720
0.01692104
0.01699543
0.01703262
0.02966595
0.02970695
0.02931380
0.02565908
0.02666354
0.02614331
0.02613282
0.02605247
0.02560639
0.02684093
0.02553725
0.02643681
0.02643657
0.02931428
0.02697444
0.02609468
0.02793908
0.02603340
0.02598238
0.02588081
0.02602339
0.02593517
0.02548599
0.02597880
0.02585959
0.02584529
0.01592708
0.01615667
0.02557349
0.02577114
0.02601600
0.02651286
0.02604127
0.02630401
0.02544355
0.02611971
0.02639103
0.02737236
0.03428006
0.02954268
0.02576685
0.02555251
0.02568650
0.02563405
0.02601242
