0.00176287
0.02265382
0.02073193
0.02036977
0.02041912
0.02035546
0.02038741
0.02043819
0.02053332
0.02058029
0.02042770
0.02030373
0.02032781
0.02035999
0.02040267
0.02039695
0.02040291
0.02040291
0.02068639
0.02041125
0.02151608
0.02109385
0.02100062
0.02093339
0.02081203
0.02079511
0.02052331
0.02052259
0.02046585
0.02069473
0.02050328
0.02048206
0.02055526
0.02051258
0.02053237
0.02071309
0.02046227
0.02098298
0.02117205
0.02107549
0.02102542
0.02130413
0.02278447
0.02213407
0.02088809
0.02059793
0.02135921
0.02389431
0.02145076
0.02043128
0.02032089
0.02030993
0.02026415
0.02030349
0.02025414
0.02023506
0.02217722
0.02033353
0.02020812
0.02023602
0.02033091
0.02014875
0.02019835
0.02021790
0.02020168
0.02015233
0.02203870
0.02077174
0.02074671
0.02155304
0.02392268
0.02075720
0.02078176
0.02134657
0.02113724
0.02105355
0.02112675
0.02068043
0.02088928
0.02029514
0.02076936
0.02034044
0.02079988
0.02140760
0.02069831
0.02078080
0.02168250
0.02071309
0.02081871
0.02112818
0.02074122
0.02054071
0.02068639
0.02077842
0.02075195
0.02070951
0.02071834
0.02126908
0.02491212
0.02061605
0.02046728
0.02029538
0.02026749
0.02021742
0.02033949
0.02034426
0.02038741
0.02047372
0.02039862
0.02045155
0.02048635
0.02069926
0.02131796
0.02088046
0.02089477
0.02104688
0.02095628
0.02090096
0.02073383
0.02078462
0.02074051
0.02070785
0.02067256
0.02077746
0.02500653
0.02522683
0.02504539
0.02632332
0.02106905
0.02128267
0.02099705
0.02060533
0.02174211
0.02166891
0.02278256
0.02157950
0.02084875
0.02171254
0.02208161
0.02216244
0.02437258
0.02434373
0.02723765
0.02336645
0.02518511
0.02703834
0.02379513
0.02513766
0.02338934
0.02330232
0.02314496
0.02327538
0.02252841
0.02281880
0.02261877
0.02174044
0.02159715
0.02204013
0.02261186
0.02163815
0.02184844
0.02161908
0.02182722
0.02206492
0.02152085
0.02148175
0.02148175
0.02146983
0.02131557
0.02168012
0.02157998
0.02124548
0.02097654
0.02156854
0.02217340
0.02105546
0.02094030
0.02157760
0.02108216
0.02137947
0.02109528
0.02400804
0.02185321
0.02193904
0.02110386
0.02396393
0.02274823
0.02302623
0.02324772
0.02343607
0.02204084
0.02221417
0.02236891
0.02224231
0.02197266
0.02286863
0.02179074
0.02090883
0.02165627
0.02090859
0.02111888
0.02114320
0.02152157
0.02154827
0.02135777
0.02140045
0.02134585
0.02128172
0.02183008
0.02070355
0.02102184
0.02110243
0.02135754
0.02110577
0.02115345
0.02127624
0.02117109
0.02181220
0.02198482
0.02128696
0.02105141
0.02138495
0.02125001
0.02138472
0.02150750
0.02131701
0.02135468
0.02125454
0.02129006
0.02130675
0.02119756
0.02136064
0.02138186
0.02138829
0.02130985
0.02117801
0.02129650
0.02105689
0.02070713
0.02075624
0.02085161
0.02079749
0.02062559
0.02099395
0.02051878
0.02099919
0.02178764
0.02164245
0.02159286
0.02227283
0.02063107
0.02065349
0.02097130
0.02087426
0.02042055
0.02037835
0.02088499
0.02053213
0.02060175
0.02127004
0.02058315
0.02063465
0.02063513
0.02171922
0.02137017
0.02100897
0.02063203
0.02127194
0.02130461
0.02124739
0.02202582
0.02307463
0.02064776
0.02173018
0.02390885
0.02091622
0.02087092
0.02071524
0.02064538
0.02124047
0.02110648
0.02110553
0.02125692
0.02056170
0.02053571
0.02067804
0.02110004
0.02100062
0.02131057
0.02072740
0.02124810
0.02098465
0.02078247
0.02093887
0.02103949
0.02124190
0.02096534
0.02160597
0.02113199
0.02071214
0.02074265
0.02060008
0.02067256
0.02063012
0.02091837
0.02090383
0.02290964
0.02288222
0.02244735
0.02255511
0.02241540
0.02247357
0.02291584
0.02259207
0.02244377
0.02243328
0.02272582
0.02260160
0.02251577
0.02244353
0.02259684
0.02251792
0.02268028
0.02256465
0.02252579
0.02245259
0.02167320
0.02115655
0.02114034
0.02116060
0.02124476
0.02129960
0.02121878
0.02087522
0.02103090
0.02101612
0.02048898
0.02064133
0.02051449
0.02062154
0.02081609
0.02072692
0.02135515
0.02165151
0.02181339
0.02172256
0.02135324
0.02332401
0.02267861
0.02241373
0.02233458
0.02271271
0.02060461
0.02079129
0.02177715
0.02295685
0.02222443
0.02098274
0.02095485
0.02086449
0.02134728
0.02130961
0.02246690
0.02177930
0.02146697
0.02140570
0.02103496
0.02102613
0.02100396
0.02108455
0.02119327
0.02143383
0.02315879
0.02138686
0.02136779
0.02118993
0.02115679
0.02105522
0.02123499
0.02169442
0.02221417
0.02167678
0.02144027
0.02136040
0.02131581
0.02211213
0.02201867
0.02198839
0.02162981
0.02156830
0.02200079
0.02156997
0.02130914
0.02121472
0.02123141
0.02122927
0.02138638
0.02128315
0.02082348
0.02097893
0.02171469
0.02143455
0.02178359
0.02301812
0.02269053
0.02332711
0.02236271
0.02253032
0.02229238
0.02079225
0.02080631
0.02095437
0.02101779
0.02070475
0.02064347
0.02120900
0.02063966
0.02057123
0.02101421
0.02103901
0.02092171
0.02100444
0.02104092
0.02090955
0.02108979
0.02148199
0.02158666
0.02127028
0.02152801
0.02263188
0.02061701
0.02183223
0.02180982
0.02134609
0.02174520
0.02114725
0.02132940
0.02138495
0.02139115
0.02128577
0.02143764
0.02137113
0.02137208
0.02211785
0.02069783
0.02083492
0.02130342
0.02422142
0.02083921
0.02077031
0.02146196
0.02106023
0.02155232
0.02162671
0.02143288
0.02141571
0.02131510
0.02137566
0.02115822
0.02124715
0.02073264
0.02087331
0.02075696
0.02075434
0.02083635
0.02123332
0.02122569
0.02131510
0.02136397
0.02137733
0.02140021
0.02152872
0.02136683
0.02132893
0.02081800
0.02076149
0.02110910
0.02133250
0.02078032
0.02075696
0.02053308
0.02041411
0.02056956
0.02100515
0.02154446
0.02083445
0.02114749
0.02081823
0.02072883
0.02054787
0.02188873
0.02073669
0.02037621
0.02110934
0.02141213
0.02111554
0.02104688
0.02134919
0.02132821
0.02163053
0.02323651
0.02065015
0.02097225
0.02136183
0.02134371
0.02114010
0.02117348
0.02119803
0.02136445
0.02070522
0.02076030
0.02153397
0.02362370
0.02364349
0.02363491
0.02402639
0.02500391
0.02492070
0.02371216
0.02244878
0.02312398
0.02279568
0.02162361
0.02145839
0.02158976
0.02165627
0.02121592
0.02109599
0.02110267
0.02096558
0.02062178
0.02040052
0.02109599
0.02096391
0.02096033
0.02096963
0.02083969
0.02123308
0.02129555
0.02101207
0.02088737
0.02044702
0.02052879
0.02082586
0.02118206
0.02063036
0.02080250
0.02088404
0.02073574
0.02094913
0.02050900
0.02062607
0.02065563
0.02067137
0.02062535
0.02107477
0.02059078
0.02049136
0.02042198
0.02095699
0.02095556
0.02073431
0.02051592
0.02052832
0.02057385
0.02054667
0.02062178
0.02118874
0.02262807
0.02092957
0.02135253
0.02187705
0.02341223
0.02054238
0.02103710
0.02054501
0.02051950
0.02055168
0.02075052
0.02045083
0.02044439
0.02128482
0.02105594
0.02120185
0.02144456
0.02131891
0.02118015
0.02164316
0.02084446
0.02111840
0.02119803
0.02118969
0.02269864
0.02045560
0.02033710
0.02050066
0.02059102
0.02040815
0.02060747
0.02043915
0.02079320
0.02160025
0.02119589
0.02104735
0.02094841
0.02150011
0.02108836
0.02117014
0.02116990
0.02114749
0.02241588
0.02050328
0.02129555
0.02137208
0.02118182
0.02068973
0.02071738
0.02069545
0.02056789
0.02050567
0.02060843
0.02047777
0.02040410
0.02043700
0.02060890
0.02052474
0.02038121
0.02181077
0.02078986
0.02074575
0.02063012
0.02051544
0.02038503
0.02089810
0.02088428
0.02128911
0.02121806
0.02099633
0.02088356
0.02104521
0.02086926
0.02095222
0.02097178
0.02094603
0.02037787
0.02053022
0.02033210
0.02045989
0.02034926
0.02052450
0.02046990
0.02046847
0.02077746
0.02060390
0.02051330
0.02064872
0.02047682
0.02063131
0.02082658
0.02100253
0.02057958
0.02052927
0.02071285
0.02064633
0.02068782
0.02048612
0.02127600
0.02054572
0.02142835
0.02105498
0.02144408
0.02077603
0.02072096
0.02052069
0.02036309
0.02043772
0.02076387
0.02244091
0.02073264
0.02034807
0.02056241
0.02067280
0.02096891
0.02047181
0.02056265
0.02066612
0.02073026
0.02065468
0.02077508
0.02060986
0.02075863
0.02055907
0.02064013
0.02044654
0.02034283
0.02044654
0.02042675
0.02059793
0.02067018
0.02052784
0.02053356
0.02048755
0.02079177
0.02059960
0.02041745
0.02211046
0.02080464
0.02056670
0.02041841
0.02044320
0.02170134
0.02121568
0.02105594
0.02119899
0.02128053
0.02103710
0.02118683
0.02160001
0.02150607
0.02184677
0.02155423
0.02129793
0.02123570
0.02191186
0.02269912
0.02234030
0.02343678
0.02497387
0.02277708
0.02111173
0.02129483
0.02164960
0.02173829
0.02294922
0.02209663
0.02407885
0.02390289
0.02273917
0.02355909
0.02209330
0.02239418
0.02274871
0.02297878
0.02187538
0.02179813
0.02421808
0.02399802
0.02927017
0.02316666
0.02344918
0.03242707
0.02367139
0.03023434
0.02656341
0.03019786
0.02405643
0.02334809
0.02708411
0.02362585
0.02843833
0.02330709
0.02328873
0.02344704
0.02377653
0.02352571
0.02467132
0.02382588
0.02335882
0.02339578
0.02476668
0.02513504
0.02359295
0.02385736
0.02526450
0.02595592
0.02796125
0.02693915
0.02442193
0.02512884
0.02642679
0.02524710
0.02405643
0.02549386
0.02513862
0.02441216
0.02800393
0.02659297
0.02319288
0.02343559
0.02463269
0.02389097
0.02905774
0.02367377
0.02340508
0.02344918
0.02400279
0.02066016
0.02078152
0.02147603
0.02111363
0.02067780
0.02076221
0.02099967
0.02082443
0.02162957
0.02079225
0.02056050
0.02067471
0.02042961
0.02034926
0.02094579
0.02093053
0.02094340
0.02088594
0.02094555
0.02083278
0.02093768
0.02087808
0.02083802
0.02092957
0.02117515
0.02120423
0.02098918
0.02096605
0.02046084
0.02038765
0.02086902
0.02097225
0.02070665
0.02052307
0.02093101
0.02098012
0.02102423
0.02085757
0.02093148
0.02092481
0.02092910
0.02101874
0.02113962
0.02125311
0.02098083
0.02089643
0.02106118
0.02094054
0.02092791
0.02091026
0.02084804
0.02033734
0.02037311
0.02043343
0.02083111
0.02172446
0.02147579
0.02188325
0.02124357
0.02074909
0.02061439
0.02107120
0.02112532
0.02086258
0.02091026
0.02098608
0.02092385
0.02103901
0.02096295
0.02100253
0.02107024
0.02110052
0.02099109
0.02095485
0.02105808
0.02103448
0.02212405
0.02160096
0.02121449
0.02051616
0.02057147
0.02049589
0.02052402
0.02072144
0.02473974
0.02314901
0.02336502
0.02315927
0.02341652
0.02318406
0.02302003
0.02108717
0.02200460
0.02136588
0.02123713
0.02047539
