0.00150943
0.02039123
0.02010727
0.01966763
0.01952076
0.01922679
0.01919866
0.01921391
0.01923347
0.01919055
0.01924396
0.01924491
0.01926517
0.01927042
0.01924968
0.01926994
0.01920199
0.01924801
0.01920700
0.01920152
0.01918554
0.01938653
0.01960874
0.01939988
0.01930046
0.01928186
0.01921296
0.01922631
0.01942563
0.02000546
0.01938987
0.01923060
0.01925373
0.01924109
0.01921439
0.01923251
0.01950455
0.01947808
0.01948786
0.01950169
0.01975799
0.02123404
0.02010274
0.02044582
0.02023244
0.01997328
0.02004266
0.01959848
0.01952338
0.01943064
0.01965499
0.01976085
0.01958370
0.01989317
0.01980519
0.01958823
0.01918745
0.02005315
0.01943946
0.01922226
0.01922154
0.01917052
0.01925635
0.01920247
0.01924634
0.01970506
0.02090049
0.02032518
0.02030110
0.02044010
0.02039146
0.02037525
0.01955271
0.01943588
0.01929212
0.01929593
0.01930332
0.02038312
0.01995087
0.01950192
0.01934266
0.01939034
0.01928473
0.01928544
0.01936960
0.01928234
0.01947737
0.01946282
0.01952553
0.01929212
0.01943088
0.02195859
0.02126002
0.02006388
0.02098513
0.02007627
0.02007532
0.02050519
0.02053380
0.01978302
0.01962066
0.02029967
0.01936913
0.01931095
0.01963186
0.02132583
0.01955342
0.01994276
0.02003002
0.01940441
0.02000070
0.02282810
0.02356648
0.02367806
0.02347827
0.02237844
0.02192473
0.02322817
0.02419615
0.02342224
0.02898812
0.02347779
0.02334380
0.02148080
0.02959514
0.02205324
0.02396965
0.02182412
0.02225733
0.02171159
0.02276826
0.02099156
0.02192831
0.02140570
0.02125359
0.02171016
0.02211761
0.02122355
0.02129149
0.02135301
0.02137661
0.02112436
0.02121735
0.02091718
0.02115345
0.02109313
0.02106214
0.02102685
0.02118778
0.02143764
0.02137947
0.02134323
0.02184105
0.02151847
0.02143884
0.02165055
0.02143312
0.02118754
0.02073646
0.02060437
0.02079177
0.02078414
0.02094650
0.02097797
0.02086973
0.02080941
0.02069187
0.02068281
0.02080488
0.02081370
0.02062130
0.02067590
0.02076745
0.02065969
0.02059531
0.02061415
0.01915026
0.01913571
0.01926732
0.02019644
0.01936364
0.01923251
0.01945972
0.01926327
0.01934004
0.01952791
0.01932526
0.01924968
0.01918936
0.01938963
0.01914144
0.01928830
0.01926970
0.01938057
0.01953816
0.01931453
0.01926732
0.01927042
0.01919365
0.01912880
0.01913667
0.01921487
0.01924682
0.01921821
0.01958036
0.02000666
0.01999474
0.02232838
0.02362728
0.02471614
0.02209544
0.02937484
0.02384067
0.02359796
0.02460432
0.02330828
0.02350330
0.02399254
0.02432323
0.02256203
0.02345729
0.02302074
0.02298665
0.02279305
0.02274156
0.02173424
0.02039766
0.01922965
0.01935577
0.01967669
0.01974607
0.02178431
0.01935649
0.01922870
0.01919746
0.01929259
0.01920772
0.01983595
0.01941991
0.01922512
0.01930308
0.01926661
0.01946044
0.02004170
0.01970124
0.01971269
0.01967311
0.01952839
0.01982331
0.01994157
0.02047086
0.01965880
0.02140307
0.01959467
0.02020431
0.02186298
0.01963425
0.02028441
0.02012253
0.01995182
0.01997232
0.01936030
0.01982570
0.02070522
0.02048635
0.02276206
0.01982093
0.02029490
0.01937437
0.02000642
0.01965451
0.01952291
0.02111959
0.01982260
0.02017403
0.01979399
0.01977181
0.01988816
0.01975513
0.01985431
0.02031517
0.02006912
0.02171111
0.02166557
0.02148914
0.02152634
0.02196574
0.02179766
0.02120876
0.02117515
0.02148461
0.02156281
0.02169847
0.02170849
0.02112865
0.02098155
0.02084517
0.02063084
0.02104497
0.02096248
0.02095747
0.02108645
0.02100682
0.02127385
0.02147913
0.02156544
0.02131319
0.02141333
0.02098227
0.02099776
0.02068710
0.02059960
0.02062178
0.02036953
0.01913309
0.01917100
0.01916122
0.01915169
0.01922607
0.01914477
0.01938224
0.01991701
0.02031374
0.02066684
0.02054000
0.01971626
0.01958680
0.01945949
0.02018285
0.01977038
0.01966023
0.01932502
0.01940012
0.01941872
0.01953793
0.01937890
0.01964521
0.01962233
0.01916361
0.01934481
0.01920009
0.01918173
0.01916647
0.01923704
0.01950240
0.01975560
0.01953840
0.01960039
0.01930547
0.01937509
0.01927018
0.01915503
0.01918125
0.01933599
0.01991296
0.01921225
0.01942134
0.01923275
0.02014971
0.01945114
0.01929116
0.01931977
0.01960850
0.01971364
0.02074242
0.02055502
0.02176595
0.02267146
0.02100706
0.01944065
0.01922894
0.01921821
0.01928473
0.01928830
0.01953650
0.01939464
0.01984477
0.01970387
0.01935267
0.01970983
0.02213240
0.02196121
0.02269864
0.02790427
0.02197289
0.02145839
0.02129459
0.02222109
0.02138305
0.02135181
0.02148509
0.02120733
0.02087379
0.02095556
0.02137423
0.02139401
0.02128220
0.02122617
0.01954341
0.01939201
0.01929140
0.01933455
0.01933169
0.01940894
0.01918077
0.01931787
0.01983237
0.01934695
0.01929593
0.01914549
0.01919532
0.01914573
0.01912904
0.01915932
0.01922059
0.01946712
0.01945019
0.01936603
0.01942563
0.01926708
0.01941705
0.01938248
0.01952267
0.01951790
0.02012444
0.01945996
0.01953006
0.01919317
0.01959586
0.02004433
0.01953912
0.01980066
0.02101803
0.02088761
0.02162242
0.02033305
0.01964498
0.01931715
0.01926827
0.01924634
0.01967502
0.02136350
0.02150822
0.02145219
0.02167892
0.02202272
0.02138638
0.02083468
0.02062917
0.01966667
0.01960087
0.01953220
0.01938748
0.01939106
0.01964450
0.01979494
0.01945877
0.01932120
0.01923537
0.01934147
0.01921368
0.01924825
0.01915574
0.01924014
0.01925826
0.01914024
0.01937532
0.02057147
0.01975441
0.02021146
0.01974034
0.02076030
0.01962090
0.01942325
0.01934218
0.02037215
0.01983905
0.01955771
0.02039146
0.01991630
0.01947522
0.01966190
0.01957536
0.01974797
0.01971889
0.01964474
0.02054787
0.01987028
0.01968288
0.01986957
0.02161527
0.02005219
0.02053690
0.02014923
0.01974177
0.01993418
0.01937890
0.01931596
0.01995516
0.02011395
0.01961517
0.01960826
0.01957464
0.01923418
0.01916838
0.01920199
0.01928878
0.01919484
0.01915908
0.01914406
0.01914024
0.01922202
0.01918149
0.01947546
0.01917768
0.01912451
0.01913857
0.01918602
0.02007747
0.02110624
0.02058697
0.01956582
0.01969004
0.01990795
0.02009630
0.01965928
0.01930857
0.01934361
0.01946878
0.01976776
0.01970363
0.02065492
0.02291965
0.02287912
0.02190614
0.02294970
0.01983261
0.01993775
0.02041197
0.01957154
0.01920629
0.01921964
0.01941681
0.01963711
0.01983523
0.01941061
0.01926851
0.01934791
0.02095222
0.02015257
0.01942921
0.01932764
0.01940489
0.01939535
0.01934004
0.01935530
0.01956272
0.01967335
0.01939082
0.01930833
0.01935267
0.01934791
0.01952767
0.01921201
0.01922274
0.01925707
0.01931882
0.01927519
0.01929617
0.01939821
0.01976395
0.01953077
0.01931930
0.01935744
0.02007294
0.01951575
0.01946259
0.01932335
0.01929235
0.01924753
0.01964593
0.01946807
0.01979518
0.01987171
0.02121472
0.02022028
0.01974678
0.01984692
0.01938701
0.01918411
0.01954460
0.02047825
0.02052450
0.01930213
0.01933956
0.02063155
0.02147436
0.02123308
0.02098012
0.02318168
0.02333260
0.02321029
0.02280521
0.02243495
0.02323604
0.02327299
0.02176309
0.02310586
0.02252340
0.02352309
0.02355099
0.02189136
0.02023196
0.01990628
0.01982379
0.01963449
0.01988697
0.02016735
0.02133250
0.02039027
0.02186322
0.02156472
0.02178311
0.02304149
0.02171946
0.02161217
0.02306461
0.02187085
0.02183986
0.02183509
0.02255106
0.02232504
0.02165127
0.02304959
0.02172637
0.02198672
0.02165699
0.02118421
0.02085519
0.02119160
0.02116585
0.02097893
0.02161193
0.02121496
0.02166152
0.02102804
0.02158523
0.02139187
0.02156353
0.02120590
0.02147627
0.02167559
0.02094102
0.02085996
0.02099633
0.02055240
0.01923633
0.01980329
0.01949000
0.01968718
0.01953888
0.01962352
0.01985812
0.01939106
0.01945186
0.01947236
0.02084613
0.01923847
0.01916909
0.01925898
0.01961088
0.01922989
0.01952672
0.01941061
0.01955628
0.02133036
0.02092934
0.02082825
0.02124643
0.02125978
0.02107573
0.02010179
0.01966190
0.01954055
0.01963139
0.01938629
0.01920772
0.01935101
0.01972365
0.01968694
0.01961470
0.01950431
0.01950073
0.01940441
0.01929188
0.01925397
0.01918864
0.01924205
0.01926899
0.01918340
0.01932955
0.01934528
0.01939106
0.01975822
0.01959467
0.01956391
0.01938248
0.01925254
0.01916695
0.01921797
0.01915669
0.01977539
0.01949430
0.01963019
0.01931000
0.01922584
0.01927376
0.01925850
0.01969743
0.01935244
0.01925159
0.01922059
0.01917887
0.01920390
0.01924944
0.01944447
0.01987243
0.01988006
0.01963782
0.01922655
0.01919484
0.01931739
0.01924562
0.01918173
0.01914310
0.01918340
0.01978230
0.01925731
0.01919150
0.01920676
0.01952767
0.01985312
0.01970148
0.02069449
0.01987886
0.01943445
0.01983094
0.01927876
0.01943016
0.01923585
0.01923752
0.01928687
0.01928139
0.02114844
0.01972866
0.01960683
0.01959419
0.01959634
0.01938868
0.01938558
0.01959109
0.02003860
0.02013302
0.02004671
0.01994538
0.02015376
0.02001953
0.01986694
0.02041221
0.01993990
0.01942635
0.01936340
0.01947927
0.02028251
0.01956582
0.01946139
0.01968622
0.02006459
0.01941276
0.01930380
0.01938367
0.01929092
0.01922321
0.01930785
0.01932645
0.01969647
0.02177215
0.02175784
0.02175117
0.02182436
0.02158928
0.02176809
0.02199817
0.02152061
0.01975918
0.01990390
0.01985812
0.01997709
0.01961684
0.01938748
0.01940036
0.01959896
0.01967263
0.01941967
0.01964474
0.02048922
0.01974130
0.01950407
0.01925039
0.01932287
0.01945424
0.01949263
