0.00162292
0.02032399
0.01974225
0.01924825
0.01921725
0.02031207
0.01922297
0.01912570
0.01903987
0.01912141
0.01914477
0.01905656
0.01909494
0.01925492
0.01929426
0.01917839
0.01915121
0.01925182
0.01942015
0.01930046
0.01968074
0.01936865
0.01915598
0.01909900
0.01911759
0.01920056
0.01926947
0.01961493
0.01925778
0.01925230
0.01946926
0.01943398
0.01914239
0.01911926
0.01912475
0.01910043
0.01932096
0.01995826
0.01951265
0.01990533
0.02291608
0.01943612
0.01918483
0.01923275
0.01915741
0.01912761
0.01901579
0.01908851
0.01994610
0.02125931
0.01967430
0.02036548
0.02183247
0.02132702
0.02203941
0.02127671
0.02179241
0.02233481
0.02198839
0.02173758
0.02134395
0.02089214
0.02107906
0.02108502
0.02139711
0.02119780
0.02090669
0.01956177
0.02148533
0.02123880
0.02113914
0.02131534
0.02089286
0.02078891
0.02086806
0.02098298
0.02116966
0.02079344
0.02063966
0.02053380
0.02050591
0.02055168
0.02045488
0.02057338
0.02050519
0.02052450
0.02054119
0.02052069
0.02063942
0.02049279
0.02049518
0.02058125
0.02067852
0.02065754
0.02075982
0.02117443
0.02074528
0.02077603
0.02076149
0.02078342
0.02081203
0.02080178
0.02074385
0.02077794
0.02144003
0.02075982
0.02097082
0.02096868
0.02069163
0.02070165
0.02099562
0.02123857
0.02135134
0.02104282
0.02083635
0.02054381
0.02026653
0.01931858
0.01942921
0.01915622
0.01917982
0.01958513
0.01930332
0.01938462
0.01923037
0.01922107
0.01931024
0.01911592
0.02038312
0.01918769
0.01922822
0.01911736
0.01938033
0.01950216
0.01915503
0.01918197
0.01933885
0.01937842
0.01926112
0.01915812
0.01949000
0.01958776
0.01994181
0.01989222
0.01948452
0.01933408
0.01923609
0.01929879
0.01944685
0.01929235
0.01924205
0.01926184
0.01925802
0.01930475
0.01937342
0.01936769
0.01930666
0.01916504
0.01913905
0.01913404
0.01928782
0.01927018
0.01996994
0.02136898
0.01948977
0.01964927
0.01937032
0.01969361
0.01946306
0.01914454
0.01921606
0.01968002
0.01951003
0.01942968
0.01926637
0.01917529
0.01909518
0.01907897
0.01908135
0.01908088
0.01928329
0.01921630
0.01919556
0.01913166
0.01914334
0.01928306
0.01915717
0.01909709
0.01970696
0.01965070
0.01926160
0.01916981
0.01965237
0.01975346
0.01938915
0.01925826
0.01910448
0.01917720
0.01919365
0.01924157
0.01920009
0.01913500
0.01929426
0.01918316
0.01951933
0.01971507
0.01917028
0.01915550
0.01910853
0.01948357
0.02112770
0.01965737
0.01920795
0.01915359
0.02034473
0.01951814
0.01921177
0.01940608
0.01963043
0.01926780
0.01922011
0.01932931
0.01960301
0.02003050
0.01939654
0.01929379
0.01984954
0.02015424
0.01961946
0.01993895
0.01950359
0.01929736
0.01931357
0.01922464
0.01925302
0.01923275
0.01966882
0.01989293
0.01936698
0.02035689
0.01941037
0.01952219
0.01955318
0.01970458
0.02232146
0.02252746
0.02328897
0.02300858
0.02011466
0.01955724
0.01968503
0.02021265
0.01937890
0.01918983
0.01917601
0.01935172
0.01982522
0.01922226
0.01921248
0.01916623
0.01915979
0.01925564
0.01969147
0.01964831
0.01931572
0.01934576
0.01933026
0.02100921
0.02311540
0.02307105
0.02104712
0.02127981
0.02576971
0.02268147
0.02265263
0.02272010
0.02219796
0.02126765
0.02100348
0.02319074
0.02009630
0.01961327
0.02031922
0.02149415
0.01977324
0.01970410
0.01972866
0.02050662
0.02076983
0.01937556
0.01999617
0.01960564
0.02043247
0.02047610
0.01949954
0.02006960
0.01936674
0.01955032
0.01979470
0.01961398
0.02046919
0.01943111
0.01969647
0.01967549
0.01983643
0.01986241
0.01969433
0.01977158
0.02007937
0.02111173
0.02050114
0.02087092
0.02645993
0.02311325
0.02232957
0.01988840
0.01969218
0.01939774
0.01951289
0.01951981
0.01947141
0.01930332
0.01931047
0.01964688
0.01918817
0.01913595
0.01918936
0.01916051
0.01921701
0.01916742
0.01908469
0.01910949
0.01920772
0.01927924
0.01944852
0.01957083
0.01967382
0.01955390
0.01962996
0.01982594
0.01973343
0.01938677
0.01954198
0.01918292
0.01980662
0.01926756
0.01966023
0.01943469
0.01930070
0.01936913
0.01929784
0.01944828
0.01982951
0.01921916
0.01912904
0.01908326
0.01986122
0.02238822
0.01944637
0.01914787
0.01936388
0.01965570
0.01961589
0.01938462
0.01926351
0.01925492
0.01932216
0.01949763
0.01946545
0.01939082
0.01924849
0.01918244
0.01908326
0.01916051
0.01927137
0.01925254
0.01950431
0.02003264
0.01961923
0.02111626
0.02164531
0.02223682
0.02165079
0.02146196
0.02165198
0.02131963
0.02164078
0.02000451
0.02024198
0.02068400
0.01959443
0.01957059
0.01966429
0.01939750
0.01939082
0.01925063
0.01947618
0.01925731
0.01931047
0.01931453
0.01919603
0.01914358
0.01916647
0.01907110
0.01923800
0.01952529
0.01965642
0.01940870
0.01942897
0.01955724
0.01962352
0.01948905
0.01912355
0.01922679
0.01925635
0.01939988
0.01932597
0.01931190
0.01939845
0.01969147
0.01935697
0.01920843
0.01922727
0.02051878
0.01940751
0.01921749
0.01914978
0.01922464
0.01937914
0.01927209
0.01919556
0.01925969
0.01933074
0.01942778
0.01921606
0.01975465
0.01982164
0.01945448
0.01914597
0.01919913
0.01926088
0.01911378
0.01923990
0.01920104
0.01910663
0.01909137
0.01923728
0.02022243
0.01924396
0.01917505
0.01924849
0.01906180
0.01942015
0.01913595
0.01912856
0.01911187
0.01971889
0.01944733
0.01960826
0.01936316
0.01935768
0.01969695
0.01946712
0.02012420
0.01970458
0.01990628
0.02013445
0.01965070
0.01938748
0.01918530
0.01954412
0.01922178
0.01936746
0.01943016
0.01912332
0.01924729
