0.00193572
0.01709485
0.01625371
0.01639557
0.01654577
0.01656556
0.01666856
0.01655531
0.01664734
0.01677847
0.01695657
0.01639628
0.01651430
0.01660705
0.01691151
0.01677632
0.01679158
0.01678896
0.01671243
0.01886535
0.02010775
0.01991773
0.02121186
0.02130198
0.02154207
0.02141285
0.02156901
0.02312732
0.02179360
0.02222967
0.02144170
0.02193260
0.02200532
0.02191949
0.02060103
0.01669717
0.01634550
0.01620650
0.01651239
0.01648140
0.01708817
0.01628232
0.01780605
0.02049518
0.01785922
0.01791549
0.01630592
0.01800251
0.01808190
0.01911092
0.01833558
0.01842833
0.01968384
0.02160263
0.02172208
0.01897240
0.01900315
0.01606417
0.01610565
0.01612592
0.01620936
0.01621509
0.01631474
0.01683331
0.01687098
0.01607871
0.01931286
0.02104163
0.02181816
0.02065682
0.02125931
0.02131510
0.02102041
0.02055264
