0.00153852
0.01699209
0.01631832
0.01629901
0.01646376
0.01642084
0.01631331
0.01624513
0.01630974
0.01632881
0.01629448
0.01644516
0.01659560
0.01658750
0.01648498
0.01645637
0.01648569
0.01683211
0.01698112
0.01674771
0.01647067
0.01630855
0.01642060
0.01639056
0.01653624
0.01661205
0.01640201
0.01628685
0.01601911
0.01598620
0.01603484
0.01596212
0.01596951
0.01621652
0.01637244
0.01640844
0.01673889
0.01652241
0.01634073
0.01623416
0.01635671
0.01636815
0.01647615
0.01645803
0.01635933
0.01629090
0.01654148
0.01664734
0.01652074
0.01646757
0.01645470
0.01651788
0.01643705
0.01666880
0.01650071
0.01642203
0.01635861
0.01652193
0.01952577
0.02578235
0.02557135
0.02617908
0.02544951
0.02547622
0.02588582
0.02600861
0.02522993
0.02570248
0.02828145
0.02660394
0.02545595
0.02541041
0.02532148
0.02540898
0.02544713
0.02531981
0.02566075
0.02981591
0.02886415
0.02715778
0.02746511
0.02615929
0.02555823
0.02554011
0.02658176
0.02744699
0.02599287
0.02545357
0.02509284
0.02498603
0.02490234
0.02525735
0.02582264
0.02569222
0.02569675
0.02627707
0.02580190
0.02645016
0.02635241
0.02699327
0.02682114
0.02638865
0.02697730
0.02690506
0.02820253
0.03075337
0.02965236
0.02900076
0.02684903
0.02729774
0.02928352
0.02641821
0.02670288
0.03121352
0.02543259
0.02642822
0.02639413
0.02559209
0.02564764
0.02542424
0.02622366
0.02571654
0.02536964
0.02570128
0.02576566
0.02913094
0.02693796
0.02555108
0.02621794
0.02603364
0.02777386
0.02856755
0.02710986
0.02682257
0.02651381
0.02667856
0.02694345
0.02754164
0.02767467
0.02752852
0.02577209
0.02547288
0.02555227
0.02538753
0.02647662
0.02552700
0.02766728
0.02753758
0.02539301
0.02535820
0.02584291
0.02603054
0.02595639
0.02650476
0.02591205
0.02586889
0.02571869
0.02615666
0.02541399
0.02579165
0.02605939
0.02537608
0.02838922
0.02858186
0.02502799
0.02513695
0.02503562
0.02535081
0.02549934
0.02518177
0.02548337
0.02518702
0.02503729
0.02507162
0.02505064
0.02511692
0.02529025
0.02599788
0.03197598
0.02570987
0.02513576
0.02519393
0.02520728
0.02545905
0.02547097
0.02535915
0.02521634
0.02521086
0.02552557
0.02524376
0.02519703
0.02513146
0.02512789
0.02572131
0.02571392
0.02580166
0.02564526
0.02665210
0.02645445
0.02703905
0.02630520
0.02664828
0.02640271
0.02666926
0.02657604
0.02693844
0.02729678
0.02761436
0.02681756
0.02780533
0.02711010
0.02662969
0.02673888
0.02525544
0.02520323
0.02551341
0.02527595
0.02560997
0.02500629
0.02521348
0.02507782
0.02507663
0.02522087
0.02516174
0.02518034
0.02655554
0.02544785
0.02523375
0.02524018
0.02530169
0.02533937
0.02512479
0.02551651
0.02564716
0.02526259
0.02516389
0.02523565
0.02534223
0.02553225
0.02615857
0.02908731
0.02512717
0.02530313
0.02512431
0.02513742
0.02503419
0.02521372
0.02508903
0.02516031
0.02533007
0.02545094
0.02552700
0.02523255
0.02543759
0.02605176
0.02727604
0.02618170
0.02777505
0.03175449
0.02561688
0.02841258
0.02687478
0.02807760
0.02545404
0.02551126
0.02516675
0.02561498
0.02619791
0.02618313
0.02523136
0.02563572
0.02583885
0.02619123
0.02642083
0.02779078
0.02587795
0.02607036
0.02519488
0.02522516
0.02548003
0.02596617
0.02945733
0.02885675
0.02859616
0.02618361
0.02558541
0.02593184
0.02596593
0.02715778
0.02634287
0.02656078
0.02647328
0.02836776
0.03391647
0.03409553
0.02830887
0.02568722
0.02539968
0.02535248
0.02525926
0.02536488
0.02500391
0.02539539
0.02638912
0.02577925
0.02596521
0.02724624
0.03075242
0.02826953
0.03154063
0.03159404
0.03489518
0.03040648
0.03001809
0.02596259
0.02675486
0.02685118
0.02704978
0.02658224
0.02792096
0.02615190
0.02562165
0.02582169
0.02542830
0.02546597
0.02730989
0.02624989
0.02613354
0.02598071
0.02622962
0.02604055
0.02605963
0.02726746
0.02636123
0.02625179
0.02646732
0.02717996
0.02624106
0.02625012
0.02644134
0.02638221
0.02759957
0.02852249
0.02573323
0.02571440
0.02556372
0.02633238
0.02533960
0.02547240
0.02835226
0.02826333
0.02630091
0.02653670
0.02697301
0.02580070
0.02543640
0.02601480
0.02532840
0.02521706
0.02536106
0.02625251
0.02734685
