0.00180006
0.01697111
0.01654601
0.01663685
0.01642346
0.01652527
0.01639986
0.01636744
0.01659083
0.01642013
0.01645899
0.01626182
0.01650047
0.01617503
0.01601839
0.01637101
0.01643372
0.01624036
0.01671219
0.01730943
0.01665258
0.01620865
0.01623511
0.01675463
0.01648974
0.01660681
0.01620221
0.01632285
0.01603794
0.01607275
0.01628518
0.01620960
0.01655173
0.01633859
0.01629901
0.01625562
0.01603103
0.01602483
0.01607656
0.01605105
0.01608038
0.01600027
0.01607513
0.01620102
0.01690102
0.01703048
0.01638579
0.01667881
0.01637626
0.01641560
0.01642489
0.01633406
0.01658797
0.01641560
0.01652384
0.01668167
0.01656771
0.01637340
0.01643562
0.01677775
0.01705670
0.01667118
0.01646566
0.01628518
0.01653337
0.01627731
0.01635957
0.01641059
0.01632476
0.01735806
0.01848292
0.01849556
0.01844168
0.01956272
0.01962948
0.01968050
0.01958799
0.01962280
0.01956105
0.01957202
0.01987386
0.01999068
0.02205634
0.01985955
0.01958537
0.01956773
0.01993346
0.02035260
0.01999426
0.02124715
0.01997972
0.02024055
0.02383494
0.02122474
0.02278304
0.02051687
0.01984739
0.01982141
0.02027440
0.02304840
0.02296948
0.02267337
0.02259779
0.02003336
0.01938105
0.01895308
0.01893997
0.01866579
0.01733160
0.01740265
0.01616764
0.01612353
0.01605535
0.01773024
0.01618671
0.01628685
0.01614857
0.01617026
0.01611137
0.01614237
0.01628566
0.01637650
0.01664567
0.01664519
0.01629567
0.01638436
0.01618743
0.01641583
0.01647186
0.01621628
0.01628065
0.01629758
0.01677012
0.01635194
0.01664066
0.01636386
0.01633239
0.01643777
0.01628900
0.01647854
0.01708245
0.01660132
0.01616311
0.01614761
0.01619291
0.01615143
0.01615500
0.01608729
0.01626611
0.01610684
0.01633859
0.01673293
0.01715803
0.01693463
0.01685381
0.01681042
0.01663303
0.01672888
0.01678681
0.01677489
0.01688504
0.01713729
0.01668739
0.01678872
0.01684093
0.01698875
0.01650929
0.01726460
0.01659083
0.01695013
0.01691198
0.01681852
0.01655531
0.01689053
0.01681805
0.01772094
0.01926708
0.01785445
0.01801944
0.01782870
0.01774645
0.01848316
0.01731396
0.01908875
0.01958656
0.01966429
0.01941824
0.02039242
0.02055120
0.02053475
0.02195001
0.02006984
0.02013707
0.02045321
0.01982832
0.01981974
0.01976752
0.02030277
0.02184606
0.01980257
0.01978731
0.01978469
0.02000833
0.01986933
0.01972985
0.01988173
0.01999187
0.02045131
0.02061772
0.02160716
0.02154922
0.02150345
0.02165985
0.02136612
0.02138305
0.02134180
0.02056146
0.02003551
0.01994133
0.02029228
0.01891613
0.01874614
0.01844478
0.01804399
0.01794004
0.01797342
0.01872969
0.01857328
0.01981497
0.01976967
0.01994586
0.02008152
0.01983166
0.01990080
0.01982570
0.01979756
0.02039480
0.02010703
0.01994538
0.01992869
0.01867628
0.01861835
0.01846838
0.01732755
0.01846766
0.01909351
0.01974082
0.01972437
0.01970792
0.01995540
0.01985049
0.02007818
0.01985216
0.01982427
0.02155185
0.02153468
0.02139616
0.02139521
0.02137923
0.01972628
0.01982689
0.01984239
0.01977420
0.01826096
0.02008939
0.01838923
0.01828313
0.01852179
0.01839066
0.02012467
0.01991773
0.02002692
0.02147770
0.02256751
0.02197099
0.02169085
0.02165699
0.02156329
0.02155423
0.02180910
0.02200437
0.02162886
0.02151680
0.02168512
0.02212143
0.02226639
0.02200031
0.02246976
0.02261400
0.02258420
0.02202344
0.02260637
0.02263236
0.02254343
0.02223492
0.02235460
0.02264380
0.02052116
0.02002001
0.02016830
0.02203822
0.02193737
0.02027607
0.02038646
0.02183723
0.02184606
0.02204990
0.02196765
0.02184796
0.02130032
0.02117395
0.02127886
0.02116442
0.02106857
0.01960897
0.01954031
0.01964784
0.01949143
0.01949477
0.01962113
0.01965356
0.01847410
0.01838088
0.01960659
0.01839232
0.01710176
