0.00190568
0.01740575
0.01674008
0.01634407
0.01631570
0.01672626
0.01662827
0.02090001
0.01650906
0.01663589
0.01672888
0.01705575
0.01665163
0.01684165
0.01718736
0.01667786
0.01643538
0.01647854
0.01643610
0.01630306
0.01633430
0.01643658
0.01633334
0.01625490
0.01620626
0.01623154
0.01626873
0.01637173
0.01622343
0.01625824
0.01641798
0.01643682
0.01646399
0.01623440
0.01628375
0.01627588
0.01622033
0.01621056
0.01623559
0.01649213
0.01638508
0.01630425
0.01635098
0.01637292
0.01625729
0.01615763
0.01616716
0.01685119
0.01657510
0.01648188
0.01666427
0.01650214
0.01643515
0.01641536
0.01663899
0.01632380
0.01621962
0.01623273
0.01623344
0.01611805
0.02042603
0.02039385
0.02458072
0.02464890
0.02479887
0.02042031
0.02702475
0.02481031
0.02464366
0.02039480
0.02051806
0.02103734
0.02039719
0.02030921
0.01619840
0.01612306
0.01611948
0.01618075
0.02029634
0.02032018
0.02049088
0.02085853
0.02046943
0.02064228
0.02060318
0.01621485
0.01652622
0.02090645
0.01717138
0.02311778
0.02062678
0.02059507
0.02043653
0.02062130
0.02033019
0.02042699
0.02043843
0.02033973
0.01622844
0.02044749
0.01629543
0.01619434
0.01636076
0.01641750
0.01632977
0.01640773
0.02072406
0.01635623
0.02919054
0.02944827
0.03034687
0.02895236
0.02980328
0.02877951
0.02933502
0.02939487
0.02889371
0.02888322
0.02880216
0.02921367
0.03624892
0.03584981
0.05063653
0.03451109
0.03427649
0.03408074
0.03381586
0.01651335
0.01659608
0.01652455
0.01646757
0.01647282
0.01641417
0.01636815
0.01654553
0.01705575
0.01662874
0.01645160
0.01647925
0.01656985
0.01658249
0.01641035
0.01641631
0.01648998
0.01646137
0.01643848
0.01648426
0.01643515
0.01645112
0.01649261
0.01646256
0.01647687
0.01654482
0.01641154
0.01660562
0.01663613
0.01663947
0.01659417
0.01649976
0.01651740
0.01647329
0.01630425
0.01608109
0.01610637
0.01644683
0.01735926
0.01715899
0.01643062
0.01724029
0.01789808
0.01675677
0.01646590
0.01622629
0.01637912
0.01649904
0.01656103
0.01651168
0.01643848
0.01644635
0.01639009
0.01649642
0.02151370
0.01680231
0.01658249
0.01684403
0.01662278
0.02056694
0.01643586
0.01642871
0.02086878
0.02073860
0.02076316
0.02071500
0.02064681
0.02485394
0.02499557
0.02914596
0.02912831
0.02926230
0.02900171
0.02900839
0.02961588
0.03096771
0.02909803
0.02894688
0.02887487
0.02868962
0.02858186
0.02877855
0.02872348
0.02898741
0.02874446
0.02867889
0.02930975
0.03119850
0.02938557
0.02877402
0.02967596
0.02947950
0.02890515
0.02900887
0.02932954
0.03348804
0.02920151
0.02911878
0.02954912
0.02942896
0.02962899
0.02951288
0.02949333
0.02924180
0.02945423
0.02941513
0.02957654
0.02932048
0.02929997
0.02949953
0.02951407
0.02957988
0.02953410
0.02912068
0.02912211
0.02931905
0.02915716
0.02923751
0.03417945
0.03412056
0.03383207
0.03328729
0.02919507
0.02910399
0.02954555
0.02907920
0.02900624
0.02943349
0.03018069
0.02928305
0.02886915
0.02897263
0.02906013
0.02892160
0.02884865
0.02889156
0.02914000
0.02946067
0.02917695
0.02949929
0.02965546
0.02994442
0.02927470
0.02933192
0.02935266
0.02937794
0.02919006
0.02933168
0.02896547
0.02896857
0.02873492
0.02854681
0.02987385
0.02926564
0.02962589
0.03100228
0.02942872
0.02936506
0.02875233
0.02871132
0.02885556
0.03029037
0.03266287
0.02987719
0.03166437
0.03204274
0.02986383
0.02980399
0.03017807
0.02935958
0.02903342
0.02900410
0.02950859
0.03037715
0.02973175
0.02961707
0.02917552
0.02985930
0.03393650
0.03038216
0.03317261
0.03252888
0.03552413
0.03488207
0.03474689
0.03460455
0.03483868
0.03562379
0.03491545
0.03524733
0.03473377
0.03522754
0.03475833
0.03490877
0.03566003
0.03582406
0.03536987
0.03648114
0.03511381
0.03574228
0.03620529
0.03615880
0.04278469
0.03250313
0.03041101
0.03238797
0.02948403
0.02942657
0.02947879
0.02951479
0.02906346
0.02932096
0.03095031
0.02989817
0.02957439
0.02956605
0.02930355
0.02988791
0.02920294
0.02924466
0.02958465
0.02955604
0.03113008
0.02920866
0.04285932
0.03816223
0.03659296
0.03170657
0.03183699
0.03074384
0.02961087
0.02970624
0.03027606
0.03342819
0.03008056
0.03025484
0.02989459
0.02940631
0.02985597
0.02967763
0.03084135
0.03328419
0.03158164
0.03331995
0.03269172
0.03512669
0.03616714
0.03520155
0.03544927
0.03411460
0.03148198
0.03157687
0.03602791
0.03629303
0.03496981
0.03611135
0.03535199
0.03571391
0.03539324
0.03498793
0.03496337
0.03492475
0.03403449
0.03420305
0.03405738
0.03404403
0.02944708
0.03184581
0.03523636
0.03565931
0.03525352
0.03495979
0.03529119
0.03045654
0.03067207
0.02922773
0.02975965
0.02918124
0.02902436
0.02900910
0.02916813
0.02956867
0.02927899
0.02944684
0.02961087
0.02902246
0.02901912
0.02959561
0.02965188
0.02964139
0.03012896
0.03016019
0.02982473
0.03368807
0.02923870
0.02919722
0.03687596
0.02888370
0.02901554
0.03031874
0.03001022
0.02968287
0.03095531
0.02948284
0.02949429
0.02952480
0.02963090
0.02975535
0.03037214
0.03397512
0.02938151
0.02993679
0.02944684
0.02948999
0.02967739
0.02992010
0.02947927
0.02933002
0.02920723
0.02964282
0.02931237
0.02921605
0.02931070
0.02854609
0.02892089
0.02957201
0.02490997
0.02975368
0.02516985
0.02532291
0.02515221
0.02546000
0.02506423
0.02988982
0.02517319
0.02500200
0.02515149
0.02552390
0.02532959
0.02107263
0.02100277
0.02103496
0.02156806
0.02133846
0.02131796
0.02123260
0.02092767
0.02506399
0.02455592
0.02459335
0.02448416
0.02862644
0.02885556
0.03562808
0.04056549
0.03321600
0.02910924
0.02504563
0.02910066
0.02479076
0.02560449
0.02498937
0.02518296
0.02545357
0.02152848
0.02136016
0.02133560
0.02545476
0.02228284
0.02254796
0.02209353
0.02591968
0.02699041
0.03329921
0.02594328
0.02707958
0.02765632
0.02662754
0.02681398
0.02792096
0.02994990
0.03178954
0.03476477
0.03505707
0.03520870
0.04523826
0.03767037
0.03452897
0.03476667
0.03521633
0.03042889
0.03028655
0.02988458
0.03136873
0.03270006
0.03222084
0.03107858
0.03167677
0.03089118
0.03116941
0.03126478
0.03182888
0.03153586
0.03145432
0.03162622
0.03054190
0.03120041
0.03209949
0.03169584
0.03123355
0.03128171
0.03162646
0.03094888
0.03155541
0.03112006
0.03146315
0.03201723
0.03096581
0.03173065
0.03028941
0.03530836
0.03068948
0.03113770
0.03137684
0.03351378
0.03183937
0.03356218
0.03000331
0.03284717
0.02888131
0.02876019
0.02891278
0.02879405
0.02910233
0.02911353
0.02900863
0.02936435
0.02966976
0.03234315
0.03119493
0.03044772
0.03094506
0.03064728
0.03066254
0.03050256
0.03150892
0.03089571
0.03087544
0.03069901
0.03098941
0.03077698
0.03094554
0.03116775
0.03683805
0.03114724
0.03052449
0.03019261
0.03108215
0.03102612
0.03171968
0.03228378
0.03151917
0.03316975
0.03168154
0.03210092
0.03201103
0.03113604
0.03307056
0.03069878
0.03064656
0.03040528
0.03100848
0.03111577
0.02929068
0.02900791
0.02920580
0.02984262
0.03313923
0.03477764
0.03351092
0.03156304
0.03067899
0.03270698
0.03452635
0.03254437
0.02939391
0.02946138
0.02932072
0.03120637
0.02889395
0.02956533
0.02995634
0.02982616
0.02974629
0.02966762
0.02996230
0.02943802
0.02984667
0.02935123
0.02943110
0.02960968
0.02939248
0.02978802
0.03045464
0.02982616
0.03084111
0.02989650
0.03114462
0.03052139
0.03004885
0.02993798
0.02991533
0.02898169
0.02921200
0.02886271
0.02916574
0.02886415
0.02907157
0.02964282
0.02986360
0.02942920
0.02930498
0.03098893
0.03123665
0.03070545
0.03126359
0.03718615
0.03526926
0.03500772
0.03579044
0.03520560
0.03116012
0.03055692
0.02976394
0.03145933
0.03528500
0.03491950
0.03454304
0.03408146
0.03462434
0.03387141
0.03467607
0.03456712
0.03391886
0.03350019
0.03346825
0.04084206
0.03487444
0.03470421
0.03524828
0.03467488
0.03386927
0.03445101
0.03455973
0.03502536
0.03522253
0.03433418
0.03387666
0.03370118
0.03043365
0.03135657
0.03034997
0.03156614
0.03179908
0.03043175
0.03207684
0.03205204
0.03135061
0.03176951
0.03160191
0.03128695
0.03265357
0.03202462
0.03092384
0.03149605
0.03159952
0.03033924
0.03160763
0.03168130
0.03136659
0.03099442
0.03122568
0.03186727
0.03260756
0.03069162
0.02975130
0.02913570
0.02946353
0.02910995
0.02934217
0.02941346
0.02939653
0.02915740
0.02940226
0.02900982
0.02884912
0.02882266
0.02931166
0.02936101
0.02910256
0.03086591
0.03021574
0.03838754
0.02983809
0.03401375
0.03411579
0.03406143
0.03361440
0.03062606
0.02919006
0.02921176
0.02915120
0.02943969
0.02980089
0.03463149
0.03502345
0.03474283
0.03530288
0.03465915
0.03537488
0.03467441
0.03540230
0.03463411
0.03583002
0.03541088
0.03474355
0.03499961
0.03493428
0.03398895
0.03395152
0.03408003
0.03433657
0.03365922
0.02878046
0.02933264
0.02970457
0.02910805
0.03008938
0.03153634
0.03196597
0.03119183
0.03086257
0.03086209
0.03048158
0.03138208
0.03140402
0.03336978
0.03135586
0.03311992
0.03279638
0.03157234
0.03220844
0.03150702
0.03245568
0.03243804
0.03242469
0.03199458
0.03191280
0.03204012
0.03203917
0.03326321
0.02967596
0.02984381
0.02981257
0.02967310
0.02966714
0.02964067
0.02954578
0.03067350
0.02978015
0.03001785
0.02965546
0.03030276
0.02985811
0.03000903
0.02990556
0.02975392
0.02991271
0.02992582
0.02938175
0.02972174
0.03010035
0.02951956
0.03012490
0.02964997
0.02998805
0.02959585
0.02935410
0.02914691
0.02900434
0.02907515
0.02922964
0.03220224
0.03005481
0.02949214
0.02927494
0.02941799
0.02911520
0.02912498
0.03018165
0.02964759
0.02975106
0.02993965
0.02959180
0.02992368
0.02977920
0.02987528
0.02979183
0.02941513
0.02990389
0.02882648
0.02903605
0.02929282
0.02915335
0.02974486
0.03103852
0.02981496
0.02945685
0.02949429
0.02918720
0.03240991
0.03030634
0.03348398
0.02995205
0.02966428
0.02956462
0.02944636
0.03002572
0.02977347
0.02981997
0.03035474
0.03006864
0.03113413
0.03022003
0.03005862
0.03053594
0.02983475
0.02978706
0.02987909
0.02967358
0.02974224
0.02957034
0.02968478
0.03004408
0.03376532
0.03388000
0.02993584
0.02918410
0.02925324
0.02961588
0.02981281
0.02984571
0.03199077
0.03055191
0.03037953
0.03055906
0.02990890
0.02911425
0.03004670
0.02971888
0.02974868
0.03074884
0.02885222
0.02932858
0.02894568
0.02913427
0.02871108
0.02924132
0.02928233
0.02921128
0.02948356
0.02977705
0.02979517
0.03245258
0.03594446
0.03604555
0.03580165
0.03524876
0.03031754
0.03042221
0.02985692
0.02893043
0.02961302
0.02904153
0.02882457
0.03006148
0.03192472
0.02920151
0.02917957
0.02933145
0.02899551
0.03047872
0.02997923
0.02995324
0.02973032
0.02896595
0.02898097
0.02910686
0.02902532
0.02968335
0.02935123
0.03134012
0.02994347
0.02970386
0.02945113
0.02942562
0.02984715
0.03032422
0.02931213
0.02984643
0.02975655
0.02955341
0.02952504
0.03016829
0.02974463
0.02947116
0.02923751
0.02996898
0.02956605
0.02981138
0.03026390
0.02960110
0.02958846
0.02964711
0.02970219
0.02953386
0.02975845
0.02926493
0.02913952
0.02925873
0.02915144
0.02923465
0.02938652
0.02924824
0.02923155
0.02975249
0.02994704
0.02952576
0.03030157
0.02897191
0.02907562
0.02927279
0.02930903
0.02938199
0.02869606
0.02912307
0.02937722
0.02889347
0.02923870
0.02941847
0.02943778
0.02980661
0.02953053
0.02950454
0.03040552
0.02950072
0.02981472
0.02957273
0.02952600
0.02929997
0.02929044
0.02945375
0.02946520
0.02952409
0.02954841
0.02940845
0.02939630
0.02985978
0.02913117
0.02940631
0.02946544
0.02910900
0.02875781
0.02901244
0.02907586
0.02852798
0.02867627
0.02956820
0.02925968
0.02937222
0.02973485
0.03199434
0.02987170
0.02934790
0.02927971
0.02952480
0.02968740
0.03027391
0.02983022
0.02920175
0.02882314
0.02901578
0.02940679
0.02872348
0.02869773
0.02859831
0.02861476
0.02899146
0.02931857
0.02937078
0.02907562
0.03042173
0.03025293
0.03033543
0.02982187
0.03018188
0.03247404
0.03188109
0.03051591
0.03099322
0.03062487
0.03062582
0.03098154
0.03402734
0.03191519
0.02877378
0.02924800
0.02899361
0.02950144
0.03040099
0.03146553
0.03037667
0.02899742
0.02948236
0.02912235
0.02898932
0.02907467
0.02909923
0.02906060
0.02898741
0.02886772
0.02904248
0.02951956
0.02891064
0.02958059
0.02890635
0.02876973
0.02869892
0.02955604
0.02936220
0.03595519
0.02942109
0.02911043
0.02913141
0.02956891
0.03407502
0.03397393
0.03406382
0.03381491
0.03381658
0.03028440
0.03040051
0.02991295
0.03032851
0.02979398
0.03016758
0.03168488
0.03069520
0.02991843
0.02974367
0.02977371
0.02997017
0.03060126
0.03042412
0.03029299
0.02987003
0.02882814
0.02909827
0.02925324
0.02914619
0.02946949
0.02941799
0.02939248
0.02997828
0.03148007
0.03075409
0.03018808
0.03109312
0.03033543
0.03063107
0.02974749
0.03059769
0.02974129
0.02961183
0.02962542
0.02973485
0.03045297
0.03045774
0.03056931
0.02968717
0.03081250
0.02903152
0.02959347
0.02977133
0.02950263
0.02990103
0.02930164
0.02945065
0.03063965
0.03164077
0.03389359
0.03154492
0.02980995
0.02968454
0.02971148
0.02991247
0.03034282
0.03004074
0.03002214
0.03003049
0.03037024
0.02998805
0.02987814
0.03118157
0.03181410
0.03218961
0.03130913
0.03143477
0.02984786
0.03012061
0.03006673
0.02943778
0.02917886
0.02878380
0.03038192
0.02915025
0.02883315
0.02889323
0.02857971
0.02884793
0.02962661
0.03389263
0.03625369
0.03550243
0.03428793
0.03427196
0.03453803
0.03458428
0.03393054
0.03374290
0.03390265
0.02902293
0.02946115
0.02882195
0.03048635
0.02521324
0.02584767
0.02098393
0.02499843
0.02503633
0.02441573
0.02523351
0.02086687
0.02055573
0.02061772
0.01641917
0.01701427
0.01688862
0.01677585
0.01648545
0.01708460
0.01612806
0.01616597
0.01621675
0.01626396
0.01604271
0.01605725
0.01632166
0.01627445
0.01627254
0.01679659
0.01650000
0.01637936
0.01673460
0.01699233
0.01698899
0.01714039
0.01707101
0.01646328
0.01625896
0.01629424
0.01629090
0.01634002
0.01632142
0.01645637
0.01637912
0.02536082
0.02095103
0.01669478
0.01690483
0.02068353
0.02604270
0.02471375
0.02459502
0.02443767
0.02452970
0.02440929
0.02479553
0.02499771
0.02481365
0.02897120
0.02903080
0.02910423
0.02892303
0.02459836
0.02463675
0.02039385
0.02044773
0.02447915
0.02127695
0.01659751
0.02168131
0.02323890
0.02079344
0.02133393
0.02054834
0.01656723
0.02112722
0.01698756
0.01683760
0.01662517
0.01649213
0.02095795
0.02081609
0.02085900
0.02080059
0.02089858
0.02068830
0.02085114
0.02060771
0.02546620
0.02494979
0.03446865
0.02915692
0.03037643
0.02504039
0.02463317
0.02058935
0.02983117
0.02921343
0.02965951
0.02145004
0.02936316
0.02773213
0.02445221
0.02462387
0.02904439
0.02906346
0.02893972
0.02924180
0.02896333
0.03301239
0.02908039
0.02888894
0.02923918
0.02959585
0.02997088
0.03025675
0.03629279
0.03732777
0.03170681
0.03226089
0.03014731
0.03016400
0.02910590
0.02937078
0.03046441
0.05068803
0.03591299
0.02925014
0.02956796
0.02955151
0.02954507
0.02980638
0.02941585
0.02920961
0.02921057
0.02920651
0.02930117
0.02928424
0.02926660
0.02975130
0.02961254
0.03156805
0.03021240
0.02984571
0.02885795
0.02903676
0.03469682
0.02942228
0.02923703
0.02928019
0.02877355
0.02878070
0.02859831
0.02874064
0.02868676
0.03050470
0.02903366
0.02902317
0.02898717
0.02885890
0.02886176
0.02911234
0.02931833
0.03286672
0.02887797
0.02887702
0.02902818
0.02976632
0.03106499
0.03079033
0.03021407
0.03097153
0.03055739
0.03075981
0.03055024
0.03042698
0.03054786
0.03204417
0.03062439
0.03025842
0.03085494
0.03116727
0.03097439
0.03039670
0.03053641
0.03052592
0.03025746
0.03151655
0.03026676
0.02982783
0.03116012
0.03080964
0.02925324
0.02933311
0.02925253
0.02917051
0.02942038
0.02937269
0.02913666
0.02923965
0.02906346
0.03154230
0.02907348
0.02893949
0.02911878
0.02874804
0.02935505
0.02943134
0.03005624
0.02933311
0.02932096
0.02932453
0.02949548
0.02990890
0.02916574
0.03067112
0.02964616
0.02917862
0.02913737
0.02944016
0.02456498
0.02863526
0.02925348
0.02921557
0.02922797
0.02905178
0.02905655
0.02906275
0.02897191
0.02908349
0.02906561
0.02893925
0.02964997
0.02968359
0.02957535
0.02976203
0.03030372
0.02952337
0.02992797
0.03078389
0.03605604
0.02469444
0.02889872
0.02459550
0.02464199
0.02474451
0.02518344
0.02063489
0.02291250
0.01720881
0.01637292
0.01625848
0.01635695
0.01661444
0.01653051
0.01643276
0.01658916
0.01650214
0.01672435
0.01679087
0.01693201
0.01707530
0.01690626
0.01727414
0.01720786
0.01732278
0.01649547
0.01643538
0.01649570
0.01637983
0.01636100
0.01623869
0.01618695
0.01610804
0.01613736
0.01690888
0.01710296
0.01652408
0.01647639
0.01651621
0.01651502
0.01672935
0.01663303
0.01662922
0.01670575
0.01670408
0.01666474
0.01695848
0.01672125
0.01668310
0.01689982
0.01739860
0.01706076
0.01701689
0.01705313
0.01695418
0.01691699
0.01699781
0.01710773
0.01709914
0.01716352
0.01712775
0.01672435
0.01669979
0.01666331
0.01671481
0.01668358
0.01663041
0.01648974
0.01653695
0.01658535
0.01664400
0.01689458
0.01666498
0.01658249
0.01656961
0.01658463
0.01641369
0.01642799
0.01636100
0.01639390
0.01633930
0.01636696
0.01659036
0.01633000
0.01673508
0.01674891
0.01674986
0.01679277
0.01668429
0.01651549
