0.00183463
0.02222252
0.02090168
0.02036572
0.02075028
0.02076197
0.02101231
0.02085495
0.02106857
0.02083874
0.02044010
0.02042365
0.02010345
0.02027416
0.02026868
0.02024412
0.02021074
0.02024031
0.02057838
0.02049613
0.02059245
0.02025843
0.02066565
0.02075362
0.02074218
0.02108502
0.02216530
0.02205300
0.02163815
0.02204347
0.02321982
0.02097249
0.02077937
0.02061534
0.02065778
0.02081943
0.02107549
0.02281022
0.02096725
0.02094626
0.02133322
0.02285266
0.02255058
0.02225971
0.02285385
0.02289581
0.02299833
0.02272391
0.02290487
0.02317476
0.02276373
0.02310538
0.02323842
0.02301502
0.02288747
0.02311778
0.02290344
0.02283549
0.02174354
0.02123570
0.02097344
0.02116609
0.02113724
0.02157998
0.02221203
0.02159381
0.02129030
0.02225661
0.02122259
0.02189994
0.02187014
0.02346373
0.02454710
0.02408552
0.02216625
0.02215648
0.02118206
0.02177143
0.02154756
0.02179360
0.02270365
0.02108836
0.02344894
0.02145243
0.02224636
0.02464485
0.02250338
0.02130151
0.02108884
0.02088380
0.02104187
0.02020359
0.02010918
0.02011824
0.02175450
0.02099967
0.02070737
0.02060628
0.02071285
0.02120590
0.02149463
0.02142835
0.02154446
0.02199721
0.02119732
0.02048469
0.02078748
0.02296948
0.02077198
0.02041483
0.02078342
0.02070427
0.02052760
0.02026320
0.02035093
0.02058411
0.02054882
0.02029371
0.02047396
0.02034998
0.02029562
0.02218747
0.02044106
0.02084136
0.02079701
0.02077866
0.02083778
0.02071881
0.02057910
0.02058959
0.02059937
0.02067232
0.02110744
0.02080941
0.02065611
0.02073956
0.02075028
0.02001977
0.02030039
0.02070189
0.02070236
0.02033305
0.02019167
0.02080464
0.02085567
0.02084279
0.02072954
0.02029967
0.02064919
0.02146935
0.02081370
0.02117634
0.02142024
0.02200651
0.02158451
0.02121401
0.02118516
0.02142215
0.02176809
0.02190423
0.02192736
0.02197862
0.02298641
0.02293801
0.02279949
0.02284145
0.02274656
0.02282119
0.02284718
0.02279902
0.02290845
0.02217698
0.02197337
0.02064157
0.02002764
0.01998043
0.02039719
0.02082610
0.02103806
0.02056074
0.02091789
0.02108240
0.02155113
0.02100301
0.02093911
0.02103281
0.02071071
0.02069712
0.02061796
0.02071977
0.02101588
0.02101541
0.02078795
0.02087259
0.02068686
0.02069831
0.02061677
0.02062011
0.02083015
0.02084064
0.02096176
0.02104473
0.02088404
0.02090979
0.02085900
0.02091479
0.02083898
0.02095389
0.02106047
0.02091217
0.02110243
0.02125525
0.02017426
0.02007461
0.02015734
0.02009344
0.02012420
0.02012253
0.02011490
0.02004886
0.02005219
0.02064228
0.02381015
0.02040172
0.02079415
0.02015185
0.02013898
0.02065253
0.02055550
0.02067685
0.02086616
0.02080965
0.02052426
0.02069473
0.02070832
0.02055383
0.02055335
0.02060819
0.02069163
0.02061296
0.02076983
0.02024412
0.02015758
0.02061081
0.02012134
0.02023029
0.02027273
0.02088428
0.02030182
0.02015853
0.02016425
0.02014875
0.02078414
0.02088928
0.02038360
0.02017999
0.02013254
0.02022362
0.02030301
0.02035189
0.02019095
0.02029681
0.02020407
0.02016735
0.02014518
0.02013230
0.02015591
0.02008581
0.02018428
0.02034593
0.02190042
0.02247906
0.02215743
0.02200699
0.02201891
0.02213478
0.02197552
0.02026892
0.02013421
0.02021885
0.02128863
0.02077532
0.02024579
0.02026510
0.02076316
0.02043056
0.02030945
0.02027798
0.02018046
0.02005148
0.02054906
0.02054739
0.02064562
0.02253962
0.02078938
0.02059746
0.02053213
0.02052784
0.02018785
0.02031779
0.02047181
0.02037764
0.02024651
0.02094984
0.02082872
0.02080679
0.02076364
0.02083373
0.02072191
0.02069283
0.02073812
0.02068996
0.02069664
0.02048874
0.02049828
0.02045822
0.02050018
0.02074885
0.02071810
0.02186680
0.02028465
0.02136970
0.02427363
0.02024078
0.02057338
0.02052736
0.02094722
0.02064919
0.02050257
0.02105975
0.02054977
0.02235746
0.02010322
0.02049184
0.02044106
0.02037287
0.02032757
0.02040720
0.02047944
0.02050924
0.02109885
0.02307987
0.02297592
0.02227950
0.02517796
0.02327967
0.02308869
0.02179122
0.02180147
0.02276301
0.02255678
0.02217960
0.02197886
0.02197599
0.02197266
0.02174258
0.02190113
0.02193618
0.02216244
0.02218318
0.02219248
0.02212548
0.02212644
0.02212286
0.02189827
0.02235150
0.02228642
0.02228355
0.02035093
0.02047133
0.02041793
0.02087951
0.02123952
0.02338457
0.02144670
0.02136993
0.02177238
0.02230167
0.02176094
0.02019167
0.02021837
0.02028227
0.02014017
0.02051497
0.02052641
0.02069974
0.02062798
0.02067971
0.02064824
0.02061987
0.02060580
0.02065420
0.02071548
0.02052736
0.02047634
0.02007508
0.02052903
0.02083397
0.02062559
0.02056170
0.02050972
0.02051568
0.02052903
0.02060342
0.02033591
0.02057624
0.02016282
0.02003407
0.02008271
0.01999664
0.02016282
0.02042127
0.02049613
0.02021694
0.02064848
0.02020741
0.02009225
0.02026844
0.02007246
0.02015114
0.02032971
0.02047944
0.02056503
0.02022982
0.02044487
0.02019882
0.02016521
0.02122331
0.02066231
0.02034283
0.02054620
0.02025008
0.02027082
0.02024364
0.02052760
0.02047420
0.02007842
0.02063680
0.02060628
0.02069902
0.02007866
0.02062106
0.02062345
0.01996541
0.02054644
0.02048111
0.02065086
0.02064872
0.02066708
0.02068281
0.02061653
0.02069759
0.02066422
0.02094412
0.02077246
0.02210283
0.02118230
0.02145076
0.02269483
0.02223229
0.02235579
0.02209520
0.02180982
0.02024817
0.02065468
0.02058363
0.02067876
0.02098179
0.02117586
0.02111554
0.02091050
0.02074790
0.02077317
0.02081919
0.02066779
0.02066398
0.02074909
0.02064943
0.02066946
0.02064538
0.02038670
0.02006936
0.02007270
0.02001047
0.01997042
0.02016878
0.02015209
0.02013230
0.02005672
0.02012253
0.02002716
0.02013731
0.02014017
0.01997852
0.02005982
0.02008748
0.02036309
0.02063775
0.02036524
0.02053642
0.02037454
0.02034950
0.02026010
0.02071142
0.02037024
0.02060199
0.02068114
0.02042341
0.02056980
0.02041125
0.02023530
0.02016449
0.02011418
0.02007842
0.02022505
0.02049637
0.02067947
0.02200246
0.02061129
0.02027655
0.02041435
0.02022481
0.02062130
0.02076578
0.02025986
0.02051806
0.02046514
0.02035046
0.02029943
0.02069998
0.02031827
0.02017379
0.02039361
0.02033901
0.02067542
0.02042127
0.02020097
0.02062225
0.02068353
0.02060342
0.02061462
0.02060580
0.02011800
0.02016139
0.02027822
0.02072144
0.02390242
0.02085829
0.02107167
0.02106953
0.02130961
0.02340817
0.02077746
0.02071786
0.02057409
0.02066922
0.02055621
0.02067757
0.02063155
0.02083588
0.02126265
0.02033782
0.02040696
0.02046824
0.02043819
0.02069950
0.02116632
0.02090907
0.02019095
0.02028322
0.02019382
0.02025843
0.02059627
0.02062964
0.02048063
0.02045918
0.02030897
0.02022910
0.02019501
0.02010131
0.02022219
0.02025175
0.02023578
0.02011800
0.02017546
0.02029514
0.02020216
0.02013016
0.02027750
0.02019358
0.02067447
0.02047348
0.02089906
0.02136040
0.02096033
0.02113485
0.02136540
0.02170372
0.02169466
0.02283311
0.02125883
0.02113652
0.02112985
0.02097893
0.02386451
0.02249217
0.02265525
0.02256131
0.02230215
0.02233076
0.02227449
0.02361059
0.02222013
0.02223468
0.02230811
0.02199697
0.02207136
0.02221751
0.02208853
0.02184534
0.02011847
0.02018428
0.02020645
0.02022338
0.02033806
0.02034903
0.02020669
0.02020097
0.02020073
0.02013040
0.02020860
0.02018189
0.02015972
0.02021551
0.02017140
0.02087474
0.02409863
0.02049541
0.02026677
0.02042890
0.02071428
0.02043676
0.02055264
0.02046180
0.02030230
0.02028728
0.02019525
0.02029824
0.02065253
0.02015924
0.02014756
0.02004194
0.02005315
0.02011919
0.02012968
0.02006340
0.02018285
0.02032804
0.02031660
0.02031302
0.02024174
0.02026272
0.02020335
0.02017045
0.02018762
0.02016854
0.02029967
0.02016926
0.02072835
0.02055430
0.02050376
0.02001691
0.02048326
0.02055240
0.02066851
0.02053833
0.02095008
0.02061272
0.02057600
0.02020144
0.02057767
0.02017856
0.02017283
0.02028465
0.02150655
0.02233100
0.02245235
0.02218556
0.02184010
0.02199507
0.02188206
0.02230263
0.02301168
0.02258801
0.02288055
0.02306342
0.02486992
0.04189324
0.02503395
0.02080035
0.02091074
0.02163625
0.02108169
0.02016997
0.02036357
0.02050877
0.02046347
0.02064443
0.02093458
0.02203655
0.02055144
0.02031708
0.02070403
0.02166581
0.02151155
0.02089572
0.02092385
0.02096462
0.02088070
0.02079105
0.02078438
0.02221251
0.02385330
0.02399397
0.02326632
0.02417111
0.02369142
0.02298856
0.02243829
0.02228212
0.02415633
0.02101111
0.02069569
0.02101946
0.02144504
0.02127957
0.02128148
0.02177405
0.02076554
0.02645683
0.03866363
0.02163148
0.02312016
0.02266359
0.02292228
0.02290630
0.02285123
0.02288985
0.02261066
0.02262187
0.02237725
0.02238512
0.02269149
0.02234960
0.02235603
0.02225876
0.02241445
0.02232575
0.02071381
0.02099252
0.02100420
0.02099061
0.02107501
0.02091455
0.02183890
0.02267599
0.02255797
