0.00182199
0.01666236
0.01625800
0.01619816
0.01634622
0.01646733
0.01622581
0.01596546
0.01593304
0.01592350
0.01588321
0.01587248
0.01585340
0.01592064
0.01601696
0.01601434
0.01626515
0.01628184
0.01613140
0.01610088
0.01606250
0.01618457
0.01628804
0.01609969
0.01615882
0.01673722
0.01678801
0.01618886
0.01625752
0.01611805
0.01613140
0.01614285
0.01606941
0.01628542
0.01607060
0.01608038
0.01600170
0.01606750
0.01616216
0.01609635
0.01605844
0.01607180
0.01607990
0.01607871
0.01604128
0.01605129
0.01607156
0.01623249
0.01638460
0.01641107
0.01635575
0.01638150
0.01653409
0.01654983
0.01635623
0.01598263
0.01603150
0.01662064
0.01627493
0.01625514
0.01616144
0.01620078
0.01619720
0.01608133
0.01612663
0.01593637
0.01594162
0.01594639
0.01593471
0.01604629
0.01673508
0.01604819
0.01601291
0.01603723
0.01618123
0.01599741
0.01590490
0.01600337
0.01641798
0.01638293
0.01609254
0.01602674
0.01624990
0.01600003
0.01584792
0.01608729
0.01618481
0.01609373
0.01608205
0.01609135
0.01612520
0.01599097
0.01600051
0.01592660
0.01600385
0.01601958
0.01622200
0.01592422
0.01592946
0.01595187
0.01602411
0.01615763
0.01601386
0.01598549
0.01610923
0.01649141
0.01595974
0.01602793
0.01647186
0.01639700
0.01618266
0.01617908
0.01600742
0.01592398
0.01596785
0.01594567
0.01598692
0.01604724
0.01596069
0.01615524
0.01622748
0.01604581
0.01607132
0.01605296
0.01601696
0.01601267
0.01595807
0.01622605
0.01601076
0.01594663
0.01625705
0.01651382
0.01618791
0.01653481
0.01721764
0.01624990
0.01612902
0.01618624
0.01618671
0.01620340
0.01611161
0.01605725
0.01602745
0.01607537
0.01643038
0.01612329
0.01599240
0.01617599
0.01599169
0.01632166
0.01625919
0.01601171
0.01605821
0.01635003
0.01627493
0.01617312
0.01627302
0.01662707
0.01636910
0.01616883
0.01618266
0.01636767
0.01643085
0.01615906
0.01615453
0.01615787
0.01620197
0.01610327
0.01614642
0.01609898
0.01610208
0.01628399
0.01692152
0.01698661
0.01694131
0.01707983
0.01712728
0.01616931
0.01611137
0.01609015
0.01595330
0.01594901
0.01660609
0.01625371
0.01601100
0.01654458
0.01647520
0.01613760
0.01607466
0.01593804
0.01618958
0.01650381
0.01606393
0.01608944
0.01610947
0.01620650
0.01615691
0.01609945
0.01613259
0.01612139
0.01611543
0.01595426
0.01589465
0.01604939
0.01622653
0.01643157
0.01605415
0.01632237
0.01652145
0.01655817
0.01624322
0.01611614
0.01610494
0.01658750
0.01659179
0.01643491
0.01604724
0.01607180
0.01601720
0.01590991
0.01593947
0.01595926
0.01591492
0.01608419
0.01614189
0.01616764
0.01612544
0.01647329
0.01615119
0.01612616
0.01612473
0.01622319
0.01628065
0.01614785
0.01624274
0.01656246
0.01641536
0.01616859
0.01619577
0.01682854
0.01709390
0.01691508
0.01693034
0.01690936
0.01686215
0.01693034
0.01701331
0.02278090
0.01653624
0.01670766
0.01671934
0.01658177
0.01633835
0.01617193
0.01617813
0.01612973
0.01632810
0.01640892
0.01628757
0.01620984
0.01645947
0.01648235
0.01630664
0.01619887
0.01628041
0.01648855
0.01670861
0.01638365
0.01604629
0.01608634
0.01615572
0.01624680
0.01610708
0.01608539
0.01613855
0.01602745
0.01594019
0.01605153
0.01612186
0.01619720
0.01607013
0.01601267
0.01616526
0.01621914
0.01606584
0.01641536
0.01658869
0.01673508
0.01634479
0.01609802
0.01605678
0.01612473
0.01657200
0.01653862
0.01620770
0.01626182
0.01612830
0.01601934
0.01617527
0.01653314
0.01641941
0.01642680
0.01639462
0.01637936
0.01660419
0.01633382
0.01598120
0.01596355
0.01636648
0.01620221
0.01624370
0.01612306
0.01632500
0.01682949
0.01670027
0.01631212
0.01613760
0.01617575
0.01623464
0.01613808
0.01626086
0.01619983
0.01612926
0.01597333
0.01602006
0.01615524
0.01612520
0.01603770
0.01600862
0.01608300
0.01604939
0.01608634
0.01615071
0.01601934
0.01629138
0.01636577
0.01616454
0.01655269
0.01857471
0.01709008
0.01720262
0.01652455
0.01655245
0.01636481
0.01649332
0.01620412
0.01645803
0.01649261
0.01631546
0.01625395
0.01631117
0.01631546
0.01631212
0.01635695
0.01629877
0.01634669
0.01638556
0.01631188
0.01630068
0.01625562
0.01642704
0.01651216
0.01640630
0.01631260
0.01681757
0.01694679
0.01656818
0.01638031
0.01647925
0.01665068
0.01708364
0.01646781
0.01650405
0.01645947
0.01638412
0.01629138
0.01638603
0.01633668
0.01627469
0.01647091
0.01642251
0.01636577
0.02072024
0.01652122
0.01634693
0.01635265
0.01647067
0.01653767
0.01634216
0.02492023
0.02925825
0.02912712
0.02973557
0.02958965
0.02892447
0.02894378
0.03048825
0.02906179
0.02837968
0.02907610
0.02933049
0.02917671
0.02904701
0.02932191
0.02912307
0.02924800
0.02946973
0.02902198
0.02901578
0.02880001
0.02982831
0.02902269
0.02894711
0.02910447
0.02978277
0.03006506
0.02975202
0.03295541
0.02965951
0.02981138
0.02949905
0.03006053
0.02907443
0.02875781
0.02890635
0.02884722
0.02988386
0.02901411
0.02882004
0.02941585
0.02933192
0.02949929
0.02934456
0.02920437
0.02937078
0.02915239
0.02953434
0.02906108
0.02976680
0.02943516
0.02946734
0.02879238
0.02884722
0.02896905
0.02886868
0.02867270
0.02873325
0.02878118
0.02864242
0.02868795
0.02922201
0.02862048
0.02911639
0.02893543
0.02876496
0.02865052
0.02866244
0.02895331
0.02872777
0.02865601
0.02868176
0.02857828
0.02840805
0.02846384
0.02842689
0.02839208
0.02950716
0.02845979
0.02884197
0.02928042
0.02869678
0.02841759
0.02892828
0.02865982
0.02858233
0.02837920
0.02876616
0.02840185
0.02839017
0.02846336
0.02890968
0.02846193
0.02878237
0.02853632
0.02874112
0.02869606
0.02840686
0.02846718
0.02852654
0.02888870
0.02844906
0.02886057
0.02901697
0.02861547
0.02877331
0.02873874
0.02876043
0.02868342
0.02884603
0.02857661
0.02943730
0.02874517
0.02862430
0.02923560
0.02916050
0.03403759
0.02911735
0.02874827
0.02853084
0.02850914
0.02866387
0.02880669
0.02937746
0.02925253
0.02872753
0.02951121
0.02942991
0.02910328
0.02943492
0.02932644
0.02938080
0.02911186
0.02951431
0.02968454
0.02926707
0.02920580
0.02912807
0.02896380
0.02905226
0.02976513
0.02892780
0.02967787
0.02909875
0.03195643
0.02954531
0.02953362
0.02940488
0.02927661
0.02951646
0.02950859
0.02990127
0.02988529
0.02958226
0.02915215
0.02967906
0.02890253
0.03018808
0.02951241
0.02907729
0.02914429
0.02922535
0.02960253
0.02870941
0.02874613
0.02926850
0.02947736
0.02931452
0.02945447
0.02869582
0.02938390
0.02905512
0.03591013
0.03816724
0.03646755
0.03585339
0.03145480
0.02970743
0.02996397
0.02984929
0.02997160
0.03095698
0.03062820
0.03173518
0.03007793
0.02877235
0.02875996
0.03082752
0.02919865
0.02903485
0.02896762
0.03114533
0.03046107
0.02911830
0.02876091
0.02946186
0.02920556
0.02900100
0.02958226
0.02843189
0.02871847
0.02858567
0.02875137
0.02921605
0.02902150
0.03349590
0.02887201
0.02888703
0.03191710
0.02935362
0.02906227
0.02888870
0.02858090
0.02868271
0.02894235
0.02896166
0.02919388
0.02853703
0.03018785
0.02908468
0.02850986
0.02849078
0.02849507
0.02907109
0.02858853
0.02852011
0.02861094
0.02874351
0.02444553
0.02833033
0.02829146
0.02831149
0.02938938
0.02469683
0.02950549
0.02503729
0.02472544
0.02511644
0.02489567
0.02453780
0.02431560
0.02432466
0.02453804
0.01619029
0.02025890
0.02016902
0.02430916
0.02891183
0.02852368
0.02826691
0.02914190
0.02898669
0.03051233
0.02922821
0.02901292
0.02894068
0.02904320
0.02961206
0.02898645
0.02901411
0.02896309
0.02887154
0.02917123
0.02910733
0.02894878
0.02903724
0.02859426
0.02842212
0.03060555
0.02896333
0.02940154
0.03536963
0.02861953
0.02863932
0.02862787
0.02900124
0.02885842
0.02899837
0.02906156
0.02911139
0.02899361
0.02940464
0.02857637
0.02992797
0.02872205
0.02861023
0.02841187
0.02856207
0.02879906
0.02863503
0.02889538
0.02934551
0.02901983
0.03124285
0.02949858
0.02895951
0.02892208
0.02880073
0.02847672
0.03003407
0.02870321
0.02853417
0.02892184
0.02863002
0.02851200
0.02882028
0.03043056
0.02887464
0.02880430
0.02866673
0.02873087
0.02871156
0.02923369
0.02869511
0.02875566
0.02930355
0.02861333
0.02846789
0.02864051
0.02868295
0.02883101
0.02866888
0.02861691
0.02869678
