0.00163007
0.02816391
0.02871704
0.02782941
0.02754402
0.02754521
0.02758479
0.02739000
0.02760887
0.02749085
0.02976108
0.02893496
0.02964258
0.03004670
0.03261137
0.03397965
0.03483272
0.03573895
0.03070211
0.03042006
0.03018880
0.02867007
0.02876186
0.02854514
0.02779484
0.02710938
0.02716970
0.02710724
0.02708793
0.02702498
0.02707052
0.02789640
0.02794123
0.02774811
0.02775002
0.02793598
0.02808881
0.02781940
0.02872801
0.02808714
0.02827930
0.02797294
0.02800632
0.02197266
0.01637769
0.01638961
0.02421546
0.02733731
0.02810144
0.02752209
0.02801132
0.02759504
0.02810311
0.02827001
0.02791762
0.02753210
0.02831340
0.02830744
0.02922845
0.02943587
0.02860022
0.02881002
0.02852058
0.02941680
0.02821994
0.02754021
0.02783203
0.02785134
0.02796555
0.02902937
0.02776694
0.02789116
0.02786708
0.02796888
0.02804494
0.02731466
0.02724004
0.02406549
0.02404785
0.01630116
0.01658344
0.02765441
0.01628470
0.01645350
0.01635814
0.01638031
0.02825141
0.02788162
0.01661110
0.01691246
0.01663113
0.01640868
0.01626325
0.01616263
0.01625276
0.01621938
0.01621294
0.01621103
0.01624632
0.01617551
