0.00169206
0.02913880
0.02896142
0.02871943
0.02845526
0.02840042
0.02866578
0.02850032
0.02908325
0.02954793
0.03066158
0.03107977
0.02928782
0.02926326
0.02919364
0.02923274
0.02861285
0.02500963
0.02517486
0.02689600
0.02669239
0.02929664
0.02942944
0.02918053
0.02653837
0.02642560
0.02636337
0.02652192
0.02602029
0.02695847
0.02637005
0.02655029
0.02668548
0.02612424
0.02636266
0.02564025
0.02562094
0.02567649
0.02550411
0.02569222
0.02560711
0.02595067
0.02599955
0.02729726
0.02574182
0.02571893
0.02557588
0.02582121
0.02570701
0.02559853
0.02568889
0.02558661
0.02608776
0.02600527
0.02573609
0.02575469
0.02756381
0.02617002
0.02624750
0.02663231
0.02703643
0.02631593
0.02533269
0.02533197
0.02593660
0.02567935
0.02596545
0.02575874
0.02569485
0.02565455
0.02572131
0.02566075
0.02553821
0.02503276
0.02616239
0.02621222
0.02603459
0.02609420
0.02885413
0.02718186
0.03084326
0.02770209
0.02722311
0.02601218
0.02688575
0.02897954
0.02859712
0.02658463
0.02597785
0.02592015
0.02634144
0.02681899
0.02826929
0.02617574
0.02595353
0.02685285
0.02804375
0.02688503
0.02588439
0.02607489
0.02670574
0.02754259
0.02644801
0.02586532
0.02596927
0.02562809
0.02567363
0.02648401
0.02605867
0.02652526
0.02615881
0.02606130
0.02675200
0.02881980
0.02782965
0.03002262
0.03319144
0.02843308
0.02984333
0.02784324
0.03060341
0.03137207
0.02818108
0.02965045
0.02894950
0.02805138
0.02946162
0.02654982
0.02977061
0.02725124
0.02707076
0.02967739
0.02904344
0.03238082
0.02808475
0.02917218
0.02866936
0.03085113
0.03097391
0.02971029
0.02806473
0.02828646
0.02774477
0.02744913
0.02773786
0.02837467
0.02784514
0.02823424
0.02770042
0.02876687
0.02739859
0.02716637
0.02821827
0.02758551
0.02814770
0.02899575
0.02647805
0.02796173
0.02887225
0.02722287
0.02783155
0.02791047
0.02783680
0.02738380
0.02795720
0.02848935
0.02905536
0.02998376
0.02801681
0.02819800
0.02832675
0.03006792
0.02786064
0.02752352
0.02720523
0.02812338
0.02740598
0.02730823
0.02812696
0.02907181
0.03152418
0.02707100
0.02751231
0.02741432
0.02732778
0.02742767
0.02941227
0.02816558
0.02697945
0.02909422
0.02786279
0.02932143
0.02736306
0.02766609
0.02749634
0.02734494
0.02787781
0.02766180
0.02716684
0.02771187
0.02748966
0.02749515
0.02849436
0.02770853
0.02702069
0.02706003
0.02571297
0.02583385
0.02605748
0.02610636
0.02617407
0.02729845
0.02620840
0.02641869
0.02575064
0.02536654
0.02551389
0.02630019
0.02635550
0.02695799
0.02790546
0.02740479
0.02732229
0.02718568
0.02658224
0.02676296
0.02800798
0.02689600
0.02700710
0.02646971
0.02599239
0.02533603
0.02557039
0.02572632
0.02575493
0.02560830
0.02562022
0.02557683
0.02583241
0.02557683
0.02575588
0.02573895
0.02593684
0.02632999
0.02648163
0.02578092
0.02654934
0.02575135
0.02550983
0.02557302
0.02564216
0.02718854
0.02667642
0.02692199
0.02668858
0.02655005
0.02719259
0.02724195
0.02761483
0.02638197
0.02627563
0.02794194
0.02773452
0.02754021
0.02595282
0.02595592
0.02607393
0.02557445
0.02560258
0.02628827
0.02592373
0.02557039
0.02612185
0.02613759
0.02697134
0.02569485
0.02626753
0.02637720
0.02630568
0.02591181
0.02619147
0.02659726
0.02911305
0.02882981
0.03259206
0.02680469
0.02803183
0.02714396
0.03063226
0.02639866
0.03129816
0.03337216
0.02906680
0.02887869
0.03012252
0.02979755
0.02987885
0.02991295
0.02725816
0.02723312
0.02695322
0.02702665
0.02693343
0.02732801
0.02716327
0.02819252
0.02734089
0.02836394
0.02788711
0.02785850
0.02722359
0.02847457
0.02912998
0.02997780
0.02789855
0.02764678
0.02891755
0.03012776
0.03237820
0.03142977
0.03096747
0.03066921
0.02929473
0.02967334
0.03019977
0.02889562
0.03001046
0.03021193
0.02920222
0.02890038
0.02880144
0.02854991
0.02819037
0.02827406
0.02871370
0.02810907
0.02818418
0.02855730
0.02809811
0.02744985
0.02617264
0.02547884
0.02615666
0.02598095
0.02671695
0.02713704
0.02628136
0.02615118
0.02638626
0.02617574
0.02611160
0.02592254
0.02599978
0.02627254
0.02619529
0.02611017
0.02627945
0.02613711
0.02616787
0.02606177
0.02694225
0.02865171
0.03210735
0.02758098
0.02654243
0.02691388
