0.00203180
0.02304363
0.02208900
0.02156711
0.02498198
0.02508473
0.02464747
0.02304626
0.02200913
0.02119112
0.02060127
0.02055597
0.02151275
0.02163005
0.02182412
0.02085185
0.02037168
0.02158809
0.02087617
0.02035713
0.02060533
0.02147865
0.02078509
0.02034903
0.02053809
0.02189517
0.01984715
0.01959133
0.01964974
0.01944685
0.01991916
0.02095270
0.01961446
0.01962376
0.01946616
0.01942778
0.01937604
0.01943421
0.01949191
0.01940751
0.02071285
0.01942635
0.01942372
0.01958799
0.01966262
0.01951957
0.01962209
0.01976013
0.01983261
0.01950121
0.01944542
0.01943278
0.01939678
0.01954007
0.01986408
0.01994801
0.01989865
0.01962113
0.01952076
0.02021170
0.01995945
0.02018452
0.02040792
0.01946115
0.01944518
0.01950741
0.01942205
0.01950073
0.01965833
0.01955700
0.01959562
0.01988649
0.01970983
0.01961350
0.02003002
0.02075624
0.02031803
0.02047181
0.02054000
0.02033663
0.02086997
0.02073050
0.02063847
0.02031946
0.02133989
0.02055049
0.02033615
0.02033019
0.02142191
0.02023697
0.02022982
0.02041078
0.02034640
0.02011013
0.02037668
0.01994395
0.01968527
0.01977348
0.01945782
0.01947784
0.01954603
0.01953459
0.01950884
0.01952004
0.01946759
0.01949692
0.01948190
0.01943183
0.01941633
0.01934028
0.01937723
0.01959872
0.01942253
0.01941514
0.01963353
0.01980734
0.01976562
0.01948810
0.01956844
0.01962852
0.01948047
0.01940489
0.02004480
0.02080441
0.02044034
0.01960039
0.01991367
0.02274275
0.02014065
0.02217364
0.02191234
0.02206635
0.02187967
0.02190089
0.02200174
0.02207041
0.02162051
0.02001977
0.01998568
0.02007508
0.01988864
0.01958156
0.01947618
0.01963973
0.01966500
0.01967692
0.01968765
0.01947927
0.01941013
0.01944280
0.01942301
0.01947093
0.02024603
0.02012420
0.01982236
0.01957273
0.01944566
0.01952434
0.01952958
0.01979327
0.01946712
0.01948667
0.01946926
0.01941419
0.02021003
0.01953602
0.01958704
0.01951385
0.01945305
0.01941824
0.01940942
0.01941657
0.01940227
0.01955962
0.01967192
0.01954150
0.01972771
0.01972938
0.02000976
0.01957822
0.01969624
0.01992917
0.01958728
0.01961064
0.01955247
0.01946068
0.01944637
0.01942372
0.01952505
0.01946044
0.01963258
0.01964378
0.01958561
0.01980948
0.01982212
0.01994610
0.01955628
0.01991701
0.01953769
0.01953602
0.01949501
0.01969719
0.01994991
0.02168107
0.02169490
0.02155232
0.02163482
0.02128553
0.02122736
0.02010870
0.01939678
0.01935959
0.01950431
0.01953888
0.01948214
0.01959252
0.01956582
0.01955175
0.01941705
0.01941204
0.01951694
0.01952934
0.01940799
0.01951933
0.01943803
0.01946354
0.01972365
0.01975703
0.01950455
0.01949596
0.01952505
0.01967907
0.01953912
0.01955056
0.01939511
0.01948857
0.01965785
0.01953816
0.01993060
0.02142191
0.02158976
0.01991105
0.02186084
0.02140570
0.02155781
0.02210450
0.01989937
0.02001548
0.01985192
0.01964068
0.01953435
0.01955056
0.01951599
0.01957178
0.01953363
0.01956630
0.01957941
0.01972532
0.01970625
0.01944041
0.01961946
0.01966500
0.01963544
0.01983237
0.01961350
0.01976705
0.01956439
0.01953053
0.01941586
0.01982236
0.02198482
0.02215338
0.01958847
0.01945996
0.01966619
0.01957631
0.01959133
0.01963115
0.01950145
0.01939940
0.01965547
0.01986551
0.01960921
0.01956820
0.01974964
0.01968741
0.01944757
0.01954842
0.01951480
0.01947379
0.01947308
0.01963043
0.01987791
0.01994729
0.02034950
0.01999617
0.01958466
0.01984835
0.01957726
0.01954532
0.01955223
0.01949954
0.01966548
0.01989245
0.01980090
0.01972389
0.01952434
0.01954937
0.01945853
0.01946282
0.01946592
0.01966858
0.01990366
0.02015424
0.01993895
0.01976848
0.01950169
0.01953077
0.01953316
0.01991653
0.01980281
0.01956558
0.01954985
0.01969028
0.01958060
0.01955628
0.01959014
0.01950741
0.01946402
0.01948357
0.01942730
0.01966214
0.01944351
0.01963139
0.01949549
0.01945567
0.01942301
0.01943874
0.01940799
0.01951814
0.01946974
0.01979661
0.01999545
0.01975894
0.01975155
0.01956844
0.01944876
0.01949739
0.01944208
0.01950526
0.01944995
0.01952291
0.01991057
0.01970243
0.01954556
0.01945066
0.01942468
0.01940775
0.01942587
0.01939845
0.01997471
0.02301049
0.02049923
0.01952672
0.01965475
0.01948714
0.01942992
0.01941085
0.01941967
0.01948929
0.01946282
0.01933861
0.01944041
0.01949668
0.01948404
0.01959586
0.01977539
0.01955581
0.01950049
0.01946998
0.01942730
0.01946592
0.01954365
0.01945972
0.01949191
0.01940060
0.01941013
0.01944542
0.01946425
0.01939654
0.01945114
0.02049065
0.02218676
0.01943564
0.01949978
0.01951718
0.01939392
0.01941276
0.01936650
0.01937103
0.01949048
0.01953030
0.01942396
0.01946402
0.01929307
0.01938438
0.01938248
0.01939893
0.01930141
0.01939559
0.01939273
0.01938200
0.01957202
0.01958108
0.01945901
0.01950431
0.01969481
0.01944947
0.01941752
0.01984501
0.02183485
0.02155638
0.02217484
0.02136350
0.02140498
0.02123880
0.02113390
0.02096653
0.02102852
0.02117920
0.02098346
0.02107644
0.02120352
0.02096510
0.02103758
