0.00175643
0.02665663
0.02637005
0.02620220
0.02642679
0.02832818
0.02603650
0.02562690
0.02551126
0.02538252
0.02625418
0.02628255
0.02616405
0.02606726
0.02615643
0.02601171
0.02600265
0.02600408
0.02606678
0.02599859
0.02606082
0.02632141
0.02624726
0.02608943
0.02607560
0.02615261
0.02643943
0.02626371
0.02646184
0.03300571
0.02632070
0.02637577
0.02617383
0.02612066
0.02608752
0.02608109
0.02620268
0.02615571
0.02607965
0.02604365
0.02616930
0.02662778
0.02638483
0.02626562
0.02652740
0.02620196
0.02738762
0.02729177
0.02659583
0.02682471
0.02637506
0.02676487
0.02771950
0.02912760
0.02723956
0.02857137
0.02835226
0.02774692
0.02895117
0.02730012
0.02716541
0.02584457
0.02592087
0.02546358
0.02568221
0.02576447
0.02554536
0.02548265
0.02535725
0.02535844
0.02539897
0.02539420
0.02548313
0.02570009
0.02528667
0.02543163
0.02626491
0.02688050
0.02659464
0.02723622
0.02747083
0.02760196
0.02934575
0.02832484
0.03113866
0.03242493
0.03475332
0.03077579
0.03082466
0.04124308
0.03139281
0.03098702
0.02751803
0.02606845
0.02618837
0.02646327
0.02864242
0.02581263
0.02627134
0.02613807
0.02613854
0.02603889
0.02596831
0.02589989
0.02608109
0.02606845
0.02623534
0.02598000
0.02543807
0.02622080
0.02632546
0.02671242
0.02608752
0.02604198
0.02616215
0.02590537
0.02621031
0.02598000
0.02591109
0.02636242
0.02749538
0.02709222
0.02697301
0.02803135
0.02650499
0.02666092
0.02730989
0.02672696
0.02696681
0.02761316
0.02734971
0.02646351
0.02813411
0.02832460
0.02632713
0.02596474
0.02653551
0.02612495
0.02570438
0.02549243
0.02554226
0.02570462
0.02559423
0.02560329
0.02579784
0.02621293
0.02653480
0.02645016
0.02613640
0.02608228
0.02605104
0.02615929
0.02564788
0.02561998
0.02554226
0.02552080
0.02581286
0.02592325
0.02604508
0.02654648
0.02660441
0.02621531
0.02604699
0.02598476
0.02561355
0.02603364
0.02617288
0.02618909
0.02623296
0.02615190
0.02606201
0.02605844
0.02594543
0.02584171
0.02589726
0.02589512
0.02594638
0.02590489
0.02591944
0.02608776
0.02639794
0.02555776
0.02557683
0.02635527
0.02594900
0.02595878
0.02601385
0.02608085
0.02562070
0.02619910
0.02634788
0.02623701
0.02583551
0.03251886
0.02544999
0.02548790
0.02728701
0.02613807
0.02598596
0.02553344
0.02544093
0.02562380
0.02550173
0.02546072
0.02619195
0.02556324
0.02558970
0.02547383
0.02542353
0.02605438
0.02620006
0.02607560
0.02617097
0.02613115
0.02560019
0.02608204
0.02581048
0.02598858
0.02613068
0.02639174
0.02614665
0.02610803
0.02613091
0.02611923
0.02609468
0.02607918
0.02604699
0.02596235
0.02596998
0.02600098
0.02590609
0.02605700
0.02677584
0.02633381
0.02637076
0.02642941
0.02589631
0.02616215
0.02589035
0.02573061
0.02781224
0.02703309
0.02596498
0.02589440
0.02597880
0.02620196
0.02576041
0.02607846
0.02638006
0.02652240
0.02639723
0.02647591
0.02670598
0.02649736
0.02625632
0.02644110
0.02645779
0.02687049
0.02693367
0.02693295
0.02798653
0.02636814
0.02632737
0.02618575
0.02596998
0.02658868
0.02612686
0.02561569
0.02570629
0.02543783
0.02555180
0.02597475
0.02599955
0.02595091
0.02589536
0.02590632
0.02610683
0.02589035
0.02595019
0.02576709
0.02593374
0.02582526
0.02583289
0.02591372
0.02590346
0.02588511
0.02558327
0.02598071
0.02553844
0.02553344
0.02546883
0.02542925
0.02553988
0.02556562
0.02566862
0.02561140
0.02600265
0.02597809
0.02600694
0.02615309
0.02610469
0.02665615
0.02611279
0.02620816
0.02600074
0.02574325
0.02575159
0.02576327
0.02639771
0.02574658
0.02540326
0.02590728
0.02607274
0.02588296
0.02578330
0.02544498
0.02554917
0.02585554
0.02588153
0.02581716
0.02580547
0.02582812
0.02588844
0.02615786
0.02548242
0.02541327
0.02562642
0.02541924
0.02588773
0.02671933
0.02541876
0.02600384
0.02586102
0.02593732
0.02585435
0.02575040
0.02572536
0.02540827
0.02549958
0.02582741
0.02616262
0.02559710
0.02554774
0.02541900
0.02605438
0.02608275
0.02549791
0.02564979
0.02566862
0.02567101
0.02636242
0.02635455
0.02607226
0.02604723
0.02605677
0.02555060
0.02549291
0.02558661
0.02560043
0.02578545
0.02627850
0.02617407
0.02624226
0.02591324
0.02628279
0.02674127
0.02623534
0.02611899
0.02623773
0.02551317
0.02544475
0.02544332
0.02597332
0.02560592
0.02647495
0.02638268
0.02596545
0.02598357
0.02596164
0.02537751
0.02540421
0.02617431
0.02643275
0.03063917
0.03059077
0.03288341
0.03132129
0.03041458
0.02635646
0.02665854
0.02627349
0.02601695
0.02593231
0.02628779
0.02677035
0.02615190
0.02601123
0.02568007
0.02569556
0.02609944
0.02598929
0.02636576
0.02603698
0.02606487
0.02609253
0.02600241
0.02592993
0.02543354
0.02634144
0.02639222
0.02660990
0.02581835
0.02574372
0.02605343
0.02574086
0.02588105
0.02604961
0.02570820
0.02630448
0.02559710
0.02566075
0.02548790
0.02550888
0.02569199
0.02552176
0.02554202
0.02567625
0.02548957
0.02544379
0.02555060
0.02582645
0.02570987
0.02546120
0.02542496
0.02540064
0.02538657
0.02834892
0.03409004
0.03425097
0.02733970
0.02526045
0.02524376
0.02531457
0.02590394
0.02584386
0.02604151
0.02629519
0.02543831
0.02543354
0.02550316
0.02650571
0.02644277
0.02578449
0.02588630
0.02809358
0.02778673
0.02781081
0.02756238
0.02706552
0.02662301
0.02650261
0.02642703
0.02564287
0.02532649
0.02655292
0.02598119
0.02592587
0.02616858
0.02587414
0.02592897
0.02577925
0.02582216
0.02579665
