0.00176430
0.01683879
0.01686406
0.01635218
0.01619864
0.01615644
0.01615286
0.01609182
0.01614046
0.01628017
0.01617551
0.01587987
0.01593041
0.01603699
0.01605988
0.01600170
0.01598525
0.01602554
0.01601839
0.01603699
0.01605129
0.01611829
0.01603341
0.01606965
0.01603460
0.01599145
0.01647997
0.01632738
0.01624250
0.01635909
0.01609612
0.01603103
0.01642895
0.01621699
0.01610136
0.01608109
0.02353168
0.03353906
0.03391886
0.03309608
0.03559184
0.03030467
0.03076601
0.03058720
0.02922678
0.02942967
0.02693367
0.02718186
0.02571034
0.02547097
0.02575970
0.03081512
0.02567649
0.02560782
0.02561879
0.02555108
0.02566957
0.02540588
0.02549863
0.02577949
0.02622867
0.02797294
0.01634169
0.01611757
0.01610422
0.01637697
0.01620340
0.01644397
0.01608467
0.01604605
0.01597428
0.01910210
0.01596093
0.01910496
0.01904249
0.01903391
0.02210832
0.01897311
0.02214170
0.02216840
0.02235746
