0.00161910
0.01709080
0.01681280
0.01657081
0.01639605
0.01629186
0.01629996
0.01630449
0.01643968
0.01667356
0.01682973
0.01673651
0.01731753
0.01661396
0.01667333
0.01648998
0.01632285
0.01629233
0.01610470
0.01622224
0.01636624
0.01627898
0.01932192
0.02232575
0.02238131
0.01909137
0.01916885
0.01604366
0.01604915
0.02238703
0.02574563
0.02564383
0.02551961
0.02563119
0.02605891
0.02576947
0.02557945
0.02554584
0.02557564
0.02566528
0.02634907
0.02628112
0.02556992
0.02599096
0.02569723
0.02557397
0.02544117
0.02548814
0.02599931
0.03118491
0.02787638
0.02556324
0.02631712
0.02631044
0.02627468
0.02617598
0.02612972
0.02615881
0.02699399
0.02581859
0.02907777
0.02904654
0.02901244
0.02567482
0.02558112
0.02617383
0.02571535
0.02563572
0.02601409
0.02590036
0.02565432
0.02599049
0.02615738
0.02628779
0.02628732
0.02609491
0.02591753
0.02600837
0.02602911
0.02551794
0.02549624
0.02540922
0.02869606
0.02867818
0.02875519
0.02794600
0.02567148
0.02567840
0.02562714
0.02565169
0.02567339
0.02606273
0.02609229
0.02922249
0.02567649
0.02566528
0.02617025
0.02605748
0.02547860
0.02544761
0.02570057
0.02578545
0.02600479
0.02665019
0.02598786
0.02575374
0.02585101
0.02576566
0.02576828
0.02629423
0.02574134
0.02626443
0.02612925
0.02612925
0.02632856
0.02641249
0.02626061
0.02613783
0.02549696
0.02612185
0.02629018
0.02619338
0.02629280
0.02627158
0.02690673
0.02588415
0.02561712
0.02627158
0.02628541
0.02627635
0.02606869
0.02606463
0.02603817
0.02606940
0.02596474
0.02619147
0.02616572
0.02611351
0.02615690
0.02654719
0.02616835
0.02614665
0.02586484
0.02560878
0.02584982
0.02701378
0.02651358
0.02776909
0.02936840
0.02632546
0.02606869
0.02629924
0.02617431
0.02613163
0.02612782
0.02729750
0.02705669
0.02737188
0.02687216
0.02678823
0.02908325
0.02561736
0.02617097
0.02659965
0.02639914
0.02628517
0.02623653
0.02588010
0.02601194
0.02598882
0.02630210
0.02611923
0.02564049
0.02575898
0.02578640
0.02563190
0.02775311
0.02571201
0.02567816
0.02576399
0.02597404
0.02608180
0.02573729
0.02577019
0.02581263
0.02578712
0.02571392
0.02591801
0.02556849
0.02574944
0.02572083
0.02590179
0.02575874
0.02683520
0.02594614
0.02584839
0.02584910
0.02610493
0.02639127
0.02569938
0.02542830
0.02573681
0.02604246
0.02604365
0.02598882
0.02599955
0.02597094
0.02652335
0.02762747
0.02637291
0.02550983
0.02523780
0.02540779
0.02546215
0.02246261
0.02558970
0.02258348
0.02242994
0.02558184
0.02597117
0.01626277
0.01625657
0.01625204
0.01626873
0.01615810
0.01631927
0.01622176
0.01622510
0.01623797
0.01620698
0.01622868
0.01994467
0.02013946
0.02605939
0.02590394
0.02691936
0.02697444
0.02596521
0.02665544
0.02545714
0.02583432
0.02584553
0.02585649
0.02577543
0.02581525
0.02598834
0.02623463
0.02582407
0.02627206
0.02662897
0.02597594
0.02587366
0.02638412
0.02576184
0.02627110
0.02623892
0.02637720
0.02534366
0.02535772
0.02555704
0.02530861
0.02574897
0.02606678
0.02595663
0.02582645
0.02591848
0.02598453
0.02575302
0.02572036
0.02553892
0.02570391
0.02585459
0.02600527
0.03162241
0.02977419
0.02954984
0.02951932
0.02953386
0.02982569
0.02952838
0.02909112
0.02900004
0.02945900
0.02937508
0.02907681
0.02904201
0.02917862
0.02924395
0.02917743
0.02884817
0.02611566
0.02611184
0.02607083
0.02595663
0.02595735
0.02612877
0.02628636
0.02599049
0.02679586
0.02645397
0.02619743
0.02857041
0.02600527
0.02584100
0.02556825
0.02566218
0.02759409
0.02588534
0.02548099
0.02541137
0.02557611
0.02534604
0.02529073
0.02540541
0.01595640
0.01602292
0.01623821
0.01674962
0.01667762
0.01654077
0.01632714
0.01628661
0.01624680
0.01615620
0.01616907
0.01609612
0.01614594
0.01678252
0.01963735
0.02339673
0.02616405
0.02741909
0.02589369
0.02570939
0.02552056
0.02623725
0.02350569
0.02054763
0.02061176
0.02897429
0.02905416
0.02557993
0.02550483
0.02571058
0.02582908
0.02659893
0.02630353
0.02653241
0.02904081
0.02790475
0.02545738
0.02545714
0.02548575
0.02613091
0.02634192
0.02614021
0.02621293
0.02644563
0.02634144
0.02632546
0.02610779
0.02607155
0.02604055
0.02607155
0.02619052
0.02613139
0.02616858
0.02610898
0.02612400
0.02631307
0.02645040
0.02628040
0.02635550
0.02620125
0.02650046
0.02641082
0.02649450
0.02590561
0.02637744
0.02645350
0.02903676
0.02732778
0.02631950
0.02679110
0.02579093
0.02558661
0.02608562
0.02560639
0.02569604
0.02568650
0.02600884
0.02566481
