0.00733113
0.03300118
0.03148365
0.02972221
0.02959847
0.03005576
0.03589106
0.03420734
0.02879953
0.02881408
0.02877259
0.02904963
0.02982926
0.03056812
0.02881503
0.03238583
0.02949405
0.02906895
0.02836585
0.02866006
0.02866316
0.02912927
0.03023767
0.02876997
0.02928042
0.02887583
0.02880526
0.02981877
0.02941751
0.02883840
0.02898407
0.02998686
0.02863240
0.02925563
0.03021121
0.03367901
0.02915192
0.03076553
0.03390622
0.03362417
0.03378153
0.02035856
0.02020693
0.02012897
0.01697564
0.02905893
0.02926397
0.02888680
0.02903152
0.02912450
0.02939272
0.02907586
0.03004694
0.02964473
0.02919078
0.02872849
0.02829552
0.02872682
0.02870321
0.02877688
0.02872682
0.02881575
0.03003192
0.02912164
0.02883339
0.02892375
0.02965522
0.02863336
0.02840352
0.02836990
0.02987194
0.02871180
0.02845669
0.02852154
0.02831125
0.02865958
0.02934885
0.02905512
0.02956772
0.02908373
0.03050613
0.03191137
0.02886200
0.02861214
0.02869272
0.02920628
0.02885389
0.02886963
0.02952290
0.02937222
0.02930593
0.02933288
0.02930069
0.02980399
0.02896929
0.02943850
0.02903771
0.02928257
0.02874970
0.02930760
0.02894497
0.02918291
0.02959657
0.02932167
0.02909136
0.03094339
0.02895761
0.02914929
0.02872729
0.02889729
0.02850175
0.02886820
0.02858019
0.02913928
0.02884030
0.02927375
0.02919436
0.03439856
0.03461409
0.03454351
0.03742266
0.03456211
0.03451777
0.03434587
0.03351259
0.03047705
0.02960730
0.02933621
0.02911925
0.02889109
0.02888227
0.02950072
0.02859163
0.02854395
0.02875185
0.02867627
0.02881670
0.02916074
0.02938509
0.03110909
0.03008509
0.03024554
0.03002524
0.02849555
0.02862620
0.02904940
0.02859187
0.02866912
0.02846169
0.02845979
0.02872992
0.02910233
0.02888060
0.02919459
0.02904773
0.02889156
0.02900887
0.02921844
0.02897048
0.03086734
0.04043651
0.03960371
0.03102136
0.02862334
0.02895665
0.03438330
0.03380656
0.03310394
0.02867270
0.02887058
0.02938557
0.02957177
0.03034234
0.03611898
0.02932096
0.02879143
0.02897978
0.02840924
0.02855659
0.02850866
0.02961349
0.03021288
0.03037930
0.03046012
0.03110480
0.03016353
0.02980828
0.02979350
0.02954721
0.03163409
0.03086734
0.02891684
0.02925014
0.02989841
0.02962160
0.02914143
0.02923131
0.02996516
0.02937365
0.02928066
0.02904940
0.02942014
0.02920938
0.02864385
0.02848864
0.02931786
0.02948070
0.02928901
0.02914834
0.02856898
0.02866864
0.02910471
0.02897692
0.02913237
0.02921104
0.02952576
0.02964234
0.03452206
0.03368521
0.02893186
0.02877975
0.02891707
0.02906990
0.03041172
0.02890396
0.02853560
0.02864146
0.02845001
0.02845526
0.02890682
0.02854514
0.02848816
0.02877688
0.02878094
0.02911735
0.02871585
0.02896404
0.02872038
0.02873731
0.02910233
0.02867341
0.02855992
0.02877021
0.02847910
0.02841926
0.02917719
0.02922750
0.02899528
0.02947426
0.02933145
0.02931786
0.02903175
0.02900434
0.02897382
0.02901864
0.02852225
0.02860475
0.02852726
0.02856135
0.02906561
0.02917290
0.02967405
0.02895761
0.02849793
0.02917147
0.02858138
0.02958679
0.03131223
0.02964067
0.03090715
0.02920055
0.02900338
0.02863979
0.02911186
0.02919245
0.02901363
0.02851009
0.02940607
0.02917290
0.02896929
0.02942300
0.02971315
0.02860165
0.02862287
0.02874756
0.02893019
0.02933264
0.02949381
0.02919936
0.02916193
0.02909565
0.02859545
0.02912092
0.02956724
0.02905560
0.02988172
0.02933025
0.02958035
0.02924228
0.02912521
0.02867365
0.03127813
0.02871990
0.02858472
0.02889395
0.02870274
0.02859783
0.02877688
0.02877569
0.02957153
0.02884150
0.02977085
0.02887893
0.02904105
0.02965617
0.02886558
0.03050685
0.02894282
0.02952099
0.02880359
0.02857471
0.02857900
0.02908230
0.03007960
0.02907252
0.02896953
0.02932262
0.02922225
0.03103232
0.02890348
0.02910519
0.02923918
0.02893901
0.02898097
0.02851415
0.02857351
0.02987075
0.02916217
0.02908611
0.02977490
0.03004384
0.02974653
0.02939129
0.02906609
0.02924538
0.03029728
0.02936244
0.02960157
0.02936935
0.02906632
0.02888775
0.02893233
0.02848601
0.02843547
0.02869415
0.02896714
0.03064704
0.03967476
0.03453541
0.02886438
0.03160477
0.02963638
0.02897477
0.03122783
0.02856755
