0.00179720
0.03038478
0.02945876
0.02978063
0.02914381
0.02862906
0.02853680
0.02934980
0.02910924
0.02958202
0.02507830
0.02498484
0.02545643
0.02932858
0.02911878
0.02910852
0.02948427
0.02936316
0.02925158
0.02867818
0.02930880
0.03315139
0.02958322
0.02950215
0.02912879
0.02930927
0.02924013
0.02895451
0.02921462
0.02895880
0.02912903
0.02923441
0.03091645
0.02891397
0.02863216
0.02852941
0.02883673
0.02912927
0.02921200
0.03053164
0.02917337
0.02895594
0.02848172
0.02907109
0.02960491
0.02913761
0.02895522
0.02915192
0.02909851
0.02890468
0.02899742
0.02860999
0.02861190
0.02996516
0.04000568
0.03895760
0.02918434
0.02890420
0.02887297
0.01633358
0.01645422
0.01668286
0.02933407
0.02929926
0.03268933
0.02920485
0.02888989
0.02945185
0.02934575
0.02945471
0.02969861
0.02999306
0.02925515
0.03136301
0.03149533
0.02994990
0.03155136
0.02995396
0.02893376
0.02993011
0.02928901
0.02923942
0.02914739
0.02911448
0.02956676
0.02897024
0.02898741
0.02891517
0.02876782
0.02905464
0.02885461
0.02890420
0.02894950
0.02896142
0.02908945
0.02880907
0.02949190
0.02923989
0.02906728
0.02922988
0.02914119
0.02931213
0.03007126
0.02923179
0.02904749
0.02898884
0.02921915
0.02946711
0.03137493
0.03092504
0.02940512
0.03138018
0.02924156
0.02969289
0.02919507
0.03128362
0.02939892
0.02917004
0.02924228
0.02929854
0.02918005
0.02857447
0.03020215
0.02937555
0.02996230
0.02902794
0.02927041
0.02949071
0.02951694
0.02947259
0.02936316
0.02891135
0.02963543
0.02900672
0.02943873
0.02943206
0.02904820
0.02912688
0.02886844
0.02904534
0.02893043
0.02909613
0.02961826
0.02875638
0.02880955
0.02880740
0.02882004
0.02885008
0.02898502
0.02873564
0.02929592
0.02896118
0.02919483
0.02929878
0.02923417
0.02951002
0.03036284
0.03024888
0.03197908
0.02930927
0.02953720
0.02959371
0.03018475
0.03026414
0.04034972
0.03070116
0.03387785
0.02992821
0.03368020
0.03072214
0.02944756
0.03032541
0.02975512
0.02984524
0.02907491
0.02932310
0.02897048
0.03207326
0.02915573
0.02908802
0.02896070
0.02859497
0.02874279
0.02887487
0.02861977
0.02918005
0.02941585
0.02987528
0.02957654
0.02916527
0.02911520
0.02891469
0.02960420
0.03057647
0.03077173
0.02877450
0.02872825
0.02871108
0.02871871
0.02871871
0.02866721
0.02912450
0.02897811
0.02885604
0.02872014
0.02873731
0.02886319
0.02931762
0.03043079
0.02999377
0.03064179
0.02931428
0.02941751
0.02928305
0.03048897
0.03044271
0.02973866
0.03046942
0.03469491
0.03456211
0.03439808
0.03421283
0.03638864
0.03586936
0.02960443
0.02967548
0.03062081
0.03089070
0.03099871
0.03015876
0.03053093
0.03107715
0.03295016
0.02955580
0.02941585
0.03300214
0.02956176
0.02946687
0.02908111
0.02875161
0.02893233
0.02879691
0.02876186
0.03025150
0.02989006
0.02967930
0.03070712
0.02932096
0.02883244
0.03022265
0.02926064
0.02936316
0.02961063
0.02993417
0.02958918
0.02925611
0.02903986
0.02864170
0.02909255
0.02862525
0.02866149
0.02909875
0.02914596
0.02949595
0.02937460
0.02915335
0.02925348
0.02910399
0.02878785
0.02978349
0.02884984
0.02856255
0.02848053
0.02846646
0.02855539
0.02847981
0.02879739
0.02874041
0.02870131
0.02909064
0.02939200
0.02933526
0.02968454
0.02915525
0.02918553
0.02950406
0.02991796
0.02897191
0.02866960
0.02870822
0.02852273
0.02846336
0.02844167
0.02916813
0.02937913
0.02900243
0.02939391
0.02873468
0.02922416
0.02872944
0.03032351
0.02904654
0.02921963
0.02944016
0.03333354
0.03325033
0.03325701
0.03335929
0.03334856
0.02944803
0.02908444
0.02886295
0.02969122
0.02989674
0.02938986
0.02940702
0.02970076
0.02941108
0.02913022
0.02892160
0.02907944
0.02909422
0.02931404
0.02904034
0.03021741
0.03155303
0.02947593
0.02973509
0.03070116
0.03005457
0.03293443
0.03155875
0.03066802
0.02981853
0.03047276
0.03157330
0.03116441
0.03316164
0.03381133
0.03287554
0.03284574
0.03354383
0.03323293
0.03305626
0.03384352
0.03195357
0.03016329
0.03109646
0.03074789
0.02997804
0.02962255
0.02973199
0.03004932
0.03080893
