0.00152946
0.01632953
0.01695347
0.01624060
0.01605868
0.01640296
0.01620293
0.01603460
0.01600933
0.01600552
0.01600790
0.01600909
0.01602817
0.01599002
0.01705170
0.01708627
0.01709080
0.01706076
0.01597834
0.01608109
0.01617622
0.01597714
0.01598406
0.01598144
0.01600981
0.01708531
0.01599979
0.01729941
0.01634693
0.01603007
0.01706529
0.01814461
0.01808763
0.01808953
0.01820040
0.01824689
0.01909876
0.01905155
0.01926231
0.01930857
0.01914692
0.01908183
0.01921988
0.01910710
0.01913977
0.01929855
0.01943254
0.01935983
0.01926851
0.01936388
0.01994824
0.02245235
0.01957726
0.01977253
0.01944995
0.01913261
0.01923466
0.01933146
0.01917553
0.01925349
0.01939797
0.01918077
0.01914525
0.01916838
0.01908469
0.01914763
0.01914263
0.01908398
0.01916623
0.01919508
0.01913881
0.01910377
0.01908469
0.01906538
0.01908922
0.01923203
0.01909661
0.01911831
0.01933455
0.01965570
0.01926517
0.01915312
0.01911187
0.01963663
0.01945710
0.01960897
0.01930785
0.01917052
0.01918936
0.01923561
0.01932192
0.01919365
0.01915002
0.01910043
0.01907849
0.01968431
0.01941371
0.01933885
0.01937556
0.01927185
0.01920581
0.01917672
0.01925421
0.01958656
0.01971674
0.01947618
0.01921773
0.01915145
0.01911712
0.01938939
0.01929021
0.01939702
0.01918530
0.01921391
0.01918221
0.01919270
0.01922202
0.01954556
0.01966715
0.01941085
0.01924300
0.01925135
0.01919889
0.01931286
0.01937842
0.01922798
0.01925206
0.01985574
0.01956630
0.02000260
0.01944900
0.01957965
0.01944113
0.01968241
0.02007198
0.01945162
0.01950812
0.01941729
0.01952267
0.01965618
0.01943207
0.01925635
0.01921368
0.01936650
0.01948953
0.01924324
0.01929855
0.01922178
0.01928735
0.01954436
0.01924109
0.01952171
0.01934433
0.01943827
0.01990342
0.01949430
0.01943612
0.01918101
0.01921749
0.01930976
0.01929545
0.01944160
0.01930666
0.01931024
0.01925850
0.01920176
0.01917148
0.01924777
0.01931214
0.01946282
0.01922584
0.01920652
0.01919556
0.01918936
0.01919484
0.01928806
0.01925111
0.01933050
0.01950717
0.01956701
0.01955318
0.01927423
0.01921582
0.01923466
0.01930499
0.01946163
0.01957178
0.01929545
0.01915765
0.01923108
0.01933575
0.01922894
0.01914525
0.01913238
0.01916051
0.01920438
0.01917195
0.01923060
0.01930118
0.01940703
0.01960230
0.01957059
0.01942301
0.02190137
0.01996756
0.01977468
0.01936054
0.01925135
0.01925230
0.01925278
0.01986814
0.01967978
0.02004266
0.01963973
0.01951289
0.02113056
0.02260232
0.01948309
0.01926279
0.01939225
0.01922488
0.01914978
0.01916170
0.01916194
0.01922011
0.01920819
0.01925850
0.01923466
0.01925564
0.01966572
0.01961732
0.01928473
0.01931500
0.01949859
0.02885604
0.02285171
0.02101588
0.02163911
0.02191043
0.02168202
0.02151823
0.02124023
0.01982880
0.01982069
0.01979685
0.01970601
0.01959991
0.01950526
0.01958108
0.01957798
0.01938200
0.01940656
0.01963544
0.02077508
0.01936913
0.01926184
0.02112317
0.01931000
0.01933408
0.01958132
0.01938939
0.01930904
0.01923037
0.01923347
0.01922655
0.01922631
0.01921058
0.01911306
0.01918650
0.01918602
0.01916122
