1.58610415
0.01867437
0.01746178
0.01737070
0.01721144
0.01736236
0.01734018
0.01733780
0.01741982
0.01731849
0.01691055
0.01643395
0.01639104
0.01647735
0.01642656
0.01630855
0.01629329
0.01645684
0.01640463
0.01633787
0.01650167
0.01683450
0.01653886
0.01650167
0.01655984
0.01651168
0.01648259
0.01651978
0.01671910
0.01666570
0.01657271
0.01670718
0.01694584
0.01681733
0.01656723
0.01653695
0.01641202
0.01663256
0.01639342
0.01647353
0.01642466
0.01634192
0.01642871
0.01601911
0.01616120
0.01646590
0.01637697
0.01644301
0.01636004
0.01626182
0.01646447
0.01628804
0.01625180
0.01625872
0.01609063
0.01603103
0.01662159
0.01637816
0.01636338
0.01637244
0.01654243
0.01636052
0.01647210
0.01638603
0.01648092
0.01645970
0.01668859
0.01645970
0.01640153
0.01642489
0.01643634
0.01650500
0.01642275
0.01646399
0.01645637
0.01648259
0.01635385
0.01639938
0.01646543
0.01643157
0.01628351
0.01630020
0.01627254
0.01639199
0.01629758
0.01622462
0.01608825
0.01611638
0.01623654
0.01608896
0.01613951
0.01720786
0.01667643
0.01648092
0.01655960
0.01642942
0.01647091
0.01638436
0.01701021
0.01622963
0.01653194
0.01672506
0.01645589
0.01637912
0.01638126
0.01644897
0.01641512
0.01631308
0.01620126
0.01619220
0.01627016
0.01621866
0.01625919
0.01639485
0.01608634
0.01666427
0.01660061
0.01639438
0.01644468
0.01663375
0.01643372
0.01633453
0.01637483
0.01649475
0.01657057
0.01630688
0.01634026
0.01624942
0.01626229
0.01629996
0.01623178
0.01628089
0.01643491
0.01637459
0.01671720
0.01671171
0.01633120
0.01630044
0.01632977
0.01616859
0.01621270
0.01693726
0.01653004
0.01623178
0.01627564
0.01629090
0.01630211
0.01644826
0.01652312
0.01660728
0.01700807
0.01666188
0.01648998
0.01651001
0.01640463
0.01661921
0.01655674
0.01642442
0.01663065
0.01638722
0.01630545
0.01640654
0.01637936
0.01634121
0.01634288
0.01651120
0.01646161
0.01635027
0.01636243
0.01641893
0.01641703
0.01647115
0.01640439
0.01641035
0.01635075
0.01630640
0.01645875
0.01621151
0.01628017
0.01630187
0.01637197
0.01640177
0.01622248
0.01642227
0.01648355
0.01619291
0.01628876
0.01631284
0.01633334
0.01616287
0.01619697
0.01649857
0.01674628
0.01661038
0.01639915
0.01644611
0.01645112
0.01643562
0.01627159
0.01642704
0.01667523
0.01610041
0.01615477
0.01633406
0.01629663
0.01630592
0.01673007
0.01657701
0.01630998
0.01641369
0.01638842
0.01637197
0.01630044
0.01633883
0.01634550
0.01614904
0.01644778
0.01628971
0.01625299
0.01625443
0.01625395
0.01621175
0.01619482
0.01633763
0.01673651
0.01638365
0.01637483
0.01622462
0.01618934
0.01620030
0.01620030
0.01618385
0.01668096
0.01637101
0.01646566
0.01624441
0.01648951
0.01621437
0.01615596
0.01622295
0.01624656
0.01653719
0.01646376
0.01637530
0.01614690
0.01630378
0.01629472
0.01622939
0.01621175
0.01628780
0.01629400
0.01628590
0.01641870
0.01633048
0.01635361
0.01630211
0.01633859
0.01617050
0.01627946
0.01650310
0.01647234
0.01619411
0.01642919
0.01616812
0.01613164
0.01622248
0.01620841
0.01615191
0.01615119
0.01608658
0.01612210
0.01602316
0.01605248
0.01621962
0.01612020
0.01622844
0.01635957
0.01641679
0.01648092
0.01625562
0.01626587
0.01612139
0.01608324
0.01624584
0.01627994
0.01634574
0.01627421
0.01634383
0.01633430
0.01625991
0.01623368
0.01651859
0.01656771
0.01632261
0.01636791
0.01641011
0.01639295
0.01696730
0.01633525
0.01686049
0.01617432
0.01620746
0.01613259
0.01618195
0.01632476
0.01651835
0.01647902
0.01640916
0.01653075
0.01634479
0.01634097
0.01636577
0.01632857
0.01631141
0.01631284
0.01655269
0.01633859
0.01630139
0.01614952
0.01612377
0.01614380
0.01609898
0.01609778
0.01613569
0.01630187
0.01638055
0.01647854
0.01725459
0.01654077
0.01642203
0.01649737
0.01653624
0.01621342
0.01621389
0.01614380
0.01616836
0.01614118
0.01621246
0.01619315
0.01607943
0.01651382
0.01641130
0.01636934
0.01627827
0.01632881
0.01631165
0.01641011
0.01641488
0.01650667
0.01637793
0.01642418
0.01645088
0.01648545
0.01700997
0.01665759
0.01614046
0.01613498
0.01619983
0.01620722
0.01621294
0.01673508
0.01700616
0.01695347
0.01661491
0.01630306
0.01691937
0.01671004
0.01718998
0.03505015
0.01734328
0.01694298
0.01682854
0.01676798
0.01652241
0.01625466
0.01678801
0.01635575
0.01676059
0.01660180
0.01619077
0.01619840
0.01660132
0.01638579
0.01625633
0.01627040
0.01641726
0.01643133
0.01641297
0.01627135
0.01638985
0.01631522
0.01628900
0.01635385
0.01633024
0.01624560
0.01623869
0.01675415
0.01691747
0.01694369
0.01679158
0.01686072
0.01724029
0.01709151
0.01702523
0.01722836
0.01705575
0.01719499
0.01710296
0.01678514
0.01617265
0.01652956
0.01620770
0.01618385
0.01635408
0.01635051
0.01624537
0.01614404
0.01619005
0.01646352
0.01657510
0.01633382
0.01637530
0.01621008
0.01643252
0.01615834
0.01609254
0.01619029
0.01620340
0.01614118
0.01618290
0.01619840
0.01602697
0.01607299
0.01611924
0.01638341
0.01626730
0.01650858
0.01608729
0.01621151
0.01624823
0.01609468
0.01606560
0.01617742
0.01628709
0.01653075
0.01623559
0.01632810
0.01628304
0.01631212
0.01631188
0.01629448
0.01635385
0.01668286
0.01643419
0.01637077
0.01612020
0.01609182
0.01611471
0.01635766
0.01626420
0.01632810
0.01640821
0.01644540
0.01633883
0.01636219
0.01634002
0.01617527
0.01631021
0.01611328
0.01677036
0.01643777
0.01639485
0.01636982
0.01621890
0.01692724
0.01700592
0.01671767
0.01636171
0.01654410
0.01682758
0.01696897
0.01701736
0.01670718
0.01676702
0.01650333
0.01641226
0.01643944
0.01662350
0.01694942
0.01651168
0.01651406
0.01638055
0.01659703
0.01652575
0.01666498
0.01692891
0.01678681
0.01701570
0.01636648
0.01628375
0.01642680
0.01637936
0.01634145
0.01635766
0.01679325
0.01646829
0.01630139
0.01637936
0.01632214
0.01636505
0.01638007
0.01632023
0.01637864
0.02745485
0.02689981
0.02992249
0.02638602
0.02608919
0.02676916
0.02852273
0.02666402
0.02841306
0.02653623
0.02670884
0.02634048
0.02679968
0.02774501
0.02848268
0.02684450
0.02779746
0.02802515
0.02669287
0.02649260
0.02756977
0.02775979
0.02633190
0.02644229
0.02714896
0.02781940
0.02791691
0.02655005
0.02734280
0.02651286
0.02682996
0.02643681
0.02672911
0.02763748
0.02691817
0.02720308
0.02898145
0.02704072
0.02687049
0.02691674
0.02687168
0.02689576
0.02737808
0.02765393
0.02771974
0.02699685
0.02678585
0.02727532
0.02744675
0.02933812
0.02740836
0.02695656
0.02708244
0.02902913
0.02711868
0.02695251
0.02701735
0.02705383
0.02698016
0.02682829
0.02693057
0.02713895
0.03201890
0.02699780
0.02683640
0.02765298
0.02705669
0.02818394
0.03028560
0.02721643
0.02714610
0.02729225
0.02775669
0.02731705
0.02710962
0.02715063
0.02687144
0.02715206
0.02696562
0.02712584
0.02014804
0.01649117
0.01642919
0.01662207
0.01665282
0.01646781
0.01637268
0.01641011
0.01640654
0.01634669
0.01651525
0.01642966
0.01631308
0.01729941
0.01659894
0.01635909
0.01672506
0.01649261
0.01665521
0.01636195
0.01694608
0.01657557
0.01635575
0.01633883
0.01652455
0.01668000
0.01639891
0.01640344
0.01640010
0.01671720
0.01649690
0.01632357
0.01647329
0.01649117
0.01642084
0.01639271
0.01636720
0.01630998
0.01637506
0.01640415
0.01636648
0.01646066
0.01641917
0.01643872
0.01641011
0.01646805
0.01646161
0.01635432
0.01634431
0.01632524
0.01633739
0.01638746
0.01647115
0.01631594
0.01638937
0.01650572
0.01745009
0.01699758
0.01687050
0.01679540
0.01668382
0.01661444
0.01654148
0.01638579
0.01951623
0.02621746
0.02743626
0.02777410
0.02660465
0.03054786
0.03051186
0.02671647
0.02660513
0.02670455
0.02634168
0.02820182
0.02723384
0.02883816
0.02671337
0.02664709
0.02660370
0.02677083
0.02686667
0.02662730
0.02908564
0.03531480
0.03547549
0.03079700
0.02635121
0.02611446
0.02634597
0.02757955
0.02749205
0.02766347
0.02634597
0.02671647
0.02680159
0.02690029
0.02679729
0.02664089
0.02679348
0.02674031
0.02652955
0.02619529
0.02676630
0.02685142
0.02663779
0.02690148
0.02689147
0.02700114
0.02673769
0.02675891
0.02694535
0.02692008
0.02982330
0.02695799
0.02683854
0.02708459
0.02752423
0.02663636
0.02662158
0.02673054
0.02686548
0.02692485
0.02713370
0.02689385
0.03283787
0.03759527
0.03449392
0.03174424
0.03173923
0.02694106
