0.00188470
0.01639819
0.01639414
0.01607656
0.01626706
0.01639318
0.01624584
0.01617956
0.01634097
0.01675534
0.01651525
0.01600075
0.01619601
0.01650453
0.01618361
0.01626277
0.01607227
0.01605725
0.01596165
0.01594949
0.01598048
0.01594186
0.01593542
0.01600838
0.01611757
0.01608968
0.01605201
0.01609039
0.01606178
0.01639652
0.01640487
0.01623869
0.01623106
0.01614523
0.01617455
0.01611543
0.01628423
0.01642609
0.01630306
0.01634073
0.01631737
0.01627493
0.01658940
0.01662874
0.01631927
0.01631689
0.01617193
0.01616716
0.01628280
0.01668596
0.01620436
0.01628518
0.01635551
0.01627517
0.01633048
0.01619458
0.01620340
0.01613927
0.01619363
0.01647186
0.01637435
0.01667070
0.01643252
0.01631498
0.01657581
0.01636529
0.01627302
0.01620913
0.01625967
0.01661801
0.01630998
0.01617002
0.01629162
0.01607156
0.01620317
0.01613903
0.01612067
0.01609254
0.01615214
0.01610804
0.01656938
0.01633501
0.01621819
0.01599669
0.01637483
0.01629496
0.01623273
0.01616812
0.01618695
0.01617098
0.01620865
0.01612830
0.01623249
0.01641297
0.01608181
0.01610279
0.01608419
0.01615906
0.01613569
0.01641178
0.01628947
0.01648974
0.01620412
0.01616216
0.01623130
0.01653385
0.01643443
0.01631451
0.01648426
0.01631427
0.01630163
0.01625657
0.01629138
0.01637363
0.01646423
0.01632166
0.01611257
0.01621509
0.01627707
0.01619935
0.01629901
0.01611400
0.01624942
0.01621914
0.01618505
0.01616716
0.01709056
0.01657367
0.01629853
0.01623082
0.01619220
0.01620269
0.01614428
0.01610327
0.01611996
0.01607370
0.01614094
0.01616144
0.01619935
0.01614666
0.01597118
0.01609731
0.01676464
0.01629257
0.01620793
0.01630974
0.01634979
0.01618361
0.01623201
0.01602745
0.01622415
0.01614094
0.01619077
0.01638246
0.01620531
0.01624823
0.01642561
0.01643395
0.01694012
0.01653862
0.01677775
0.01623225
0.01616621
0.01610398
0.01613951
0.01617265
0.01618338
0.01609802
0.01616240
0.01607776
0.01615882
0.01617002
0.01626229
0.01622653
0.01616216
0.01621938
0.01616526
0.01622391
0.01599002
0.01620555
0.01668382
0.01635337
0.01609683
0.01602983
0.01613855
0.01610613
0.01630950
0.01622343
0.01634359
0.01628804
0.01618934
0.01613712
0.01620054
0.01639915
0.01641560
0.01642632
0.01621485
0.01604462
0.01603174
0.01592016
0.01597190
0.01600504
0.01602340
0.01603436
0.01605439
0.01597571
0.01600957
0.01636314
0.01629710
0.01624751
0.01615596
0.01601434
0.01666832
0.01645184
0.01640987
0.01627707
0.01654029
0.01626801
0.01652527
0.01635528
0.01631260
0.01624584
0.01627159
0.01635385
0.01631260
0.01636171
0.01632380
0.01603293
0.01624680
0.01620817
0.01618099
0.01624370
0.01615906
0.01630402
0.01624823
0.01615453
0.01611590
0.01651406
0.01623845
0.01632500
0.01641893
0.01662207
0.01623440
0.01624084
0.01624417
0.01658320
0.01641464
0.01629305
0.01633644
0.01621461
0.01653552
0.01651168
0.01666236
0.01646233
0.01641512
0.01646924
0.01639724
0.01628113
0.01621509
0.01615691
0.01630807
0.01636863
0.01628399
0.01629496
0.01633930
0.01633239
0.01642776
0.01651335
0.01632118
0.01651645
0.01639318
0.01628137
0.01630759
0.01618791
0.01651978
0.01624823
0.01621532
0.01653385
0.01659298
0.01633096
0.01681185
0.01688838
0.01679802
0.01659203
0.01677513
0.01676893
0.01673174
0.01680160
0.01707101
0.01662445
0.01669645
0.01665664
0.01665044
0.01654553
0.01639247
0.01637626
0.01642227
0.01633120
0.01630473
0.01626229
0.01634479
0.01639199
0.01653171
0.01650500
0.01651096
0.01648450
0.01639843
0.01628757
0.01634622
0.01643443
0.01636624
0.01637912
0.01644588
0.01639318
0.01622868
0.01620221
0.01620078
0.01625228
0.01629901
0.01634288
0.01651859
0.01609778
0.01633763
0.01631117
0.01632667
0.01616597
0.01617932
0.01619959
0.01623750
0.01622868
0.01621366
0.01624036
0.01631045
0.01626635
0.01663947
0.01687384
0.01623487
0.01634336
0.01631522
0.01684403
0.01701260
0.01679373
0.01682305
0.01702356
0.01637840
0.01637816
0.01595712
0.01608253
0.01615739
0.01611304
0.02073193
0.02063560
0.02444530
0.02897525
0.02854609
0.02810621
0.02825093
0.02788925
0.02793932
0.02833128
0.02793384
0.03060079
0.03045344
0.03823137
0.03961873
0.03168201
0.02813292
0.02788925
0.02820420
0.02789283
0.02809048
0.02809739
0.02853775
0.03736138
0.03530622
0.02962065
0.02980661
0.02983594
0.02941489
0.02816963
0.02917051
0.02861857
0.02890706
0.02884793
0.02884865
0.02878141
0.02808475
0.02798057
0.02806234
0.02804017
0.02796006
0.02791262
0.02803349
0.02812171
0.02804255
0.02905297
0.02866936
0.02844977
0.02862263
0.02852678
0.02793193
0.02824783
0.02792954
0.02808714
0.03040409
0.02912807
0.02862883
0.03052902
