0.00177360
0.03522658
0.03480911
0.03447270
0.03475714
0.03508306
0.03456926
0.03518105
0.03527737
0.03531289
0.03518724
0.03561330
0.03626084
0.03493834
0.03466988
0.03495765
0.03467655
0.03503466
0.03485203
0.03475475
0.03532410
0.03488660
0.03487325
0.03480840
0.03256249
0.03532672
0.03480721
0.03495908
0.03469229
0.03462768
0.03485227
0.03482842
0.03516388
0.03497219
0.03523850
0.03551054
0.03478718
0.03487086
0.03602815
0.03489447
0.03500152
0.03569317
0.03478909
0.03476524
0.03498101
0.03475666
0.03466940
0.03481007
0.03525019
0.03523040
0.03480387
0.03499341
0.03538084
0.03030348
0.03421926
0.03244400
0.03200579
0.03087664
0.03107905
0.03121448
0.03129935
0.03303623
0.03627968
0.02997947
0.03069401
0.02988625
0.03613639
0.03439021
0.03578138
0.03607440
0.03723860
0.03680205
0.03492212
0.03464437
0.03538799
0.03498793
0.03500557
0.03498340
0.03457451
0.03483915
0.03479958
0.03477144
0.03530192
0.03507662
0.03513598
0.03515029
0.03503609
0.03495145
0.03523946
0.03484082
0.03532434
0.03476357
0.03508925
0.03496099
0.03816414
0.03600836
0.04035258
0.03633523
0.04011250
0.03489757
0.03445196
0.03466177
0.03458238
0.03516555
0.03481102
0.03505516
0.03484726
0.03463149
0.03637886
0.03594446
0.03558826
0.03613997
0.03570700
0.03584528
0.03507519
0.03460646
0.03508282
0.03484964
0.03491139
0.03534389
0.03490663
0.03567791
0.03634644
0.03572464
0.03874850
0.03570795
0.03558803
0.03487372
0.03563213
0.03498030
0.03493428
0.03308082
0.03153920
0.03331423
0.03485131
0.03134513
0.03169489
0.03281593
0.03295517
0.03460646
0.03194809
0.03776598
0.03224492
0.03075075
0.03354549
0.03309226
0.03181195
0.03275037
0.03445029
0.03159809
0.03185892
0.03147030
0.03043580
0.03133035
0.03006434
0.03168750
0.03016233
0.03467035
0.03250384
0.03220630
0.03346682
0.03327227
0.03493667
0.03547764
0.03496361
0.03527355
0.03537965
0.03510833
0.03563070
0.03525591
0.03530836
0.03538203
0.03486109
0.03552127
0.03477907
0.03572774
0.03574181
0.03522158
0.03516126
0.03655767
0.03571868
0.03518462
0.03519034
0.03518653
0.03510404
0.03545308
0.03513312
0.03104353
0.03138447
0.03112650
0.03016996
0.03557277
0.03313971
0.03638530
0.03792524
0.03340650
0.03480744
0.03558731
0.03377318
0.03482127
0.03280663
0.03442430
0.03728557
0.03497767
0.03535724
0.03490686
0.03480220
0.03784990
0.03566885
0.03533602
0.03589249
0.03497458
0.03487921
0.03517270
0.03496265
0.03623056
0.03514767
0.03622556
0.03620529
0.03789544
0.03652859
0.03657293
0.03629136
0.03603697
0.03546309
0.03545475
0.03547668
0.04138899
0.03519273
0.03552890
0.03602672
0.03236032
0.03093147
0.03375530
0.03196383
0.03230143
0.03082991
0.03169990
0.03288460
0.03261209
0.03284431
0.03102255
0.03111792
0.03102875
0.03311181
0.03173780
0.03101873
0.03354001
0.03466725
0.03096938
0.03244829
0.03326392
0.03078103
0.03144360
0.03108597
0.03287983
0.03096342
0.03373194
0.03576016
0.03555632
0.03691339
0.03519034
0.03530765
0.03501081
0.03479791
0.03483200
0.03526425
0.03515220
0.03557777
0.03584409
0.03502035
0.03513408
0.03571916
0.03552318
0.03534269
0.03557873
0.03632593
0.03498769
0.03642416
0.03864455
0.03563738
0.03812551
0.03576183
0.03503060
0.03497243
0.03492928
0.03512931
0.03506541
0.03504777
0.03533983
0.03480005
0.03513765
0.03499699
0.03498054
0.03627658
0.03505540
0.03500581
0.03542185
0.03488731
0.03479719
0.03500032
0.03528690
0.03536701
0.03517628
0.03523779
0.03518748
0.03523922
0.04175568
0.03134656
0.03306270
0.03543878
0.03006792
0.03160834
0.03151035
0.03234315
0.03093767
0.03035641
0.03053164
0.03169751
0.03614068
0.03110147
0.03077626
0.03048015
0.03155637
0.03057384
0.03120041
0.03161645
0.03214788
0.03133583
0.03041744
0.02996898
0.03058934
0.03161860
0.03056788
0.03037190
0.03026295
0.02985287
0.03663492
0.03537393
0.03278518
0.03439045
0.03482270
0.03268051
0.03578353
0.03587317
0.03456569
0.03477192
0.03551674
0.03456616
0.03458786
0.03436136
0.03529382
0.03479290
0.03458762
0.03477645
0.03466415
0.03476763
0.03453040
0.03477812
0.03440738
0.03472042
0.03495860
0.03450465
0.03491688
0.03444839
0.03455329
0.03484511
0.03523135
0.03504372
0.03491473
0.03502798
0.03454351
0.03500915
0.03472281
0.03459120
0.03476763
0.03475738
0.03464317
0.03485680
0.03472543
