0.00246763
0.01726866
0.01759696
0.01688957
0.01715231
0.01679230
0.01672173
0.01705480
0.01690578
0.01674366
0.01688099
0.01731443
0.01697111
0.01678371
0.01670790
0.01694584
0.01697969
0.01685047
0.01752043
0.01702476
0.01679659
0.01751971
0.01678658
0.01687598
0.01708603
0.01712275
0.01693535
0.01670742
0.01727724
0.01731658
0.01688719
0.01672959
0.01714206
0.01731062
0.01665401
0.01729345
0.01949978
0.01679301
0.01735783
0.01692271
0.01675582
0.01674199
0.01687002
0.01691675
0.01787519
0.01698804
0.01668119
0.01792240
0.01692367
0.01697612
0.01681209
0.01701760
0.01682973
0.01670337
0.01671720
0.01688814
0.01704383
0.01675582
0.01708364
0.01726437
0.01684785
0.01690292
0.01687551
0.01695204
0.01674891
0.01719236
0.01692295
0.01699686
0.01702094
0.01724553
0.01687694
0.01681757
0.01702189
0.01678514
0.01674342
0.01736164
0.01686788
0.01722074
0.01676464
0.01716495
0.01686311
0.01696682
0.01685548
0.01707125
0.01704645
0.01674104
0.01694512
0.01716924
0.01686430
0.01681376
0.01692271
0.01680207
0.01697779
0.01705909
0.01700878
0.01711011
0.01750469
0.01714349
0.01694107
0.01851225
0.01690388
0.01704073
0.01673341
0.01700735
0.01695991
0.01675296
0.01712084
0.01697063
0.01691985
0.01706839
0.01699877
0.01662827
0.01687837
0.01719332
0.01708364
0.01703382
0.01691079
0.01684380
0.01749301
0.01685786
0.01700449
0.01700258
0.01743889
0.01714730
0.01695323
0.01746607
0.01698923
0.01698112
0.01720953
0.01728749
0.01687288
0.01688552
0.01694632
0.01712584
0.01721621
0.01723695
0.01674461
0.01765132
0.01871467
0.02287769
0.01698661
0.01704621
0.01707530
0.01722002
0.01708889
0.01676273
0.01696491
0.01708984
0.03777122
0.03476286
0.01688123
0.01711774
0.01740885
0.01722193
0.01681566
0.01729059
0.01735091
0.01678681
0.01725888
0.01686430
0.01691508
0.01799345
0.01800680
0.01739812
0.01741576
0.01782084
0.01733112
0.01790094
0.01705909
0.01676130
0.01693964
0.01752830
0.01746535
0.01732326
0.01691508
0.01757121
0.01695132
0.01683187
0.01671743
0.01716828
0.01681328
0.01680064
0.01680112
0.02825809
0.03425670
0.01709628
0.01672435
0.01707149
0.01695752
0.01681280
0.01676464
0.01684713
0.01670027
0.01680851
0.01715398
0.01693058
0.01672935
0.01707721
0.01776838
0.01693964
0.01681709
0.01745582
0.01743436
0.01683712
0.01780224
0.01701474
0.01682687
0.01678848
0.01732898
0.01725197
0.01672864
0.01692867
0.01686239
0.01691699
0.01695871
0.01710582
0.01699638
0.01669860
0.01673555
0.01687765
0.01673794
0.01667237
0.01743150
0.01706886
0.01684427
0.01678610
0.01734400
0.01751924
0.01693344
0.01773167
0.01707721
0.01676893
0.01745224
0.01783133
0.01692414
0.01710415
0.01678705
0.01688313
0.01659179
0.01681566
0.01684260
0.01686835
0.01707506
0.01687002
0.01689172
0.01673746
0.01678014
0.01686382
0.01713824
0.01680088
0.01700187
0.01706219
0.01672602
0.01656342
0.01743484
0.01730561
0.01743269
0.01668453
0.01709843
0.01733923
0.01697946
0.01701260
0.01672888
0.01715851
0.01689434
0.01661873
0.01720047
0.01672316
0.01646519
0.01709771
0.01699185
0.01696873
0.01709580
0.01684046
0.01693606
0.01674008
0.01709700
0.01669312
0.01717353
0.01785731
0.01733422
0.01698256
0.01769829
0.01659441
0.01709628
0.01681638
0.01718640
0.01702809
0.01726556
0.01684237
0.01720405
0.01724410
0.01670384
0.01699638
0.01786137
0.01703644
0.01737404
0.01649523
0.01699758
0.01768136
0.01674366
0.01688576
0.01718521
0.01697087
0.01669788
0.01705360
0.01675105
0.01687884
0.01705241
0.01683068
0.01701236
0.01672888
0.01700187
0.01706171
0.01663089
0.01679230
0.01693249
0.01694775
0.01677632
0.01708508
0.01683021
0.01685190
0.01683974
0.01681376
0.01791334
0.01693916
0.01767302
0.01681662
0.01710129
0.01682997
0.01696730
0.01672721
0.01684117
0.01717639
0.01680970
0.01719379
0.01707888
0.01685405
0.01686478
0.02041817
0.02260661
0.02058887
0.01969957
0.02018380
0.02075553
0.01899338
0.01731205
0.01748872
0.01685166
0.01946020
0.01683354
0.01697993
0.01667953
0.01690722
0.01732230
0.01678658
0.01685238
