0.00181842
0.03453279
0.03520894
0.03489113
0.03434253
0.03454518
0.03455210
0.03487945
0.03510952
0.03482437
0.03459215
0.03468728
0.03454256
0.03448057
0.03489709
0.03478718
0.03525186
0.03476596
0.03256679
0.03062916
0.03283668
0.03343725
0.03405714
0.03304958
0.03299236
0.03424597
0.03203297
0.03303599
0.03247976
0.03411341
0.03907371
0.02432179
0.01738501
0.01738262
0.01863980
0.01726151
0.01694250
0.01698542
0.01679707
0.01684284
0.01712632
0.01684523
0.01727819
0.01707196
0.01737595
0.01742935
0.01757884
0.01694632
0.01696754
0.01756239
0.01743698
0.01687431
0.01742530
0.01722360
0.01685810
0.01699424
0.01709247
0.01702785
0.01724267
0.02315497
0.03545356
0.03643107
0.03514767
0.03502655
0.03510380
0.03469586
0.03507996
0.03501034
0.03473139
0.03513122
0.03464222
0.03516865
0.03496408
0.03526258
0.03496838
0.03626752
0.03479886
0.03475213
0.03517723
0.03476620
0.03485870
0.03520298
0.03495598
0.03529596
0.03513908
0.03070021
0.03548765
0.03198218
0.03087449
0.03009295
0.03078389
0.03532243
0.03484344
0.03465128
0.03507543
0.03456640
0.03459835
0.03426623
0.03479123
0.03589010
0.03451419
0.03445005
0.03534198
0.03445005
0.03515005
0.03472757
0.03490353
0.03463221
0.03470421
0.03462839
0.03471899
0.03446221
0.03494072
0.03449011
0.03475237
0.03455782
0.03448343
0.03409386
0.03440475
0.03442979
0.02852750
0.01705933
0.01708817
0.01696920
0.01720667
0.01739144
0.01694322
0.01680827
0.01698685
0.01740122
0.01694894
0.01690888
0.01722765
0.01709604
0.01708412
0.01707053
0.01735568
0.01720047
0.01713705
0.01743054
0.01698327
0.02314734
0.02858877
0.03425622
0.03676462
0.03513217
0.03472567
0.03480530
0.03486228
0.03547406
0.03915596
0.03563166
0.03468752
0.03472042
0.03444791
0.03788090
0.03218460
0.03738141
0.03936958
0.03603888
0.03892612
0.03879118
0.03788614
0.03852558
0.03115249
0.03153801
0.03856182
0.03765750
0.03360462
0.03606343
0.03196526
0.03485250
0.03206182
0.03168058
0.04057169
0.03284192
0.03070760
0.03524685
0.03466272
0.03446984
0.03455281
0.02898622
0.02848864
0.02282095
0.02341366
0.02286267
0.02350664
0.02264309
0.02306199
0.02894688
0.03432584
0.03430319
0.03425717
0.03452563
0.03441405
0.03451633
0.03453279
0.03416061
0.03451872
0.03439546
0.03464627
0.03523898
0.03473544
0.03470802
0.03239512
0.03448987
0.03437901
0.03431010
0.03272367
0.03071594
0.03418541
0.03210306
0.03222537
0.03263712
0.04406738
0.03904891
0.03407335
0.03274059
0.03272867
0.03456402
0.03273416
0.03282785
0.03147340
0.03335619
0.03271914
0.03143263
0.03196311
0.03127789
0.03382659
0.03324699
0.03401709
0.03254342
0.03984427
0.03400207
0.03524399
0.03619838
0.03169799
0.03230524
0.03237653
0.03301287
0.03271031
0.03308630
0.03199720
0.03168869
0.03037834
0.03240371
0.03157687
0.03235221
0.03231692
0.03187633
0.03010035
0.03270841
0.03138375
0.04054189
0.04170728
0.04020166
0.03478360
0.03383112
0.03116107
0.03255725
0.03289485
0.03552175
0.03222799
0.03460288
0.03080177
0.03332710
0.03306413
0.03053975
0.03122091
0.03237748
0.03241301
0.03365946
0.03210020
0.03214288
0.03218150
0.03483248
0.03413463
0.03848457
0.03869605
0.03435087
0.03447366
0.03343606
0.04586625
0.04968452
0.05180335
0.04913807
0.05019999
0.04923701
0.05297542
0.05355215
0.05371523
0.05310011
0.04697847
0.05317473
0.04684472
0.04709029
0.04218745
0.03560185
0.03587079
0.03441334
0.03617883
0.03620505
0.03632593
0.03570199
0.03577638
0.03486276
0.03347397
0.03406000
0.03634572
0.03440070
0.03464556
0.03450227
0.03598595
0.03495955
0.03473568
0.03665495
0.03562355
0.03572893
0.03663564
0.03507042
0.03475833
0.03514266
0.03529143
0.03228307
0.03541446
0.03502369
0.03488421
0.05320978
0.05149150
0.04952288
0.05430245
0.04997563
0.04997873
0.05087328
0.05191493
0.05002522
0.05992436
0.05908394
0.05925035
0.05894423
0.05616093
0.05876637
0.04843855
0.05322266
0.05576706
0.05855179
0.05711198
0.05886340
0.05895162
0.06076241
0.05557632
0.04926157
0.03697658
0.03611827
0.03845072
0.03557897
0.03548241
0.03534102
0.03519678
0.03475165
0.03461623
0.03535676
0.03462982
0.03536606
0.03482389
0.03458881
0.03488803
0.03492951
0.03456187
0.03445673
0.03535581
0.03485870
0.03475285
0.03482556
0.03534508
0.03461695
0.03461456
0.03485489
0.03519273
0.03455973
0.03456116
0.03563547
0.03519630
0.03504872
0.03553987
0.03868389
0.03366232
0.03394270
0.03322148
0.03408909
0.03023672
0.03187037
0.03187084
0.03247404
0.03214741
0.03349662
0.03371572
0.03333783
0.03231907
0.03861833
0.03134775
0.03571939
0.03496194
0.03813052
0.03436136
0.03254032
0.03225780
0.03097534
0.03146982
0.03176856
0.03198028
0.03161740
0.03369355
0.03251672
0.03151393
0.03066754
0.03158092
0.03422213
0.03269386
0.03565145
0.03422785
0.03149772
0.03048015
0.03372025
0.03106952
0.03166485
0.03164959
0.03168249
0.03052664
0.03172469
0.03035760
0.03169560
0.03163409
0.03080344
0.03120708
0.03117657
0.03116655
0.03262258
0.03218699
0.03280377
0.03118348
0.03061247
0.03031969
0.03165579
0.03331017
0.03311300
0.03419137
0.03200841
0.03633261
0.03072119
0.03220820
0.03374648
0.03086686
0.03419781
0.03197169
0.03316808
0.03282809
0.03614736
0.03464317
0.03498030
0.03489375
0.03525519
0.03431034
0.03517818
0.03457379
0.03852129
0.03892875
0.03486395
0.03840661
0.03892756
0.03841257
0.03882909
0.03841209
0.03887987
0.03960657
0.03633976
0.04155159
0.03898835
0.03725624
0.03988886
0.04022646
0.04381776
0.04630637
0.04150820
0.04050183
0.03809929
0.04046011
0.04020357
0.03928113
0.03953624
0.03892183
0.03877449
0.04580402
0.03896117
0.03245640
0.03936076
0.04010749
0.04086518
0.03985119
0.03943658
0.03949594
0.03271770
0.03397155
0.03826404
0.03264785
0.03279805
0.03616095
0.03407741
0.03232694
0.03369546
0.03510022
0.03473210
0.03345728
0.03474593
0.03169870
0.03470516
0.03252125
0.03298855
0.03150177
0.03471279
0.03437591
0.04325104
0.04147553
0.04130650
0.04147005
0.04177380
0.04569149
0.04211044
0.04262924
0.04339409
0.04201698
0.03417540
0.03365064
0.03112459
0.03101158
0.03118539
0.03350616
0.03401423
0.03167892
0.03155208
0.03021169
0.03545570
0.03642941
0.03328824
0.03087831
0.03079653
0.03881717
0.04078031
0.04077816
0.04113007
0.04189181
0.04274178
0.04148626
0.04129934
0.04197383
0.04082775
0.04135919
0.05315304
0.04020238
0.03062391
0.03481531
0.03492427
0.03798652
0.03601813
0.03579378
0.04069996
0.03587222
0.03656626
0.03621054
0.03590655
0.03514791
0.03480792
0.03502679
0.03504777
0.03488326
0.03477097
0.03493714
0.03447223
0.03501606
0.03505468
0.03481984
0.03531408
0.03897023
0.03904486
0.03866434
0.03509760
0.03945065
0.03914881
0.03647017
0.03544283
0.03515577
0.03515196
0.03505206
0.03522110
0.03505397
0.03524613
0.03553677
0.03517580
0.03604221
0.03518319
0.03513503
0.03517890
0.03869295
0.03932190
0.03865075
0.03718019
0.03914070
0.03833604
0.03952241
0.03855729
0.03883314
0.03858662
0.03931642
0.03581119
0.04328704
0.03865910
0.03697991
0.03865480
0.03867650
0.03825998
0.03882551
0.03833032
0.03977537
0.03871584
0.03807092
0.03954792
0.03484058
0.03252697
0.03236985
0.03488612
0.03872776
0.03669906
0.03952169
0.03969836
0.03852010
0.03916407
0.03507066
0.03542328
0.03581905
0.03502154
0.03515863
0.03507137
0.03537178
0.03546381
0.03816748
0.03566885
0.03921556
0.03582382
0.03576970
0.03589630
0.03501844
0.03554630
0.03545761
0.03513527
0.03536248
0.03599429
0.03576970
0.03544378
0.03507876
0.03597450
0.03556299
0.03510785
0.03543735
0.03516459
0.03555989
0.03520417
0.03567600
0.03558946
0.03556943
0.03583455
0.03556681
0.03538561
0.03531337
0.03526616
0.03534913
0.03553128
0.03487802
0.03503132
0.03563881
0.03564763
0.03541923
0.03704691
0.03229737
0.03027415
0.03081155
0.03167605
0.03023481
0.03227425
0.03031707
0.03398418
0.03179073
0.03229260
0.03159237
0.03241587
0.03159499
0.03197479
0.03317547
0.03226399
0.03166318
0.03365326
0.03047252
0.03103971
0.03048301
0.03257155
0.03086376
0.03243065
0.03065896
0.03365898
0.03034568
0.03349853
0.03058839
0.03298521
0.03159165
0.03503656
0.03431582
0.03461385
0.03464580
0.03037333
0.03024459
0.03032923
0.03132153
0.03085589
0.03266454
0.03582549
0.03592801
0.03477883
0.03462219
0.03498220
0.03477311
0.03499007
0.03506470
0.03532219
0.03548717
0.03505039
0.04090142
0.04087377
0.04099035
0.04081511
0.04102206
0.04190874
0.04122019
0.03043890
0.03044987
0.03066778
0.03486633
0.03514457
0.03474712
0.03475428
0.03529096
0.03521514
0.03482509
0.03490686
0.03515577
0.03517985
0.03449535
0.03258276
0.03433442
0.03320193
0.03479910
0.03367472
0.03325772
0.03295732
0.03270984
0.03470063
0.03415179
0.03237772
0.03173709
0.03431773
0.03337979
0.03052139
0.03448987
0.03240991
0.03073049
0.03488827
0.03195214
0.03227282
0.03602552
0.03083205
0.03526616
0.04086256
0.04256535
0.04091311
0.03838921
0.03731084
0.03150105
0.03308916
0.03405142
0.03087091
0.03230214
0.03147626
0.03215027
0.03125596
0.03377223
0.03727746
0.03578544
0.03475714
0.03517556
0.03550005
0.03522277
0.03452492
0.03564429
0.03505135
0.03496408
0.03478813
0.03573132
0.03451228
0.03494596
0.03533840
0.03527761
0.03477478
0.03480124
0.03470945
0.03497982
0.03549504
0.03539276
0.03509307
0.03335905
0.03238988
0.03291845
0.03061771
0.02965784
0.03133893
0.02991939
0.03498483
0.03468299
0.03457952
0.03497744
0.03470659
0.03149915
0.03611946
0.03184128
0.03509879
0.03267050
0.03453684
0.03446722
0.03390169
0.04529643
0.03160262
0.03768349
0.03751802
0.03848958
0.03858328
0.03887892
0.03754091
0.03386497
0.03167915
0.03567505
0.03027058
0.03204703
0.03075886
0.03196287
0.03122401
0.03186870
0.03273773
0.03182364
0.03053141
0.03485394
0.03558946
0.03534555
0.03519368
0.03579259
0.03494978
0.03474855
0.03489017
0.03485298
0.03480744
0.03545451
0.03518581
0.03458190
0.03874660
0.03485203
0.03582954
0.03268671
0.03581762
0.03252625
0.03559160
0.03221750
0.03403854
0.03224993
0.03460121
0.03740430
0.03365755
0.03448510
0.03020096
0.03142667
0.03030705
0.03074265
0.03026366
0.03032851
0.03026223
0.03498077
0.03255200
0.03240442
0.03109646
0.03058314
0.03186870
0.03052139
0.03095794
0.03243685
0.03264880
0.03325152
0.03424525
0.03195620
0.03602481
0.02992916
0.03054857
0.03072596
0.03530550
0.03470683
0.03360033
0.03131604
0.03218126
0.03373218
0.03523660
0.03560305
0.03558230
0.03492236
0.03540492
0.03533816
0.03495240
0.03494692
0.03585505
0.03550673
0.03504896
0.03516936
0.03498244
0.03595781
0.03593993
0.03545260
0.04552245
0.06549859
0.05834579
0.03464103
0.03321075
0.03223228
0.03175902
0.03675961
0.03476763
0.03285933
0.03182721
0.03141832
0.03033757
0.03222203
0.03092861
0.03262210
0.03156900
0.03220606
0.03204775
0.03284883
0.03084707
0.03067899
0.03127456
0.03056693
0.03243732
0.03766656
0.03467226
0.03552532
0.03462124
0.03515172
0.03435659
0.03503871
0.03498316
0.03436279
0.03475833
0.03501487
0.03515077
0.03450346
0.03509068
0.03541374
0.03465986
0.03463316
0.03471351
0.03499198
0.03472996
0.03466940
0.03466558
0.03446746
0.03466105
0.03538132
0.03510571
0.03444338
0.03505421
0.03452826
0.03441787
0.03458214
0.03449893
0.03468323
0.03443003
0.03504205
0.03515482
0.03437090
0.03505659
0.03500414
0.03468943
0.03521562
0.03519845
0.03527355
0.03457236
0.03378963
0.03389239
0.03499818
0.03466249
0.03564119
0.03664255
0.03886724
0.03625321
0.03565955
0.03820062
0.03547907
0.03534579
0.03462601
0.03468084
0.03481436
0.03453255
0.03504229
0.03485227
0.03514957
0.03512049
0.03455091
0.03556490
0.03487182
0.03484559
0.03458643
0.03492713
0.03507042
0.03483415
0.03521681
0.03512049
0.03481579
0.03481269
0.03473330
0.03502035
0.03459311
0.03484797
0.03483462
0.03505921
0.03454041
0.03512359
0.03522420
0.03484011
0.03521585
0.03520179
0.03498197
0.03564906
0.03494549
0.03474307
0.03447151
0.03525996
0.03491282
0.03477359
0.03483629
0.03530383
0.03459549
0.03458333
0.03557611
0.03492427
0.03495336
0.03501272
0.03468323
0.03484559
0.03447294
0.03512311
0.03544712
0.03495073
0.03536916
0.03486705
0.03524947
0.03469348
0.03519273
0.03502584
0.03535795
0.03533697
0.03528666
0.03495836
0.03584456
0.03520989
0.03571653
0.03472447
0.03702593
0.03759289
0.03850961
0.03433108
0.03452182
0.03315735
0.03560948
0.03435326
0.03476310
0.03537679
0.03683496
0.03535151
0.03438330
0.04157853
0.03465199
0.03533626
0.03514099
0.03426266
0.03231573
0.03969336
0.03890705
0.03286767
0.03193951
0.03308988
0.03425050
0.03174520
0.03132534
0.03103924
0.03276491
0.03197885
0.03389168
0.03315330
0.03366804
0.03376389
0.03561616
0.03459430
0.03504801
0.03215289
0.03371072
0.03309512
0.03412700
0.03382969
0.03401470
0.03460765
0.03813481
0.04154110
0.03548741
0.03287959
0.03375602
0.03276420
0.03503656
0.03995061
0.03152609
0.03591299
0.03430986
0.03468776
0.03438640
0.03463721
0.03445387
0.03415513
0.03420067
0.03390646
0.04523373
0.03513312
0.03083849
0.03301811
0.03764439
0.03218627
0.03419638
0.03262067
0.03192043
0.03501558
0.03445745
0.03224921
0.03454542
0.03198981
0.03455114
0.03800321
0.03868985
0.03931618
0.04093361
0.03697777
0.03652430
