0.00171232
0.01676488
0.01718044
0.01712275
0.01667643
0.01705480
0.01692867
0.01677370
0.01697159
0.01673818
0.01690936
0.01694322
0.01660848
0.01649070
0.01673746
0.01678085
0.01699638
0.01702762
0.01671529
0.01712632
0.01700544
0.01696992
0.01691628
0.01660132
0.01673436
0.01670694
0.01702547
0.01661277
0.01661849
0.01688671
0.01683283
0.01689005
0.01684380
0.01660538
0.01674080
0.01672983
0.01686811
0.01672935
0.01659894
0.01666760
0.01695585
0.01662111
0.01673961
0.01671195
0.01666331
0.01746583
0.01701856
0.01698399
0.01698256
0.01657391
0.01670933
0.01700640
0.01688027
0.01679039
0.01713848
0.01689959
0.01713586
0.01681566
0.01949406
0.04008865
0.01762700
0.01729155
0.01734829
0.01733708
0.01704884
0.01721478
0.01707697
0.01646161
0.01697326
0.01693130
0.01671839
0.01652789
0.01644468
0.01662397
0.01639414
0.01667643
0.01743388
0.01689458
0.01710176
0.01673698
0.01663017
0.01671672
0.01654792
0.01671481
0.01660275
0.01671648
0.01652479
0.01657486
0.01734924
0.01635385
0.01635838
0.01645207
0.01649785
0.01678014
0.01636600
0.01646233
0.01675439
0.01645088
0.01675820
0.01665854
0.01691055
0.01676893
0.01716876
0.01672602
0.01650500
0.01649642
0.01651978
0.01675892
0.01643443
0.01643467
0.01657295
0.01680803
0.01692748
0.01684499
0.01648760
0.01677251
0.01798201
0.01740575
0.01711726
0.01672006
0.01663208
0.01667523
0.01697850
0.01667094
0.01663804
0.01694489
0.01682186
0.01750445
0.01674008
0.01691556
0.01703024
0.01659441
0.01694274
0.01669407
0.01709366
0.01655149
0.01672840
0.01664925
0.01693487
0.01661611
0.01671052
0.01677084
0.01712918
0.01683998
0.01700020
0.01657748
0.01668692
0.01681590
0.01686001
0.01665354
0.01655746
0.01655006
0.01689100
0.01667404
0.01665926
0.01663709
0.01695132
0.01717448
0.01749635
0.01702428
0.01669216
0.01684785
0.01757741
0.01734495
0.01703000
0.01681614
0.01667929
0.01721787
0.01678252
0.01719737
0.01684523
0.01655841
0.01659942
0.01666713
0.01685095
0.01668549
0.01669192
0.01658726
0.01695061
0.01692653
0.01705980
0.01664591
0.01682234
0.01691175
0.01684618
0.01673627
0.01651621
0.01667714
0.01666117
0.01677847
0.01665735
0.01654053
0.01681328
0.01706314
0.01681924
0.01683211
0.01734996
0.01682186
0.01669788
0.01690388
0.01696372
0.01659775
0.01658249
0.01706648
0.01667714
0.01665521
0.01652145
0.01674581
0.01735473
0.01697683
0.01754737
0.01715922
0.01670504
0.01659751
0.01683831
0.01840568
0.01725817
0.01737905
0.01725698
0.01811981
0.01820350
0.01949310
0.01748085
0.02639985
0.02161193
0.01787543
0.01690578
0.01701951
0.01712346
0.01732874
0.01673317
0.01728177
0.01695251
0.01653838
0.01663256
0.01636958
0.01661491
0.01703238
0.01709509
0.01693153
0.01732993
0.01763511
0.01775670
0.01722240
0.01703095
0.01676059
0.01737046
0.01743388
0.01748633
0.01724434
0.01691318
0.01715350
0.01713657
0.01677442
0.01672578
0.01669264
0.01656055
0.01659083
0.01651692
0.01639342
0.01660085
0.01695991
0.01713848
0.01721859
0.01745915
0.01685715
0.01685333
0.01734018
0.01714301
0.01723361
0.01707411
0.01640558
0.01672626
0.01669359
0.01653171
0.01674223
0.01683831
0.01691866
0.01719260
0.01733899
0.01699471
0.01650906
0.01724148
0.01747870
0.01732612
0.01705718
0.01743269
0.01689601
0.01720715
0.01734471
0.01734233
0.01733327
0.01656246
0.01645851
0.01646829
0.01647973
0.01642370
0.01640677
0.01648188
0.01675296
0.01699424
0.01676106
0.01655293
0.01658225
0.01688576
0.01646686
0.01696587
0.01687407
0.01693654
0.01657772
0.01657534
0.01683235
0.01632452
0.01639509
0.01705837
0.01637197
0.01650810
0.01640582
0.01699448
0.01668715
0.01662707
0.01663089
0.01680517
0.01693010
0.01710868
0.01709437
0.01667690
0.01679897
0.01674604
0.01678419
0.01704192
0.01672649
0.01678848
0.01688838
0.01693630
0.01710415
0.01725316
0.01657796
0.01664233
0.01700425
0.01679492
0.01668406
0.01668930
0.01672029
0.01723123
0.01675916
0.01682711
0.01729345
0.01686287
0.01663947
0.01682353
0.01699972
0.01672888
0.01685524
0.01651525
0.01652193
0.01646590
0.01629281
0.01649737
0.01656723
0.01674104
0.01644826
0.01684380
0.01705885
0.01723385
0.01680064
0.01725578
0.01678252
0.01704788
0.01639557
0.01647997
0.01680517
0.01698995
0.01740408
0.01700068
0.01712728
0.01775241
0.01762509
0.01744223
0.01724005
0.01719356
0.01744270
0.01701617
0.01712251
0.01666379
0.01707959
0.01751781
0.01729536
0.01678014
0.01695347
0.01662350
0.01668763
0.01804280
0.01662087
0.01651859
0.01688457
0.01698399
0.01750255
0.01682043
0.01710081
0.01729226
0.01639199
0.01697659
0.01666713
0.01639438
0.01650167
0.01652312
0.01648259
0.01633716
0.01636028
0.01645613
0.01692319
0.01699638
0.01696157
0.01719761
0.01698637
0.01684237
0.01713848
0.01674414
0.01646876
0.01677608
0.01640868
0.01643658
0.01636362
0.01646876
0.01643801
0.01709795
0.01673126
0.01729822
0.01732612
0.01704955
0.01694083
0.01654220
0.01704860
0.01666641
0.01641345
0.01675558
0.01645637
0.01634979
0.01645327
0.01687598
0.01709890
0.01719618
0.01677108
0.01703453
0.01663780
0.01691008
0.01675200
0.01666784
0.01653457
0.01642156
0.01691532
0.01642776
0.01689816
0.01632690
0.01645875
0.01693964
0.01711750
0.01659846
0.01641011
0.01747584
0.01668072
0.01692128
0.01701951
0.01661921
0.01652288
0.01676774
0.01677322
0.01650763
0.01632595
0.01664948
0.01645207
0.01684260
0.01797438
0.01842546
0.01687908
0.01713586
0.01719522
0.01669502
0.01635957
0.01636267
0.01657677
0.01759815
0.01660347
0.01667404
0.01651859
0.01718855
0.01659942
0.01688266
0.01723337
0.01713228
0.01718974
0.01727366
0.01708269
0.01751876
0.01693845
0.01676846
0.01696420
0.01702523
0.01683950
0.01686859
0.01674843
0.01667738
0.01672149
0.01680636
0.01641512
0.01645184
0.01646709
0.01648974
0.01698065
0.01649070
0.01659465
0.01722717
0.01722264
0.01734948
0.01743174
0.01735401
0.01755333
0.01731825
0.01748800
0.01706862
0.01834941
0.01737046
0.01922703
0.01704431
0.01728082
0.01736188
0.01767707
0.01733828
0.01721907
0.01629996
0.01666021
0.01668382
0.01703954
0.01965189
0.01641083
0.01682448
0.01712656
0.01684403
0.01684642
0.01678658
0.01690626
0.01701260
0.01713753
0.01752067
0.01673245
0.01660037
0.01639938
0.01720428
0.01766634
0.01706958
0.01693964
0.01667523
0.01689315
0.01685715
0.01695275
0.01674986
0.01643610
0.01673698
0.01659393
0.01719260
0.01687503
0.01711273
0.01739335
0.01699948
0.01705503
0.01704335
0.01705217
0.01664162
0.01649952
0.01669717
0.01644683
0.01654243
0.01653433
0.01648641
0.01683903
0.02069807
0.01768875
0.01681185
0.01644468
0.01683736
0.01663542
0.01648998
0.01636338
0.01638889
0.01724648
0.01675105
0.01685572
0.01702714
0.01709175
0.01704550
0.01729059
0.01707721
0.01682472
0.01680517
0.01662326
0.01640987
0.01647305
0.01653051
0.01667762
0.01723146
0.01728106
0.01738191
0.01780844
0.01712418
0.01712775
0.01684380
0.01641464
0.01657414
0.01644635
0.01681638
0.01673460
0.01766944
0.01714849
0.01679301
0.01721764
0.01701117
0.01694274
0.01719189
0.01679754
0.01662040
0.01644754
0.01674628
0.01645136
0.01638412
0.01643229
0.01677132
0.01667452
0.01710081
0.01657581
0.01718211
0.01718950
0.01689243
0.01695633
0.01662374
0.01658225
0.01642227
0.01657701
0.01644778
0.01677227
0.01692104
0.01681089
0.01678801
0.01683402
0.01723790
0.01682258
0.01676726
0.01661372
0.01705790
0.01651955
0.01643562
0.01646852
0.01666021
0.01645517
0.01635671
0.01646161
0.01683307
0.01675606
0.01657653
0.01643467
0.01689506
0.01746488
0.01717782
0.01723099
0.01672220
0.01663351
0.01679850
0.02093244
0.01682615
0.01636267
0.01684284
0.01697326
0.01659632
0.01656318
0.01646662
0.01644063
0.01664901
0.01675320
0.01728892
0.01669359
0.01668739
0.01690960
0.01717615
0.01686358
0.01704955
0.01727319
0.01680183
0.01671910
0.01698804
0.01715779
0.01667309
0.01663446
0.01685691
0.01708627
0.01726055
0.01691222
0.01681232
0.01676655
0.01670241
0.01672959
0.01704812
0.01705551
0.01657557
0.01684380
0.01673484
0.01718616
0.01676893
0.01680565
0.01691079
0.01693368
0.01703429
0.01694155
0.01664209
0.01664925
0.01689744
0.01684833
0.01664853
0.01662278
0.01709104
0.01700950
0.01678824
0.01702023
0.01782370
0.01676464
0.01677036
0.01675773
0.01697493
0.01669192
0.01661777
0.01664114
0.01733541
0.01674795
0.01712060
0.01674557
0.01714134
0.01682591
0.01698065
0.01686811
0.01680136
0.01676679
0.01697493
0.01671147
0.01691937
0.01674962
0.01691437
0.01730871
0.01701498
0.01676846
0.01701164
0.01684070
0.01663470
0.01696396
0.01678348
0.01670361
0.01667976
0.01665497
0.01677871
0.01671505
0.01682639
0.01694632
0.01680803
0.01665950
0.01689219
0.01684833
0.01658797
0.01668525
0.01682973
0.01697445
0.01671696
0.01665854
0.01694417
0.01684093
0.01700830
0.01718402
0.01703000
0.01709938
0.01670432
0.01664615
0.01676512
0.01666594
0.01667476
0.01675677
0.01679087
0.01691723
0.01685214
0.01689434
0.01731658
0.01732135
0.01734638
0.01702833
0.01663399
0.01698685
0.01683283
0.01704860
0.01670480
0.01668811
0.01701736
0.01708221
0.01711988
0.01730633
0.01732755
0.01726055
0.01707363
0.01649904
0.01685953
0.01653409
0.01680565
0.01713395
0.01740456
0.01748657
0.01727772
0.01746726
0.01682687
0.01698351
0.01714230
0.01712441
0.01658726
0.01639318
0.01653123
0.01648116
0.01669812
0.01646543
0.01679349
0.01698899
0.01683402
0.01691175
0.01714158
0.01701617
0.01701498
0.01673818
0.01683736
0.01649618
0.01650000
0.01672029
0.01648355
0.01658821
0.01637101
0.01643896
0.01677704
0.01673865
0.01661062
0.01636767
0.01655483
0.01696110
0.01722407
0.01699305
0.01669931
0.01720929
0.01732635
0.01718712
0.01683164
0.01687121
0.01669216
0.01686764
0.01736045
0.01726222
0.01720643
0.01677370
0.01698422
0.01733398
0.01738429
0.01668715
0.01698446
0.01665068
0.01710439
0.01680207
0.01703596
0.01684046
0.01702213
0.01670408
0.01678705
0.01698256
0.01672220
0.01672220
0.01692462
0.01669574
0.01667142
0.01658463
0.01686168
0.01698160
0.01700020
0.01685405
0.01721263
0.01690340
0.01689267
0.01668477
0.01691151
0.01670837
0.01668811
0.01695085
0.01669550
0.01849794
0.01708889
0.01672387
0.01746058
0.01681328
0.01686096
0.01699495
0.01671696
0.01680136
0.01684070
0.01697898
0.01648641
0.01638603
0.01688766
0.01715946
0.01704574
0.01679659
0.01679206
0.01710796
0.01699805
0.01736045
0.01732326
0.01649880
0.01644707
0.01652884
0.01648831
0.01697350
0.01660037
0.01850700
0.01679611
0.01713037
0.01716852
0.01720643
0.01695085
0.01656508
0.01663709
0.01659703
0.01651645
0.01637793
0.01651764
0.01650858
0.01732397
0.01645374
0.01683664
0.01717854
0.01711273
0.01691008
0.01688766
0.01649761
0.01717138
0.01721931
0.01649141
0.01644015
0.01631975
0.01693439
0.01703048
0.01673198
0.01683974
0.01680446
0.01699281
0.01702476
0.01696157
0.01676846
0.01678610
0.01681757
0.01667666
0.01703930
0.01670313
0.01665330
0.01678967
0.01716399
0.01702070
0.01683331
0.01682854
0.01708698
0.01686311
0.01684833
0.01692033
0.01685619
0.01689410
0.01685619
0.01739907
0.01691365
0.01638865
0.01653576
0.01715255
0.01748896
0.01868629
0.01778483
0.01792049
0.01711202
0.01887035
0.01744699
0.01791477
0.01833940
0.01768041
0.01694322
0.01683640
0.01692367
0.01753545
0.01719856
0.01710248
0.01715636
0.01673198
0.01688099
0.01673794
0.01710773
0.01668096
0.01670432
0.01691580
0.01728988
0.01699042
0.01703119
0.01676464
0.01687098
0.01697350
0.01722598
0.01687717
0.01670003
0.01644635
0.01668072
0.01650906
0.01656651
0.01637101
0.01677489
0.01651788
0.01733160
0.01640272
0.01646781
0.01719213
0.01734710
0.01713777
0.01717925
0.01675344
0.01677775
0.01657581
0.01684022
0.01702452
0.01688862
0.01644993
0.01728439
0.01706123
0.01688147
0.01685715
0.01707649
0.01678538
0.01713157
0.01714635
0.01666093
0.01673770
0.01682663
0.01705575
0.01664305
0.01669502
0.01693392
0.01675129
0.01745081
0.01848030
0.01682258
0.01667833
0.01686549
0.01683044
0.01678228
0.01669264
0.01671338
0.01680112
0.01693416
0.01742697
0.01703644
0.01696706
0.01657915
0.01689029
0.01663041
0.01693559
0.01668668
0.01673937
0.01680112
0.01692224
0.01672745
0.01685095
0.01685572
0.01686430
0.01688552
0.01699066
0.01682615
0.01677299
0.01679039
0.01687050
0.01679182
0.01683903
0.01671386
0.01686883
0.01706672
0.01710463
0.01696181
0.01721597
0.01683521
0.01694036
0.01693177
0.01728177
0.01779628
0.01695418
0.01669288
0.01690269
0.01687860
0.01722050
0.01691508
0.01707888
0.01701117
0.01692295
0.01695204
0.01664686
0.01667404
0.01699877
0.01678848
0.01673102
0.01674318
0.01699400
0.01683903
0.01717544
0.01720715
0.01697254
0.01662016
0.01688051
0.01685095
0.01693368
0.01721716
0.01674032
0.01668668
0.01705098
0.01683331
0.01679707
0.01699257
0.01712418
0.01683807
0.01687646
0.01706648
0.01663041
0.01662683
0.01687193
0.01690507
0.01678348
0.01667261
0.01722622
0.01690793
0.01682520
0.01736951
0.01693511
0.01668787
0.01681066
0.01694441
0.01688862
0.01667404
0.01673460
0.01706934
0.01688218
0.01711583
0.01699853
0.01755595
0.01748705
0.01689601
0.01749182
0.01706433
0.01658225
0.01677895
0.01687145
0.01673841
0.01680017
0.01675749
0.01686430
0.01684141
0.01698518
0.01703620
0.01690197
0.01667452
0.01677275
0.01690102
0.01668644
0.01664042
0.01676130
0.01677370
0.01677299
0.01672912
0.01670861
0.01679754
0.01707220
0.01729441
0.01716638
0.01709819
0.01662183
0.01696134
0.01706958
0.01734376
0.01684046
0.01668906
0.01703405
0.01712346
0.01710153
0.01740789
0.01695704
0.01701641
0.01719141
0.01724935
0.01664758
0.01677632
0.01657104
0.01724124
0.01693702
0.01681280
0.01699090
0.01696134
0.01705480
0.01723170
0.01681066
0.01686311
0.01704025
0.01679015
0.01690984
0.01697779
0.01677299
0.01664948
0.01685047
0.01841831
0.01683879
0.01831508
0.01742125
0.01831555
0.01671147
0.01672983
0.01699972
0.01817107
0.01666951
0.01672125
0.01819873
0.01863384
0.01678276
0.01712084
0.01686573
0.01673365
0.01703548
0.01707840
0.01673412
0.01667380
0.01689076
0.01690435
0.01733017
0.01695371
0.01706171
0.01688147
0.01663518
0.01689935
0.01681447
0.01667547
0.01678634
0.01678967
0.01729226
0.01744151
0.01870012
0.01839662
0.01680279
0.01806331
0.01817465
0.01859713
0.01847529
0.01695204
0.01875663
0.01673555
0.01668072
0.01824236
0.01697588
0.01825953
0.01662564
0.01683807
0.01727176
0.01723695
0.01704526
0.01727581
0.01702881
0.01670551
0.01720548
0.01644611
0.01643991
0.01646304
0.01755309
0.01659203
0.01690435
0.01653504
0.01650429
0.01694608
0.01719141
0.01683187
0.01671457
0.01843619
0.01723123
0.01801682
0.01668739
0.01644278
0.01630211
0.01653576
0.01708078
0.01671410
0.01685119
0.01652932
0.01746202
0.01655102
0.01784182
0.01697588
0.01880527
0.01687217
0.01821303
0.01852584
0.01850581
0.01905060
0.01841044
0.01836252
0.01818919
0.01818919
0.01840091
0.01681232
0.01893711
0.01726913
0.01828599
0.01821613
0.01833081
0.01840830
0.01918411
0.01698351
0.01836801
0.01822090
0.01821756
0.01829004
0.01851368
0.01843071
0.01793742
0.01790810
0.01795387
0.01771212
0.01750922
0.01887417
0.01845121
0.01880836
0.01781464
0.01853824
0.01808381
0.01793909
0.01790953
0.01703596
0.01858449
0.01766253
0.01801682
0.01743007
0.01776385
0.01840782
0.01821280
0.01853871
0.01878166
0.01846027
0.01906419
0.01709628
0.01706696
0.01686168
0.01691508
0.01851797
0.01833415
0.01707220
0.01685095
0.01837158
0.01715112
0.01713991
0.01828718
0.01686001
0.01671433
0.01687360
0.01696968
0.01671648
0.01667643
0.01707196
0.01698470
0.01694131
0.01703525
0.01690149
0.01716185
0.01834416
0.01697445
0.01729584
0.01671147
0.01666164
0.01670122
0.01715565
0.01859736
0.01680350
0.01860046
0.01714492
0.01821518
0.01685667
0.01845622
0.01679111
0.01676202
0.01670289
0.01705146
0.01698899
0.01730752
0.01691198
0.01669359
0.01684141
0.01672864
0.01858354
0.01847959
0.01828051
0.01869822
0.01811671
0.01822853
0.01821566
0.01871061
0.01863337
0.01837802
0.01976633
0.01854897
0.01965737
0.01961470
0.01977563
0.01949477
0.01972032
0.01971340
0.01969409
0.02110028
0.02108169
0.02152801
0.02145863
0.02155948
0.02095461
0.02137494
0.02118063
0.02095580
0.02109218
0.02140713
0.02117682
0.02105236
0.02111340
0.02101517
0.02124929
0.02128601
0.02133870
0.02183652
0.02139640
0.02111006
0.02111197
0.02249813
0.02145123
0.02114725
0.02125192
0.02086544
0.02089357
0.02131796
0.02099013
0.02088237
0.02112412
0.02099848
0.02101636
0.02141523
0.02076292
0.02140164
0.02129698
0.02126169
0.02158380
0.02112460
0.03131175
0.02143216
0.02190185
0.02148509
0.02174234
0.02164149
0.02241182
0.02132058
0.02190757
0.02138901
0.02173781
0.02169943
0.02151489
0.02142072
0.02133942
0.02137280
0.02158380
0.02138090
0.02139711
0.02204847
0.02153373
0.02140856
0.02152395
0.02119255
0.02102518
0.02153516
0.02132368
0.02122211
0.02171326
0.02108979
0.02111530
0.02137947
0.02111983
0.02117825
0.02136922
0.02121925
0.02119660
0.02127337
0.02025437
0.02012229
0.02176571
0.02242446
0.02042818
0.02315283
0.02107525
0.02130938
0.02262020
0.02214575
0.02283788
0.02235651
0.02277756
0.02335978
0.02253389
0.02281308
0.02177572
0.02136183
0.02244449
0.02002883
0.02151704
0.02155828
0.02009320
0.02041864
0.02129912
0.02009058
0.01980662
0.02028728
0.02123570
0.01975942
0.02025032
0.01974916
0.02090168
0.01947474
0.01964045
0.02048349
0.02018833
0.01976895
0.01991153
0.02046227
0.02002835
0.02069330
0.02197051
0.02076721
0.01972866
0.02094412
0.02164912
0.03537416
0.02213836
0.02358723
0.02845955
0.02179956
0.02350998
0.02141356
0.02151370
0.02146888
0.02137661
0.02136517
0.02167296
0.02120113
0.02116513
0.02130723
0.02105999
0.02100301
0.02111340
0.02115583
0.02126813
0.02140856
0.02101254
0.02022386
0.02219605
0.02092195
0.01955009
0.02200890
0.02194548
0.02008367
0.02152729
0.02108216
0.02016497
0.02312899
0.02096581
0.01983809
0.02126455
0.02152586
0.02019906
0.02207017
0.02123904
0.01989770
0.02205229
0.02185965
0.01997089
0.02198219
0.02249193
0.02249360
0.02276540
0.02252698
0.02235651
0.02277851
0.02267456
0.02228975
0.02264667
0.02271938
0.02236199
0.02272058
0.02245402
0.02031040
0.02252507
0.02234912
0.02052689
0.02096105
0.01971483
0.02003384
0.02090883
0.02151728
0.02166724
0.02130055
0.02110696
0.02114987
0.02139378
0.02130127
0.02135444
0.02167082
0.02110147
0.02151394
0.02106357
0.02132273
0.02140498
0.02145481
0.02134275
0.02195525
0.02144933
0.02099800
0.02138424
0.02104211
0.02099776
0.02107191
0.02103877
0.02119493
0.02111173
0.02095342
0.02106929
0.02146530
0.02100444
0.02122188
0.02124906
0.02095342
0.02121902
0.02099609
0.02126431
0.02130651
0.02145171
0.02111626
0.02118921
0.02117133
0.02088928
0.02097940
0.02100801
0.02138114
0.02108240
0.02138019
0.02094007
0.02099848
0.02123523
0.02111101
0.02138114
0.02110410
0.02107120
0.02095819
0.02126455
0.02105737
0.02109146
0.02120900
0.02101398
0.02136922
0.02132177
0.02099442
0.02096057
0.02116346
0.02107215
0.02098989
0.02132392
0.02096987
0.02111292
0.02213049
0.02025509
0.01961088
0.02027726
0.02091646
0.01979423
0.02166748
0.02028632
0.02069855
0.02143264
0.02138162
0.02148056
0.02155900
0.02140856
0.02119899
0.01995349
0.02099538
0.02035594
0.02037621
0.02022362
0.02185869
0.02026725
0.02142692
0.02091289
0.02006435
0.01984882
0.02220750
0.02053475
0.02044535
0.02153659
0.02111769
0.02067113
0.02168107
0.02180052
0.02240658
0.02194619
0.02023745
0.02111721
0.02062130
0.02011847
0.02029467
0.02008581
0.02100348
0.01974177
0.01973629
0.02030492
0.02146077
0.02113056
0.02133393
0.02120423
0.02135730
0.02145171
0.02119184
0.02146602
0.02145386
0.02119994
0.02273107
0.02271819
0.02235579
0.02211404
0.02218747
0.02260065
0.02299666
0.02234292
0.02636838
0.02280211
0.02262926
0.02248812
0.02281070
0.02247143
0.02221537
0.02247930
0.02269816
0.02254081
0.02166224
0.02153397
0.02135849
0.02165842
0.02152777
0.02151728
0.02177238
0.02128577
0.02119851
0.02143574
0.02114463
0.02134752
0.02168059
0.02120996
0.02117467
0.02159405
0.02125049
0.02109313
0.02161741
0.02109361
0.02116609
0.02135849
0.02098274
0.01966667
0.02123857
0.02165127
0.01984739
0.02032065
0.02190804
0.02082491
0.02060056
0.02052522
0.02079558
0.01964831
0.02126122
0.02006030
0.02016330
0.01993632
0.01988530
0.02071834
0.01974726
0.02013612
0.02032638
0.02132845
0.02185011
0.02146697
0.02091599
0.02107644
0.02119279
0.02105188
0.02102709
0.02163100
0.02196932
0.02193832
0.02143335
0.02148819
0.02162695
0.02436328
0.02032471
0.02137995
0.02127242
0.02180004
0.02112532
0.02148199
0.02006745
0.01991916
0.01821232
0.01954269
0.01972747
0.01978421
0.01949143
0.01946616
0.01969075
0.01967216
0.01948833
0.01819563
0.01834106
0.01981497
0.01828170
0.01831675
0.01809931
0.01822853
0.01807284
0.01847792
0.01829624
0.01835680
0.01821494
0.01874852
0.01805758
0.01826382
0.01827955
0.01723003
0.01690054
0.01687980
0.01683402
0.01705837
0.01676774
0.01753831
0.01671076
0.01660633
0.01671124
0.01694775
0.01676822
0.01701975
0.01686740
0.01726413
0.01688147
0.01710916
0.01688576
0.01676583
0.01679063
0.01677966
0.01694012
0.01751018
0.01671433
0.01686835
0.01706886
0.01736379
0.01698613
0.01692533
0.01726913
0.01667929
0.01717234
0.01680875
0.01676154
0.01675797
0.01694894
0.01707911
0.01727796
0.01753783
0.01706147
0.01701832
0.01746035
0.01691198
0.01683617
0.01675987
0.01651406
0.01735377
0.01695299
0.01677632
0.01667118
0.01643229
0.01663160
0.01713514
0.01702118
0.01732469
0.01683354
0.01677227
0.01693726
0.01753807
0.01721644
0.01691079
0.01698399
0.01701403
0.01681805
0.01715899
0.01709056
0.01680040
0.01715326
0.01696587
0.01701880
0.01762605
0.01673961
0.01678348
0.01689601
0.01715255
0.01706004
0.01705670
0.01675701
0.01714730
0.01686621
0.01708102
0.01669216
0.01671839
0.01663589
0.01698828
0.01716161
0.01681733
0.01687336
0.01720500
0.01684523
0.01702023
0.01732516
0.01689386
0.02193785
0.03413796
0.03448462
0.03476930
0.03456950
0.03471136
0.03472686
0.03441501
0.03425169
0.03476739
0.03424096
0.03463387
0.03465748
0.03443384
0.03468108
0.03455067
0.03460455
0.03429675
0.03445530
0.03468728
0.03612542
0.03436899
0.03469205
0.03462052
0.03463960
0.03441715
0.03447938
0.03420305
0.03439856
0.03475976
0.03430152
0.03514600
0.03411603
0.03449392
0.03462100
0.03447318
0.03454542
0.03410387
0.03430843
0.02890873
0.03420639
0.03422546
0.03450012
0.03454542
0.03476501
0.03456378
0.03437185
0.03432274
0.03454232
0.03453255
0.03447008
0.03465939
0.03437233
0.03459692
0.03464055
0.03442693
0.03419352
0.03440738
0.02989554
0.03416324
0.03564453
0.03445768
0.03461814
0.03449345
0.03457212
0.03430104
0.03476429
0.03590512
0.03444386
0.03469610
0.03473353
0.03716373
0.03611231
0.03490090
0.03426957
0.03421521
0.03455591
0.03219700
0.03418469
0.03449059
0.03447628
0.03477120
0.03479862
0.03512335
0.03614879
0.03596568
0.03431559
0.03666902
0.03677440
0.03437018
0.03432083
0.03439283
0.03441072
0.03398323
0.03862882
0.03664351
0.03089118
0.03661036
0.03646302
0.03677320
0.03632474
0.03681731
0.03831005
0.03636694
0.03600931
0.03884268
0.03637123
0.03648210
0.03883767
0.03867960
0.03843403
0.03830028
0.03795743
0.01937389
0.01951122
0.01970315
0.02002120
0.02128053
0.02073812
0.01982760
0.02003336
0.02194643
0.02139330
0.02142167
0.02125263
0.02096701
0.02024531
0.02151036
0.02177262
0.02045703
0.02131391
0.02126813
0.02075934
0.02040076
0.02108812
0.02088189
0.02027345
0.02164483
0.02128983
0.02172327
0.02133012
0.02167797
0.02119446
0.02124214
0.02124763
0.02136159
0.02115917
0.02111793
0.01987839
0.01969051
0.01994634
0.01986337
0.01960135
0.01816702
0.01988268
0.01803374
0.01946855
0.01825619
0.01988864
0.01977038
0.01965213
0.01971960
0.02031541
0.01851892
0.02018332
0.02024794
0.01970696
0.02026844
0.01960373
0.01800275
0.01826978
0.01897335
0.01816869
0.01842475
0.01839638
0.01804566
0.01811719
0.01828313
0.01830673
0.01811552
0.01844287
0.01835608
0.01811814
0.01841283
0.01887894
0.01851511
0.01908398
0.01664424
0.01652575
0.01644206
0.01652575
0.01652503
0.01707792
0.01648593
0.01823878
0.01715398
0.01699376
0.01707506
0.02523136
0.01807880
0.01738548
0.01794958
0.01782250
0.01769567
0.01750445
0.01735234
0.01755810
0.01730680
0.01669335
0.01712346
0.01730108
0.01684022
0.01675177
0.01674128
0.01660323
0.01667571
0.01665211
0.01682973
0.01705766
0.01708460
0.01724982
0.01686192
0.01668906
0.01695132
0.01719427
0.01659942
0.01662779
0.01668429
0.01700616
0.01697469
0.01667571
0.01666069
0.01689935
0.01717329
0.01684690
0.01678419
0.01663947
0.01668835
0.01690626
0.01708746
0.01729655
0.01712728
0.01707387
0.01700950
0.01662660
0.01668501
0.01683140
0.01724529
0.01693034
0.01705837
0.01697636
0.01663899
0.01664519
0.01682425
0.01684070
0.01694250
0.01675510
0.01668954
0.01717782
0.01698351
0.01682305
0.01669431
0.01718712
0.01690769
0.01700807
0.01681495
0.01672006
0.01658416
0.01725650
0.01764417
0.01744175
0.01695371
0.01723313
0.01681852
0.01709557
0.01680446
0.01719952
0.01678371
0.01708603
0.01686573
0.01702476
0.01720858
0.01710105
0.01690269
0.01673174
0.01671076
0.01716352
0.01687527
0.01668549
0.01694012
0.01652312
0.01724696
0.01718211
0.01681328
0.01683235
0.01719284
0.01695299
0.01688743
0.01715255
0.01689553
0.01672983
0.01691270
0.01697469
0.01676607
0.01663303
0.01684928
0.01695371
0.01707292
0.01707792
0.01700449
0.01691103
0.01663995
0.01676869
0.01683545
0.01665235
0.01667619
0.01705527
0.01672554
0.01671410
0.01671052
0.01699114
0.01677275
0.01702070
0.01682949
0.01700354
0.01671767
0.01678061
0.01688123
0.01705933
0.01671267
0.01683736
0.01708436
0.01703143
0.01690483
0.01694202
0.01714730
0.01718712
0.01680350
0.01698208
0.01699877
0.01664543
0.01687050
0.01685667
0.01680827
0.01666045
0.01671028
0.01683569
0.01725888
0.01702952
0.01710272
0.01714897
0.01679158
0.01681376
0.01690006
0.01700830
0.01668382
0.01664567
0.01685596
0.01752329
0.01693678
0.01711774
0.01718855
0.01714969
0.01670170
0.01710391
0.01691389
0.01687503
0.01680517
0.01694179
0.01696730
0.01726103
0.01827765
0.01678634
0.01720715
0.01736927
0.01686096
0.01717305
0.01691604
0.01660466
0.01670790
0.01663089
0.01640463
0.01692462
0.01858306
0.01677060
0.01652074
0.01656842
0.01655221
0.01684213
0.01704216
0.01694274
0.01703024
0.01640320
0.01723695
0.01694393
0.01684308
0.01662183
0.01669812
0.01707244
0.01752043
0.01686907
0.01685667
0.01693130
0.01737738
0.01679254
0.01648736
0.01692963
0.01644564
0.01690364
0.01677656
0.01712680
0.01703954
0.01726532
0.01718879
0.01689768
0.01727390
0.01677632
0.01689816
0.01656437
0.01641059
0.01667762
0.01665092
0.01666784
0.01651978
0.01675344
0.01707172
0.01674199
0.01699853
0.01730537
0.01683950
0.01676631
0.01733065
0.01711011
0.01681638
0.01660037
0.01679587
0.01687741
0.01685286
0.01706100
0.01679826
0.01688766
0.01686072
0.01711535
0.01715827
0.01666212
0.01666760
0.01674175
0.01696086
0.01675034
0.01640034
0.01691604
0.01704764
0.01686716
0.01704264
0.01676130
0.01674938
0.01653767
0.01690817
0.01743245
0.01700926
0.01660633
0.01704240
0.01667047
0.01644182
0.01641273
0.01675510
0.01700807
0.01712394
0.01706100
0.01698875
0.01748586
0.01737094
0.01684308
0.01688147
0.01696086
0.01639533
0.01649451
0.01651430
0.01636481
0.01659369
0.01648045
0.01680446
0.01653790
0.01649380
0.01706982
0.01703358
0.01681280
0.01693726
0.01703358
0.01664495
0.01672506
0.01689935
0.01685214
0.01667428
0.01664138
0.01688242
0.01713252
0.01746535
0.01691771
0.01701736
0.01682615
0.01712632
0.01682258
0.01702809
0.01707482
0.01668549
0.01666975
0.01681495
0.01731682
0.01708889
0.01683855
0.01705289
0.01671886
0.01714849
0.01916170
0.02239799
0.01729226
0.01705098
0.01702571
0.01723504
0.01714134
0.01718473
0.01680207
0.01685476
0.01678443
0.01688170
0.01686549
0.01669145
0.01704144
0.01706100
0.01679111
0.01747108
0.01692462
0.01667690
0.01675391
0.01700854
0.01696110
0.01667309
0.01672626
0.01686025
0.01693964
0.01692057
0.01720810
0.01695108
0.01703262
0.01698160
0.01709437
0.01697278
0.01667333
0.01662230
0.01680231
0.01700830
0.01689911
0.01666856
0.01686931
0.01720548
0.01680946
0.01701689
0.01674771
0.01661539
0.01682782
0.01677012
0.01736045
0.01676607
0.01670527
0.01692009
0.01832652
0.01850033
0.01700377
0.01849413
0.01821947
0.01958513
0.01972508
0.02103877
0.01957297
0.02062821
0.02040100
0.02108979
0.02047586
0.02125478
0.02012014
0.01864982
0.01775622
0.01886678
0.01918054
0.01886916
0.01886058
0.01896262
0.01888371
0.01936054
0.01911902
0.01891160
0.01958179
0.02091455
0.02122855
0.01998901
0.02071476
0.01857471
0.01958466
0.01881480
0.01887965
0.01766944
0.01991177
0.01852322
0.01872563
0.01888371
0.02214241
0.01940441
0.02047634
0.01997232
0.02033854
0.01995587
0.01761270
0.01886392
0.01766253
0.01813698
0.01988268
0.01886797
0.01984787
0.01918173
0.02126360
0.02115846
0.02014995
0.02004552
0.02018404
0.02160525
0.02138710
0.02122617
0.02118754
0.02131128
0.02144885
0.02112937
0.01987720
0.01995564
0.01809406
0.01806545
0.01826072
0.01838613
0.01825237
0.01834440
0.01873779
0.01961160
0.01994443
0.01987696
0.01976156
0.01964855
0.02123523
0.02125859
0.02167726
0.02171588
0.02045584
0.02174878
0.02068448
0.02043891
0.01859665
0.01910329
0.02024341
0.02074957
0.02025151
0.01900268
0.02086210
0.01875901
0.01986313
0.02004814
0.02012897
0.02119803
0.02116561
0.02126956
0.02145839
0.02138376
0.02167630
0.02113819
0.02148294
0.01986480
0.01989365
0.03112292
0.02180409
0.02186322
0.02144170
0.02159262
0.02167797
0.02121401
0.02136970
0.02129364
0.02125597
0.02106094
0.02148175
0.01969433
0.02110052
0.02140927
0.02100444
0.02106261
0.02144337
0.02109194
0.02123928
0.02123642
0.02116561
0.02111101
0.02115679
0.02104616
0.02127075
0.02133512
0.02156997
0.02122617
0.02145767
0.02142859
0.02172518
0.02155423
0.02143812
0.02132106
0.02127075
0.02128410
0.02136469
0.02120209
0.02126670
0.02134681
0.02148724
0.02127838
0.02131987
0.02153802
0.02163196
0.02344990
0.02146530
0.02126670
0.02137780
0.02119637
0.02108502
0.02126193
0.02116466
0.02177525
0.02123737
0.02108788
0.02108836
0.02132463
0.02108669
0.02121067
0.02132702
0.02098560
0.02114725
0.02118874
0.02114224
0.02100658
0.02173495
0.02142048
0.02158046
0.02138805
0.01988339
0.02138376
0.02037287
0.01980233
0.01966858
0.01976728
0.01995945
0.01966119
0.01986432
0.02132082
0.01989818
0.01974916
0.02026343
0.01971054
0.01969814
0.01980281
0.01977730
0.01983929
0.02117944
0.02134657
0.02152872
0.01993251
0.01967311
0.01972318
0.02028418
0.01974249
0.01976871
0.01971960
0.01836753
0.01830864
0.01983237
0.01987171
0.02004576
0.02001262
0.01984668
0.01959038
0.01974630
0.02000904
0.01958776
0.01957846
0.01954818
0.01979709
0.01805496
0.02015209
0.01991534
0.01983452
0.01965880
0.01975489
0.01989007
0.01973915
0.02140832
0.01963520
0.02003932
0.01994324
0.01956391
0.01956296
0.01950955
0.01941085
0.02004075
0.01867366
0.01857424
0.02199078
0.01996684
0.01871729
0.01938176
0.01974249
0.01837349
0.01970339
0.01954675
0.01959920
0.01989508
0.01860666
0.01834297
0.01838326
0.02014446
0.01839328
0.01829362
0.01847982
0.01956892
0.01823592
0.01739001
0.01741195
0.01693130
0.01699233
0.01763368
0.01723647
0.01715088
0.01706004
0.01675272
0.01674438
0.01676965
0.01710129
0.01692057
0.01707315
0.01702261
0.01691055
0.01673293
0.01724124
0.01701331
0.01676154
0.01655197
0.01681185
0.01687789
0.01710939
0.01712847
0.01689267
0.01676297
0.01680565
0.01723003
0.01697326
0.01673698
0.01733112
0.01732898
0.01687527
0.01710272
0.01679492
0.01663804
0.01771593
0.01703453
0.01688695
0.01682401
0.01677632
0.01683712
0.01666975
0.01848340
0.01694846
0.01694369
0.01682591
0.01721382
0.01716709
0.01750398
0.01715875
0.01675987
0.01684093
0.01683640
0.01714492
0.01660752
0.01670122
0.01664448
0.01717377
0.01724696
0.01682520
0.01710844
0.01650357
0.01683283
0.01722264
0.01733780
0.01649404
0.01634550
0.01669598
0.01649356
0.01711369
0.01643443
0.01660180
0.01688194
0.01729846
0.01697516
0.01675797
0.01685905
0.01719379
0.01703501
0.01704431
0.01702023
0.01669455
0.01683164
0.01740241
0.01723528
0.01704550
0.01719379
0.01683092
0.01674151
0.01697326
0.01715493
0.01707363
0.01668692
0.01671743
0.01703358
0.01719069
0.01748943
0.01741147
0.01692677
0.01640177
0.01712608
0.01696110
0.01647401
0.01648998
0.01646948
0.01658559
0.01673603
0.01717186
0.01656890
0.01687074
0.01733232
0.01685452
0.01722860
0.01697636
0.01703072
0.01683354
0.01665688
0.01684737
0.01653409
0.01683450
0.01708555
0.01722193
0.01740289
0.01681376
0.01719093
0.01703739
0.01746273
0.01684237
0.01678395
0.01699328
0.01685452
0.01813102
0.01713729
0.01914763
0.01660872
0.01648068
0.01646256
0.01665783
0.01685762
0.01651239
0.01652551
0.01703548
0.01726198
0.01696110
0.01675987
0.01713443
0.01682568
0.01669788
0.01673031
0.01722431
0.01681638
0.01664472
0.01672459
0.01666498
0.01719475
0.01645875
0.01680684
0.01871753
0.01769543
0.01749945
0.01692915
0.01642013
0.01638818
0.01689005
0.01678205
0.01679730
0.01677084
0.01668525
0.01703715
0.01696086
0.01714444
0.01724529
0.01671171
0.01682973
0.01700258
0.01709700
0.01682234
0.01666498
0.01680374
0.01723695
0.01735282
0.01696730
0.01706982
0.01724005
0.01682734
0.01688600
0.01714468
0.01721025
0.01677871
0.01681781
0.01694584
0.01763225
0.01688552
0.01691675
0.01683140
0.01720762
0.01688528
0.01689506
0.01685905
0.01676011
0.01676130
0.01705694
0.01681137
0.01737332
0.01720142
0.01700139
0.01701927
0.01699257
0.01718497
0.01687741
0.01682568
0.01693273
0.01707625
0.01683474
0.01714349
0.01825762
0.01842260
0.01687765
0.01696563
0.01696396
0.02067208
0.01709914
0.01704550
0.01833820
0.01685905
0.01845860
0.01834583
0.01889801
0.01888704
0.01880479
0.01965022
0.01840806
0.02015805
0.01965547
0.02044940
0.02145100
0.02104759
0.01973224
0.02115512
0.02142859
0.02102923
0.02122426
0.02129078
0.02127194
0.02125359
0.02114224
0.02148867
0.02132344
0.02185798
0.02165127
0.02154899
0.02164388
0.02149153
0.02158117
0.02127147
0.02129412
0.02167249
0.02096796
0.02103305
0.02128935
0.02120709
0.02107167
0.02142286
0.02113056
0.02150822
0.02109194
0.02153015
0.02144265
0.02115178
0.02099967
0.02142406
0.02137589
0.02102399
0.02118134
0.02151155
0.02105451
0.02156472
0.02121878
0.02101803
0.02114797
0.02172399
0.02105832
0.02149963
0.02144361
0.02001882
0.02065682
0.02250004
0.02073669
0.02291799
0.02311802
0.02312875
0.02323842
0.02431679
0.02341223
0.02347398
