0.00507975
0.02461338
0.02558041
0.02757192
0.02601814
0.02678561
0.02682066
0.02653480
0.02686167
0.02672791
0.02645969
0.02695465
0.02713561
0.02854800
0.03301787
0.02697039
0.02646852
0.02680111
0.02645826
0.02676368
0.02699137
0.02628398
0.02663565
0.02669644
0.02646875
0.02645183
0.02670169
0.02391624
0.02002025
0.02000856
0.01691413
0.01759696
0.01693702
0.01721168
0.01657605
0.01655102
0.01676059
0.01700830
0.01679516
0.01700521
0.01716876
0.01746488
0.01743817
0.01673436
0.01662779
0.01667237
0.01679826
0.01757479
0.01751471
0.01718831
0.01960731
0.01706505
0.01707816
0.01692319
0.01701903
0.01657748
0.01662493
0.01694036
0.01727247
0.01689100
0.01688004
0.01662970
0.01864910
0.01686478
0.01720190
0.01692462
0.01736784
0.01690006
0.01796842
0.01721668
0.01772714
0.01729631
0.01719809
0.01710725
0.01724672
0.01683474
0.01675439
0.01695538
0.01694512
0.01717091
0.01685452
0.01675487
0.01694989
0.01686430
0.01687527
0.01670194
0.01688623
0.01695943
0.01711774
0.01703548
0.01676393
0.01690125
0.01719618
0.01714587
0.01692581
0.01697111
0.01740456
0.01737261
0.01680398
0.01669455
0.01669359
0.01693296
0.01703572
0.01729989
0.01930666
0.01655650
0.01974034
0.02031994
0.01902652
0.02286649
0.02191615
0.02342582
0.02419710
0.02244520
0.01994443
0.01679921
0.02012873
0.02512693
0.02251196
0.02191019
0.02740002
0.02650785
0.02435637
0.02468824
0.02636385
0.02407169
0.02598095
0.02626204
0.02510595
0.02515078
0.02486348
0.02451301
0.02642131
0.03123426
0.02546310
0.03023076
0.02902460
0.02893972
0.02915239
0.02872634
0.02906775
0.02880669
0.02844095
0.02478862
0.02619672
0.02446580
0.02678299
0.02956748
0.03231001
0.02956033
0.03216815
0.02699709
0.02689624
0.02981043
0.02688742
0.02638674
0.02674294
0.02667093
0.02644753
0.02659535
0.02697325
0.02675772
0.02672601
0.02685595
0.02649021
0.02683425
0.02652311
0.02666879
0.02700567
0.02562356
0.02566671
0.02631998
0.02540135
0.02719998
0.02576709
0.02625990
0.02471471
0.02523398
0.02578568
0.02499342
0.02533865
0.02628803
0.02558517
0.02560568
0.02476072
0.02713084
0.02470899
0.02608752
0.02510953
0.02487326
0.02627850
0.02491975
0.02899146
0.02811837
0.02540255
0.02514958
0.02570462
0.02490568
0.02565455
0.02692127
0.02828503
0.02656412
0.02637339
0.02515221
0.02532816
0.02658820
0.02678823
0.02630353
0.02556396
0.02782440
0.02701735
0.02775264
0.02720094
0.02674627
0.02711082
0.02706289
0.02690935
0.02673554
0.02721334
0.02703452
0.02720475
0.02739859
0.02705669
0.02693415
0.02829862
0.02683592
0.02715516
0.02773046
0.02707720
0.02674913
0.02726364
0.02751589
0.02753353
0.02763534
0.02748394
0.02735519
0.02725339
0.02689123
0.02721930
0.02739143
0.02746511
0.02747393
0.02707767
0.02701616
0.02703643
0.02768803
0.02765465
0.02713990
0.02745819
0.02706432
0.02716017
0.02741194
