0.00175142
0.02159810
0.02159047
0.02108240
0.02112412
0.02161551
0.02154422
0.02137113
0.02188396
0.02299833
0.02122927
0.02150297
0.02127337
0.02177835
0.02165198
0.02097797
0.02126551
0.02139211
0.02135277
0.02127171
0.02134466
0.02119970
0.02134848
0.02151299
0.02104187
0.02132964
0.02127695
0.02132106
0.02143550
0.02135849
0.02123237
0.02702737
0.02260280
0.02117944
0.02161098
0.02119493
0.02155280
0.02166295
0.02111030
0.02151203
0.02132082
0.02131796
0.02204680
0.02174211
0.02115464
0.02158713
0.02142978
0.02137518
0.02189159
0.02118826
0.02143359
0.02171159
0.02147937
0.02138519
0.02156377
0.02140379
0.02166748
0.02144980
0.02170515
0.02144909
0.02136731
0.02143979
0.02153850
0.02123666
0.02147150
0.02148461
0.02210140
0.02159286
0.02011585
0.01691365
0.01989675
0.02145481
0.02159381
0.01982236
0.02228284
0.02171540
0.01865435
0.01688886
0.01683044
0.01684999
0.01720977
0.01705003
0.01821089
0.02022171
0.02110958
0.01958513
0.02153134
0.02129984
0.02111602
0.01977086
0.02137089
0.02162576
0.02353978
0.02110100
0.02136040
0.02167082
0.02115297
0.02118397
0.02124596
0.02116203
0.02119803
0.02163291
0.02093148
0.02126145
0.02150416
0.02132010
0.02123260
0.02166486
0.02104902
0.02113843
0.02148414
0.02115679
0.02139282
0.02144265
0.02120399
0.02132297
0.02165365
0.02129841
0.02109098
0.02155018
0.02170420
0.01994348
0.02005029
0.02110958
0.02108955
0.02137089
0.02094722
0.02123380
0.02116776
0.02095699
0.02110481
0.02104712
0.02136517
0.02095747
0.02110934
0.02112317
0.02097964
0.02113461
0.02135587
0.02125454
