0.00211501
0.03777504
0.03867197
0.03945541
0.03901935
0.03723478
0.03920102
0.03928757
0.03970861
0.03889322
0.03851247
0.03096819
0.02041268
0.02322054
0.02040982
0.02067590
0.02308512
0.02110767
0.02037907
0.02204037
0.02074575
0.02094364
0.02207732
0.02146649
0.01971221
0.02199221
0.02337909
0.02108765
0.02128792
0.02253103
0.02020860
0.02175713
0.02094221
0.02062488
0.02150249
0.02204108
0.02071261
0.02031660
0.02230430
0.02120137
0.01985931
0.02072358
0.02011967
0.02059746
0.02051711
0.02149081
0.02295470
0.02060485
0.02340651
0.02287674
0.02297115
0.02280712
0.02045989
0.02346849
0.02315116
0.02331090
0.02323365
0.02025366
0.02310848
0.02259088
0.02287555
0.02303672
0.02253270
0.02263212
0.02101088
0.02265978
0.02305794
0.02285099
0.02279234
0.02347350
0.02283978
0.02135777
0.02125072
0.02265668
0.02176833
0.02062464
0.02029800
0.02025485
0.02079082
0.02127457
0.02260423
0.02235842
0.02094698
0.02298570
0.02143574
0.02314067
0.02289605
0.02278352
0.02284765
0.02375245
0.02338123
0.02383399
0.02321601
0.02292824
0.02264094
0.02294564
0.02272892
0.02310538
0.02263784
0.02277780
0.02284098
0.02267551
0.02292776
0.02298212
0.02280092
0.02303720
0.02279520
0.02119899
0.02141333
0.02122903
0.02150369
0.02324724
0.02286744
0.02314782
0.02292967
0.02296424
0.02282953
0.02287221
0.02277756
0.02298856
0.02285171
0.02320814
0.02287817
0.02308559
0.02320027
0.02302265
0.02353001
0.02317667
0.02270293
0.02284503
0.02288508
0.02272058
0.02271485
0.02230644
0.01987576
0.02059412
0.02101493
0.01975083
0.02010822
0.02204728
0.02127886
0.02037835
0.02320266
0.02099586
0.02085519
0.02181387
0.02123785
0.01971412
0.02064300
0.02158856
0.02155709
0.02072978
0.02375174
0.02312541
0.02443933
0.02171707
0.02024913
0.02235770
0.02056265
0.01967645
0.02109385
0.02079225
0.02028036
0.02097654
0.02178597
0.02073216
0.01997566
0.02176547
0.02215815
0.01996207
0.02068043
0.02199817
0.02093530
0.02021146
0.02141356
0.02133226
0.01977444
0.02158141
0.02363181
0.02328038
0.02422547
0.02348924
0.02132368
0.02088785
0.02030563
0.02028608
0.02177358
0.02095342
0.02062058
0.02116823
0.02131867
0.01989031
0.02043700
0.02075863
0.02119565
0.01963115
0.02023315
0.02169704
0.02047253
0.01968336
0.02208781
0.02148819
0.01990819
0.02184105
0.02178550
0.02001739
0.02063322
0.02172470
0.02227926
0.02158237
0.02144313
0.02170920
0.02185345
0.02158594
0.02168155
0.02160764
0.02175593
0.02180505
0.02185845
0.02144408
0.02156353
0.02160287
0.02167606
0.02150416
0.02198935
