0.00183153
0.01706910
0.01700258
0.01677322
0.01660347
0.01663733
0.01689911
0.01674461
0.01687121
0.01733589
0.01717353
0.01672459
0.01657081
0.01697350
0.01720023
0.01664186
0.01667643
0.01671910
0.01710749
0.01730275
0.01692915
0.01670027
0.01654124
0.01682806
0.01693177
0.01666451
0.01687312
0.01710963
0.01753640
0.01766515
0.01670289
0.01765132
0.01701641
0.01676917
0.01654720
0.01694775
0.01708817
0.01729918
0.01734376
0.01689291
0.01672292
0.01704884
0.01667666
0.01704717
0.01721978
0.01680732
0.01711059
0.01702046
0.01698923
0.01685023
0.01718998
0.01673818
0.01683164
0.01691890
0.01703763
0.01679492
0.01690578
0.01724315
0.01673746
0.01685214
0.01673436
0.01713252
0.01731634
0.01712132
0.01724815
0.01686144
0.01664925
0.01740646
0.01727176
0.01708937
0.01710582
0.01684046
0.01666594
0.01671433
0.01678658
0.01741362
0.01714420
0.01725364
0.01723456
0.01683712
0.01668143
0.01664734
0.01689696
0.01706076
0.01707745
0.01726580
0.01693487
0.01671624
0.01674056
0.01707458
0.01683569
0.01782942
0.01672506
0.01688862
0.01672935
0.01723909
0.01695752
0.01671481
0.01694441
0.01697159
0.01983762
0.01684523
0.01952314
0.01710296
0.01676059
0.01677489
0.01699686
0.01708746
0.01724124
0.01691175
0.01717114
0.01664019
0.01670933
0.01686525
0.01711679
0.01680183
0.01754045
0.01713109
0.01667643
0.01668024
0.01676369
0.01691628
0.01709390
0.01736164
0.01705003
0.01661015
0.01711679
0.01671934
0.01696491
0.01660895
0.01678824
0.01688623
0.01690173
0.01716208
0.01677442
0.01700687
0.01675463
0.01683331
0.01680970
0.01692557
0.01744103
0.01678181
0.01686573
0.01702929
0.01741266
0.01710248
0.01691961
0.01680183
0.01680470
0.01682281
0.01707673
0.01697588
0.01709533
0.01689625
0.01684856
0.01700783
0.01705074
0.01700234
0.01674843
0.01770663
0.01651192
0.01674247
0.01718044
0.01649737
0.01698732
0.01672268
0.01667762
0.01669741
0.01715016
0.01658797
0.01670361
0.01667547
0.01690054
0.01690769
0.01649928
0.01660538
0.01692080
0.01705575
0.01690483
0.01686788
0.01669288
0.01671124
0.01683068
0.01714039
0.01696086
0.01689672
0.01704860
0.01668835
0.01672244
0.01674104
0.01679635
0.01690793
0.01672435
0.01680350
0.01654363
0.01658654
0.01719952
0.01700425
0.01639509
0.01654792
0.01707006
0.01675677
0.01716781
0.01716495
0.01806355
0.01686263
0.01721263
0.01721883
0.01676130
0.01655769
0.01646566
0.01648617
0.01696348
0.01656866
0.01816988
0.01718783
0.01642847
0.01662731
0.01663256
0.01684785
0.01677346
0.01674843
0.01669407
0.01663470
0.01742959
0.01668954
0.01731324
0.01718044
0.01764441
0.01790333
0.02065706
0.01983523
0.02209139
0.02208376
0.02231860
0.01966953
0.01970005
0.01706433
0.01688266
0.01690125
0.01699495
0.01684904
0.01687241
0.01707792
0.01723933
0.01764512
0.01754999
0.01696491
0.02146268
0.02241373
0.02390432
0.02445412
0.02377844
0.02302909
0.02226639
0.02274489
0.02256942
0.02201104
0.02210569
0.02143598
0.02363205
0.02172112
0.02256298
0.02512240
0.02604055
0.02599478
0.02551723
0.02522421
0.02418113
0.02565598
0.02585936
0.02363420
0.02226233
0.02053571
0.01646209
0.01701307
0.01717520
0.01697254
0.01755047
0.01713371
0.01749539
0.01726675
0.02034593
0.01963639
0.01709461
0.01753426
0.01719689
0.01857281
0.01712871
0.01804829
0.01776385
0.01770854
0.01694512
0.01972461
0.01813889
0.01824045
0.01692438
0.01776075
0.01666212
0.01680589
0.01707053
0.01725912
0.01760173
0.01722789
0.01664925
0.01910448
0.02068210
0.02049923
0.02068400
0.02214122
0.02228332
0.02216339
0.02234626
0.02209759
0.02220273
0.02235603
0.02216554
0.02074456
0.02251768
0.02039480
0.02009654
0.02010822
0.01926541
0.01732707
0.01750088
0.01857471
0.02081466
0.02285600
0.02366614
0.02349401
0.02432346
0.02223587
0.02448559
0.02268434
0.02545524
0.02550125
0.02564049
0.02501154
0.02494168
0.02379942
0.02449155
0.02397752
0.02378130
0.02368712
0.01903415
0.01677847
0.01701021
0.01677394
0.01693320
0.01716352
0.01733708
0.01675415
0.01670909
0.01684117
0.01700640
0.01686454
0.01757884
0.01674938
0.01700163
0.01673365
0.01665449
0.01718640
0.01700711
0.01692200
0.01674032
0.01687622
0.01669168
0.01694679
0.01749969
0.01672721
0.01667047
0.01681256
0.01678133
0.01677012
0.01724792
0.01743364
0.01689243
0.01690698
0.01719499
0.01734042
0.01695275
0.01715565
0.01720166
0.01768851
0.01781154
0.01728129
0.01744986
0.01760054
0.01698542
0.01749110
0.01756787
0.01729012
0.01706290
0.01704288
0.01733041
0.01714730
0.01704144
0.01692080
0.01690245
0.01702642
0.01727581
0.01664972
0.01685667
0.01713705
0.01965690
0.02136445
0.01923275
0.01699042
0.01684213
0.01680875
0.01742601
0.01703215
0.01700377
0.01704979
0.01692462
0.01704144
0.01675606
0.01665902
0.01777601
0.01731443
0.01760793
0.01737761
0.01816678
0.01743698
0.01678300
0.01735091
0.01690030
0.01763749
0.01953793
0.02013969
0.02413630
0.02249050
0.02446604
0.02548838
0.02400780
0.02428055
0.02396083
0.02409744
0.02436471
0.02366447
0.02355051
0.02405381
0.02422333
0.02407694
0.02135634
0.01960254
0.01699638
0.01704288
0.01676989
0.01719832
0.01675916
0.01693511
0.01705194
0.01693130
0.01673579
0.01683331
0.01669145
0.01743269
0.01723671
0.01702213
0.01659131
0.01663923
0.01730728
0.01674938
0.01695251
0.01686621
0.01686931
0.01707482
0.01727581
0.01671982
0.01690364
0.01707149
0.01668167
0.01717520
0.01728702
0.01680064
0.01675439
0.01674891
0.01698089
0.01718354
0.01692080
0.01711226
0.01697397
0.01681638
0.01684475
0.01702237
0.01681685
0.01695967
0.01710033
0.01688433
0.01665640
0.01703382
0.01794124
0.01712418
0.01732683
0.01682472
0.01668596
0.01672649
0.01693964
0.01696444
0.01691341
0.01686192
0.01677203
0.01689434
0.01680088
0.01721931
0.01691794
0.01697373
0.01667070
0.01667285
0.01667190
0.01676822
0.01670074
0.01681519
0.01689816
0.01655316
0.01698041
0.01661682
0.01651382
0.01686525
0.01714754
0.01712179
0.01670027
0.01689458
0.01672268
0.01656866
0.01697206
0.01679230
0.01723814
0.01680660
0.01672792
0.01798248
0.01699829
0.01697421
0.01751399
0.01707220
0.01674628
0.01707363
0.01686215
0.01721525
0.01685929
0.01679659
0.01671219
0.01680970
0.01675963
0.01714778
0.01915598
0.02088547
0.02323747
0.02407360
0.02405977
0.02251315
0.02268291
0.02193189
0.02363205
0.02643800
0.02552986
0.02440286
0.02162528
0.02220964
0.02259755
0.02255440
0.02210736
0.02184319
0.02219653
0.02324772
0.02346206
0.02312613
0.02236366
0.02347398
0.02218008
0.02283144
0.02209687
0.02293062
0.02239799
0.02239561
0.02331614
0.02520466
0.02291703
0.02260780
0.02281642
0.02196670
0.02232599
0.02350903
0.02158427
0.02180576
0.02352548
0.02370310
0.02247024
0.02319503
0.02200294
0.02171373
0.02211165
0.02411437
0.01939964
0.01694298
0.01697302
0.01664042
0.01692343
0.01707196
0.01745558
0.01797318
0.01754737
0.01723480
0.01682663
0.01694894
0.01693630
0.01697040
0.01670957
0.01707911
0.01685238
0.01736259
0.01691008
0.01696777
0.01713848
0.01679349
0.01669216
0.01951671
0.02141309
0.02397013
0.02374578
0.02389073
0.02359223
0.02368426
0.02343321
0.02364659
0.02357626
0.02364302
0.02370286
0.02457047
0.02688217
0.02377844
0.02347541
0.02457690
0.02387977
0.02366877
0.02378511
0.02348995
0.02384377
0.02367640
0.02368617
0.02376413
0.02372503
0.02362776
0.02373338
0.02110410
0.02118945
0.02124763
0.01921821
0.01693535
0.01741624
0.01709700
0.01725888
0.01700735
0.01770926
0.01904225
0.01719618
0.01725268
0.01691222
0.01669860
0.01672053
0.01715732
0.01701999
0.01687336
0.01686883
0.01660419
0.01670694
0.01677942
0.01689768
0.01698208
0.01728773
0.01701832
0.01658368
0.01685524
0.01703858
0.01723933
0.01679635
0.01681018
0.01679945
0.01687789
0.01678991
0.01702118
0.01675487
0.01663399
0.01696348
0.01727891
0.01711273
0.01670027
0.01635313
0.01649451
0.01705027
0.01740336
0.01697779
0.01696730
0.01660490
0.01667929
0.01706266
0.01710796
0.01668715
0.01722527
0.01696253
0.01654673
0.01719594
0.01711607
0.01679587
0.01707458
0.01706648
0.01685286
0.01702595
0.01657581
0.01678777
0.01679850
0.01667476
0.01705694
0.01796532
0.01761532
0.01678491
0.01741767
0.01724696
0.01707029
0.01694560
0.01692390
0.01773620
0.01902413
0.01673484
0.01673365
0.01744699
0.01740193
0.01697850
0.01703644
0.01714253
0.01649857
0.01667857
0.01727676
0.01671219
0.01677084
0.01682639
0.01672721
0.01686335
0.01685858
0.01708770
0.01674938
0.01671171
0.01705313
0.01707220
0.01703000
0.01750207
0.01683211
0.01708317
0.01898408
0.02137876
0.02353263
0.02320600
0.02445221
0.02256274
0.02449584
0.02130747
0.02031779
0.02073407
0.01944923
0.01685333
0.01667356
0.01665807
0.01708889
0.01749921
0.01713443
0.01676488
0.01675177
0.01702476
0.01754045
0.01674652
0.01714206
0.01722002
0.01677012
0.01695585
0.01686788
0.01689816
0.01690888
0.01702785
0.01711607
0.01690817
0.01691222
0.01699066
0.01684880
0.01767683
0.01705527
0.01972961
0.02406406
0.02385616
0.02415061
0.02442765
0.02404428
0.02370119
0.02406478
0.02387428
0.02384210
0.02368450
0.02361512
0.02354097
0.02379704
0.02373815
0.02364111
0.02383423
0.02375841
0.02170444
0.01694417
0.01723552
0.01664281
0.01708388
0.01684690
0.01709628
0.01669526
0.01688051
0.01670790
0.01716852
0.01730132
0.01722145
0.01682711
0.01674557
0.01657033
0.01662374
0.01706314
0.01687646
0.01699471
0.01697850
0.01667190
0.01668000
0.01675224
0.01720834
0.01708794
0.01665521
0.01686358
0.01688099
0.01668882
0.01698303
0.01697040
0.01700640
0.01702714
0.01695657
0.01711369
0.01663876
0.01738477
0.01705933
0.01693368
0.01689243
0.01670504
0.01728916
0.01690769
0.01698613
0.01694202
0.01745081
0.01713705
0.01771498
0.01745844
0.01708221
0.01671267
0.01686430
0.01686454
0.01669073
0.01675868
0.01726151
0.01715827
0.01711607
0.01722074
0.01705146
0.01688409
0.01700854
0.01691413
0.01689696
0.01690888
0.01713777
0.01736808
0.01665092
0.01703882
0.01700830
0.01710916
0.01712608
0.01674724
0.01760554
0.01743126
0.01688647
0.01669550
0.01665115
0.01676464
0.01671100
0.01695061
0.01713538
0.01760626
0.01654530
0.01679516
0.01660705
0.01700401
0.01666021
0.01677489
0.01697254
0.01686931
0.01677442
0.01667953
0.01649642
0.01675582
0.01662946
0.01690698
0.01668978
0.01680684
0.01749849
0.01737499
0.01682138
0.01665902
0.01673603
0.01721597
0.01683283
0.01710677
0.01706052
0.01743054
0.01686454
0.01782942
0.01674223
0.01705885
0.01709676
0.01705146
0.01726937
0.01736832
0.01704717
0.01727509
0.01679254
0.01676774
0.01678109
0.01762843
0.01837897
0.01824546
0.01696825
0.01713681
0.01673651
0.01681924
0.01713896
0.01726913
0.01711941
0.01686788
0.01670551
0.01664925
0.01679873
0.01673150
0.01721501
0.01708078
0.01674342
0.01675653
0.01712728
0.01692343
0.01682138
0.01686835
0.01696730
0.01730347
0.01743650
0.01681781
0.01696420
0.01703930
0.01658487
0.01689959
0.01702738
0.01723838
0.01678586
0.01709342
0.01693082
0.01717639
0.02035999
0.02188134
0.02163363
0.02253461
0.02232051
0.02144170
0.01921344
0.01651216
0.01673174
0.01688719
0.01779127
0.01758671
0.02245307
0.01693916
0.01736093
0.01750064
0.01695085
0.01729012
0.01724219
0.01719165
0.01738429
0.01728725
0.01862240
0.01675892
0.01674604
0.01725030
0.01725364
0.01698089
0.01730180
0.01693559
0.01740479
0.01692986
0.01699829
0.01703501
0.01678205
0.01736665
0.01687932
0.01703882
0.01694751
0.01818085
0.01698089
0.01712513
0.01704764
0.01671624
0.01702428
0.01678467
0.01662326
0.01711082
0.01717925
0.01690555
0.01686120
0.01705122
0.01680422
0.01688647
0.01700377
0.01667786
0.01675224
0.01687241
0.01722550
0.01731801
0.01786852
0.01685023
0.01662183
0.01663995
0.01723933
0.01710057
0.01688051
0.01737213
0.01710033
0.01760960
0.01734972
0.01804090
0.01734638
0.01712918
0.01717067
0.01682949
0.01672769
0.01667738
0.01690269
0.01707435
0.01718545
0.01691151
0.01673365
0.01676250
0.01661420
0.01676273
0.01682568
0.01778126
0.01678443
0.01778316
0.01695681
0.01670837
0.01673102
0.01726127
0.01675487
0.01716328
0.01707411
0.01702428
0.01690340
0.01665759
0.01903677
0.02160072
0.02391410
0.02366495
0.02440310
0.02346277
0.02386713
0.02355671
0.02477717
0.02426767
0.02351737
0.02388144
0.02379704
0.02146769
0.02372384
0.02155113
0.02201033
0.01947498
0.01660824
0.01681876
0.01698995
0.01709843
0.01736403
0.01677346
0.01723862
0.01676536
0.01688075
0.01686764
0.01697206
0.01676893
0.01677370
0.01728129
0.01751161
0.01756024
0.01695323
0.01741481
0.01705718
0.01669955
0.01738310
0.01696420
0.01718473
0.01730227
0.01744437
0.01692986
0.01683259
0.01668143
0.01722431
0.01726317
0.01691961
0.01732326
0.01701427
0.01667643
0.01742983
0.01718926
0.01714921
0.01710582
0.01683593
0.01713514
0.01697588
0.01740241
0.01683164
0.01683879
0.01726627
0.01731825
0.01704192
0.01760697
0.01731420
0.01748157
0.01673293
0.01698804
0.01713824
0.01743245
0.01711607
0.01713657
0.01684880
0.01702976
0.01679158
0.01673627
0.01723313
0.01683450
0.01707077
0.01730871
0.01705289
0.01681900
0.01768780
0.01794600
0.02091455
0.02096105
0.01792598
0.01924777
0.01709890
0.01955223
0.01670885
0.01729965
0.01724076
0.01754355
0.01691771
0.01712513
0.01683903
0.01686144
0.01698518
0.01753879
0.01744866
0.01687694
0.01719069
0.01781821
0.01783061
0.01787829
0.01706672
0.01767397
0.01728821
0.01730633
0.01776099
0.01731515
0.01772094
0.01910877
0.01815343
0.01784873
0.01732993
0.01735806
0.01693583
0.01696587
0.01705313
0.01686215
0.01661301
0.01721907
0.01667309
0.01766038
0.01781988
0.01836157
0.01729894
0.01689291
0.01702666
0.01722908
0.01722431
0.01719546
0.01664734
0.01668978
0.01735163
0.01775122
0.01667261
0.01705289
0.01686025
0.01756716
0.01739120
0.01692295
0.01684761
0.01755309
0.01776814
0.01750827
0.01760387
0.01743627
0.01976919
0.02328920
0.02223229
0.02622271
0.02486563
0.02512288
0.02463984
0.02436566
0.02397704
0.02418470
0.02377677
0.02435374
0.02407670
0.02512622
0.02436161
0.02368665
0.02472711
0.02407336
0.02408648
0.02415943
0.02424502
0.02160907
0.01954484
0.01677251
0.01699615
0.01677036
0.01710963
0.01700640
0.01739430
0.01720357
0.01728177
0.01677108
0.01727390
0.01714492
0.01771998
0.01755738
0.01696539
0.01713467
0.01695442
0.01942086
0.01833677
0.01696992
0.01691175
0.01681638
0.01682401
0.01700616
0.01739454
0.01710010
0.01719260
0.01722193
0.01696348
0.01730037
0.01812696
0.01715493
0.01717544
0.01692748
0.01717496
0.01691103
0.01672697
0.01703525
0.01658034
0.01663208
0.01657820
0.01690125
0.01697612
0.01701403
0.01709890
0.01655126
0.01653957
0.01722407
0.01715112
0.01849556
0.01737809
0.02024674
0.01741862
0.01827765
0.01733589
0.01674533
0.01680160
0.01698017
0.01694131
0.01667929
0.01753473
0.01720381
0.01680708
0.01732635
0.01714420
0.01679349
0.01693416
0.01682973
0.01754975
0.01760674
0.01744080
0.01701045
0.01695180
0.01782274
0.01726246
0.01758885
0.01742721
0.01685023
0.01701117
0.01746607
0.01705241
0.01721215
0.01676869
0.01694131
0.01699996
0.01670837
0.01753831
0.01791620
0.01751065
0.01710629
0.01700616
0.01705337
0.01721764
0.01735497
0.01725626
0.01675606
0.01692414
0.01682091
0.01700592
0.01742625
0.01722407
0.01732159
0.01675963
0.01700211
0.01686502
0.01725245
0.01751661
0.01914096
0.01729035
0.01685309
0.01680326
0.01768851
0.01754403
0.01824236
0.01836991
0.01838636
0.01819706
0.01717401
0.01781797
0.01843405
0.01731396
0.01705575
0.01714611
0.01712680
0.01753569
0.01831365
0.01868176
0.01821041
0.01741934
0.01871157
0.01713252
0.01702929
0.01724720
0.01724148
0.01721954
0.02057076
0.01752615
0.01711154
0.01760840
0.01760483
0.01733541
0.01703072
0.01686621
0.01699638
0.01704550
0.01698232
0.01677203
0.01678395
0.01759815
0.01743078
0.01736379
0.01724434
0.01708746
0.01748419
0.01717353
0.01767588
0.01719785
0.01754713
0.01732111
0.02042627
0.01881647
0.01719356
0.01783562
0.01817799
0.01774454
0.01780534
0.01843715
0.01680517
0.01654577
0.01730013
0.01739573
0.01718235
0.01729488
0.01720381
0.01732755
0.01690245
0.01668262
0.01749301
0.01675677
0.01724052
0.01684308
0.01684380
0.01700163
0.01705098
0.01671076
0.01673293
0.01721573
0.01713800
0.01693153
0.01698041
0.01729560
0.01705599
0.01715326
0.01721668
0.01656127
0.01713467
0.01739645
0.01763320
0.01698589
0.01704240
0.01674128
0.01735020
0.01702142
0.01783514
0.01687598
0.01761794
0.01743579
0.01653218
0.01730871
0.01733208
0.01672673
0.01675987
0.01684284
0.01653314
0.01677084
0.01674032
0.01673532
0.01698518
0.01684380
0.01696301
0.01690245
0.01676726
0.01738501
0.01790452
0.01718831
0.01707101
0.01666284
0.01609039
0.01623249
0.01634789
0.01630068
0.01622534
0.01626492
0.01641393
0.01623559
0.01759171
0.01717854
0.01725006
0.01781559
0.01731300
0.01741266
0.01889205
0.01889181
0.02006936
0.02089930
0.02247047
0.02250457
0.02292323
0.02450824
0.02253318
0.02296138
0.02267027
0.02379608
0.02473354
0.02309799
0.02233601
0.02349186
0.02372050
0.02424598
0.02376533
0.02358794
0.02152658
0.01955485
0.01681066
0.01776338
0.01729798
0.01687431
0.01671648
0.01668382
0.01702571
0.01690245
0.01750278
0.01727295
0.01863313
0.01816249
0.01810694
0.01832485
0.01861167
0.01803160
0.01907229
0.01919484
0.01837397
0.01835060
0.01756310
0.01794338
0.01792312
0.01829553
0.01737475
0.01703882
0.01666355
0.01763177
0.01771522
0.01713276
0.01735425
0.01732254
0.01746392
0.01698709
0.01683450
0.01688862
0.01685858
0.02042246
0.02077723
0.02206779
0.02234721
0.02190065
0.02380657
0.02265358
0.02298307
0.02196860
0.02351403
0.02203798
0.01829529
0.01695561
0.01681089
0.01686096
0.01670861
0.01698613
0.01691771
0.01663852
0.01754022
0.01738501
0.01774621
0.01712489
0.01735640
0.01756716
0.01652145
0.01680541
0.01660204
0.01713347
0.01739693
0.01692796
0.02163696
0.01734662
0.01675987
0.01709700
0.01973796
0.01675272
0.01693845
0.01696944
0.01716495
0.01736808
0.01757145
0.01760077
0.01885509
0.01700401
0.02353358
0.02487183
0.02419567
0.02456641
0.02396894
0.02447438
0.02390552
0.02376986
0.02432990
0.02410126
0.02403879
0.02384472
0.02910924
0.02215695
0.01712227
0.01707125
0.01772451
0.01687694
0.01736236
0.01761055
0.01926351
0.01749730
0.01915860
0.02056479
0.02203918
0.02222157
0.02181554
0.02296734
0.02212524
0.02334476
0.02250075
0.02313256
0.02325296
0.02486014
0.02279496
0.02290988
0.02293062
0.02307677
0.02285886
0.01911783
0.01889801
0.01807761
0.01880240
0.01948953
0.01691580
0.01973677
0.02015519
0.01998568
0.02098274
0.03082943
0.02476954
0.02470803
0.02607465
0.02741122
0.02466941
0.02375412
0.02735853
0.02366161
0.02220511
0.02320552
0.02286077
0.02566624
0.02202177
0.02307773
0.02215147
0.02261019
0.02195954
0.02295208
0.02158880
0.02506495
0.02167153
0.02301621
0.02210760
0.02236772
0.02255559
0.02260423
0.02299738
0.02415228
0.02404332
0.02184868
0.01938486
0.01718163
0.01717424
0.01730800
0.01717687
0.01654077
0.01691556
0.01691866
0.02011752
0.01687217
0.01716161
0.01685762
0.01675868
0.01680231
0.01671648
0.01651406
0.01764488
0.01686978
0.01646233
0.01662970
0.01731157
0.01709819
0.01667929
0.01694441
0.01656127
0.01682353
0.01660991
0.01662159
0.01712203
0.01663542
0.01763582
0.01751137
0.01678658
0.01713729
0.01674342
0.01675844
0.01691151
0.01689887
0.01669192
0.01769280
0.01713014
0.01836586
0.01724267
0.01775694
0.01752782
0.01704144
0.01897907
0.02194786
0.02439594
0.02457881
0.02380228
0.02438283
0.02427363
0.02455068
0.02415609
0.02455187
0.02400088
0.02443290
0.02471805
0.02486086
0.02424335
0.02455878
0.02430034
0.02427459
0.02377057
0.02391410
0.02136350
0.01681066
0.01694465
0.01851654
0.01721334
0.01763296
0.01729488
0.01816225
0.01740289
0.01699305
0.01682234
0.01727843
0.01781845
0.01692510
0.01789427
0.01791596
0.01778102
0.01698160
0.01692009
0.01693273
0.01829243
0.01754618
0.01815295
0.01767826
0.01701975
0.01731229
0.01709700
0.01692390
0.01662540
0.01690030
0.01676011
0.01711416
0.01683593
0.01725268
0.01738715
0.01657534
0.01702404
0.01889110
0.01868582
0.01642728
0.01680207
0.01689076
0.01675844
0.01863360
0.02058673
0.02088690
0.02167821
0.02329683
0.02319074
0.02550626
0.02149034
0.02264833
0.02020359
0.01872063
0.01886487
0.01651621
0.01680422
0.01679564
0.01652956
0.01681614
0.01939774
0.01688218
0.01722407
0.01769662
0.01766992
0.01714873
0.01801968
0.01743841
0.01701331
0.01716590
0.01715398
0.01760721
0.01750255
0.01754284
0.01724386
0.01703048
0.01684070
0.01702690
0.01731849
0.01715636
0.01673293
0.01686335
0.01693392
0.01703072
0.01764846
0.01716566
0.01683235
0.01687026
0.01704955
0.01724267
0.01689172
0.01736832
0.01714373
0.01673222
0.01721501
0.01702499
0.01692414
0.01728344
0.01704812
0.01716161
0.01743627
0.01689696
0.01681566
0.01694870
0.01706123
0.01669383
0.01709342
0.01723838
0.01740718
0.01731586
0.01715922
0.01934338
0.02364349
0.02340245
0.02409625
0.02376628
0.02410316
0.02349043
0.02365708
0.02360892
0.02429199
0.02400160
0.02420354
0.02414823
0.02347136
0.02381611
0.02375174
0.02206540
0.01924324
0.01678228
0.01734304
0.01681828
0.01747298
0.01700139
0.01671076
0.01682687
0.01701570
0.01720762
0.01734877
0.01715660
0.01705623
0.01665187
0.01683712
0.01663351
0.01670599
0.01707888
0.01700735
0.01735020
0.01670003
0.01676822
0.01669979
0.01735163
0.01713347
0.01702809
0.01764703
0.01904249
0.02401161
0.02416062
0.02434897
0.02455664
0.02421069
0.02441502
0.02379084
0.02433228
0.02102113
0.01702023
0.01689672
0.01702666
0.01678181
0.01707721
0.01678610
0.01709652
0.01714802
0.01696634
0.01686406
0.01719236
0.01717424
0.01736856
0.01792836
0.01716948
0.01765299
0.01732039
0.01702332
0.01703215
0.01682496
0.01710176
0.01729178
0.01735163
0.01719165
0.01867652
0.01711559
0.01715994
0.01712441
0.01704288
0.01817465
0.01702666
0.01707292
0.01745510
0.01735616
0.01744843
0.01703882
0.01705170
0.01727128
0.01689744
0.01700807
0.01798391
0.01820040
0.01850820
0.01715636
0.01719904
0.01744843
0.01711702
0.01719761
0.01707530
0.01711535
0.01716447
0.01695395
0.01748395
0.01774788
0.01698709
0.01646352
0.01682568
0.01740432
0.01663804
0.01644611
0.01673174
0.01695275
0.01676893
0.01659465
0.01647711
0.01659060
0.01677871
0.01709723
0.01672196
0.01709890
0.01668239
0.01696134
0.01682472
0.01654339
0.01692700
0.01686502
0.01704001
0.01664805
0.01675344
0.01666212
0.01694322
0.01668692
0.01839781
0.01812243
0.01759696
0.01711369
0.01736760
0.01682663
0.01691055
0.01682401
0.01702046
0.01831555
0.01725388
0.01680112
0.01756668
0.01754141
0.01850271
0.01856184
0.01843309
0.01760626
0.01840377
0.01809406
0.01852536
0.01818848
0.01865578
0.01820922
0.01683450
0.01694250
0.01710463
0.01753902
0.01696348
0.01724982
0.01724672
0.01694989
0.01700377
0.01676297
0.01671243
0.01664829
0.01694942
0.01656246
0.01678205
0.01721835
0.01664257
0.01649141
0.01656485
0.01652169
0.01729059
0.01803041
0.01760912
0.01735425
0.01746941
0.01728535
0.01691413
0.01656532
0.01666617
0.01706862
0.01725173
0.01747274
0.01691413
0.01734495
0.01692700
0.02034020
0.01907992
0.01801276
0.01741552
0.01724529
0.01768899
0.01816750
0.01757216
0.01740885
0.01852536
0.01767206
0.01743531
0.01809645
0.01718950
0.01703143
0.01757908
0.01967978
0.01964951
0.01848531
0.02013183
0.02028203
0.02203941
0.02459741
0.02241063
0.02010560
0.02231336
0.02060699
0.02010870
0.01835489
0.02024055
0.01802969
0.01938748
0.01935363
0.01757097
0.01747489
0.01816487
0.01700616
0.01710153
0.01670885
0.01672459
0.01667070
0.01722097
0.01697087
0.01680589
0.01683521
0.01671529
0.01723886
0.01641989
0.01677442
0.01674557
0.01767421
0.01733565
0.01678920
0.01682067
0.01661944
0.01721621
0.01710081
0.01708174
0.01835251
0.01659489
0.01678681
0.01696658
0.01691461
0.01781654
0.01672530
0.01650453
0.01698995
0.01721954
0.01793742
0.01669693
0.01693964
0.01732755
0.01695204
0.01730585
0.01673198
0.01720715
0.01644683
0.01724029
0.01737094
0.01736379
0.01669574
0.01642990
0.01705313
0.01651144
0.01695776
0.01693130
0.01734900
0.01705599
0.01673985
0.01673079
0.01674104
0.01690722
0.01698732
0.01705718
0.01708126
0.01662421
0.01700878
0.01711345
0.01732588
0.01652837
0.01660681
0.01689315
0.01682544
0.01696301
0.01684141
0.01670003
0.01723886
0.01723146
0.01742959
0.01953149
0.02171516
0.02260494
0.02199864
0.02203321
0.02242327
0.02226520
0.02167988
0.02189970
0.02282453
0.02178812
0.02221942
0.02207518
0.02440667
0.02151537
0.02239370
0.02211714
0.02240467
0.02164936
0.02460575
0.01896358
0.01702547
0.01689076
0.01794195
0.01802945
0.01719046
0.01726389
0.01705623
0.01731372
0.01731157
0.01720309
0.01698470
0.01663709
0.01689625
0.01684952
0.01700234
0.01676536
0.01901197
0.02226520
0.02272105
0.02234244
0.02251601
0.02197385
0.02268362
0.02414870
0.02277732
0.02280140
0.02314758
0.02198339
0.02289844
0.02365351
0.02277923
0.02241468
0.02492976
0.02659106
0.02587152
0.02317476
0.02150774
0.02269697
0.02019119
0.02053142
0.01869822
0.01923823
0.01754260
0.01682711
0.01674652
0.01722479
0.01687503
0.01709056
0.01854324
0.01744461
0.01745224
0.01691508
0.01677895
0.01682782
0.01675105
0.01732469
0.01699209
0.01730967
0.01709485
0.01672387
0.01661491
0.01683378
0.01661658
0.01713610
0.01678681
0.01697636
0.01669502
0.01679134
0.01702189
0.02124286
0.02236128
0.02165151
0.02215838
0.02210021
0.02279043
0.02186298
0.02235794
0.02178025
0.02274728
0.02242088
0.02234149
0.02458882
0.02389097
0.02281332
0.02323937
0.02204394
0.02249599
0.02291155
0.02380753
0.02172899
0.02314019
0.02350068
0.02465653
0.02320194
0.02257824
0.02247453
0.02215242
0.02322650
0.02321529
0.02276063
0.02257013
0.02251720
0.02279425
0.02240396
0.02227712
0.02221513
0.02227449
0.02251434
0.02216744
0.02152562
0.03052902
0.02206969
0.01891398
0.01734424
0.01709485
0.01711297
0.01660919
0.01685405
0.01670194
0.01663566
0.01672935
0.01671600
0.01663065
0.01699758
0.01690364
0.01656532
0.01663828
0.01685095
0.01671767
0.01692986
0.01679945
0.01679897
0.01707935
0.01703048
0.01759219
0.01693869
0.01733637
0.01647139
0.01656723
0.01766133
0.01776695
0.01721406
0.01691151
0.01683259
0.01783156
0.01689959
0.01750064
0.01816034
0.01765943
0.01710773
0.01681805
0.01708531
0.01661515
0.01694632
0.01709890
0.01663470
0.01753235
0.01905513
0.02217793
0.02167487
0.02242470
0.02193069
0.02224755
0.02164507
0.02605748
0.02238679
0.02256894
0.02209878
0.02240944
0.02213526
0.02212286
0.01919341
0.01671553
0.01648569
0.01656270
0.01720452
0.01665044
0.01700044
0.02257514
0.02166462
0.02207994
0.02206421
0.02203131
0.02202296
0.02253199
0.02182126
0.02271724
0.02292562
0.02432275
0.02317166
0.02299643
0.02215457
0.02889204
0.02256441
0.02206182
0.02429318
0.02829599
0.02215648
0.02237749
0.02487087
0.02359629
0.02400112
0.02489948
0.02435589
0.02545667
0.02382851
0.02578282
0.01955771
0.01723289
0.01701260
0.01720285
0.01762390
0.01761389
0.01687670
0.01681018
0.01660609
0.01689649
0.01732326
0.01742649
0.01711655
0.01681924
0.01726985
0.01685071
0.01729536
0.01681948
0.01710033
0.01713562
0.02184939
0.02358222
0.02437544
0.02369213
0.02444649
0.02397776
0.02352524
0.02377009
0.02409387
0.02432609
0.02370620
0.02423692
0.02393270
0.02452683
0.02465868
0.02470446
0.02406907
0.02400208
0.02360773
0.02375579
0.02363205
0.02404714
0.02372265
0.02332640
0.02381778
0.02356291
0.02446246
0.02380276
0.02406883
0.02420688
0.02360654
0.02366757
0.02361250
0.02411151
0.02397847
0.02164221
0.01676774
0.01681137
0.01672530
0.01722574
0.01863980
0.01711941
0.01737261
0.01713681
0.01721048
0.01741958
0.01763582
0.01809311
0.01727581
0.01804399
0.01858234
0.01853275
0.01774955
0.01724744
0.01735806
0.01780725
0.01730084
0.01757503
0.01822114
0.01711082
0.01728511
0.01755619
0.01733255
0.01755667
0.01701212
0.01668835
0.01730824
0.01749682
0.01753449
0.01742291
0.01694107
0.01694369
0.01730108
0.01729679
0.01740289
0.01701832
0.01683545
0.01683068
0.01718807
0.01750350
0.01731849
0.01733565
0.01745868
0.01733685
0.01699448
0.01688719
0.01666164
0.01688910
0.01687765
0.01687551
0.01705551
0.01692247
0.01682425
0.01674891
0.01681185
0.01677203
0.01666236
0.01671696
0.01659632
0.01657462
0.01676250
0.01682329
0.01699710
0.01791620
0.01689410
0.01684141
0.01696801
0.01663470
0.01676631
0.01676130
0.01669025
0.01680875
0.01664495
0.01678014
0.01657152
0.01651883
0.01691818
0.01702690
0.01659942
0.01688910
0.01700330
0.01742506
0.01712203
0.01790094
0.02871490
0.01729774
0.01706409
0.01827550
0.01805401
0.01775002
0.01744747
0.01663876
0.01688743
0.01684785
0.01690054
0.01689982
0.01703620
0.01667666
0.01673388
0.01689792
0.01729369
0.01706076
0.01732087
0.01691699
0.01685023
0.01675439
0.01708865
0.01708674
0.01689291
0.01681447
0.01693201
0.01753998
0.01711464
0.01742363
0.01714993
0.01682305
0.01642728
0.01712513
0.01686239
0.01674318
0.01673746
0.01664257
0.01656127
0.01688933
0.01652122
0.01656485
0.01697183
0.01695752
0.01686454
0.01684117
0.01672554
0.01673746
0.01663065
0.01648164
0.01745057
0.01727557
0.01749301
0.01687670
0.01663470
0.01694751
0.01713443
0.01751018
0.01717520
0.01726580
0.01709056
0.01706862
0.01764727
0.01706839
0.01698518
0.01731896
0.01737761
0.01708436
0.01738763
0.01853085
0.01847482
0.01771069
0.01737022
0.01721025
0.01718402
0.01726532
0.01736307
0.01884079
0.01759243
0.01699972
0.01709652
0.01773548
0.01731753
0.01673722
0.01674938
0.01710677
0.01692271
0.01775146
0.01717257
0.01711273
0.01687932
0.01696229
0.01685262
0.01718473
0.01737309
0.01770425
0.01686954
0.01697755
0.01697683
0.01715612
0.01736116
0.01735044
0.01717782
0.01710820
0.01732612
0.01744509
0.01678538
0.01724291
0.01754642
0.01742649
0.01736498
0.01727986
0.01705098
0.01697993
0.01677728
0.01715088
0.01789260
0.01726246
0.01719117
0.01673651
0.01664996
0.01708603
0.01747727
0.01704240
0.01671267
0.01677251
0.01692224
0.01700926
0.01758194
0.01693988
0.01689935
0.01688409
0.01689100
0.01682973
0.01701427
0.01733637
0.01742148
0.01707911
0.01714444
0.01676345
0.01694632
0.01686406
0.01687145
0.01714087
0.01689601
0.01701808
0.01672387
0.01688647
0.01696301
0.01682973
0.01702070
0.01656342
0.01685834
0.01668811
0.01671720
0.01650715
0.01639843
0.01665831
0.01692486
0.01688266
0.01657534
0.01676250
0.01685429
0.01747298
0.01706147
0.01701379
0.01672912
0.01660180
0.01662564
0.01699758
0.01675606
0.01730275
0.01682043
0.01678824
0.01716542
0.01684690
0.01672196
0.01686502
0.01668191
0.01684403
0.01689219
0.01678109
0.01660228
0.01689792
0.01689863
0.01688886
0.01666975
0.01672959
0.01705408
0.01702833
0.01678181
0.01666999
0.01676083
0.01707458
0.01703906
0.01667738
0.01706481
0.01695037
0.01773620
0.01693416
0.01702356
0.01669168
0.01696038
0.01676893
0.01667786
0.01708198
0.01672101
0.01691937
0.01683879
0.01842356
0.01909184
0.02017784
0.01940346
0.02042723
0.01815939
0.02077436
0.02035594
0.01906061
0.02086735
0.02069235
0.01878881
0.01917005
0.01942348
0.01923728
0.01695442
0.01710200
0.01661396
0.01655698
0.01691985
0.01671028
0.01677847
0.01656413
0.01651239
0.01682568
0.01686502
0.01750731
0.01671457
0.01681900
0.01697540
0.01723099
0.01754832
0.01776600
0.01818085
0.01730895
0.01650906
0.01669168
0.01689625
0.01708674
0.01896906
0.01646733
0.01677108
0.01717877
0.01695251
0.01663446
0.01811385
0.01761150
0.01701856
0.01675248
0.01691723
0.01704597
0.01703262
0.01706004
0.01728654
0.01721048
0.01802826
0.01809573
0.02093267
0.01750708
0.01748419
0.02301168
0.01721454
0.01799226
0.01734138
0.01747775
0.01685214
0.01675701
0.01717901
0.01670384
0.01678920
0.01696563
0.01703930
0.01806283
0.01835847
0.01818061
0.01715851
0.01669574
0.01718259
0.01696920
0.01733422
0.01695013
0.01689959
0.01760888
0.01736426
0.01736808
0.01688838
0.01715922
0.01720595
0.01733112
0.01693249
0.01637554
0.01667786
0.01687479
0.01681471
0.01673460
0.01666856
0.01671481
0.01757240
0.01679206
0.01686478
0.01691389
0.01651168
0.01663303
0.01675391
0.01735139
0.01790977
0.01917148
0.02392840
0.01846242
0.01997328
0.01936793
0.01697755
0.01665282
0.01658010
0.01700425
0.01670432
0.01669025
0.01655626
0.01691628
0.01734376
0.01666212
0.01670504
0.01683760
0.01666069
0.01662946
0.01685119
0.01762557
0.01699185
0.01663446
0.01841187
0.02235079
0.02222562
0.02242422
0.02168941
0.02239394
0.02478790
0.02338123
0.02208352
0.02295303
0.02242160
0.02286172
0.02188492
0.02146196
0.02183914
0.02003741
0.02194428
0.03449750
0.02470374
0.02462149
0.02415323
0.02388048
0.02481055
0.02502823
0.02512765
0.02504849
0.02460885
0.02493906
0.02407146
0.02499318
0.02461505
0.02350426
0.02408624
0.02393746
0.02345347
0.02368307
0.02342534
0.02410817
0.02392793
0.02392626
0.02413321
0.02417994
0.02373719
0.02365041
0.02359176
0.02380848
0.02403045
0.02398038
0.02370811
0.02380657
0.02343345
0.02363133
0.02396345
0.02367616
0.02154875
0.01934838
0.01669955
0.01691389
0.01773953
0.01686716
0.01705551
0.01694012
0.01728725
0.01663375
0.01694012
0.01733208
0.01676083
0.01715517
0.01745391
0.01691031
0.01728106
0.01831722
0.01777673
0.01813936
0.01771855
0.01730490
0.01762557
0.01670408
0.02002192
0.01726460
0.01728797
0.01702380
0.01700854
0.01680160
0.01694298
0.01701188
0.01693535
0.01682878
0.01689172
0.01723528
0.02228928
0.02419710
0.02374125
0.02384138
0.02354980
0.02421308
0.01971030
0.01751399
0.02612352
0.03877378
0.04252362
0.04269123
0.04242301
0.04261994
0.04241276
0.04141402
0.04208302
0.04186797
0.04076815
0.03959727
0.04223704
0.04261303
0.02444983
0.02415752
0.02379894
0.02343798
0.02407718
0.02360201
0.02386880
0.02389169
0.02358770
0.02358603
0.02378869
0.02379894
0.02398348
0.02356100
0.02370644
0.02355003
0.02135372
0.01915693
0.01887321
0.01682997
0.01690221
0.01747727
0.01691365
0.01740193
0.01676416
0.01660180
0.01711845
0.01694036
0.01933193
0.02293491
0.02063227
0.02240372
0.02368283
0.02465653
0.02404118
0.02745819
0.02465224
0.03984284
0.02424002
0.02407408
0.02405071
0.02360582
0.02375388
0.02365112
0.02369285
0.02417278
0.02393317
0.02391839
0.02348924
0.02348924
0.02146816
0.02122068
0.01903749
0.02173424
0.01914930
0.01908708
0.01933312
0.01945806
0.01927757
0.01913810
0.01970172
0.01943445
0.01928401
0.02154040
0.01958251
0.02172303
0.01953983
0.01967907
0.01937461
0.01911569
0.01660371
0.02171826
0.02347708
0.02467179
0.02372789
0.02391481
0.02348638
0.02408147
0.02396226
0.02420044
0.02402925
0.02357054
0.02382994
0.01915574
0.01694393
0.01709557
0.01691747
0.01678658
0.01685739
0.01693130
0.01721954
0.01727176
0.01699853
0.01683569
0.01674771
0.01670671
0.01703501
0.01719594
0.01686811
0.01695418
0.02017856
0.01684165
0.01673627
0.01726270
0.01742768
0.01726413
0.01696801
0.01685548
0.01694751
0.01683021
0.01940584
0.01918626
0.02135944
0.02413344
0.02336287
0.02396321
0.02462196
0.02382112
0.02404499
0.02396750
0.02387524
0.02371907
0.02385807
0.02405095
0.02369308
0.02509308
0.02363038
0.02387810
0.02386761
0.02367711
0.02370644
0.02368641
0.02408123
0.02388358
0.02394319
0.02381873
0.02169490
0.02201152
0.01976562
0.01958990
0.01712441
0.01734591
0.01667047
0.01747942
0.01675844
0.01707816
0.01729250
0.01679921
0.01664782
0.01713538
0.01713228
0.01729465
0.01691651
0.01722455
0.01697278
0.01695061
0.01667261
0.01730227
0.01678181
0.01710892
0.01708317
0.01687384
0.01715422
0.01694083
0.01678300
0.01688313
0.02037048
0.02210784
0.02096915
0.02352619
0.02369833
0.02249336
0.02247524
0.02486396
0.02699757
0.02232528
0.02175140
0.02353430
0.03045726
0.02698684
0.02635074
0.02511406
0.02255988
0.02421880
0.02579498
0.02276659
0.02473187
0.02472639
0.02405286
0.02380085
0.02349234
0.02366233
0.02405667
0.02395415
0.02357435
0.02366066
0.02114916
0.02158022
0.02132082
0.02140665
0.02175617
0.01929021
0.02125740
0.01924300
0.02139378
0.02429867
0.02441907
0.02192903
0.02150917
0.02298498
0.02329612
0.02421713
0.02215505
0.02208948
0.02324748
0.02264309
0.02265787
0.02311993
0.02308822
0.02293038
0.02253222
0.02265882
0.02364945
0.02368712
0.02364755
0.02404690
0.02249026
0.02586031
0.02136779
0.02346420
0.02351022
0.02420115
0.02357197
0.02423263
0.02409101
0.02352786
0.02181697
0.02185202
0.02169752
0.02224374
0.02411866
0.02388716
0.02376103
0.02368760
0.02381420
0.02413607
0.02401710
0.02423477
0.02372479
0.02432036
0.02472544
0.02543807
0.02480745
0.03555942
0.02592540
0.02505946
0.02432060
0.02508211
0.02465725
0.02409434
0.02276778
0.02465343
0.02455258
0.02390623
0.02395082
0.02366662
0.02392554
0.02380037
0.02400780
0.02415252
0.02430415
0.02150464
0.01916814
0.01709270
0.01670980
0.01925063
0.01972413
0.01910210
0.01680207
0.01690888
0.01703358
0.01680708
0.01712227
0.01703644
0.01712298
0.01675081
0.01702023
0.01720786
0.01727962
0.01683187
0.01694584
0.01712894
0.02390909
0.02440882
0.02407503
0.02381372
0.02348900
0.02382207
0.02427554
0.02331471
0.02466488
0.02405596
0.02301431
0.02234769
0.02216387
0.02206421
0.02229905
0.02380013
0.02307153
0.02271891
0.02334023
0.02389193
0.02395844
0.02336097
0.02378631
0.02354765
0.02387977
0.01695609
0.01671839
0.01680946
0.01695418
0.01690626
0.01684570
0.01666117
0.01669574
0.01738763
0.01683712
0.01711679
0.01769018
0.01690364
0.01715970
0.01742649
0.01659942
0.01709628
0.01694155
0.01733685
0.01741695
0.01704764
0.01779890
0.01765108
0.01720619
0.01737499
0.01709461
0.01697803
0.01686311
0.01755190
0.01701784
0.01675391
0.01701927
0.02142072
0.02384043
0.02377868
0.02401519
0.02402759
0.02423167
0.01723886
0.01703167
0.01714158
0.01699662
0.01698494
0.01679397
0.01773572
0.01712561
0.01676106
0.01708508
0.01778889
0.01787114
0.01768279
0.01698232
0.01676178
0.01673460
0.01717877
0.01695204
0.01712680
0.01715112
0.01746416
0.01672864
0.01682901
0.01718831
0.01723862
0.01708651
0.01734471
0.01710534
0.01631856
0.01665092
0.01711035
0.01677537
0.01662636
0.01640320
0.01668572
0.01716065
0.01703405
0.01719117
0.01719618
0.01677895
0.01678658
0.01681948
0.01755214
0.01715851
0.01711559
0.01709771
0.01717710
0.01701641
0.01672959
0.01710534
0.01700139
0.01751709
0.01698613
0.01716542
0.01677799
0.01691103
0.01688004
0.01733685
0.01752162
0.01703644
0.01674604
0.01706076
0.01774621
0.01726103
0.01710916
0.01715827
0.01701474
0.01751375
0.01738143
0.01770449
0.01982856
0.02271628
0.02067494
0.02429605
0.02518916
0.02582407
0.02422762
0.02259803
0.02377987
0.02236843
0.02308941
0.02209926
0.02257824
0.02349877
0.02367735
0.02398062
0.02387309
0.02431607
0.02259898
0.02434969
0.02297068
0.02519393
0.02528286
0.02345324
0.02401376
0.02339125
0.02278996
0.02954507
0.02107072
0.01902509
0.01954222
0.01670647
0.01718235
0.01758075
0.01726460
0.01662970
0.01660872
0.01644039
0.01630855
0.01640773
0.01710582
0.01708412
0.01810503
0.01696062
0.01661563
0.01696777
0.01677728
0.01682043
0.01672530
0.01683617
0.01681733
0.01906991
0.02108216
0.02243066
0.02397823
0.02560329
0.02544808
0.02548718
0.02576494
0.02400351
0.02618933
0.02426505
0.02440929
0.02572656
0.02438188
0.02400780
0.02395630
0.02371001
0.02487445
0.02383065
0.02392960
0.02354407
0.02417874
0.02351570
0.02358174
0.02276993
0.02205968
0.02280855
0.02241659
0.02229238
0.01808858
0.01655197
0.01688528
0.01668358
0.01696253
0.01648998
0.01701975
0.01739192
0.01663971
0.01674223
0.01753736
0.02006602
0.02185631
0.02347660
0.02214336
0.02379704
0.02162600
0.02131104
0.01896381
0.01711845
0.01737285
0.01692080
0.01666474
0.01720214
0.01696444
0.01698041
0.01718640
0.01709127
0.01666212
0.01670861
0.01724648
0.01689768
0.01697922
0.01686072
0.01668596
0.01714301
0.01714396
0.01722670
0.01724887
0.01683331
0.01732612
0.01672220
0.01662636
0.01706886
0.01697111
0.01700282
0.01695967
0.01687336
0.01684928
0.01716614
0.01701045
0.01691508
0.01677322
0.01665401
0.01691890
0.01701593
0.01723671
0.01710629
0.01695991
0.01693273
0.01674819
0.01662493
0.01682997
0.01683259
0.01693630
0.01704097
0.01719427
0.01702189
0.01711130
0.01710033
0.01691270
0.01694536
0.01687074
0.01750135
0.01711154
0.01697731
0.01690674
0.02162862
0.02388263
0.02373791
0.02948809
0.02451038
0.02411890
0.02401066
0.02398157
0.02405214
0.02401948
0.02410269
0.02277207
0.02454162
0.02272511
0.02291274
0.02288628
0.02417517
0.02319384
0.02409077
0.02289081
0.02356839
0.02255464
0.02208018
0.02342939
0.02278018
0.02405739
0.02158332
0.01963830
0.01680303
0.01693273
0.01684499
0.01685977
0.01713157
0.01737309
0.01704645
0.01704884
0.01659417
0.01668072
0.01710796
0.01711488
0.01684141
0.02383924
0.02383423
0.02361584
0.02363420
0.02353787
0.02327490
0.02401519
0.02351308
0.02366567
0.02416945
0.01941609
0.01724100
0.01698852
0.01670456
0.01659656
0.01647210
0.01679826
0.01713371
0.01735950
0.01983380
0.01749325
0.01751184
0.01718807
0.01764727
0.01766300
0.01757860
0.01894546
0.01727390
0.01685429
0.01727271
0.01822138
0.01780963
0.01734447
0.01718521
0.01694393
0.02301073
0.02622890
0.02457547
0.02267385
0.02337766
0.02197409
0.02298689
0.02215219
0.02443290
0.02649069
0.02369809
0.02441883
0.02362990
0.02248383
0.01918030
0.01686645
0.01694155
0.01702523
0.01932931
0.01763034
0.01775980
0.01702499
0.01690316
0.01725578
0.01728725
0.01755309
0.01683593
0.01686859
0.01695251
0.01753640
0.01720166
0.01703954
0.01850796
0.02451921
0.02277517
0.02332592
0.02229834
0.02256751
0.02386451
0.02426887
0.02371693
0.02311659
0.02381134
0.02568388
0.02542186
0.02581620
0.02605486
0.02540731
0.02344275
0.02093840
0.01693249
0.01700902
0.01691628
0.01671147
0.01669312
0.01731539
0.01836538
0.01814938
0.02561498
0.01699209
0.01732898
0.01987576
0.02300167
0.02365637
0.02387452
0.02255344
0.02328420
0.02729583
0.02613497
0.02552962
0.02252150
0.02257824
0.02311206
0.02146459
0.02220750
0.03184056
0.02614641
0.04076123
0.04098034
0.04043555
0.04263687
0.04098797
0.04032564
0.04050279
0.04222298
0.03869939
0.04191256
0.04257226
0.04257631
0.04181600
0.04161882
0.02405953
0.02385974
0.02372289
0.02369404
0.02458692
0.02380705
0.02407074
0.02368045
0.02393389
0.02356672
0.02390480
0.02414465
0.02433181
0.02402377
0.02409816
0.02414656
0.02374315
0.02381134
0.02393389
0.02404284
0.02386522
0.02395391
0.02418065
0.02398729
0.02380872
0.02403617
0.02419376
0.02714419
0.02286434
0.02273226
0.02183247
0.02179527
0.02201772
0.02222824
0.02264142
0.02254391
0.02265143
0.02279186
0.02255225
0.02235889
0.02197504
0.02170682
0.02283382
0.02214909
0.02298331
0.02227640
0.02328038
0.02217913
0.02235913
0.02287912
0.02366948
0.02274323
0.02381015
0.02588153
0.02395201
0.02396536
0.02356744
0.02383661
0.02360678
0.02350950
0.02379704
0.02406001
0.02407479
0.02392006
0.02362013
0.02365565
0.02360296
0.02358747
0.02596831
0.01677442
0.01709723
0.01716685
0.01694036
0.01720524
0.01712990
0.01690507
0.01675272
0.01660252
0.01691437
0.01712918
0.01706433
0.01712275
0.01718259
0.01674008
0.01694512
0.01724768
0.01729774
0.01680636
0.01719308
0.01715875
0.01680613
0.01678371
0.01728225
0.01697278
0.01686001
0.01696968
0.01652098
0.01689816
0.01740766
0.01742554
0.01719785
0.01672363
0.01715851
0.01693869
0.01676488
0.01701784
0.01717424
0.01739311
0.01672935
0.01674056
0.01728749
0.01745605
0.01713300
0.01737690
0.01719046
0.01932669
0.02166367
0.02450395
0.02364874
0.02419281
0.02368498
0.02411938
0.02413440
0.02382350
0.02415442
0.02421904
0.02704716
0.02430391
0.02431750
0.02386045
0.02421212
0.02407503
0.02408361
0.02414107
0.02394700
0.02462006
0.02372909
0.02454042
0.02407169
0.02411723
0.02376556
0.02382922
0.02379012
0.02374530
0.02378750
0.02381897
0.02370501
0.02387834
0.02404785
0.02366877
0.02372837
0.02359700
0.02152038
0.01943064
0.01686525
0.01683211
0.01688719
