0.00224781
0.02997041
0.03042483
0.02983069
0.03003454
0.03005505
0.03032589
0.03663611
0.03213382
0.03039670
0.03218174
0.03055716
0.02999353
0.02997708
0.03011012
0.01689482
0.01719689
0.01744819
0.01671195
0.01712227
0.01732779
0.01774168
0.01690912
0.01694465
0.01688647
0.02573061
0.01736164
0.02536082
0.02794170
0.02828765
0.02362299
0.02000046
0.02724361
0.02770591
0.02706146
0.02723622
0.02657819
0.02677202
0.02312493
0.01684856
0.01685953
0.02892256
0.02650476
0.02754760
0.03282762
0.02986526
0.03114939
0.02900529
0.02745199
0.02773499
0.02682805
0.02807999
0.02895260
0.02864099
0.03005600
0.02830505
0.03021908
0.02857018
0.03166151
0.02649713
0.03082466
0.03065562
0.02155566
0.01719022
0.01747394
0.01691151
0.01691079
0.01678038
0.01710987
0.03280735
0.03229213
0.04204559
0.03061509
0.03131247
0.03081965
0.03283191
0.02888012
0.02666473
0.02624702
0.02657080
0.02844357
0.02695155
0.02910995
0.03282952
0.03010893
0.02994728
0.03241491
0.03351974
0.02912951
0.02904201
0.03097963
0.02910066
0.03084183
0.01692367
0.01740432
0.01698351
0.03024578
0.03044796
0.03038883
0.03160143
0.02953768
0.02818012
0.03037310
0.03040409
0.03059173
0.03041434
0.01701975
0.01721907
0.01785302
0.01709938
0.01719117
0.01706409
0.01703811
