0.00178528
0.02082872
0.02066088
0.02052140
0.02083063
0.02000809
0.02028060
0.02032638
0.02149868
0.02030563
0.01992369
0.02147555
0.02068710
0.01990771
0.02150559
0.02174854
0.02013159
0.02106142
0.02224636
0.02019405
0.02055144
0.02201080
0.02119160
0.02045059
0.02137685
0.02049255
0.02091074
0.02148318
0.02270699
0.02299809
0.02234316
0.02425385
0.02325940
0.02725077
0.02349472
0.02033663
0.02033401
0.02033544
0.02086306
0.01986170
0.02021003
0.02158523
0.02166414
0.02008438
0.02212095
0.02185965
0.01998782
0.02019167
0.02061343
0.02108908
0.02049589
0.02015805
0.02029109
0.02024555
0.02031922
0.02102399
0.02206659
0.02224898
0.02227473
0.02148080
0.02050233
0.02221179
0.02137971
0.02163577
0.02165699
0.02147603
0.02138257
0.02129531
0.02022028
0.02010870
0.02037024
0.02094102
0.02149987
0.02042389
0.02089620
0.02209401
0.02051067
0.02024841
0.02282906
0.02100897
0.02042532
0.02268696
0.02081513
0.02015352
0.02244353
0.02167988
0.01996422
0.02062345
0.02173138
0.02089095
0.02225065
0.02143002
0.02125764
0.02163482
0.02177882
0.02140331
0.02122283
0.02101779
0.02139330
0.02129912
0.02119517
0.02131176
0.02209330
0.02149153
0.02217078
0.02217937
0.02134895
0.02170134
0.02181435
0.02139950
0.02136636
0.02180481
0.02123642
0.02125907
0.02128363
0.02100372
0.02137733
0.02146721
0.02178836
0.02130747
0.02146053
0.02126479
0.02144456
0.02135801
0.02132463
0.02569056
0.02157688
0.02109790
0.02201772
0.02058315
0.02039123
0.02013779
0.02186036
0.02136350
0.02127457
0.02147388
0.02122879
0.02109265
0.02123070
0.02151203
0.02138257
0.02138209
0.02115989
0.02133179
0.02174926
0.02164602
0.02119684
0.02155018
0.02121091
0.02153373
0.02129269
0.02131844
0.02136016
0.02161241
0.02125525
0.02155304
0.02160931
0.02126145
0.02151370
0.02156401
0.02188468
0.02171016
0.02136159
0.02123499
0.02131987
0.02241635
0.02314401
0.03085113
0.02099442
0.02131033
0.02142072
0.02120519
0.02113271
0.02180576
0.02116036
0.02513885
0.02131152
0.02117181
0.02148914
0.02148986
0.02126122
0.02155638
0.02141476
0.02125359
0.02217317
0.02142453
0.02147889
0.02158952
0.02148438
0.02138734
0.02117825
0.02128267
0.02115989
0.02108216
0.02173805
0.02119231
0.02111316
0.02165699
0.02124476
0.02142715
0.02171183
0.02092361
0.02123260
0.02123785
0.02136612
0.02097726
0.02063990
0.02137423
0.02141881
0.02056408
0.02169728
0.02138495
0.02124858
0.02200890
0.02128100
0.02139330
0.02153778
0.02154446
0.02158904
0.02172446
0.02117276
0.02138710
0.02131724
0.02136755
0.02145505
0.02162910
0.02188277
0.02003002
0.02166700
0.02233720
0.02146888
0.02336764
0.02136397
0.02145648
0.02188444
0.02151680
0.02158618
0.02153206
0.02167463
0.02155948
0.02159071
0.02127743
0.02142882
0.02156448
0.02112389
0.02151823
0.02187252
0.02125645
0.02179122
0.02173424
0.02143860
0.02118325
0.02134299
0.02134943
0.02125192
0.02146959
0.02112174
0.02133226
0.02169752
0.02139664
0.02487159
0.02126741
0.02107620
0.02121115
0.02183390
0.02133346
0.02104449
0.02146554
0.02105951
0.02115870
0.02190852
0.02166581
0.02144051
0.02135015
0.02109003
0.02125716
0.02160192
0.02143002
0.02139950
0.02167964
0.02149105
0.01973438
0.02135682
0.02112055
0.02086711
0.02035260
0.02081537
0.02191901
0.02028155
0.02187014
0.02302670
0.02290869
0.02316833
0.02300453
0.02335238
0.02236509
0.02276897
0.02145720
0.02018142
0.02033281
0.02295494
0.02225161
0.02595210
0.02281022
0.02374601
0.02305627
0.02310443
0.02303481
0.02165031
0.02290606
0.02273250
0.02257848
0.02261233
0.02340698
0.02298808
0.02223730
0.02356076
0.02100563
0.02129865
0.02140427
0.02101302
0.02093601
0.02179241
0.02108693
0.02092528
0.02120280
0.02129793
0.02176642
0.02167606
0.02156138
0.02297783
0.02135563
0.02097654
0.02097821
0.02097988
0.02132821
0.02104378
0.02114248
0.02276444
0.02118993
0.02102613
0.02146673
0.02116776
0.02130866
0.02178526
0.02104878
0.02118707
0.02168369
0.02107954
0.02163363
0.02176619
0.02131677
0.02120447
0.02132893
0.02112460
0.02158213
0.02142835
0.02127910
0.02112985
0.02140212
0.02125502
0.02110338
0.02146554
0.02138877
0.02156472
0.02114034
0.02169943
0.02120090
0.02182293
0.02135491
0.02129507
0.02145171
0.02134919
0.02130485
0.02142215
0.02138853
0.02154493
0.02128744
0.02124405
0.02135992
0.02175045
0.02162504
0.02144027
0.02139401
0.02132940
0.02108669
0.02119589
0.02145672
0.02146125
0.02154040
0.02132964
0.02163672
0.02131104
0.02153587
0.02144337
0.02140450
0.02137518
0.02134895
0.02139258
0.02123809
0.02159142
0.02151823
0.02173233
0.02153230
0.02177095
0.02135777
0.02163458
0.02172518
0.02134895
0.02170753
0.02203846
0.02153659
0.02214861
0.02135801
0.02115798
0.02417994
0.02147341
0.02177000
0.02162576
0.02167845
0.02150846
0.02154851
0.02163744
0.02159810
0.02136707
0.02156782
0.02162981
0.02324104
0.02179956
0.02178741
0.02145648
0.02131629
0.02130055
0.02205992
0.02392244
0.02129102
0.02168727
0.02150154
0.02238774
0.02144384
0.02128172
0.02121925
0.02116132
0.02141786
0.02176785
0.02156973
0.02149630
0.02161598
0.02164006
0.02317262
0.02104139
0.02145886
0.02131867
0.02114606
0.02132607
0.02334523
0.02278566
0.02294588
0.02072144
0.02237606
0.02295661
0.02277899
0.02273703
0.02302194
0.02252197
0.02317762
0.02327371
0.02289081
0.02302504
0.02236724
0.02279472
0.02270937
0.02317715
0.02285480
0.02297091
0.02284551
0.02024341
0.02012968
0.02025461
0.02146602
0.01973414
0.02035999
0.02020693
0.02039289
0.02064872
0.02085876
0.02049708
0.02026224
0.02020192
0.02056694
0.02162743
0.02008247
0.02048063
0.02070332
0.02022719
0.02144527
0.02134275
0.02123499
0.02013016
0.02078247
0.02049828
0.02118182
0.02110624
0.02136064
0.02100492
0.02119112
0.02164721
0.02104211
0.02131200
0.02137637
0.02113891
0.02108765
0.02123165
0.02140141
0.02103782
0.02145767
0.02159619
0.02135229
0.02133727
0.02153158
0.02173424
0.02133107
0.02137446
0.02155280
0.02116013
0.02120876
0.02117515
0.02154684
0.02115631
0.02103567
0.02121854
0.02175426
0.02126551
0.02127552
0.02123690
0.02131009
0.02117443
0.02125454
0.02162790
0.02121830
0.02050805
0.02342677
0.02091670
0.02083993
0.02337098
0.02379942
0.02185488
0.02127695
0.02121520
0.02149820
0.02114153
0.02189350
0.02226830
0.03023720
0.02123833
0.02124524
0.02141380
0.02499032
0.02153230
0.02135873
0.02112937
0.02151132
0.02152944
0.02095246
0.02100492
0.02137756
0.02143145
0.02100992
0.02103066
0.02142119
0.02110600
0.02109504
0.02098584
0.02097559
0.02129292
0.02113962
0.02112174
0.02163506
0.02160430
0.02106190
0.02111912
0.02135277
0.02108526
0.02118564
0.02118397
0.02106190
0.02171040
0.02161860
0.02112293
0.02112317
0.02116323
0.02050424
0.02068996
0.02113247
0.02302408
0.02247930
0.02277946
0.02306795
0.02169204
0.02167153
0.02135634
0.02104259
0.02166629
0.02100682
0.02097774
0.02124739
0.02130938
0.02122426
0.02152514
0.02109694
0.02129197
0.02141762
0.02153254
0.02170968
0.02119565
0.02121210
0.02119994
0.02124619
0.02142048
0.02176952
0.02116227
0.02139950
0.02115417
0.02156210
0.02131104
0.02130365
0.02143359
0.02134895
0.02126932
0.02139854
0.02185774
0.02153349
0.02138352
0.02140236
0.02144408
0.02162051
0.02123475
0.02151728
0.02140379
0.02102971
0.02113962
0.02106452
0.02107334
0.02118778
0.02134991
0.02118564
0.02117658
0.02117157
0.02109694
0.02122927
0.02107620
0.02104139
0.02134848
0.02119923
0.02096629
0.02097774
0.02119565
0.02113390
0.02099490
0.02128577
0.02090955
0.02094340
0.02125502
0.02104592
0.02093744
0.02089572
0.02143979
0.02108812
0.02130079
0.02120805
0.02110982
0.02104735
0.02120662
0.02143383
0.02143526
0.02167678
0.02109241
0.02114630
0.02163529
0.02092648
0.02144790
0.02145362
0.02118373
0.02104568
0.02137160
0.02167392
0.02113652
0.02127862
0.02139831
0.02114344
0.02143502
0.02176070
0.02145123
0.02155161
0.02115798
0.02108431
0.02193713
0.02114391
0.02114201
0.02147532
0.02108026
0.02101398
0.02111769
0.02171779
0.02122355
0.02131891
0.02149582
0.02146101
0.02122688
0.02175641
0.02123380
0.02110791
0.02120543
0.02117491
0.02150440
0.02118015
0.02164268
0.02150750
0.02116466
0.02111435
0.02121353
0.02175951
0.02153873
0.02152896
0.02108335
0.02156425
0.02141356
0.02129936
0.02133703
0.02121568
0.02097201
0.02109122
0.02135706
0.02097082
0.02115917
0.02126265
0.02096248
0.02106667
0.02114606
0.02111769
0.02103400
0.02124143
0.02094674
0.02098656
0.02105045
0.02091169
0.02096558
0.02110958
0.02106094
0.02113581
0.02117777
0.02122378
0.02096772
0.02119946
0.02127910
0.02095771
0.02117634
0.02122927
0.02131248
0.02119732
0.02164125
0.02120018
0.02144718
0.02137828
0.02131319
0.02121234
0.02249217
0.02719188
0.02133465
0.02141571
0.02144861
0.02153850
0.02151132
0.02112865
0.02117848
0.02160668
0.02107382
0.02122188
0.02222300
0.02185512
0.02945757
0.02771544
0.02332044
0.03079367
0.02457166
0.02227998
0.02319169
0.02208447
0.02193379
0.02141929
0.02150631
0.02133369
0.02162147
0.02129555
0.02137709
0.02135754
0.02148890
0.02178764
0.02166748
0.02121139
0.02163553
0.02143717
0.02168179
0.02107334
0.01985526
0.02118611
0.02064943
0.02023101
0.02186108
0.02301145
0.02216601
0.02143192
