0.00160694
0.01644230
0.01654458
0.01675749
0.01639533
0.01628232
0.01632309
0.01679707
0.01679158
0.01634717
0.01679659
0.01712322
0.01645374
0.01689458
0.01686072
0.01654983
0.01665306
0.01654720
0.01657581
0.01659656
0.01675844
0.01650834
0.01674128
0.01657295
0.01684237
0.01678348
0.01628637
0.01636648
0.01702976
0.01722121
0.01743889
0.01700830
0.01715803
0.01712680
0.01716971
0.01765752
0.01715088
0.01713085
0.01696801
0.01703596
0.01675200
0.01828003
0.01701784
0.01695752
0.01702666
0.01705790
0.01733851
0.01672769
0.01796889
0.01708627
0.01675463
0.01684594
0.01706266
0.01672101
0.01652789
0.01670647
0.01664639
0.01661539
0.01666260
0.01663923
0.01706409
0.01686192
0.01687050
0.01665235
0.01685596
0.01729202
0.01670527
0.01646447
0.01643586
0.01646209
0.01842618
0.01676297
0.01637554
0.01628351
0.01646829
0.01650262
0.01665258
0.01665902
0.01637840
0.01652408
0.01637578
0.01645446
0.01638198
0.01715946
0.01667833
0.01655388
0.01644182
0.01721001
0.01682711
0.01664519
0.01647568
0.01706290
0.01691699
0.01722002
0.01662135
0.01718998
0.01873159
0.01637197
0.01701570
0.01674104
0.01638961
0.01679397
0.01787829
0.01707625
0.01715350
0.01689386
0.01646543
0.01705861
0.01680255
0.01664448
0.01678014
0.01700425
0.01641655
0.01652741
0.01655078
0.01695657
0.01683712
0.01645708
0.01629972
0.01635194
0.01651573
0.01666236
0.01672649
0.01671696
0.01668310
0.01711082
0.01690125
0.01685977
0.01675081
0.01659536
0.01686835
0.01710558
0.01672935
0.01659131
0.01634359
0.01670766
0.01639891
0.01641822
0.01638174
0.01655579
0.01673460
0.01689982
0.01696229
0.01706100
0.01696372
0.01726031
0.01715183
0.01700568
0.01707911
0.02016521
0.01715398
0.01710749
0.01689720
0.01697230
0.01667619
0.01720667
0.01725817
0.01710820
0.01715207
0.01710987
0.01726508
0.01729512
0.01693106
0.01677632
0.01671267
0.01654243
0.01707673
0.01689982
0.01673961
0.01670432
0.01666236
0.01681209
0.01760721
0.01691031
0.01676273
0.01671600
0.01652956
0.01675749
0.01685739
0.01686382
0.01643205
0.01671767
0.01663733
0.01637721
0.01635194
0.01631546
0.01656008
0.01660275
0.01629519
0.01672721
0.01701832
0.01731825
0.01724505
0.01712418
0.01690841
0.01707172
0.01665330
0.01656008
0.01731372
0.01695442
0.01668334
0.01699901
0.01661444
0.01671672
0.01666665
0.01633382
0.01647234
0.01649880
0.01671696
0.01659751
0.01705575
0.01699829
0.01689863
0.01681423
0.01688409
0.01677132
0.01667166
0.01676345
0.01679373
0.01675582
0.01663828
0.01672459
0.01678967
0.01683116
0.01685429
0.01672268
0.01675916
0.01664925
0.01662731
0.01666212
0.01683044
0.01683235
0.01697707
0.01661992
0.01681423
0.01724720
0.01689649
0.01672053
0.01700687
0.01650000
0.01665807
0.01774025
0.01708412
0.01743245
0.01714134
0.01696515
0.01705956
0.01691961
0.01788688
0.01693106
0.01680422
0.01666832
0.01692581
0.01681685
0.01662922
0.01659203
0.01656818
0.01669765
0.01665878
0.01673102
0.01657414
0.01680493
0.01737356
0.01699877
0.01719952
0.01659775
0.01665902
0.01668286
0.01666951
0.01673698
0.01698995
0.01670146
0.01665258
0.01661181
0.01672912
0.01680636
0.01674318
0.01654768
0.01681924
0.01692748
0.01657820
0.01661587
0.01657176
