0.00161648
0.01722312
0.01731968
0.01737332
0.01711917
0.01717901
0.01714301
0.01731539
0.01688552
0.01731467
0.01718402
0.01693296
0.01679826
0.01659131
0.01699305
0.01760793
0.01773334
0.02709579
0.03414750
0.03406644
0.03551197
0.03530693
0.03470659
0.03499913
0.03528190
0.03391218
0.03467441
0.03569961
0.03526950
0.03632379
0.03582764
0.03397679
0.03613472
0.02701283
0.01706219
0.01758790
0.01708817
0.01726913
0.01696181
0.01690459
0.01695991
0.01704216
0.01708269
0.01689601
0.01743031
0.01720953
0.01685357
0.01675153
0.01744533
0.02336717
0.03452468
0.03414059
0.03426170
0.03402662
0.03459072
0.03402829
0.03427839
0.03494906
0.03425741
0.03479981
0.03418231
0.03406906
0.04058409
0.03444576
0.03466296
0.03428006
0.03441095
0.03475213
0.03435779
0.03427339
0.03400064
0.03101349
0.03206348
0.03005123
0.03200507
0.03033042
0.03495193
0.03492570
0.03561378
0.03491020
0.03438973
0.03409290
0.03399968
0.03418374
0.03448915
0.03430676
0.03458786
0.03404760
0.03407741
0.03469968
0.03557420
0.03516698
0.03452587
0.03561783
0.03547025
0.03627110
0.03481221
0.03526545
0.03507376
0.03489566
0.03545356
0.03445697
0.03445578
0.03437853
0.03437996
0.03461719
0.03524184
0.03626657
0.03501177
0.03505468
0.03419709
0.03505611
0.03439355
0.03407884
0.03453827
0.03442955
0.03446198
0.03406549
0.03488159
0.03444862
0.03448510
0.03408766
0.03438950
0.03407884
0.03394127
0.03430152
0.03481030
0.03442812
0.03393602
0.03456116
0.03398681
0.03404903
0.03460741
0.03445530
0.03472161
0.03452110
0.03442144
0.05248046
0.05306673
0.05265331
0.05258751
0.05475378
0.05273294
0.05285287
0.05211759
0.05266809
0.05257559
0.05277920
0.05423760
0.05203271
0.05292082
0.05287528
0.05319834
0.05249214
0.05244446
0.05357671
0.05245209
0.05312848
0.05249381
0.05429149
0.05471039
0.05333376
0.05269647
0.05264044
0.05253839
0.05221391
0.05299735
0.05191016
0.05276418
0.05586195
0.05466628
0.05483079
0.05428004
0.05596924
0.05138350
0.05184102
0.05316591
0.05263782
0.05770493
0.05457497
0.05010080
0.05865479
0.05752683
0.05495310
0.05726957
0.05403781
0.05526090
0.05450392
0.05242872
0.05386972
0.03968692
0.03619742
0.03610873
0.03564429
0.03525162
0.03470659
0.03499174
0.03499031
0.03445172
0.03479767
0.03476763
0.03528929
0.03441167
0.03454065
0.03462839
0.03566790
0.03548765
0.03019333
0.03313494
0.03214622
0.03118920
0.03179479
0.03177881
0.03380060
0.03183055
0.03335857
0.03137231
0.03330350
0.03288150
0.03532839
0.03468442
0.03445959
0.03529859
0.03664970
0.03467679
0.03546762
0.03591204
0.04024005
0.03103495
0.03351593
0.03217149
0.03489351
0.03582430
0.03348041
0.03515911
0.03103089
0.03494692
0.03271341
0.03347564
0.03432846
0.03578496
0.03531837
0.03202558
0.03508949
0.03673005
0.03652477
0.03808284
0.03360176
0.03478813
0.03333735
0.03515768
0.03575563
0.03286552
0.03313708
0.03338242
0.03216290
0.03309202
0.03564835
0.03149533
0.03480291
0.03458905
0.03382874
0.03259540
0.03298330
0.03758454
0.03236461
0.03828645
0.03317571
0.02996159
0.02975845
0.03254271
0.03353119
0.03042865
0.03080702
0.03072119
0.03228307
0.03237867
0.03189158
0.03154063
0.03210330
0.03070855
0.03191042
0.03496194
0.04637003
0.04228044
0.04591799
0.03775740
0.03285646
0.03266191
0.03490472
0.03424168
0.03518939
0.03494000
0.03520608
0.03065228
0.03480887
0.03259659
0.03066969
0.03435445
0.03247666
0.03602004
0.03540707
0.03546071
0.03188682
0.03215408
0.03417087
0.03081656
0.03328705
0.03193903
0.03439927
0.03658533
0.03458881
0.03471470
0.03581691
0.03501892
0.03531003
0.03548408
0.03470397
0.03115201
0.03470182
0.03538036
0.03498960
0.03458261
0.03445864
0.03463006
0.03535008
0.03446960
0.03493071
0.03494811
0.03476524
0.03585052
0.03515267
0.03535628
0.03549290
0.03536391
0.03546524
0.03468060
0.03524685
0.03545284
0.03726816
0.03546166
0.03569961
0.03539681
0.03493857
0.03445053
0.03474689
0.03462005
0.03162003
0.03290200
0.04066515
0.03177285
0.03187370
0.03283381
0.03195882
0.03374505
0.03275561
0.03171134
0.04047346
0.03675222
0.03249383
0.03063250
0.03084445
0.03436971
0.03343606
0.03159881
0.03281999
0.03097892
0.03474474
0.03413582
0.03510761
0.03422689
0.03431439
0.03465748
0.03412294
0.03518510
0.03405094
0.03442669
0.03955698
0.03445816
0.03423595
0.03481746
0.03505349
0.03444672
0.03410721
0.03441024
0.03205276
0.03250384
0.03222299
0.03138041
0.03143668
0.03145146
0.03782225
0.03230023
0.03820825
0.03271556
0.03161955
0.03271627
0.03149414
0.03177762
0.03325176
0.03173709
0.03118324
0.03440475
0.03771877
0.03909492
0.03809810
0.03434873
0.03448248
0.03438163
0.03454781
0.03527069
0.03442073
0.03432918
0.03429747
0.03430247
0.03430247
0.03396940
0.03486514
0.03140378
0.03305697
0.03242159
0.03130174
0.03101730
0.03122187
0.03109312
0.03158474
0.02984166
0.03056002
0.03273773
0.03447556
0.03080130
0.03075266
0.03239012
0.03267288
0.03401709
0.03277969
0.03260970
0.03079748
0.03221846
0.03484869
0.03227353
0.03246260
0.03176856
0.03272223
0.03336334
0.03621030
0.03648376
0.03460240
0.03466272
0.03451633
0.03495288
0.03427196
0.03472829
0.03092122
0.03219938
0.03197289
0.03341341
0.03264618
0.03127384
0.03036618
0.03015924
0.03614068
0.03514433
0.03445101
0.03079844
0.03416324
0.03457928
0.03471065
0.03460360
0.03452349
0.03416848
0.03882408
0.03532195
0.03444171
0.03468442
0.03459907
0.03491044
0.03507710
0.03415823
0.03547120
0.03431273
0.03433609
0.03450465
0.03493047
0.03417778
0.03464603
0.03441477
0.03442621
0.03419089
0.03456354
0.03440809
0.03418207
0.03515959
0.03357434
0.03283310
0.03386235
0.03910518
0.03416586
0.03582644
0.03548121
0.03377628
0.03456545
0.03510618
0.03992224
0.04006100
0.05940890
0.04340553
0.03638268
0.03574038
0.03116822
0.03304553
0.03065157
0.03111482
0.03254199
0.03107977
0.03091073
0.03173494
0.03125310
0.03216481
0.03249931
0.03594542
0.03335190
0.03246617
0.03460503
0.03875017
0.03391719
0.03309321
0.03106737
0.03259110
0.03083968
0.03292680
0.03471613
0.03377318
0.03295016
0.03491807
0.03298545
0.03323627
0.03268981
0.03108454
0.03462076
0.03422022
0.03431153
0.03397036
0.03387189
0.03389835
0.03456521
0.03631091
0.03522444
0.03498411
0.03152704
0.03334594
0.03052068
0.03517604
0.03443360
0.03224516
0.03547740
0.03063178
0.03398013
0.03300595
0.03377891
0.03462029
0.03021336
0.03073740
0.03453684
0.03456593
0.03466821
0.03500223
0.03447366
0.03482056
0.03445625
0.03476167
0.03432417
0.03415608
0.03430629
0.03438425
0.03463149
0.03424978
0.03443813
0.03435230
0.03500485
0.03440690
0.03464198
0.03475380
0.03423929
0.03433871
0.03517222
0.03432012
0.03481388
0.03460646
0.03458834
0.03434682
0.03448796
0.03497005
0.03433180
0.03466034
0.03430319
0.03458166
0.03479362
0.03476191
0.03439927
0.03505778
0.03425503
0.03492022
0.03473663
0.03468037
0.03519893
0.03572893
0.03505492
0.03513217
0.03449583
0.03458095
0.03423071
0.03426242
0.03443527
0.03443766
0.03417897
0.03391004
0.03182864
0.03360772
0.03490853
0.03391719
0.03245401
0.03339076
0.03323436
0.03007793
0.03157878
0.03274632
0.03361797
0.03201461
0.03129816
0.03871346
0.03532243
0.03503275
0.03317285
0.03308105
0.03533840
0.03786063
0.03851700
0.03692651
0.03458548
0.03466940
0.03477597
0.03486061
0.03580666
0.03529787
0.04301524
0.03505182
0.03462458
0.03667474
0.03520274
0.03427482
0.03550172
0.03522110
0.03600359
0.03506708
0.03492832
0.03468847
0.03456497
0.03403664
0.03491163
0.03432584
0.03437209
0.03506637
0.03443408
0.03418589
0.03024316
0.03016782
0.02968836
0.03086090
0.03024149
0.03183866
0.03686333
0.03136992
0.03071141
0.03051162
0.03442764
0.03552246
0.03419209
0.03435540
0.03451490
0.03411078
0.03449249
0.03421402
0.02813005
0.02871990
0.02276278
0.03531694
0.03482795
0.03444576
0.03431201
0.03416252
0.03420329
0.03418446
0.03443646
0.03484249
0.03412032
0.03395915
0.03431463
0.03418469
0.03392529
0.03505135
0.03400183
0.03463554
0.03422403
0.03429985
0.03561378
0.03464079
0.03518915
0.03445578
0.03166914
0.03262377
0.03125787
0.03202438
0.03238058
0.03168201
0.03292298
0.03027654
0.03169847
0.03065467
0.03216648
0.03143215
0.03261304
0.03833747
0.03760052
0.03686738
0.03623176
0.03519702
0.03993082
0.03860068
0.03856325
0.03805542
0.03831553
0.03892136
0.03838587
0.03869820
0.04207087
0.03943825
0.03877354
0.03381085
0.03056097
0.03279281
0.03054667
0.03256822
0.03171873
0.03220177
0.03064036
0.03267384
0.03084135
0.03273010
0.03174114
0.03318238
0.03210759
0.03160095
0.03438377
0.03408623
0.03268743
0.03462315
0.03545284
0.03552461
0.03457141
0.03506708
0.03489757
0.03417110
0.03426862
0.03433156
0.03435755
0.03561473
0.03512406
0.03651595
0.03638530
0.03531551
0.03589559
0.03549695
0.03463173
0.03443313
0.03550506
0.03480625
0.03416014
0.03580189
0.03664947
0.03526115
0.03550220
0.03787732
0.03615785
0.03534842
0.03547716
0.03590250
0.03596687
0.03568649
0.03442407
0.03453326
0.03450537
0.03411555
0.03191662
0.03419638
0.03463578
0.03475046
0.03027678
0.03206515
0.03268123
0.03268194
0.03288364
0.03239250
0.03223872
0.03224182
0.03067040
0.03143978
0.03220296
0.03220201
0.03255868
0.03364182
0.03163218
0.03424144
0.03591418
0.03504157
0.03327966
0.03507543
0.03196049
0.03292632
0.03358603
0.03378296
0.03254533
0.04082298
0.03529596
0.03264070
0.03308702
0.03456974
0.03435993
0.03298759
0.03153634
0.03495097
0.03161192
0.03287673
0.03119063
0.03299475
0.03257060
0.03189254
0.03175640
0.03491187
0.03438473
0.03486133
0.03424382
0.03470588
0.03431702
0.03452134
0.03456068
0.03470922
0.03492117
0.03475070
0.03467417
0.03505611
0.03486228
0.03551388
0.03532839
0.03524303
0.03551698
0.03521776
0.03512645
0.03495002
0.03462386
0.03513622
0.03497481
0.03443193
0.03453732
0.03534174
0.03488326
0.03534770
0.03491306
0.03455305
0.03454137
0.03474712
0.03523159
0.03564215
0.03477263
0.03438544
0.03561115
0.03472996
0.03404188
0.03425694
0.03424025
0.03434229
0.03471923
0.03450727
0.03489876
0.03452873
0.03485537
0.03472781
0.03489590
0.03976560
0.03505707
0.03465199
0.03507042
0.03468275
0.03480101
0.03529859
0.03499627
0.03520393
0.03460789
0.03467155
0.03469467
0.03505898
0.04828143
0.03601599
0.03588939
0.03486967
0.03511071
0.03536320
0.03473473
0.03536630
0.03530765
0.03482890
0.03520632
0.03522778
0.03469777
0.03504133
0.03630424
0.03569365
0.03534436
0.03566384
0.03528571
0.03614998
0.03631258
0.03664541
0.03514147
0.03093147
0.03079081
0.03599930
0.03597856
0.03513932
0.03568220
0.03550959
0.03545499
0.03520536
0.03549314
0.03580832
0.03526330
0.03540158
0.03588867
0.03618169
0.03644419
0.03694391
0.03680086
0.03650093
0.03637791
0.03672004
0.03564739
0.03715348
0.03494096
0.03045297
0.03607512
0.03592634
0.03484869
0.03535199
0.03484917
0.03560591
0.03505325
0.03516483
0.03505945
0.03505516
0.03549838
0.03552866
0.03551650
0.03590631
0.03873348
0.03614426
0.03513360
0.03539205
0.03552246
0.03533196
0.03478360
0.03515482
0.03544259
0.03567648
0.03503108
0.03592992
0.03589177
0.03595686
0.03574491
0.03881049
0.03605390
0.03554440
0.03519845
0.03496265
0.03509307
0.03552222
0.03500056
0.03502536
0.03498292
0.03601122
0.03518963
0.03508210
0.03529406
0.03532410
0.03485918
0.03506017
0.03498483
0.03493118
0.03520894
0.03515387
0.03531027
0.03533864
0.03543377
0.03560805
0.03599882
0.03573966
0.03498816
0.03558350
0.03509474
0.03528857
0.03575730
0.03504038
0.03628135
0.03545570
0.03565907
0.03557777
0.03694940
0.03589654
0.03653097
0.03178334
0.03248882
0.03328991
0.03536820
0.03222132
0.03456759
0.03235269
0.03415012
0.03233743
0.03083754
0.03192925
0.03251100
0.03287792
0.03150749
0.03061128
0.03254175
0.03110385
0.03172112
0.03355837
0.03378654
0.03297520
0.03153729
0.03070164
0.03173351
0.03053141
0.03108501
0.03001237
0.03224564
0.03142428
0.03178763
0.03203821
0.03110027
0.03297329
0.03571773
0.03445816
0.03498936
0.03500509
0.03310132
0.03246641
0.03318286
0.03432298
0.03252172
0.03119779
0.03171420
0.03086066
0.03302264
0.03117228
0.03434706
0.03083491
0.03433967
0.03117537
0.03400302
0.03250647
0.03338909
0.03153205
0.03067112
0.03019094
0.03233433
0.03214097
0.03044891
0.03229403
0.03358412
0.03439522
0.03668666
0.03511810
0.03482676
0.03467369
0.03448772
0.03738117
0.03523636
0.03541994
0.03524685
0.03524828
0.03450418
0.03453875
0.03479528
0.03471732
0.03422618
0.03492188
0.03407288
0.03509545
0.03435016
0.03439498
0.03431416
0.03438568
0.03442597
0.03432035
0.03475738
0.03508115
0.03487849
0.03434753
0.03462195
0.03518009
0.03542089
0.03516817
0.03426671
0.03437710
0.03472281
0.03412986
0.03465891
0.03430867
0.03469968
0.03501248
0.03475070
0.03538704
0.03494382
0.03462648
0.03477979
0.03485036
0.03551149
0.03499365
0.03498101
0.03596902
0.03493571
0.03565097
0.03559089
0.03579926
0.03556275
0.03504705
0.03538990
0.03493667
0.03461170
0.03554940
0.03527927
0.03544021
0.03518558
0.03452325
0.03561831
0.03569388
0.03519583
0.03539824
0.03509569
0.03518271
0.03532004
0.03533721
0.03549933
0.03803658
0.03798342
0.04719830
0.03887892
0.03720546
0.04641676
0.03622293
0.03558564
0.03558230
0.03563333
0.03572202
0.03550029
0.03580928
0.03569746
0.03551173
0.03467035
0.03589344
0.03510499
0.03516698
0.03478670
0.03573036
0.03454804
0.03492522
0.03595400
0.03479576
0.03486609
0.03430200
0.03442335
0.03466845
0.03479886
0.03601933
0.03424859
0.03313732
0.03295994
0.03265190
0.03313494
0.03267741
0.03114319
0.03206754
0.03256917
0.03219771
0.03199530
0.03352380
0.03201199
0.03290176
0.03229523
0.03087664
0.03217077
0.03202105
0.03415942
0.03259444
0.03256130
0.03113961
0.03280902
0.03448462
0.03826189
0.03913832
0.03830194
0.03808808
0.03779936
0.03917122
0.03549886
0.03526998
0.03453398
0.03405190
0.03492045
0.03458190
0.03404975
0.03423357
0.03408480
0.03488016
0.03405166
0.03472471
0.03545952
0.03455758
0.03605056
0.03506875
0.03430033
0.03511333
0.03450823
0.03550386
0.03621984
0.03536963
0.03616166
0.03645349
0.03504848
0.03497672
0.03580499
0.03523922
0.03452802
0.03545308
0.03513813
0.03489757
0.03491902
0.03442526
0.03518105
0.03489137
0.03467846
0.03472853
0.03457355
0.03501892
0.03894448
0.03495908
0.03529787
0.03513837
0.03498387
0.03481650
0.03521395
0.03267741
0.03244019
0.03091502
0.03453779
0.03392148
0.03278422
0.03437448
0.03233242
0.03333163
0.03164196
0.02994108
0.03559852
0.04315901
0.04255867
0.03494287
0.03183818
0.03339386
0.03223515
0.03358126
0.03292322
0.03478384
0.03518176
0.03340816
0.03347540
0.03392982
0.03349686
0.03415418
0.03312540
0.03343368
0.03367090
0.04139948
0.03223801
0.03110385
0.03087783
0.03450418
0.03123403
0.03321338
0.03214407
0.03406858
0.03241348
0.03340769
0.03298163
0.03417373
0.03719974
0.03054595
0.03046918
0.03184462
0.03200793
0.03540587
0.03586483
0.05350471
0.03766680
0.03656483
0.03598332
0.03625417
0.04391479
0.03286362
0.03607917
0.03930354
0.03841925
0.03205729
0.03719997
0.03377485
0.03455591
0.03387189
0.03589177
0.03441882
0.03412509
0.03439546
0.03361344
0.03338075
0.03286314
0.03256512
0.03333664
0.03309202
0.03136730
0.03129292
0.03157544
0.03136086
0.03241658
0.03496504
0.03256869
0.03333092
0.03312087
0.03412986
0.03919506
0.03815675
0.04085398
0.03899217
0.03928804
0.03881168
0.03842020
0.03751945
0.03788733
0.03933978
0.03137994
0.03570843
0.03257823
0.03230000
0.03338194
0.03213835
0.03249264
0.03240466
0.03093100
0.03253365
0.03158140
0.03044391
0.03396702
0.05977583
0.04242992
0.03665972
0.03848767
0.03859544
0.03809857
0.03432488
0.03259397
0.03339529
0.03177452
0.03269553
0.03208756
0.03265166
0.03260827
0.03176260
0.03420973
0.03146410
0.03378463
0.03112435
0.03416109
0.03488755
0.03512287
0.03121829
0.03509521
0.03216219
0.03295851
0.03154445
0.03518248
0.03497076
0.03428054
0.03432226
0.03425527
0.03856158
0.03499269
0.03531098
0.03520417
0.03406644
0.03450942
0.03453159
0.03410506
0.03425217
0.03415251
0.03470945
0.03434563
0.03452206
0.03396344
0.03416610
0.03387547
0.03397608
0.03391242
0.03414083
0.03479290
0.03500271
0.03497291
0.03569651
0.03507257
0.03515434
0.03756356
0.03457093
0.03468609
0.03473973
0.03476858
0.03444886
0.03448629
0.03488803
0.03593230
0.03591895
0.03481102
0.03472185
0.03513384
0.03534675
0.03452873
0.03475881
0.03468060
0.03543210
0.03546023
0.03527164
0.03603292
0.03486419
0.03449821
0.03576255
0.03510261
0.03487468
0.03443527
0.03437376
0.03590393
0.03545594
0.03502870
0.03598642
0.03526807
0.03589368
0.03577924
0.03525758
0.03508306
0.03519964
0.03579974
0.03516912
0.03521752
0.03482985
0.03568649
0.03649449
0.03643060
0.03483820
0.03483963
0.03491282
0.03496790
0.03564620
0.03450751
0.03549600
0.03509760
0.03459501
0.03491712
0.03445029
0.03478503
0.03523898
0.03472900
0.03483844
0.03454733
0.03527737
0.03448868
0.03438354
0.03528523
0.03547573
0.03456426
0.03535533
0.03490067
0.03482747
0.03467727
0.03637743
0.03520679
0.03421521
0.03535032
0.03513074
0.03524351
0.03554678
0.03526092
0.03545141
0.03451324
0.03475666
0.03639603
0.03459311
0.03514147
0.03580523
0.03636241
0.03584075
0.03502607
0.03477669
0.03481078
0.03506994
0.03503561
0.03471732
0.03509355
0.03478622
0.03502607
0.03489017
0.03481793
0.03494358
0.03566146
0.03493977
0.03478718
0.03479195
0.03445506
0.03476262
0.03501487
0.03497005
0.03469229
0.03457737
0.03539872
0.03465462
0.03668356
0.03724003
0.03771424
0.03610992
0.03562140
0.03465176
0.03509688
0.03478026
0.03479505
0.03455877
0.03547287
0.03480244
0.03452778
0.03492713
0.03487325
0.03595281
0.03481603
0.03509951
0.03540897
0.03466368
0.03458238
0.03511024
0.03470564
0.03558683
0.03579164
0.03514528
0.03573346
0.03509879
0.03506184
0.03549147
0.03473067
0.03468442
0.03463268
0.03510761
0.03466153
0.03455901
0.03517675
0.03484845
0.03485990
0.03487062
0.03549838
0.03495121
0.03493476
0.03512406
0.03725338
0.03600001
0.03647828
0.03652787
0.03702116
0.03724194
0.03588557
0.03604603
0.03466797
0.03487110
0.03538704
0.03516865
0.03484297
0.03489804
0.03510237
0.03519702
0.03505230
0.03493261
0.03497410
0.03607512
0.03596616
0.03583646
0.03545523
0.03522778
0.03468704
0.03493357
0.03609633
0.03534842
0.03499389
0.03671670
0.03530455
0.03486323
0.03484058
0.03513622
0.03459120
0.03448534
0.03451562
0.03457475
0.03470802
0.03452134
0.03478336
0.03524423
0.03498054
0.03482652
0.04359961
0.03521204
0.03449035
0.03450823
0.03498006
0.03503656
0.03513885
0.03469920
0.03456807
0.03497052
0.03459883
0.03497005
0.03466129
0.03501916
0.03521299
0.03455400
0.03558540
0.03524804
0.03477812
0.03711605
0.03538036
0.03547335
0.03601575
0.03541160
0.03540921
0.03520203
0.03524637
0.03573298
0.03098226
0.03328681
0.03404927
0.03288102
0.03397417
0.03217983
0.03224969
0.03250289
0.03261185
0.03197336
0.03317070
0.03053832
0.03181863
0.03514552
0.03319335
0.03363633
0.03690648
0.03851843
0.03869796
0.03894639
0.03749275
0.03842568
0.03972673
0.03897142
0.03972244
0.03920174
0.03829288
0.03839588
0.03839874
0.03920555
0.04019594
0.03306913
0.03338385
0.03429484
0.03434277
0.03510761
0.03558159
0.03555822
0.03512740
0.03536010
0.03569269
0.03489256
0.03525615
