0.00367093
0.02240801
0.02314210
0.02299881
0.02234364
0.02257371
0.02267361
0.02342629
0.02273822
0.02234459
0.02245450
0.02233410
0.02289224
0.02281618
0.02246809
0.02346301
0.02329779
0.02274060
0.02248549
0.02299261
0.02238178
0.02310157
0.02239251
0.02287841
0.02300406
0.02318597
0.02286911
0.02290559
0.02335024
0.02279282
0.02379370
0.02316403
0.03814530
0.04281259
0.04462934
0.04234982
0.04254699
0.04256988
0.04251957
0.04295659
0.04224372
0.04323053
0.04221678
0.04236126
0.03985810
0.03672814
0.04125500
0.04463315
0.04175544
0.04201460
0.04070544
0.04047298
0.04077029
0.04081345
0.04065919
0.04077363
0.04067016
0.04049397
0.04056811
0.04051018
0.04083014
0.04072356
0.04091740
0.04047561
0.04082823
0.04047942
0.04070830
0.04073501
0.04098845
0.04067826
0.04088020
0.04095030
0.04042172
0.04055715
0.03490448
0.04034042
0.04107141
0.04081774
0.04094815
0.04089952
0.04091430
0.04228163
0.04082584
0.04106736
0.04300809
0.04282951
0.04234672
0.04255891
0.03636336
0.04046464
0.04254556
0.04267359
0.04276037
0.04256845
0.04235721
0.04260778
0.04262161
0.04310846
0.04243565
0.04272604
0.04257560
0.04200888
0.03683257
0.04259038
0.03835964
0.04151821
0.04057479
0.03839970
0.04108047
0.03881097
0.04039431
0.04131985
0.04050469
0.04091620
0.04052758
0.04065919
0.03830218
0.02177668
0.02232504
0.02218485
0.02371073
0.02178288
