0.00771809
0.03186250
0.03278446
0.03084302
0.03276515
0.03326154
0.03742790
0.03532434
0.03272986
0.05416274
0.04255414
0.03596640
0.03508782
0.04124260
0.03550887
0.03488183
0.03105879
0.03216386
0.03832841
0.03832197
0.03341007
0.03813791
0.03887248
0.03702641
0.03469634
0.03434920
0.03489494
0.03124690
0.03090572
0.03069425
0.03400230
0.03297329
0.03416586
0.03417230
0.03451157
0.03439450
0.03455472
0.03474236
0.03495860
0.03491378
0.03482771
0.03648186
0.03462005
0.03491497
0.03425908
0.03230190
0.03444004
0.03412247
0.03392720
0.03487539
0.03380322
0.03486085
0.03473926
0.03447628
0.03529239
0.03441811
0.03492427
0.03562593
0.03449225
0.03451276
0.03486967
0.03462887
0.03428960
0.03463030
0.03424048
0.03439617
0.03490210
0.03476739
0.03435397
0.02851033
0.02358389
0.01738858
0.01685524
0.01693225
0.01754665
0.01731849
0.01691628
0.01680255
0.01676369
0.01748657
0.01718235
0.01692343
0.01725674
0.01695013
0.01738572
0.01730609
0.01677918
0.01692820
0.01727200
0.01734638
0.01757908
0.01700068
0.01705265
0.01702547
0.01692986
0.01739812
0.01747298
0.01690412
0.01691651
0.01710725
0.01683474
0.01743436
0.01736784
0.01682162
0.01691222
0.01703644
0.01693130
0.01703525
0.01688194
0.01787758
0.02275324
0.02895713
0.02837086
0.02893782
0.02916741
0.03399920
0.03404188
0.03397131
0.02811742
0.02825046
0.02279496
0.02291894
0.02265143
0.02855492
0.02858138
0.02848959
0.02899480
0.02250624
0.02840948
0.03385782
0.02874923
0.03493452
0.03367996
0.02822685
0.02321839
0.02279425
0.01717329
0.01687598
0.01716232
0.01721787
0.01695061
0.01745462
0.01895404
0.01755095
0.02800441
0.01720238
0.01708364
0.01755285
0.01795006
0.01708102
0.01708269
0.01785254
0.01753926
0.01721621
0.01737404
0.01700115
0.01725459
0.01766896
0.01718044
0.01722765
0.01707554
0.01710224
0.01742029
0.01699042
0.01705885
0.01681709
0.01690197
0.01691890
0.01716185
0.01716375
0.01685214
0.01726985
0.01729846
0.01704431
0.01682520
0.01688409
0.01723361
0.01687956
0.01698947
0.01679325
0.01693821
0.01694155
0.01713443
0.01715946
0.01690674
0.01690960
0.01704884
0.01713872
0.01679373
0.01677275
0.01713228
0.01708126
0.01690173
0.02291083
0.02475524
0.02968264
0.02942181
0.02914929
0.03485060
0.03457999
0.03423691
0.03500891
0.03419423
0.03402662
0.03384256
0.03398538
0.03405833
0.03422499
0.03411627
0.03481507
0.03363442
0.03443885
0.03393674
0.03383183
0.03386807
0.03419328
0.03429055
0.03429198
0.03720951
0.03541684
0.03551531
0.03447580
0.03446484
0.03382492
0.03417206
0.03398800
0.03384757
0.03491640
0.03452253
0.03433800
0.03322339
0.03433299
0.03823733
0.03456211
0.03393483
0.03579760
0.03097510
0.03190541
0.03380990
0.03221583
0.03579998
0.03431463
0.03442049
0.03422642
0.03448701
0.03416514
0.03492141
0.03437805
0.03468776
0.03412080
0.03424382
0.03491735
0.03379440
0.03480697
0.03451371
0.03500533
0.03619146
0.03534365
0.03591061
0.03545308
0.03546619
0.03520799
0.03539610
0.03427243
0.03359938
0.03877211
0.03481174
0.03453970
0.03448987
0.03439927
0.03428364
0.03936553
0.03570795
0.03450155
0.03430271
0.03420329
0.03433681
0.03233862
0.03188276
0.03225613
0.03274727
0.03170371
0.03273201
0.03278470
0.03291225
0.03332257
0.03091836
0.03562665
0.03373885
0.03110027
0.03217769
0.03185344
0.03142834
0.03115153
0.03179884
0.03103614
0.03205037
0.03127718
0.03165817
0.03127813
0.03185081
0.03251648
0.03395176
0.03183913
0.03201461
0.03327966
0.03057265
0.03022385
0.03184152
0.03070569
0.03090286
0.03287673
0.03199267
0.03234005
0.03103113
0.03839874
0.03167248
0.03324795
0.03181362
0.03213191
0.03279233
0.03273845
0.03131676
0.03263474
0.04264951
0.03095460
0.03121376
0.03521395
0.03264070
0.03184891
0.03173470
0.03608131
0.03339171
0.03256631
0.03240967
0.03152013
0.03284431
0.03831720
0.03450966
0.03419471
0.03461266
0.03158045
0.03090549
0.03173542
0.03108501
0.03136516
0.03123069
0.03345585
0.03795052
0.03163719
0.03116417
0.03032827
0.03229952
0.03217316
0.03297257
0.03406167
0.03330779
0.03340864
0.03482676
0.03239465
0.03287172
0.03383684
0.03543043
0.03897500
0.03788424
0.03930330
0.03799963
0.03854537
0.03833938
0.03868961
0.03778458
0.03822398
0.03890252
0.03854513
0.03857851
0.04117918
0.03845286
0.03845143
0.03840923
0.03661180
0.03826857
0.03487062
0.03678274
0.03602433
0.03520060
0.03513360
0.03523970
0.03488326
0.03481293
0.03522611
0.03512216
0.03520346
0.03462577
0.03406119
0.03428960
0.03445816
0.03515387
0.03483152
0.03399777
0.03448987
0.03437591
0.03424811
0.03517318
0.03454876
0.03448272
0.03481722
0.03481841
0.03515077
0.03507853
0.02859044
0.02311563
0.01702309
0.01704073
0.01700616
0.01719069
0.01740098
0.01716614
0.01703787
0.01690745
0.01751375
0.01693916
0.01721478
0.01703000
0.01754403
0.01731229
0.01698017
0.01776242
0.01742101
0.01709604
0.01690698
0.01671171
0.01748347
0.01669192
0.01753759
0.01697874
0.01753902
0.01727748
0.01741767
0.01681471
0.01709461
0.01721144
0.01731682
0.01703525
0.01653409
0.01714587
0.01690412
0.01684070
0.01702428
0.01696873
0.01698017
0.01776028
0.01752782
0.01765847
0.01703715
0.01733017
0.01883316
0.01718616
0.01752400
0.01705861
0.01702571
0.01699686
0.01694703
0.01696301
0.01676822
0.01684737
0.01774073
0.01725793
0.01675844
0.01709557
0.01799417
0.02277899
0.02260399
0.02839303
0.02885199
0.03482652
0.03395224
0.03458595
0.03440642
0.02839971
0.02824497
0.02288985
0.02301502
0.01685572
0.01694107
0.01714134
0.01685429
0.01701498
0.01721668
0.01694727
0.01687431
0.01897550
0.01711273
0.01703787
0.01693940
0.01703668
0.01694298
0.01728320
0.01702332
0.01690912
0.01741457
0.01778173
0.01704144
0.01721764
0.01697898
0.01721144
0.01677632
0.01696324
0.01740479
0.01752448
0.01720357
0.01785827
0.01743388
0.01688981
0.01690912
0.01695967
0.01714230
0.01769376
0.01711845
0.01716971
0.01708078
0.01783156
0.01750565
0.01723599
0.01684117
0.01673222
0.01754570
0.01805139
0.01796269
0.01774311
0.01813960
0.01808619
0.01767898
0.01786780
0.01769519
0.01706409
0.01702976
0.01738119
0.01681304
0.01827145
0.01700878
0.01697063
0.01679206
0.01707387
0.02869630
0.02332282
0.01706648
0.01712394
0.03472304
0.03583002
0.03545952
0.03598237
0.03658009
0.03779960
0.03557920
0.03692794
0.03735924
0.03674483
0.03629470
0.03852844
0.03543782
0.03537750
0.03834510
0.03542519
0.03518867
0.03548026
0.03509426
0.03548384
0.03493762
0.03447270
0.03473663
0.03472900
0.03427100
0.03470063
0.03535461
0.03531241
0.03471971
0.03538036
0.03458834
0.03575110
0.03528976
0.03451061
0.03620458
0.03440857
0.03480983
0.03449917
0.03223157
0.03264737
0.03065920
0.02247930
0.01702571
0.01707458
0.01690054
0.01715136
0.01765060
0.01774454
0.01720285
0.01687932
0.01730800
0.01726604
0.01718712
0.01679730
0.01696205
0.01703763
0.01679277
0.01739693
0.01814103
0.01895142
0.01713800
0.01704645
0.01714778
0.01705337
0.01688313
0.01678896
0.01705956
0.01731801
0.01677322
0.01676416
0.01729512
0.01740956
0.01712418
0.01708174
0.01738501
0.01764894
0.01702571
0.01698828
0.01700711
0.01773238
0.01672792
0.01693392
0.01699758
0.01707649
0.01752472
0.01699471
0.01699471
0.01748705
0.01687694
0.01681042
0.02318263
0.02918005
0.02921200
0.02940488
0.02957249
0.03488016
0.03424811
0.03412533
0.03496337
0.03473186
0.03407311
0.03396749
0.03471065
0.03453708
0.03136683
0.03309655
0.03376150
0.03971434
0.04219580
0.03141880
0.03050995
0.02999449
0.03000808
0.03022718
0.03138661
0.03449583
0.03632474
0.03618550
0.03473783
0.03575468
0.03410316
0.03536439
0.03330016
0.03523707
0.03565836
0.03580284
0.03001595
0.03483319
0.03501749
0.03438044
0.03451395
0.03514266
0.03436089
0.03424072
0.03446984
0.03746486
0.03260899
0.03367352
0.03532505
0.03486872
0.04181576
0.03289247
0.03501844
0.04231834
0.04164433
0.03665590
0.03320456
0.03093791
0.03049731
0.03293514
0.03011632
0.03052425
0.03058028
0.03225303
0.03148293
0.03035831
0.03296351
0.03573704
0.03121209
0.03127456
0.03118777
0.03029656
0.03515267
0.03054166
0.03379297
0.03240657
0.03605914
0.03225112
0.03324986
0.03326726
0.03325510
0.03043580
0.02441978
0.01657414
0.01769853
0.01746178
0.01855397
0.01689577
0.02313828
0.02862191
0.02356505
0.01709962
0.01682043
0.01693606
0.01731348
0.01773405
0.01697445
0.01702452
0.01709199
0.01715016
0.01992631
0.01786947
0.01717877
0.01762700
0.01711321
0.01708937
0.01715755
0.01763630
0.01716709
0.01748037
0.01724029
0.01694632
0.01698947
0.01696062
0.01749516
0.01688528
0.01700282
0.01718950
0.02896881
0.03418422
0.03484297
0.03410339
0.03469682
0.03490472
0.03452587
0.03452039
0.03545547
0.03522587
0.03430676
0.03473186
0.03415465
0.03503156
0.03454757
0.03480387
0.03489971
0.03018093
0.03047228
0.03336072
0.03208709
0.03098249
0.03507090
0.03447390
0.03570890
0.03517342
0.03492093
0.03540206
0.03537989
0.03509092
0.03489828
0.03466105
0.03789568
0.03531170
0.03457189
0.03534389
0.03469014
0.04166770
0.03939152
0.03676176
0.03626609
0.03693652
0.03638434
0.03882146
0.03545117
0.03513670
0.03680325
0.03496385
0.03541160
0.03555632
0.03589535
0.03637886
0.03596830
0.03636408
0.03586531
0.03568316
0.03733397
0.03591347
0.03551316
0.03574991
0.03525352
0.03474259
0.03526855
0.03478050
0.03530669
0.03628826
0.03572845
0.03549290
0.03442359
0.03523445
0.03464818
0.03466225
0.03505683
0.03590369
0.03561640
0.03538799
0.03511429
0.03678346
0.03384495
0.03623724
0.03324962
0.03224874
0.03405070
0.03371167
0.03993845
0.04102373
0.04178286
0.04263616
0.03173494
0.03202057
0.03367972
0.04214716
0.03914881
0.03334427
0.03416824
0.03490877
0.03353882
0.03361249
0.03353882
0.03549886
0.03564000
0.03478336
0.03494930
0.03514290
0.03532505
0.04006171
0.03470683
0.03513575
0.03516841
0.03581953
0.03594375
0.03575158
0.03748250
0.03684425
0.03628588
0.03916001
0.03619719
0.03594065
0.03624797
0.03548789
0.03690958
0.03537440
0.03520346
0.03601742
0.03532410
0.03603506
0.03553295
0.03584075
0.03560686
0.03476238
0.03550768
0.03543854
0.03582454
0.03530073
0.03515458
0.03602314
0.03490829
0.03467441
0.03514361
0.03510976
0.03504896
0.03548956
0.03539777
0.03528237
0.03534842
0.03630972
0.03600550
0.03545284
0.03495812
0.03452802
0.03455901
0.03509188
0.03485990
0.03462672
0.03494239
0.03535914
0.03518438
0.03447747
0.02915478
0.02346349
0.02378440
0.01748157
0.01745319
0.01670241
0.01768136
0.01683331
0.01708078
0.01732302
0.01713848
0.02217054
0.01675892
0.01669955
0.01733994
0.01776147
0.01686907
0.01699591
0.01694345
0.01703310
0.01701474
0.01719189
0.01741719
0.01686883
0.01746678
0.01768589
0.01762843
0.01682901
0.01657891
0.01726532
0.01839328
0.01709676
0.01695633
0.01752925
0.01733017
0.01718426
0.01695371
0.01701093
0.01697588
0.01702499
0.01853681
0.02298737
0.02085090
0.02729249
0.02183342
0.02655363
0.02707911
0.02830696
0.03236771
0.02663946
0.04011679
0.03077006
0.03807688
0.02594233
0.03370929
0.03404832
0.03221488
0.03139067
0.03490877
0.03895283
0.03799415
0.03509641
0.03828716
0.03939033
0.03792572
0.03736353
0.03299284
0.03162241
0.03269863
0.03139329
0.03115582
0.03223038
0.03126073
0.02968431
0.03265238
0.03706145
0.03335452
0.03205681
0.03180957
0.03293562
0.03401351
0.03082371
0.03231645
0.03102255
0.03051615
0.03131151
0.03158283
0.03143954
0.03661036
0.03221083
0.03324699
0.03230381
0.03061676
0.02674842
0.02321863
0.01662469
0.01684833
0.01725507
0.01685190
0.01698828
0.01698756
0.01723671
0.01737595
0.01685262
0.01730633
0.01692438
0.01714635
0.01711655
0.01679587
0.01692152
0.01720238
0.01711583
0.01728225
0.01747513
0.01721168
0.01720762
0.01679564
0.01688218
0.01717257
0.01691294
0.01702976
0.01675606
0.01675773
0.02844477
0.03482127
0.03410363
0.03460121
0.03469205
0.03476620
0.03443813
0.03456044
0.03563523
0.03597093
0.03689432
0.03692317
0.02360082
0.01765990
0.01770878
0.01714015
0.01716876
0.01709342
0.01783347
0.02311540
0.02903485
0.03461218
0.03494191
0.03399396
0.03443193
0.03506041
0.03436184
0.03513217
0.03568578
0.03582048
0.03519917
0.03484368
0.03540087
0.03507876
0.03499556
0.03504682
0.03403139
0.02819300
0.01687622
0.01685715
0.01718187
0.01675344
0.01694489
0.01716018
0.01681614
0.01745939
0.01687455
0.01678920
0.01736236
0.01781940
0.01685071
0.01690102
0.01700163
0.01702857
0.01780939
0.01679850
0.01698232
0.03170514
0.03415561
0.03455424
0.03419495
0.03403139
0.03461885
0.03523231
0.03498960
0.03447008
0.03503251
0.03455162
0.03417945
0.03445530
0.03431511
0.03442907
0.03453851
0.03459620
0.03450751
0.03978777
0.03495193
0.03446245
0.03498721
0.03462553
0.03487086
0.03511262
0.03479290
0.03479886
0.03446960
0.03471518
0.03472757
0.03404093
0.03484416
0.03498530
0.03387833
0.03467298
0.03434420
0.03419065
0.03530335
0.03523111
0.03528452
0.03144550
0.03578854
0.03448629
0.03496647
0.03411508
0.03423643
0.03416920
0.03487706
0.03426123
0.03512931
0.03446913
0.03452086
0.03493690
0.03471613
0.03434968
0.03437042
0.03428531
0.03480101
0.03442478
0.03418493
0.03537130
0.03441715
0.03418565
0.03435850
0.03435636
0.03482842
0.03406453
0.03400898
0.03415871
0.03459573
0.03406978
0.03466606
0.03401184
0.03452587
0.03448176
0.03435922
0.03451252
0.03786898
0.03832126
0.03871584
0.03927302
0.03954434
0.03837299
0.03622913
0.03856707
0.03755569
0.03756547
0.03770399
0.03833151
0.03864527
0.03783250
0.03794050
0.03808069
0.03765392
0.03816533
0.03516960
0.03541565
0.03433752
0.03505564
0.03445458
0.03490520
0.03461123
0.03464413
0.03530598
0.03461432
0.03548622
0.03450203
0.03438687
0.03498411
0.03572249
0.03513384
0.03566861
0.03512430
0.03452516
0.03449583
0.03466749
0.03452778
0.03451085
0.03517413
0.03514719
0.03426647
0.03512383
0.03475046
0.03425479
0.03469419
0.03432560
0.03693485
0.03452182
0.03389072
0.03452444
0.03505278
0.04241967
0.03902721
0.03193665
0.03414035
0.03754115
0.03327847
0.03196073
0.03648448
0.03405714
0.03483844
0.03640866
0.03721642
0.03741026
0.03621483
0.03512573
0.03413057
0.03465629
0.03462672
0.03412390
0.03472567
0.03439975
0.03493309
0.03421474
0.03431988
0.03431559
0.03463316
0.03427243
0.03489161
0.03483295
0.03510308
0.03479004
0.03458381
0.03459120
0.03473043
0.03441215
0.03429556
0.03434110
0.03471804
0.03148293
0.03204894
0.03202438
0.03425241
0.03355026
0.03252411
0.03234839
0.03509092
0.03482962
0.03609204
0.03766990
0.03701162
0.03656387
0.03688240
0.03529739
0.03590870
0.03518152
0.03498793
0.03432059
0.03422117
0.03441882
0.03520703
0.03465295
0.03453016
0.03414249
0.03490448
0.03398108
0.03474474
0.03513646
0.03589869
0.02343917
0.01754928
0.01725864
0.01733613
0.01719737
0.01746273
0.01732016
0.01777005
0.01735902
0.01719928
0.01720595
0.01708627
0.01704025
0.01723504
0.01747203
0.01710153
0.01710629
0.01711583
0.01771235
0.01703453
0.01688218
0.01741767
0.01713562
0.01686001
0.01726913
0.01703644
0.01732302
0.01693511
0.01681423
0.01720095
0.01730704
0.01717305
0.01689005
0.01723051
0.01712656
0.01733136
0.01686931
0.01758194
0.01748252
0.01687050
0.01686072
0.01738334
0.01687574
0.01726818
