0.00164628
0.03196311
0.03203845
0.03202105
0.03237748
0.03242874
0.03178859
0.03162456
0.03194714
0.03234172
0.03237987
0.03273702
0.03186345
0.03244853
0.03243780
0.03189635
0.03206277
0.03284454
0.03566790
0.03248692
0.03172708
0.03186107
0.03193307
0.03279686
0.03265882
0.03361011
0.03235579
0.03198028
0.03408885
0.03254366
0.03359699
0.03255677
0.03229356
0.03216672
0.03172350
0.03193283
0.03180313
0.03258586
0.03197765
0.03254986
0.03237081
0.06116486
0.03117633
0.03276396
0.03418660
0.03323245
0.03453684
0.03444576
0.03383088
0.03278852
0.03303313
0.03339529
0.03331113
0.03329182
0.03842235
0.03244305
0.03179908
0.03288174
0.02944207
0.02930784
0.03074670
0.03031921
0.02961612
0.03174615
0.02964497
0.02898765
0.03094912
0.02998710
0.03007913
0.03033566
0.02915072
0.03081393
0.03507471
0.03206086
0.03290224
0.03154993
0.03127766
0.01706409
0.03160906
0.03290772
0.02989984
0.03046107
0.01767349
0.01695538
0.01694989
0.01743674
0.01716971
0.01669550
0.01648760
0.01746464
0.01719809
0.01702690
0.01662564
0.01715326
0.01663828
0.01674747
0.01676321
0.02883267
0.02815413
0.02905941
