0.00209236
0.03403211
0.03017497
0.03053665
0.03060222
0.03022909
0.03029561
0.03079939
0.03026390
0.03030252
0.03115535
0.03171659
0.03013444
0.03105903
0.03028131
0.03132463
0.03129649
0.03072190
0.03051758
0.03069043
0.03091717
0.03541517
0.03149438
0.03093481
0.03082561
0.03037667
0.03025389
0.03029656
0.03031993
0.03055620
0.03041005
0.03027868
0.03007054
0.03027654
0.03464317
0.03047705
0.03028560
0.03010917
0.02988768
0.02997947
0.03066278
0.03023291
0.03036547
0.03052235
0.03040528
0.03045130
0.03062534
0.03020334
0.02998090
0.03073502
0.03043485
0.03008842
0.03040385
0.03018045
0.03024864
0.03056335
0.03147268
0.03043509
0.03117061
0.03174281
0.03141928
0.03095436
0.03019381
0.03069806
0.03043532
0.03028607
0.03037214
0.03056073
0.03055787
0.02996159
0.03057384
0.03021836
0.03060079
0.03030562
0.03036928
0.03049541
0.03131247
0.03231955
0.03170753
0.03289509
0.03219461
0.03132844
0.03147173
0.03108954
0.03148103
0.03066611
0.03096318
0.03098083
0.03066969
0.03081203
0.03107762
0.03076029
0.03087616
0.03142071
0.03054166
0.03073645
0.03052688
0.03109860
0.03021979
0.03104639
0.03150463
0.03086424
0.03170085
0.03117776
0.03094530
0.03111291
0.03143978
0.03094077
0.03123260
0.03091145
0.03074789
0.03104544
0.03025484
0.03057861
0.03088331
0.03081918
0.03001022
0.03077149
0.03177834
0.03012943
0.03076434
0.03079247
0.03075933
0.03062773
0.03066063
0.03036332
0.03214073
0.03058410
0.03106165
0.03065491
0.03129458
0.03049445
0.03116155
0.03017592
0.03105187
0.03113675
0.03023124
0.03036737
0.03128648
0.02995491
0.03063440
0.03055763
0.03128481
0.03007436
0.03148818
0.03072333
0.03026032
0.03037143
0.03122926
0.03075480
0.03059626
0.03425765
0.03017807
0.03070450
0.03051972
0.03070951
0.03008080
0.03038788
0.02990627
0.02988601
0.03007174
0.03019023
0.03103256
0.03122711
