0.00201654
0.01656294
0.01685238
0.01747561
0.01716828
0.01686645
0.01684403
0.01700497
0.01680303
0.01648140
0.02074981
0.01889896
0.01854873
0.01726818
0.01744771
0.01740623
0.01714373
0.01749635
0.01721072
0.01715374
0.01710486
0.01708078
0.01672101
0.01693177
0.01687121
0.01691365
0.01663756
0.01710701
0.01686835
0.01690221
0.01742697
0.01736879
0.01670575
0.01658130
0.01677728
0.01710796
0.01721144
0.01691055
0.01658320
0.01653099
0.01649189
0.01683831
0.01710367
0.01684737
0.01669312
0.01717997
0.01669812
0.01651907
0.01695728
0.01752067
0.01665783
0.01680040
0.01681638
0.01649857
0.01684880
0.01754546
0.01685476
0.01662636
0.01676011
0.01660275
0.01681113
0.01692581
0.01703262
0.01673341
0.01695061
0.01661968
0.01704288
0.01739502
0.01646829
0.01664281
0.01705551
0.01656389
0.01657677
0.01676035
0.01675963
0.01704431
0.01696634
0.01636076
0.01675606
0.01687026
0.01745892
0.01648307
0.01654911
0.01657009
0.01677418
0.01711178
0.01687050
0.01678395
0.01697540
0.01675034
0.01682377
0.01674032
0.01636887
0.01638269
0.01655674
0.01679969
0.01698422
0.01652622
0.01681352
0.01669121
0.01673627
0.01732206
0.01694322
0.01667595
0.01678848
0.01677418
0.01698709
0.01653314
0.01708007
0.01690650
0.01721168
0.01684737
0.01668048
0.01682878
0.01651335
0.01662803
0.01677275
0.01672363
0.01700664
0.01732922
0.01672626
0.01665568
0.01675892
0.01665306
0.01708150
0.01679468
0.01700306
0.01663923
0.01653671
0.01689911
0.01672101
0.01739168
0.01671386
0.01677561
0.01692820
0.01699352
0.01723266
0.01682162
0.01651096
0.01675320
0.01712751
0.01722789
0.01665878
0.01673794
0.01687264
0.01658058
0.01641846
0.01690269
0.01694465
0.01711869
0.01701689
0.01679039
0.01671529
0.01704335
0.01764464
0.01644278
0.01691604
0.01692915
0.01680994
0.01675272
0.01649261
0.01783156
0.01720476
0.01644945
0.01709080
0.01681805
0.01666689
0.01763129
0.01697755
0.01680207
0.01674676
0.01682973
0.01800656
0.01726961
0.01724505
0.01682758
0.01689267
0.01701999
0.01751471
0.01671791
0.01669669
0.01682377
0.01734519
0.01714349
0.01691651
0.01677632
0.01699758
0.01716733
0.01741195
0.01688719
0.01701951
0.01718020
0.01744676
0.01675677
0.01678300
0.01756787
0.01678538
0.01692414
0.01675439
0.01700664
0.01757789
0.01809740
0.01738548
0.01720238
0.01716590
0.01790786
0.01696777
0.01712418
0.01733375
0.01841044
0.01773429
0.01824021
0.01762271
0.01686263
0.01703525
0.01676369
0.01656342
0.01756191
0.01654148
0.01683021
0.01755261
0.01763439
0.01758742
0.01716018
0.01743054
0.01755500
0.01777411
0.01679587
0.01733828
0.01838160
0.01846838
0.01753473
0.01762509
0.01735830
0.01649070
0.01685405
0.01672029
0.01687384
0.01747537
0.01717305
0.01700234
0.01757288
0.01763272
0.01814914
0.01697850
0.01683903
0.01708674
0.01736617
0.01695180
0.01738071
0.01676893
0.01666641
0.01648045
0.01686954
0.01746416
0.01690030
0.01667857
0.01669621
0.01684165
0.01755643
0.01717830
0.01632714
0.01657009
0.01667476
0.01680398
0.01676583
0.01670742
0.01672506
0.01694393
0.01696920
0.01668072
0.01691365
0.01663709
0.01724792
0.01751208
0.01752353
0.01730871
0.01725006
0.01705813
0.01650834
0.01668072
0.01675892
0.01666951
0.01728129
0.01767802
0.01723385
0.01673794
0.01789498
0.01846409
0.01689863
0.01685548
0.01721025
0.01762199
0.01665378
0.01708412
0.01770592
0.01725268
0.02021646
0.01727343
0.01681399
0.01671195
0.01711369
0.01702404
0.01674652
0.01668382
0.01682925
0.01729751
0.01690173
0.01842165
0.01759553
0.01711321
0.01713347
0.01706409
0.01680684
0.01672769
0.01703811
0.01692033
0.01708269
0.01682258
0.01701546
0.01680303
0.01672339
0.01721072
0.01669979
0.01668525
0.01669860
0.01670909
0.01672006
0.01733470
0.01690388
0.01684570
0.01670337
0.01676083
0.01691747
0.01682758
0.01671410
0.01671696
0.01665783
0.01683092
0.01669502
0.01676846
0.01677275
0.01672649
0.01667047
0.01673889
0.01698256
0.01673579
0.01672530
0.01663256
0.01665545
0.01671028
0.01792240
0.01705766
0.01669168
0.01666880
0.01712728
0.01704097
0.01669884
0.01672220
0.01660800
0.01675677
0.01687789
0.01697206
0.01674843
0.01673222
0.01665163
0.01663256
0.01694274
0.01701880
0.01652384
0.01677370
0.01655197
0.01658392
0.01661253
0.01658225
0.01663423
0.01672411
0.01678610
0.01647234
0.01677942
0.01693177
0.01661921
0.01717925
0.01733899
0.01686954
0.01697302
0.01672840
0.01686478
0.01682234
0.01680064
0.01752043
0.01682901
0.01668334
0.01668358
0.01678562
0.01675749
0.01687431
0.01686025
0.01671791
0.01674962
