0.00173569
0.02624202
0.02672744
0.02800846
0.02698040
0.02789450
0.02956724
0.02699852
0.02682948
0.03151512
0.03225660
0.03557968
0.03323150
0.03278732
0.03405046
0.03087282
0.03107357
0.03105092
0.03257847
0.03477240
0.02830315
0.02847171
0.02791882
0.02828431
0.02694297
0.02666664
0.02705741
0.02887082
0.03395391
0.03226233
0.02903342
0.02827597
0.03614402
0.03671217
0.03144765
0.04532671
0.05407810
0.05345130
0.05339694
0.05363727
0.05381417
0.05327654
0.05364060
0.04884219
0.03178477
0.03116989
0.03081131
0.03115010
0.03176594
0.03050423
0.03015757
0.03007579
0.03039908
0.03024459
0.03113127
0.02977538
0.02984905
0.02997494
0.02993846
0.03004360
0.03024888
0.02976608
0.02970481
0.03028584
0.02997494
0.03006077
0.03003645
0.03018212
0.02991962
0.02975225
0.02986264
0.03001404
0.03032160
0.02980113
0.02997351
0.03042316
0.03047347
0.02996874
0.02970886
0.02982926
0.02991748
0.02980423
0.03030157
0.03506207
0.03126192
0.03066993
0.03027987
0.03197765
0.03464580
0.03253603
0.03385615
0.03269029
0.03140974
0.03123403
0.03135133
0.03172302
0.02966094
0.03040123
0.02962446
0.03075290
0.03039885
0.02985477
0.03009415
0.03017187
0.02997971
0.02861476
0.02727199
0.02612305
0.02678204
0.02880526
0.02727556
0.02911019
0.02735639
0.02716064
0.02662516
0.02740765
0.02739191
0.02871490
0.02685046
0.02756953
0.02734208
0.02633309
0.02685189
0.02699757
0.02733207
0.02863240
0.02728939
0.02831531
0.02824473
0.02673221
0.02718019
0.03064203
0.03212452
0.03099442
0.03062153
0.03127742
0.03036666
0.03141546
0.03099680
0.03029203
0.03175068
0.03050041
0.03054094
0.03031135
0.02767587
0.02830744
0.02803302
0.02720451
0.02722955
0.02750015
0.03064895
0.02654052
0.02674389
0.02646303
0.02667689
0.02701759
0.02667522
0.02669883
0.02857566
0.02723360
0.02647138
0.02738976
0.02682996
0.02849054
0.02822042
0.02675581
0.02773643
0.02719021
0.02920270
0.02948904
0.02989697
0.02932048
0.02723455
0.02603292
0.02719235
0.02620292
0.02659822
0.02691627
0.02711201
0.02845335
0.02690530
0.02684259
0.02993155
0.02663541
0.02642179
0.02807784
0.02672195
0.02657652
0.02784038
0.02886629
0.03131938
0.02666593
0.02657795
0.02922273
0.02802110
0.02717257
0.02743435
0.02885127
0.02750421
0.03266692
0.03034329
0.03077674
0.02988076
0.03005791
0.03016019
0.03070331
0.03012180
0.02991748
0.03049636
0.02676225
0.02717233
0.02967572
0.02843761
0.02699113
0.02686095
0.02717066
0.02688360
0.02736521
0.02820873
0.02700424
0.02725744
0.02956009
0.02800059
0.02779150
0.02914405
0.02996874
0.03072715
0.03058577
0.03563762
0.02997851
0.03088450
0.02853584
0.02771449
0.02688122
0.02708769
0.02670145
0.02612185
0.03216100
0.02648044
0.02792621
0.02714491
0.02905893
0.03001261
0.03076768
0.03016210
0.03010011
0.02968407
0.02998257
0.02986860
0.03013062
0.02972007
0.03002000
0.03028274
0.02978730
0.02992082
0.02969742
0.02997899
0.03043270
0.02984428
0.03026748
0.02965951
0.02990365
0.02982783
0.02971005
0.03130889
0.03036880
0.03071642
0.03086257
0.03022504
0.03279209
0.03071737
0.03134513
0.03014207
0.02996826
0.02988958
0.02964306
0.03213406
0.02963805
0.03082156
0.02997112
0.03017282
0.03016019
0.02990699
0.02969527
0.02989984
0.03037858
0.02996063
0.03053474
0.02997947
0.03024626
0.03564596
0.03042078
0.03125405
0.03041053
0.02990532
0.02954149
0.02978516
0.02969670
0.03009176
0.02987981
0.02996325
0.02977157
0.02955389
0.02986598
0.02669907
0.02639890
0.02636170
0.02717948
0.02740073
0.03076196
0.02755880
0.02882457
0.02730966
0.02806282
0.03068352
0.03041220
0.03051257
0.03026915
0.02969766
0.03010321
0.03017998
0.02994061
0.03012514
0.02980590
0.03063345
0.02984333
0.02992487
0.02997804
0.02960801
0.03000379
0.02968383
0.02969193
0.02992606
0.02932763
0.02973247
0.02976179
0.02958584
0.02951050
0.02940488
0.03018999
0.02948499
0.02993560
0.03020096
0.02993631
0.03029442
0.03023124
0.03027844
0.02984023
0.02975869
0.02991462
0.02977133
0.02965856
0.02965045
0.02974701
0.03072858
0.02988172
0.03033280
0.02981687
0.02973771
0.02974677
0.02984428
0.02974463
0.03000689
0.02973986
0.02958703
0.02978349
0.02981091
0.02971077
0.02970672
0.03000689
0.02958894
0.02988434
0.02975845
0.02982521
0.02972698
0.03002906
0.02968550
0.02966261
0.02951431
0.02970505
0.02953100
0.03027225
0.02951527
0.02998424
0.02997994
0.03000188
0.02943754
0.02951932
0.02960753
0.02966094
0.02950287
0.02972698
0.02948904
0.03058410
0.03054810
0.03030753
0.02977681
0.03002524
0.02957892
0.02958345
0.02978778
0.02981472
0.02977562
0.02971339
0.02985835
0.02965117
0.02972078
0.02966571
0.02984691
0.02973008
0.02979565
0.02983260
0.02967715
0.02963924
0.02969837
0.03010106
0.02970076
0.02967691
0.02954936
0.02869582
0.02633262
0.02665353
0.02666879
0.02703691
0.02790904
0.02968526
0.03020525
0.02705240
0.02622056
0.02750993
0.02635455
0.02641964
0.02662992
0.02665997
0.02758026
0.02694702
0.02654982
0.02654815
0.02641106
0.02593350
0.02641058
0.02637935
0.02620649
0.02692199
0.02648330
0.02831864
0.02659702
0.02604890
0.02637219
0.02642822
0.02863288
0.02635193
0.02659011
0.02862120
0.02841663
0.02617311
0.02740240
0.03006649
0.02640772
0.02982759
0.02942467
0.02933693
0.02945781
0.02946043
0.02937579
0.02928042
0.02928519
0.02983022
0.02932382
0.02937841
0.02927351
0.02936649
0.02957273
