0.00178647
0.01637840
0.01664329
0.01672506
0.01662660
0.01709795
0.01688671
0.01688504
0.01675725
0.01693225
0.01651168
0.01648879
0.01676965
0.01672339
0.01670957
0.01696444
0.01710963
0.01691127
0.01672411
0.01713014
0.01711845
0.01683688
0.01707268
0.01695108
0.01697826
0.01685071
0.01692200
0.01669383
0.01668119
0.01703882
0.01677394
0.01651502
0.01663232
0.01678371
0.01731968
0.01716757
0.01705575
0.01668453
0.01685286
0.01676345
0.01679826
0.01727700
0.02662110
0.02703118
0.02699280
0.02676439
0.02702022
0.02669048
0.02669311
0.02693009
0.03141117
0.03368473
0.03525186
0.03616309
0.03399730
0.03577232
0.03390026
0.03348184
0.03399324
0.03582358
0.03427148
0.03591824
0.03565836
0.03395271
0.03375387
0.03350139
0.03590298
0.03498316
0.03178573
0.03413630
0.03579545
0.03371716
0.03654814
0.03575087
0.03418016
0.03421187
0.03574586
0.03590846
0.03402972
0.03433299
0.03533006
0.03612375
0.03425670
0.03488302
0.03588486
0.03361726
0.03142047
0.03357887
0.03372717
0.03369856
0.03554845
0.03426838
0.03493142
0.03495073
0.03580546
0.03585863
0.03404927
0.03623748
0.03391838
0.03587008
0.03384924
0.03616095
0.03551698
0.03575492
0.03408241
0.03470778
0.03595805
0.03598452
0.03416276
0.03425360
0.03393793
0.03381610
0.03383708
0.03588724
0.03398871
0.03406215
0.03407145
0.03374910
0.03417993
0.03412151
0.03570247
0.03379774
0.03574109
0.02920604
0.03357863
0.03382683
0.03592944
0.03615594
0.03397417
0.03552032
0.03541589
0.03569913
0.03431368
0.03567505
0.03652072
0.03476858
0.03585529
0.03522110
0.03578925
0.03592134
0.03538203
0.04440331
0.04428577
0.04465961
0.04424024
0.04550314
0.04369378
0.04456949
0.04381347
0.04454637
0.04359961
0.04392147
0.03413153
0.03486800
0.03291392
0.03560305
0.03569078
0.03503299
0.03572297
0.03592038
0.03503561
0.03714252
0.03534746
0.04413342
0.04419398
0.03603435
0.03385401
0.03390074
0.03580332
0.03580070
0.03577304
0.01781011
0.01697040
0.01681948
0.02053046
0.02673912
0.02658176
0.02638674
0.02365351
0.01991940
0.01708198
0.01727319
0.01712465
0.01675367
0.01676726
0.01651049
0.01634431
0.01696348
0.01676559
0.01690745
0.01697135
0.01690388
0.01662040
0.01694131
0.01736593
0.01679015
0.01654959
0.01648855
0.01640129
0.01638365
0.01642561
0.01668358
0.01661444
0.01656938
0.01644731
0.01685023
0.01636028
0.01636338
0.01657057
0.01633549
0.01629448
0.01648831
0.01627827
0.01670051
0.01668286
0.01650023
0.01655316
0.01653385
0.01639962
0.01646304
0.01654029
0.01668119
0.01657033
0.01649809
0.01659012
0.01669145
0.01658344
0.01658010
0.01651239
0.01656675
0.01696539
0.01637125
0.01635051
0.01641035
0.01666021
0.01641202
0.01665115
0.01678967
0.01653361
0.01677561
0.01681757
0.01668096
0.01660848
0.01658559
0.01656175
0.01649761
0.01645732
0.02475309
0.02404499
0.02476144
0.02441716
0.02624464
0.02458549
0.02149558
0.01883698
0.01762342
0.02088523
0.01673365
0.01642275
0.01716638
0.01674151
0.01694679
0.01672792
0.01697373
0.01673031
0.01648664
0.01649618
0.01652360
0.01644611
0.01634669
0.01624775
0.01628757
0.01653147
0.01690960
0.01670098
0.01646924
0.01641893
0.01645088
0.01666260
0.01649261
0.01644659
0.01632309
0.01631951
0.01639628
0.01636243
0.01671839
0.01658225
0.01689720
0.01701450
0.01684451
0.01701570
0.01697206
0.01683044
0.01653409
0.01632071
0.01656032
0.01645637
0.01668167
0.01649880
0.01649594
0.01681256
0.01658893
0.01640439
0.01645780
0.01651502
0.01638627
0.01658010
0.01688290
0.01686835
0.01713014
0.01688361
0.01654506
0.01644063
0.01634979
0.01632333
0.01641703
0.01654315
0.01664639
0.01649165
0.01666498
0.01655817
0.01665974
0.01713800
0.01670480
0.01653409
0.01664543
0.01670861
0.01659799
0.01657629
0.01660585
0.01656079
0.01656199
0.01665616
0.01675558
0.01653433
0.01635146
0.01629615
0.01644349
0.01634526
0.01635885
0.01645923
0.01692295
0.01704359
0.01707149
0.01666784
0.01679969
0.01655459
0.01650405
0.01647425
0.01642799
0.01659536
0.01660872
0.01637220
0.01637435
0.01648664
0.01658392
0.01652551
0.01656842
0.01651311
0.01677346
0.01686788
0.01658654
0.01662755
0.01676488
0.01682973
0.01662016
0.01673150
0.01691222
0.01658630
0.01656699
0.01654649
0.01665807
0.01679063
0.01662993
0.01665831
0.01672864
