0.00190210
0.01990032
0.02011251
0.02175665
0.02090096
0.02113938
0.02150798
0.02093029
0.02098012
0.02095032
0.02101398
0.02089548
0.02105999
0.02092052
0.02100015
0.02090859
0.02134705
0.02173829
0.02051497
0.02021646
0.02064061
0.02077770
0.01989698
0.02236509
0.02041984
0.01978159
0.01966977
0.02034593
0.02081895
0.02149343
0.02225852
0.02263403
0.02094603
0.02239013
0.02253842
0.02214670
0.02258754
0.02037764
0.01973653
0.02009201
0.02012396
0.01975942
0.01960278
0.01979828
0.02085853
0.01956201
0.02126908
0.02126098
0.02103591
0.02150750
0.02123308
0.02131939
0.02109885
0.02124572
0.02128935
0.02120066
0.02108455
0.02100563
0.01980424
0.01963115
0.01989388
0.01978230
0.01991606
0.01942635
0.01857352
0.01764011
0.01636815
0.01635432
0.01631689
0.01638675
0.01643515
0.01650834
0.01645613
0.01636434
0.01647758
0.01642871
0.01749802
0.01859856
0.01857400
0.01949596
0.01951361
0.01949620
0.01952243
0.01995850
0.01957011
0.01953745
0.01956487
0.01982188
0.01982236
0.01943588
0.01963139
0.01941037
0.01961207
0.01957822
0.01952267
0.01942778
0.01998806
0.02202868
0.01947308
0.01951766
0.01976585
0.01988721
0.01963520
0.01970410
0.01974511
0.01964998
0.02022529
0.01976156
0.01990962
0.01961589
0.01979494
0.02059793
0.02080870
0.02112937
0.02065635
0.01951051
0.01963329
0.01983380
0.02024412
0.01970196
0.01972389
0.01941371
0.01952076
0.01979899
0.01951265
0.01950264
0.01954842
0.01960349
0.01966786
0.01955128
0.01967096
0.01946044
0.01952076
0.01976967
0.02021241
0.01964664
0.02006865
0.02003288
0.01938105
0.01946568
0.01954889
0.01984262
0.01973915
0.01962996
0.01947713
0.01949549
0.01957393
0.01971221
0.01948452
0.01952314
0.01959300
0.02023435
0.01974702
0.01958132
0.01951790
0.01972914
0.02005625
0.01948309
0.01948762
0.01962686
0.02064419
0.02197909
0.01989913
0.01970601
0.01992631
0.01949525
0.01983356
0.01959705
0.01972008
0.02028775
0.01998568
0.02017903
0.01952958
0.01973176
0.01941657
0.01950097
0.02161074
0.02190781
0.01997066
0.01972961
0.02105880
0.02073240
0.01987815
0.01959538
0.01957273
0.01969385
0.01965380
0.01955652
0.01952028
0.01962662
0.01991582
0.01960707
0.01960349
0.01962018
0.01964450
0.01992369
0.01960015
0.01952028
0.01995444
0.02016735
0.02058554
0.01961446
0.01936173
0.01989079
0.02132726
0.01970220
0.02034616
0.02048898
0.01985359
0.01943660
0.01954913
0.01950479
0.01962352
0.01955533
0.01971912
0.01959634
0.01962352
0.01974535
0.02014256
0.02175212
0.01951981
0.01975918
0.01982450
0.01949358
0.01949239
0.01964402
0.01959348
0.01947427
0.01960516
0.01945496
0.01963258
0.01996207
0.01987076
0.02151966
0.01985550
0.01995873
0.02050447
0.01997423
0.01976323
0.01961851
0.02083898
0.02045417
0.01993752
0.02188563
0.02003121
0.01987362
0.02223778
0.02114415
0.01999092
0.02169180
0.02206802
0.01973319
0.01966572
0.01975799
0.01952386
0.01960135
0.01951671
0.01972628
0.01954365
0.02007818
0.01977754
0.02236438
0.01979089
0.01967835
0.01952147
0.01952577
0.01975703
0.01969767
0.01961541
0.01944065
0.01952887
0.01963997
0.02034760
0.02019787
0.02135253
0.01957726
0.02004886
0.01965475
0.01965952
0.01961350
0.01979136
0.01958203
0.01963568
0.01967502
0.01952958
0.01981139
0.01993060
0.01952910
0.02243352
0.01979828
0.01953936
0.01957059
0.01995611
0.02209640
0.01992273
0.01984549
0.01964402
0.01976442
0.02120852
0.02105236
0.02105474
0.02160311
0.02116156
0.02129984
0.02151847
0.02105212
0.02100253
0.02113557
0.01968336
0.01942682
0.01954341
0.01967239
0.01963544
0.01946926
0.01958156
0.01971459
0.01950359
0.01979065
0.01985335
0.01958275
0.01972127
0.01976109
0.01963091
0.01956201
0.01969075
0.01978970
0.01967072
0.01977134
0.01975846
0.02004385
0.01986003
0.02058721
0.02003837
0.02111554
0.02107072
0.02131867
0.02108932
0.02101445
0.02112198
0.02090454
0.02101994
0.02119350
0.02107787
0.02090025
0.02110529
0.02094221
0.02101111
0.02125335
0.02105832
0.02108884
0.02117896
0.02126098
0.02060151
0.01961136
0.01952481
0.01986432
0.01995182
0.01956415
0.01966357
0.01949620
0.01973677
0.01961207
0.01949549
0.01975727
0.01973104
0.02039576
0.02127242
0.01975369
0.01968503
0.01988244
0.01976871
0.02020574
0.01950049
0.01969004
0.02049780
0.01969838
0.01976132
0.01967907
0.02038026
0.02018619
0.01973081
0.02183723
0.02150297
0.01968098
0.02126598
0.02225399
0.02102685
0.02198362
0.02077937
0.01990438
0.01971149
0.02111077
0.02000189
0.01972604
0.01956010
0.01956201
0.02141666
0.02124739
0.02121663
0.02150393
0.02116895
0.02146840
0.02250123
0.02223635
0.02003527
0.02115917
0.02166033
0.02017426
0.02183199
0.02384901
0.02212262
0.02249646
0.01905608
0.01792765
0.01878452
0.01915908
0.01964092
0.02017117
0.02039099
0.02246261
0.02150893
0.02103090
0.02136064
0.02104354
0.02192163
0.02108669
0.02180839
0.02122736
0.02138567
0.02148128
0.02162671
0.02160907
0.02123189
0.02162671
0.02196431
0.02135706
0.02258849
0.02200103
0.02844024
0.03019166
0.02599978
0.02413273
0.02447605
0.02205944
0.02119613
0.02242851
0.02199793
0.02128148
0.02197075
0.02056336
0.02062154
0.02341461
0.02595854
0.02264380
0.02181697
0.02217603
0.01980186
0.02157784
0.01989555
0.02002263
0.02045679
0.02116942
0.02031255
0.02089190
0.02254081
0.02018237
0.02098775
0.02130795
0.02087617
0.02311468
0.02168226
0.02076411
0.01948118
0.01869178
0.01886415
0.01829171
0.01934457
0.01894355
0.02009702
0.02020884
0.02098870
0.01985574
0.02217698
0.02301860
0.02148938
0.02303600
0.01989937
0.01916122
0.01996279
0.01915812
0.01867080
0.01753998
0.01868057
0.01742911
0.01758075
0.01762271
0.01790667
0.01781893
0.01766419
0.01886368
0.01997280
0.01994777
0.02034068
0.02021194
0.01903725
0.01861072
0.01781535
0.01843119
0.01890755
0.01738310
0.01818681
0.01894426
0.01857281
0.01993442
0.01991248
0.01985025
0.01978469
0.01992297
0.01982880
0.02063060
0.02069592
0.02003479
0.02050090
0.02052355
0.02041125
0.01973271
0.01756930
0.01654482
0.01741028
0.01741195
0.01733565
0.01690650
0.01694322
0.01793766
0.01901770
0.01947021
0.02021670
0.02170897
0.02096891
0.02091384
0.02116513
0.02130032
0.02107430
0.02149248
0.02119446
0.02123046
0.02116561
0.02122831
0.02115655
0.02095342
0.02101469
0.02092505
0.02131748
0.02101898
0.02100015
0.02097583
0.02110934
0.02095294
0.02086687
0.02116084
0.02114797
0.02092171
0.02099419
0.02120161
0.02102661
0.02087307
0.02100992
0.02124023
0.02082491
0.02089715
0.02165341
0.02108502
0.02083087
0.02119470
0.02112532
0.02085161
0.02117538
0.02118492
0.02113295
0.02104163
0.02095628
0.02096987
0.02092409
0.02104998
0.02119851
0.02098608
0.02099419
0.02104187
0.02117419
0.02108788
0.01973510
0.01975489
0.01813626
0.01829338
0.01655245
0.01804852
0.01660872
0.01668024
0.01680946
0.01665735
0.01666856
0.01678371
0.01714158
0.01680517
0.01819205
0.01663208
0.01689315
0.01718450
0.01823401
0.02006960
0.02122593
0.02136731
0.02108359
0.02134538
0.02167726
0.02139044
0.02125788
0.02239633
0.02099276
0.02170515
0.02075481
0.02019739
0.01968312
0.02114105
0.02079344
0.02184510
0.01861405
0.01761246
0.01763296
0.01752353
0.01808071
0.01764989
0.01684022
0.01664257
0.01648092
0.01658368
0.01650763
0.01659060
0.01764989
0.01849961
0.01991987
0.02024865
0.02203012
0.01952243
0.02009583
0.01979136
0.02028275
0.02157068
0.01972938
0.02010036
0.01967645
0.01949716
0.01992273
0.02043152
0.01961231
0.02030611
0.01967597
0.01972747
0.01960683
0.01936817
0.01932788
0.01977277
0.01967502
0.01942444
0.01939750
0.01982045
0.02187777
0.01965833
0.01971245
0.02153540
0.02175522
0.01933384
0.01943469
0.01966882
0.01984048
0.01971817
0.01953173
0.01951766
0.01954579
0.01986194
0.01951694
0.01959586
0.01988029
0.02218175
0.01938581
0.01979923
0.01942492
0.01947379
0.01957512
0.02006960
0.02032900
0.02164412
0.02050900
0.02144575
0.02101278
0.02147222
0.02167583
0.02102804
0.02124095
0.02120757
0.02082276
0.02100277
0.01982331
0.01961064
0.02004147
0.01972246
0.01983309
0.01955152
0.02044058
0.01986217
0.02315784
0.02305841
0.02011609
0.01988101
0.02204013
0.02206969
0.02031279
0.02090716
0.01977563
0.01958013
0.01998949
0.01967931
0.01958632
0.02066422
0.02254200
0.01973748
0.01968145
0.02137899
0.02054739
0.01970053
0.01991701
0.02166343
0.02057934
0.01981878
0.01970530
0.02192283
0.02045894
0.01987839
0.02085137
0.02178240
0.02023745
0.01955390
0.02136517
0.02183604
0.01953530
0.01969147
0.01959944
0.01950383
0.01959658
0.01951742
0.01961851
0.02213073
0.02012062
0.02155828
0.01955009
0.01966405
0.01984501
0.02003527
0.01964593
0.01980853
0.02008438
0.01992559
0.01949930
0.01944661
0.01988959
0.02004313
0.02279091
0.01975465
0.01981735
0.02052593
0.02245903
0.01988626
0.01999450
0.02017212
0.01947951
0.01981139
0.02013373
0.02011228
0.01955795
0.01953316
0.02058315
0.02038360
0.01993155
0.01968336
0.01989913
0.02038312
0.02009583
0.01943731
0.02102661
0.01974893
0.01951194
0.01961112
0.02179646
0.02266407
0.02083540
0.02000713
0.02125978
0.01950288
0.01982045
0.02256823
0.02079988
0.01954603
0.02084255
0.02148890
0.02034998
0.01939559
0.02128482
0.02181983
0.01977754
0.02016258
0.02211428
0.02493501
0.02200055
0.01997972
0.01967096
0.01973677
0.01946735
0.01970506
0.01980853
0.01966977
0.01956868
0.02071118
0.01988840
0.02033472
0.01943445
0.01956892
0.02012348
0.01964951
0.01959109
0.01941609
0.01967168
0.02026105
0.01952362
0.01968288
0.02005744
0.02165580
0.02208042
0.02297187
0.02467179
0.01996422
0.02216291
0.02360725
0.02145529
0.02164507
0.02164912
0.02143908
0.02120352
0.02105403
0.02109504
0.02137566
0.01968122
0.01962495
0.02049828
0.01982784
0.02018499
0.02020788
0.02019382
0.01956534
0.01985335
0.01967573
0.02016592
0.01947665
0.01992536
0.02002263
0.01974773
0.01949906
0.01952720
0.02209520
0.02214694
0.02011442
0.02056766
0.01975775
0.01981044
0.01955009
0.01977730
0.01979566
0.01979208
0.01959372
0.01954722
0.02005625
0.02045989
0.01974368
0.01941323
0.01953435
0.02025890
0.01983905
0.01962352
0.01959634
0.01999497
0.01975179
0.01961803
0.01967478
0.01957846
0.01971793
0.01982164
0.01990223
0.02104521
0.02112722
0.02091670
0.02079916
0.02102232
0.02118158
0.02097821
0.02100110
0.02097297
0.02096844
0.02132511
0.02113223
0.02107263
0.02127337
0.02126980
0.02103233
0.02082872
0.02108312
0.02167058
0.02094412
0.02097392
0.02182555
0.02083755
0.02095175
0.02117300
0.02106762
0.02073288
0.02105618
0.02108431
0.02088833
0.02096701
0.02099991
0.01992273
0.01901555
0.01735044
0.01754689
0.01871133
0.01939273
0.01986551
0.01970124
0.01958299
0.01974154
0.01980352
0.01983261
0.01966047
0.02339816
0.01971936
0.01953483
0.02116561
0.02188706
0.01953125
0.01971745
0.02126288
0.02128601
0.01955819
0.01996946
0.02072406
0.01987028
0.01946855
0.01949334
0.02119184
0.02266145
0.01954579
0.02358747
0.02277756
0.02285624
0.02368760
0.02292490
0.02236962
0.02138901
0.02139282
0.02100754
0.02031136
0.01954126
0.02033067
0.01957393
0.01981902
0.01959038
0.02013993
0.02012801
0.01997495
0.02025938
0.01971364
0.01942754
0.01955748
0.02050447
0.02013493
0.01951432
0.01946378
0.02037930
0.01956797
0.01952648
0.01949501
0.01958036
0.01973701
0.01887751
0.01747727
0.01849842
0.02020884
0.01951027
0.02027655
0.01980877
0.01985002
0.01952577
0.01969814
0.02036333
0.01974630
0.01992464
0.01952887
0.02025366
0.02284455
0.01954103
0.01874399
0.02059388
0.01968312
0.01958966
0.01980233
0.02201772
0.01985669
0.01985526
0.02112246
0.02167058
0.02084994
0.01959348
0.02218699
0.01963449
0.01967359
0.01953459
0.01971245
0.01956725
0.01935530
0.01936579
0.01954818
0.01985979
0.01971698
0.01964068
0.01974177
0.01971650
0.02019620
0.01992440
0.01961613
0.01957703
0.01986098
0.01972985
0.01975250
0.01969051
0.01944637
0.02030253
0.01960492
0.01965117
0.01939225
0.01973057
0.02023935
0.01966357
0.01941800
0.01948762
0.02064538
0.01976275
0.01956797
0.01960063
0.01994348
0.01993680
0.01952004
0.01951766
0.01986647
0.02025485
0.01961803
0.01974678
0.01980495
0.01980138
0.02019835
0.01986933
0.01982546
0.02138686
0.02022243
0.01890898
0.01985312
0.02129221
0.02115774
0.01980114
0.01967430
0.02130342
0.02140212
0.01976776
0.01998997
0.02200270
0.02087903
0.01956391
0.01960635
0.01946425
0.01971626
0.02000308
0.01962662
0.01967263
0.01965904
0.02007675
0.02105427
0.01935434
0.01972651
0.02036214
0.01988649
0.01941681
0.01972413
0.02035975
0.02037263
0.02069807
0.01973534
0.02051497
0.01994014
0.01963878
0.02003479
0.02208948
0.01981759
0.01946664
0.02002478
0.01995897
0.01954365
0.01947117
0.01946759
0.01969886
0.02003980
0.01976681
0.01975012
0.01875496
0.01973438
0.02018023
0.02183914
0.01945353
0.02111745
0.02156162
0.01997113
0.02096653
0.02113557
0.02102637
0.02103257
0.02143812
0.02095771
0.02141047
0.02124548
0.02112699
0.02127337
0.02158904
0.02124691
0.02094960
0.02137136
0.02103806
0.02098894
0.02120376
0.02179003
0.02126861
0.02097082
0.02147341
0.02137685
0.02095652
0.02107668
0.02069473
0.02010536
0.02160287
0.02305365
0.02301455
0.01999497
0.02114797
0.02029419
0.02029657
0.02066040
0.01980495
0.01990294
0.01962757
0.01953936
0.01941514
0.01953220
0.01969910
0.02105522
0.02122974
0.02102375
0.02096367
0.02097058
0.02085376
0.02097225
0.02120519
0.02108479
0.02097654
0.02125049
0.02119350
0.02098107
0.02121878
0.02059507
0.02006030
0.01966834
0.01947546
0.01994228
0.01951742
0.01950288
0.01972103
0.01976180
0.01959658
0.02016282
0.01980090
0.01978898
0.01994348
0.02264237
0.01965737
0.01958084
0.01966763
0.01995587
0.01964498
0.01960158
0.01963449
0.01977444
0.02196026
0.02234387
0.01958752
0.01984429
0.01968002
0.01934385
0.01945043
0.01959848
0.01979804
0.01960015
0.01976728
0.02019739
0.02125978
0.02097845
0.02011538
0.02020478
0.02001381
0.01981544
0.01957464
0.02048206
0.02057433
0.02169967
0.01981759
0.01984191
0.02007651
0.02293038
0.01967049
0.02027011
0.02021527
0.02211523
0.02196813
0.02201200
0.02170682
0.02185249
0.02181339
0.02446127
0.01963162
0.01872873
0.01871490
0.01906919
0.01871490
0.02049971
0.01905417
0.01948667
0.01959682
0.02061272
0.02076793
0.02102733
0.02110553
0.02111936
0.02118611
0.02085686
0.02102709
0.02169228
0.02089286
0.02103710
0.02136922
0.02104378
0.02103853
0.02112985
0.02119374
0.02088356
0.02140498
0.02110672
0.02097797
0.02134824
0.02146482
0.02103138
0.02167106
0.02116704
0.02140188
0.01954865
0.01837182
0.01738334
0.01832366
0.02017498
0.01973486
0.01963663
0.01961350
0.01982856
0.01999784
0.01950932
0.02059722
0.02037334
0.01987147
0.01953959
0.01954007
0.02282715
0.01960063
0.01945162
0.01955318
0.02008057
0.01976943
0.01951456
0.01941109
0.02051806
0.02068233
0.02202129
0.01942706
0.02149343
0.02110696
0.02089047
0.02138424
0.02108407
0.02111268
0.02125216
0.02110386
0.02106094
0.02092075
0.01956606
0.01967001
0.01981211
0.02109289
0.02121162
0.01976132
0.01952004
0.02096248
0.02019095
0.01989961
0.01969528
0.01972008
0.01999807
0.01971269
0.01968408
0.01955485
0.01987243
0.02055383
0.01993752
0.01966238
0.01990223
0.02048159
0.01967597
0.01964641
0.01976109
0.01982498
0.01961040
0.01977682
0.01974678
0.01960468
0.01958919
