0.00766897
0.03472328
0.03494549
0.03536201
0.03482890
0.03449893
0.03443503
0.03411531
0.03445148
0.03451633
0.03446007
0.03410363
0.04167199
0.04615045
0.03468895
0.03396845
0.03414488
0.03395176
0.03454709
0.03414798
0.03384757
0.03408313
0.03404617
0.03444219
0.03421426
0.03437805
0.03461623
0.03474593
0.03488398
0.03450394
0.03411388
0.03504300
0.03399920
0.03396797
0.03398585
0.03435540
0.03393841
0.03497505
0.03424382
0.03385496
0.03409266
0.03436828
0.03404450
0.03443170
0.03490210
0.03399348
0.03408289
0.03440309
0.03388834
0.03368139
0.03553581
0.04046106
0.02964091
0.02951908
0.02961588
0.03061962
0.02921152
0.02949190
0.02906895
0.03461313
0.03662229
0.03855848
0.03700423
0.03673434
0.03203011
0.03296256
0.03157187
0.03046679
0.02974463
0.03039312
0.03044701
0.03053665
0.02977848
0.02940845
0.03074932
0.03061628
0.02937651
0.03002000
0.02952909
0.03016901
0.02986407
0.02971792
0.03412461
0.02974629
0.03083324
0.03018689
0.03019404
0.03050470
0.03008127
0.03043747
0.02976441
0.02968335
0.02965474
0.03024507
0.02965975
0.03408313
0.02955699
0.02980304
0.03163862
0.03139591
0.02976179
0.03207231
0.02933073
0.03034377
0.03194952
0.02972484
0.03004408
0.02942467
0.02116609
0.02685261
0.02545667
0.02228665
0.02568531
0.02947044
0.03057551
0.02949286
0.03049803
0.02941465
0.02957296
0.03500891
0.02965784
0.02922034
0.02977014
0.03198147
0.03279448
0.03246522
0.03260469
0.03220558
0.03312206
0.03193951
0.03132820
0.02966523
0.03013229
0.03109145
0.03015924
0.03288984
0.02950335
0.02985358
0.02985716
0.03072357
0.02980494
0.03017235
0.02994657
0.03150415
0.03034496
0.02992845
0.03034425
0.03082252
0.03010225
0.03186870
0.02984858
0.03109479
0.03192425
0.03015256
0.03041863
0.03624916
0.04108810
0.02994347
0.03066683
0.03298259
0.03217673
0.03331614
0.03312445
0.03005838
0.02984452
0.03022575
0.03041482
0.03163290
0.03002429
0.03028560
0.03065205
0.02938938
0.03084040
0.02945638
0.02979040
0.02964568
0.03045154
0.03036785
0.02964425
0.02965188
0.02975321
0.02949572
0.02986026
0.02939820
0.03032327
0.03120613
0.02941561
0.03483844
0.03143239
0.02999473
0.03239894
0.03058600
0.03005290
0.02995300
0.03091717
0.03359556
0.03493667
0.03451538
0.03037119
0.03043342
0.03074312
0.02971864
0.03024936
0.02967119
0.02950978
0.03229880
0.03400302
0.03437376
0.03414178
0.03421879
0.03392601
0.03389001
0.03460693
0.03399038
0.03385782
0.03406835
0.03449440
0.03421950
0.03396583
0.03360772
0.03386378
0.03418326
0.03409100
0.03440380
0.03417635
0.03419328
0.03451180
0.03398871
0.03414226
0.03419518
0.03424716
0.04557943
0.03498507
0.03664684
0.03885794
0.03477097
0.03422713
0.03378701
0.03414106
0.03431559
0.03416228
0.03415275
0.03414440
0.03416300
0.03412294
0.03401375
0.03391719
0.03413486
0.03393650
0.03442812
0.03378296
0.03428388
0.03379631
0.03400373
0.03404689
0.03413725
0.03397655
0.03423786
0.03450251
0.03404713
0.03395295
0.03384686
0.03415036
0.03390884
0.03578830
0.03414154
0.03410363
0.03367400
0.03396797
0.03452373
0.03438282
0.03402805
0.03516793
0.03448033
0.03414512
0.03423691
0.03466439
0.03428245
0.03391123
0.03419709
0.03395176
0.03420281
0.03377986
0.03431535
0.03434443
0.03421354
0.03403568
0.03461766
0.03404617
0.03395796
0.03384423
0.03440619
0.03441143
0.03402472
0.03414917
0.03433728
0.03429627
0.03454256
0.03477025
0.03492165
0.03471231
0.03475904
0.03502655
0.03392839
0.03431273
0.03421068
0.03447008
0.03430152
0.03395724
0.03373456
0.03410745
0.02921796
0.02933383
0.02992606
0.02950954
0.03072762
0.03009081
0.02984238
0.03001475
0.02986193
0.03007174
0.03192544
0.02936959
0.02990294
0.02996707
0.03093338
0.03053498
0.02990031
0.02974272
0.03068423
0.02953029
0.02985907
0.03001690
0.03051305
0.03096914
0.02982593
0.02979279
0.02989841
0.02988315
0.03150010
0.03008676
0.03059936
0.03036070
0.03129458
0.03081274
0.03078198
0.03152633
0.02984571
0.03023171
0.03058887
0.02968502
0.03229117
0.04008746
0.03103828
0.03361797
0.03530431
0.03325057
0.04060483
0.03055215
0.02964163
0.02931476
0.02921963
0.02977705
0.03813386
0.02995229
