0.00143003
0.01829195
0.01860571
0.01989365
0.02002263
0.01945662
0.01956201
0.02001309
0.01957798
0.01960826
0.02003694
0.02200770
0.02059340
0.01959872
0.02050161
0.02161050
0.01987004
0.01867509
0.02028251
0.02219963
0.01991892
0.01954126
0.01942492
0.02040887
0.01945090
0.01963019
0.01934981
0.01970696
0.02028751
0.01963973
0.01948285
0.02015185
0.01949191
0.01857901
0.01701856
0.01796842
0.01794648
0.01634979
0.01634002
0.01680517
0.01750040
0.01850820
0.01947403
0.02054048
0.02071810
0.02259398
0.01956081
0.02038431
0.02104926
0.02115226
0.02087927
0.02024031
0.02254748
0.01980972
0.02020264
0.01981354
0.01954079
0.01960874
0.01991892
0.02021098
0.01969457
0.02140975
0.02178645
0.01960874
0.02009487
0.02213264
0.01951241
0.01957154
0.02009988
0.02192354
0.01990175
0.01955652
0.02068353
0.02081299
0.01997972
0.01977277
0.02105856
0.02237248
0.02024412
0.01941013
0.01978040
0.02220225
0.01958513
0.02007198
0.02203894
0.01990843
0.01959324
0.02058721
0.02169919
0.01977658
0.01944637
0.02100301
0.02136540
0.01976371
0.01954103
0.02143812
0.02132750
0.02001286
0.02033830
0.02187252
0.02058220
0.01968431
0.01940918
0.02026343
0.02007461
0.01990485
0.02015805
0.02124572
0.01964617
0.01947689
0.01952195
0.01947069
0.02014089
0.01962328
0.01943278
0.01937771
0.02006531
0.01951933
0.01954746
0.01978970
0.01973414
0.01964808
0.02002501
0.01968527
0.02009702
0.01964450
0.01986504
0.01977992
0.01977730
0.01988244
0.01956272
0.02019501
0.01963091
0.01949811
0.01947641
0.02247119
0.02311945
0.02360749
0.03096533
0.02476144
0.02656126
0.01981974
0.01956320
0.02021098
0.02048254
0.01959825
0.02006364
0.02184606
0.01967740
0.01956058
0.02012897
0.02186918
0.02014208
0.01966405
0.02029324
0.02217722
0.01971364
0.01950455
0.01969123
0.01958680
0.02042079
0.02030659
0.01954532
0.01948929
0.01977992
0.02007484
0.02006149
0.02136660
0.02138186
0.02117133
0.02097344
0.02115607
0.02109623
0.01966453
0.01946330
0.01962328
0.01900434
0.01777411
0.01764512
0.01951766
0.01951623
0.01952267
0.01948810
0.02128959
0.02113724
0.02155304
0.02129602
0.02106977
0.02161670
0.02117562
0.02187943
0.02156544
0.02122712
0.02121162
0.02123332
0.02115583
0.02103162
0.02107430
0.02170300
0.02124238
0.02115178
0.02124667
0.02099776
0.02132440
0.02132273
0.01935673
0.01948619
0.01943922
0.01954770
0.01963782
0.01970649
0.01965308
0.01943827
0.02158689
0.01985955
0.01972461
0.01955962
0.01950669
0.01956534
0.01986432
0.01993918
0.01951718
0.01981068
0.01984310
0.01965952
0.01939845
0.01990509
0.02029347
0.01945615
0.01957631
0.01949930
0.02004671
0.01965666
0.01958895
0.01986861
0.01967144
0.02015400
0.02018714
0.02003956
0.01955485
0.02018905
0.02097559
0.02000189
0.01964426
0.02026701
0.02218914
0.02170753
0.02153230
0.02138019
0.02138782
0.02190614
0.02029276
0.02007866
0.01974869
0.01963568
0.01985979
0.01969814
0.01959825
0.01966405
0.01955724
0.01956558
0.01973939
0.01973963
0.01958156
0.02042747
0.01990223
0.01973057
0.01950383
0.02010560
0.02243376
0.01949930
