0.00486684
0.02663183
0.02696729
0.02650476
0.02705860
0.02736473
0.02733231
0.02711630
0.02600050
0.02668834
0.03204727
0.03117228
0.03157043
0.03067303
0.03121400
0.03210425
0.03164482
0.02756739
0.02693343
0.02702069
0.02658010
0.02648759
0.02685094
0.02667546
0.02624130
0.02650714
0.02617240
0.02906227
0.02647781
0.02605104
0.02647400
0.02619600
0.02649879
0.02684236
0.04182506
0.04427767
0.04689574
0.04452252
0.04414487
0.04381204
0.04406071
0.04629993
0.04420471
0.04436851
0.04527617
0.04574084
0.02999187
0.02883387
0.02814984
0.02758884
0.02674937
0.02584100
0.02655387
0.02651620
0.02720904
0.02663994
0.02634120
0.02722287
0.02720690
0.02630544
0.02724814
0.02661538
0.02687073
0.02666163
0.02698064
0.02915215
0.02941704
0.02942061
0.02930522
0.02916098
0.02933860
0.03005242
0.02940583
0.02940488
0.02925777
0.02913284
0.02944040
0.02996016
0.02941942
0.02930903
0.02951908
0.02974153
0.02933478
0.02933455
0.02915502
0.02912617
0.02962589
0.02926111
0.02940893
0.02929783
0.02951002
0.02967763
0.02901316
0.02913380
0.02956676
0.02916622
0.02953267
0.02954865
0.02921081
0.02923131
0.02947569
0.02971745
0.02910852
0.02958512
0.02966261
0.02944064
0.02928424
0.02978134
0.02954292
0.03012824
0.02958202
0.02988720
0.02927780
0.02935767
0.02990460
0.02951455
0.02985668
0.02967000
0.02966905
0.02972960
0.02942657
0.02923989
0.02979994
0.02945113
