0.00233459
0.03551984
0.03510213
0.03751254
0.04005527
0.03583360
0.04060245
0.03879786
0.03557229
0.03613091
0.03567648
0.03577709
0.03579688
0.03211594
0.02288103
0.01667833
0.01681423
0.01658964
0.01647782
0.01649427
0.01656532
0.01660562
0.01651955
0.01647115
0.01671839
0.01655173
0.01659155
0.01704001
0.01781130
0.01652884
0.01662469
0.01656437
0.01646566
0.01636529
0.01670241
0.01667166
0.01641560
0.01647353
0.01643729
0.01681519
0.01707983
0.01652718
0.01679254
0.01689553
0.01751518
0.01634049
0.01642823
0.01677084
0.01756072
0.01659226
0.01630402
0.01658273
0.01681399
0.01665759
0.01654649
0.01656818
0.01666737
0.01674223
0.01669431
0.01675248
0.01665115
0.01696706
0.01702332
0.01701260
0.01687121
0.01660347
0.01650310
0.01667738
0.01667070
0.01670313
0.01647496
0.01693082
0.01748490
0.01685786
0.01690745
0.01679540
0.01655674
0.01651025
0.01675940
0.01665282
0.01672053
0.01690340
0.01691484
0.01648712
0.01658106
0.01649714
0.01651764
0.01671743
0.01661229
0.01650000
0.01669002
0.01657844
0.01725078
0.01703429
0.01711249
0.01637888
0.01748896
0.01645899
0.01636505
0.01649094
0.01756048
0.01670265
0.01637793
0.01641059
0.01648021
0.01654744
0.01671791
0.01662207
0.01661420
0.01667643
0.01669812
0.01709580
0.01682973
0.01668048
0.01700354
0.01680136
0.01664519
0.01669860
0.01680565
0.01693082
0.01665545
0.01662660
0.01703787
0.01708055
0.01660037
0.01642513
0.01720715
0.01753187
0.01759839
0.01818395
0.01721430
0.01733351
0.01718807
0.01784134
0.01870608
0.01813960
0.01661634
0.01700664
0.01668453
0.01662350
0.01682329
0.01673174
0.01660132
0.01655650
0.01660109
0.01664519
0.01670980
0.01625633
0.01659417
0.01673079
0.01663470
0.01672578
0.01659417
0.01660848
0.01687026
0.01677036
0.01657605
0.01657701
0.01662183
0.01635766
0.01674438
0.01665664
0.01667404
0.01651597
0.01653790
0.01697135
0.01664138
0.01665187
0.01641226
0.01656818
0.01755071
0.01667809
0.01677823
0.01675749
0.01666093
0.01685977
0.01671028
0.01655936
0.01711130
0.01671600
0.01677799
0.01689339
0.01666379
0.01667833
0.01666045
0.01686764
0.01676583
0.01659703
0.01678443
0.01660442
0.01667309
0.01656699
0.01676702
0.01677227
0.01685238
0.01659703
0.01669693
0.01734948
0.01715350
0.01653838
0.01650500
0.01711202
0.01655412
0.01644444
0.01660371
0.01667595
0.01680279
0.01678419
0.01633763
0.01677608
0.01655507
0.01685214
0.01670289
0.01657820
0.01653600
0.01660919
0.01666784
0.01708293
0.01676679
0.01661515
0.01672029
0.01676250
0.01673555
0.01672339
0.01669168
0.01653433
0.01654840
0.01659131
0.01662016
0.01656938
0.01647401
0.01655793
0.01681137
0.01669478
0.01662397
0.01650882
0.01651859
0.01689959
0.01653123
0.01682711
0.01664209
0.01695609
0.01705813
0.01673412
0.01653409
0.01679873
0.01709723
0.01709843
0.01671004
0.01653051
0.01631355
0.01646829
0.01654601
0.01690578
0.01659775
0.01645541
0.01697516
0.01759005
0.01671362
0.01647425
0.01690364
0.01732326
0.01628709
0.01622176
0.01644635
0.01659679
0.01657724
0.01651525
0.01669407
0.01663876
0.01660609
0.01690221
0.01645374
0.01666212
0.01648927
0.01668334
0.01707864
0.01730728
0.01646018
0.01641607
0.01668167
0.01667333
0.01655316
0.01634669
0.01649308
0.01665616
0.01655006
0.01690626
0.01660848
0.01674509
0.01679873
0.01692915
0.01636982
0.01660442
0.01631713
0.01656842
0.01715422
0.01645684
0.01651049
0.01668525
0.01746988
0.01688337
0.01632738
0.01621699
0.01630282
0.01658416
0.01632476
0.01637149
0.01651239
0.01686049
0.01639366
0.01654291
0.01630783
0.01640511
0.01646233
0.01643181
0.01666212
0.01675224
0.01662922
0.01623082
0.01631570
0.01688647
0.01694703
0.01662755
0.01654911
0.01649165
0.01650834
0.01645327
0.01710415
0.01682615
0.01652360
0.01675916
0.01652837
0.01686907
0.01644397
0.01831961
0.01664209
0.01756454
0.01675034
0.01648903
0.01655626
0.01674676
0.01658797
0.01667976
0.01663804
0.01675677
0.01647902
0.01651716
0.01703644
0.01665401
0.01680613
0.01638746
0.01651764
0.01638031
0.01634431
0.01677465
0.01723504
0.01674199
0.01657820
0.01644111
0.01670313
0.01672149
0.01637483
0.01650715
0.01656699
0.01690364
0.01665163
0.01646757
0.01656938
0.01687598
0.01682615
0.01663256
0.01644301
0.01659369
0.01637435
0.01641369
0.01640844
0.01627851
0.02498102
0.02319789
0.03206968
0.03743529
0.04141259
0.04976964
0.06215978
0.06702924
0.06851315
0.06901860
0.06785154
0.06660223
0.04050946
0.03608775
0.03451395
0.03573489
0.03542042
0.03748631
0.04020047
0.03736305
0.03965569
0.03490829
0.03574300
0.03522706
0.03468704
0.03508878
0.03593159
0.03540850
0.03497815
0.03476071
0.03536844
0.03475261
0.03961325
0.03572178
