83.000,200.000,35.000,131.000
85.690,200.813,35.000,131.000
87.879,198.623,35.000,131.000
91.320,197.685,35.000,131.000
96.013,199.874,35.000,131.000
102.582,200.187,35.000,131.000
107.274,201.126,35.000,131.000
110.089,200.187,35.000,131.000
112.904,199.874,35.000,131.000
116.087,200.697,35.774,133.898
117.686,199.098,35.774,133.898
119.924,200.697,35.774,133.898
121.850,199.547,36.566,136.861
123.484,198.567,36.566,136.861
126.131,198.748,37.375,139.889
128.470,199.082,37.375,139.889
132.144,200.084,37.375,139.889
135.150,198.414,37.375,139.889
139.493,196.076,37.375,139.889
144.721,197.890,36.578,136.906
147.009,198.216,36.578,136.906
148.644,195.274,36.578,136.906
149.979,194.528,35.798,133.986
153.499,198.688,35.798,133.986
155.738,195.168,35.798,133.986
159.258,196.768,35.798,133.986
164.505,195.618,36.590,136.951
170.253,194.241,35.810,134.030
172.845,193.090,36.602,136.996
177.098,188.838,36.602,136.996
180.697,192.436,36.602,136.996
179.952,187.187,37.412,140.027
184.968,188.190,37.412,140.027
182.819,183.519,38.239,143.125
187.262,185.912,38.239,143.125
191.022,186.937,38.239,143.125
195.465,187.279,38.239,143.125
199.224,186.937,38.239,143.125
207.768,183.177,38.239,143.125
214.945,183.519,38.239,143.125
220.072,184.545,38.239,143.125
224.762,187.059,37.424,140.072
229.779,185.386,37.424,140.072
234.796,186.390,37.424,140.072
238.741,185.627,36.626,137.085
242.342,187.263,36.626,137.085
245.288,185.627,36.626,137.085
250.198,185.954,36.626,137.085
255.109,187.591,36.626,137.085
260.673,187.263,36.626,137.085
266.238,189.555,36.626,137.085
269.569,189.057,37.436,140.118
273.249,187.384,37.436,140.118
276.930,189.057,37.436,140.118
280.334,187.160,38.264,143.219
285.464,188.870,38.264,143.219
290.157,190.727,37.448,140.164
295.178,191.061,37.448,140.164
300.198,192.065,37.448,140.164
306.557,193.070,37.448,140.164
311.578,194.743,37.448,140.164
317.937,194.408,37.448,140.164
323.627,194.743,37.448,140.164
325.300,193.070,37.448,140.164
328.706,189.783,38.277,143.265
331.785,188.756,38.277,143.265
335.548,191.151,38.277,143.265
339.311,189.441,38.277,143.265
345.984,195.255,37.461,140.210
351.224,199.009,36.662,137.220
357.957,194.431,37.473,140.256
362.755,196.007,38.302,143.359
365.836,195.665,38.302,143.359
369.214,200.163,37.485,140.302
368.879,197.817,37.485,140.302
372.564,200.163,37.485,140.302
374.909,200.498,37.485,140.302
379.265,200.163,37.485,140.302
382.280,201.838,37.485,140.302
381.945,203.513,37.485,140.302
380.270,205.188,37.485,140.302
369.775,201.203,38.315,143.406
397.512,197.436,38.315,143.406
398.911,197.975,37.498,140.348
397.906,196.299,37.498,140.348
394.752,195.535,36.698,137.355
389.137,194.786,35.915,134.426
383.744,194.298,36.710,137.400
378.167,197.251,36.710,137.400
373.335,198.114,37.522,140.440
376.353,193.084,37.522,140.440
380.461,193.965,38.352,143.548
376.837,194.156,39.201,146.724
372.983,199.411,39.201,146.724
370.530,199.061,39.201,146.724
366.676,198.710,39.201,146.724
364.224,197.659,39.201,146.724
361.070,195.207,39.201,146.724
363.523,198.360,39.201,146.724
364.907,200.008,40.068,149.970
362.606,194.262,40.955,153.288
361.013,191.427,41.861,156.679
358.395,194.794,41.861,156.679
362.808,194.662,40.968,153.338
360.977,197.225,40.968,153.338
363.540,196.859,40.968,153.338
366.835,199.422,40.968,153.338
365.507,204.233,40.095,150.068
366.971,208.251,39.240,146.868
366.375,211.507,38.403,143.736
363.973,209.791,38.403,143.736
365.375,209.670,37.584,140.671
366.099,208.256,36.782,137.671
368.710,201.168,35.998,134.735
369.675,203.421,35.998,134.735
377.075,268.732,35.998,134.735
378.040,267.767,35.998,134.735
377.075,272.593,35.998,134.735
380.870,272.479,35.230,131.862
385.798,277.830,34.479,129.050
388.244,281.879,33.744,126.298
393.371,284.594,33.744,126.298
389.451,287.308,33.744,126.298
385.636,283.095,34.490,129.092
382.861,281.553,34.490,129.092
379.470,278.779,34.490,129.092
387.793,279.704,34.490,129.092
391.801,280.629,34.490,129.092
398.274,280.937,34.490,129.092
409.063,281.245,34.490,129.092
422.935,281.553,34.490,129.092
435.573,283.711,34.490,129.092
449.583,279.405,35.253,131.948
456.200,280.350,35.253,131.948
463.982,275.948,36.033,134.868
469.932,276.127,36.831,137.851
473.281,273.577,37.645,140.901
472.945,273.914,37.645,140.901
480.683,274.923,37.645,140.901
483.408,273.714,38.478,144.019
484.440,274.058,38.478,144.019
489.599,276.465,38.478,144.019
492.694,276.809,38.478,144.019
498.540,277.153,38.478,144.019
502.323,276.809,38.478,144.019
506.794,275.777,38.478,144.019
505.762,275.433,38.478,144.019
512.296,275.777,38.478,144.019
517.455,276.809,38.478,144.019
523.808,274.145,39.330,147.205
527.675,275.903,39.330,147.205
523.228,271.721,40.200,150.462
527.466,272.979,39.343,147.254
523.479,274.888,38.504,144.113
518.915,276.757,37.682,141.040
514.447,279.234,36.879,138.032
509.503,276.927,36.879,138.032
503.900,277.257,36.879,138.032
496.978,276.268,36.879,138.032
493.353,275.279,36.879,138.032
489.727,274.290,36.879,138.032
493.353,273.302,36.879,138.032
455.940,207.740,36.092,135.089
454.771,203.895,35.323,132.208
453.626,211.086,34.569,129.389
451.314,221.102,33.832,126.629
450.407,225.033,33.832,126.629
453.733,223.521,33.832,126.629
455.850,223.219,33.832,126.629
457.362,224.731,33.832,126.629
455.850,222.614,33.832,126.629
453.907,217.135,34.581,129.431
451.280,208.969,35.346,132.295
445.973,200.623,36.128,135.222
443.228,194.772,36.927,138.214
441.792,199.064,37.744,141.271
442.804,205.474,37.744,141.271
441.118,201.088,37.744,141.271
438.756,201.426,37.744,141.271
437.533,198.705,36.939,138.259
429.940,201.016,36.939,138.259
423.651,202.172,36.152,135.310
420.743,197.325,36.152,135.310
415.985,198.175,36.951,138.304
415.655,197.184,36.951,138.304
414.004,197.515,36.951,138.304
417.263,201.854,36.163,135.355
413.707,203.470,36.163,135.355
414.313,200.296,36.964,138.349
418.847,196.358,36.175,135.399
393.990,209.955,35.404,132.512
393.041,205.209,35.404,132.512
390.193,204.260,35.404,132.512
387.346,203.943,35.404,132.512
384.656,200.836,36.187,135.444
385.626,199.866,36.187,135.444
384.009,198.249,36.187,135.444
384.979,204.394,36.187,135.444
382.715,201.483,36.187,135.444
379.805,199.219,36.187,135.444
376.247,197.602,36.187,135.444
372.689,199.219,36.187,135.444
371.282,196.714,36.988,138.440
371.358,197.871,36.199,135.488
369.951,197.380,37.000,138.486
368.959,197.049,37.000,138.486
366.834,195.174,37.819,141.550
370.821,200.918,37.012,138.531
367.182,199.926,37.012,138.531
370.821,202.242,37.012,138.531
367.070,200.211,36.223,135.577
362.862,197.945,36.223,135.577
361.891,200.211,36.223,135.577
360.272,197.298,36.223,135.577
359.535,194.790,37.024,138.576
360.156,191.541,37.843,141.642
358.464,190.526,37.843,141.642
356.993,188.608,38.681,144.776
356.647,189.645,38.681,144.776
354.061,190.189,37.856,141.689
351.693,190.528,37.856,141.689
350.001,190.189,37.856,141.689
348.986,190.528,37.856,141.689
347.971,189.513,37.856,141.689
344.249,188.498,37.856,141.689
341.204,188.159,37.856,141.689
338.673,186.735,37.049,138.667
335.030,186.404,37.049,138.667
333.590,185.214,37.868,141.735
329.190,186.229,37.868,141.735
322.802,183.608,38.706,144.871
323.148,183.954,38.706,144.871
321.418,182.916,38.706,144.871
318.997,183.954,38.706,144.871
321.418,183.608,38.706,144.871
318.305,183.262,38.706,144.871
313.808,183.608,38.706,144.871
311.219,184.152,37.881,141.782
307.495,183.136,37.881,141.782
303.657,186.280,37.073,138.758
301.338,182.635,37.073,138.758
303.657,183.629,37.073,138.758
299.350,177.996,37.073,138.758
301.669,178.990,37.073,138.758
297.913,176.318,36.282,135.799
294.483,177.171,37.085,138.804
289.603,178.042,37.905,141.875
286.554,179.059,37.905,141.875
282.827,180.075,37.905,141.875
279.100,181.769,37.905,141.875
276.051,183.463,37.905,141.875
274.358,181.091,37.905,141.875
