405.000,256.000,122.000,148.000
407.093,252.784,122.000,148.000
409.747,253.315,122.000,148.000
412.401,249.599,122.000,148.000
413.806,243.004,124.699,151.274
416.519,239.206,124.699,151.274
420.317,234.322,124.699,151.274
421.945,229.439,124.699,151.274
420.317,222.384,124.699,151.274
414.348,217.501,124.699,151.274
407.294,214.788,124.699,151.274
399.155,208.819,124.699,151.274
393.186,198.509,124.699,151.274
386.132,189.284,124.699,151.274
375.822,183.315,124.699,151.274
365.512,181.688,124.699,151.274
355.202,178.974,124.699,151.274
347.063,178.432,124.699,151.274
340.009,180.060,124.699,151.274
335.125,180.602,124.699,151.274
330.241,180.060,124.699,151.274
324.273,180.602,124.699,151.274
320.474,181.145,124.699,151.274
317.761,179.517,124.699,151.274
312.877,177.889,124.699,151.274
305.823,175.176,124.699,151.274
299.854,172.463,124.699,151.274
292.800,167.579,124.699,151.274
283.576,163.781,124.699,151.274
275.436,157.812,124.699,151.274
269.467,151.843,124.699,151.274
271.095,142.619,124.699,151.274
271.638,131.223,124.699,151.274
273.266,120.914,124.699,151.274
277.064,108.433,124.699,151.274
283.033,98.123,124.699,151.274
287.917,87.813,124.699,151.274
292.800,78.589,124.699,151.274
298.769,67.194,124.699,151.274
305.823,57.969,124.699,151.274
308.536,52.000,124.699,151.274
306.909,52.543,124.699,151.274
305.281,54.171,124.699,151.274
304.738,56.884,124.699,151.274
300.940,60.682,124.699,151.274
298.227,65.566,124.699,151.274
295.513,69.364,124.699,151.274
291.090,75.684,122.040,148.049
285.248,80.464,122.040,148.049
279.407,85.243,122.040,148.049
273.565,87.898,122.040,148.049
265.599,92.678,122.040,148.049
259.223,96.816,119.437,144.891
254.545,98.375,119.437,144.891
254.025,103.053,119.437,144.891
251.427,103.572,119.437,144.891
251.947,106.171,119.437,144.891
248.308,103.572,119.437,144.891
249.868,105.131,119.437,144.891
245.190,101.493,119.437,144.891
249.868,105.131,119.437,144.891
245.190,103.572,119.437,144.891
247.789,107.210,119.437,144.891
243.111,103.572,119.437,144.891
245.710,103.053,119.437,144.891
246.229,97.336,119.437,144.891
250.907,96.816,119.437,144.891
248.308,92.138,119.437,144.891
252.986,92.658,119.437,144.891
248.308,86.941,119.437,144.891
246.749,84.342,119.437,144.891
252.466,86.941,119.437,144.891
248.828,83.303,119.437,144.891
253.506,84.862,119.437,144.891
248.828,82.263,119.437,144.891
254.545,83.823,119.437,144.891
249.868,80.184,119.437,144.891
256.624,83.823,119.437,144.891
254.391,81.861,116.890,141.801
259.986,84.404,116.890,141.801
256.426,81.861,116.890,141.801
263.038,84.404,116.890,141.801
264.564,81.861,116.890,141.801
272.194,84.404,116.890,141.801
275.754,81.861,116.890,141.801
284.401,83.387,116.890,141.801
291.013,83.895,116.890,141.801
293.557,82.370,116.890,141.801
300.169,83.895,116.890,141.801
301.695,80.335,116.890,141.801
307.290,79.826,116.890,141.801
306.781,74.231,116.890,141.801
312.377,72.705,116.890,141.801
310.851,67.110,116.890,141.801
315.428,67.619,116.890,141.801
311.868,64.058,116.890,141.801
317.463,65.584,116.890,141.801
318.989,67.110,116.890,141.801
318.480,65.584,116.890,141.801
324.075,71.179,116.890,141.801
325.601,74.740,116.890,141.801
320.614,77.921,119.477,144.939
318.015,82.600,119.477,144.939
316.455,89.358,119.477,144.939
311.776,96.117,119.477,144.939
306.057,104.955,119.477,144.939
298.259,115.873,119.477,144.939
291.500,128.871,119.477,144.939
285.781,139.789,119.477,144.939
280.062,148.627,119.477,144.939
274.343,157.465,119.477,144.939
268.167,165.032,122.120,148.146
261.854,172.765,124.822,151.423
255.879,181.999,124.822,151.423
247.732,191.233,124.822,151.423
239.584,199.380,124.822,151.423
232.523,205.355,124.822,151.423
225.462,212.416,124.822,151.423
219.488,218.391,124.822,151.423
215.685,224.365,124.822,151.423
210.797,228.168,124.822,151.423
208.081,231.970,124.822,151.423
210.797,233.599,124.822,151.423
211.340,229.797,124.822,151.423
218.412,228.685,127.584,154.774
223.409,231.461,127.584,154.774
226.185,233.127,127.584,154.774
230.071,232.572,127.584,154.774
237.300,230.284,130.406,158.198
246.946,234.256,130.406,158.198
256.690,237.804,133.292,161.698
265.390,241.864,133.292,161.698
274.090,245.925,133.292,161.698
282.790,247.665,133.292,161.698
291.491,248.245,133.292,161.698
297.871,244.185,133.292,161.698
305.411,237.804,133.292,161.698
312.951,232.584,133.292,161.698
316.893,225.380,136.241,165.276
318.671,220.044,136.241,165.276
316.893,212.337,136.241,165.276
312.743,205.816,136.241,165.276
306.930,198.451,139.255,168.932
299.052,194.210,139.255,168.932
288.751,193.604,139.255,168.932
277.238,189.362,139.255,168.932
266.936,185.120,139.255,168.932
254.211,182.090,139.255,168.932
240.274,179.061,139.255,168.932
225.125,177.243,139.255,168.932
212.399,174.213,139.255,168.932
200.886,169.971,139.255,168.932
185.737,164.517,139.255,168.932
171.800,161.488,139.255,168.932
160.286,157.246,139.255,168.932
157.257,150.580,139.255,168.932
161.498,142.703,139.255,168.932
159.681,136.037,139.255,168.932
161.498,134.219,139.255,168.932
164.528,133.613,139.255,168.932
166.346,129.372,139.255,168.932
171.800,128.766,139.255,168.932
174.830,123.312,139.255,168.932
180.283,122.706,139.255,168.932
183.313,118.464,139.255,168.932
186.550,118.513,136.285,165.330
189.515,117.920,136.285,165.330
188.922,114.955,136.285,165.330
191.888,116.734,136.285,165.330
193.667,117.327,136.285,165.330
194.548,117.375,133.379,161.804
200.933,121.438,133.379,161.804
208.478,126.662,133.379,161.804
213.701,133.046,133.379,161.804
218.925,138.269,133.379,161.804
226.470,138.850,133.379,161.804
232.854,141.752,133.379,161.804
237.074,141.799,130.535,158.354
241.050,142.367,130.535,158.354
240.482,137.255,130.535,158.354
242.186,134.415,130.535,158.354
241.935,131.176,127.751,154.977
241.379,125.061,127.751,154.977
238.600,117.834,127.751,154.977
240.267,110.607,127.751,154.977
241.935,101.157,127.751,154.977
242.491,89.483,127.751,154.977
243.047,77.809,127.751,154.977
239.156,67.247,127.751,154.977
240.823,56.684,127.751,154.977
240.578,47.085,125.027,151.672
243.298,38.924,125.027,151.672
249.283,30.763,125.027,151.672
260.579,25.563,122.360,148.437
274.714,26.633,119.751,145.272
289.552,33.707,117.197,142.174
301.281,40.337,117.197,142.174
315.051,46.966,117.197,142.174
326.781,54.616,117.197,142.174
338.510,62.266,117.197,142.174
350.082,70.172,114.698,139.142
360.563,76.660,114.698,139.142
367.052,84.147,114.698,139.142
374.538,90.635,114.698,139.142
381.027,98.122,114.698,139.142
385.519,104.610,114.698,139.142
382.025,111.098,114.698,139.142
379.529,118.585,114.698,139.142
376.423,127.285,112.252,136.175
369.096,134.612,112.252,136.175
360.252,138.680,114.736,139.188
352.763,143.173,114.736,139.188
343.277,145.670,114.736,139.188
333.791,149.164,114.736,139.188
324.305,146.668,114.736,139.188
316.816,150.163,114.736,139.188
308.896,152.128,112.289,136.219
301.145,156.877,109.894,133.314
291.103,161.181,109.894,133.314
280.104,163.572,109.894,133.314
268.149,160.225,109.894,133.314
259.063,161.659,109.894,133.314
248.065,161.181,109.894,133.314
238.023,166.442,109.894,133.314
227.980,170.745,109.894,133.314
216.025,176.006,109.894,133.314
204.070,183.179,109.894,133.314
193.072,189.395,109.894,133.314
183.986,195.612,109.894,133.314
173.943,200.872,109.894,133.314
162.945,209.002,109.894,133.314
151.946,216.175,109.894,133.314
144.360,220.822,107.551,130.471
137.340,223.162,107.551,130.471
130.320,224.566,107.551,130.471
124.236,222.226,107.551,130.471
120.960,224.566,107.551,130.471
117.684,222.226,107.551,130.471
116.280,218.950,107.551,130.471
118.620,214.738,107.551,130.471
120.960,210.526,107.551,130.471
124.236,210.058,107.551,130.471
128.448,210.526,107.551,130.471
132.660,210.058,107.551,130.471
137.808,210.526,107.551,130.471
144.828,210.994,107.551,130.471
149.976,212.398,107.551,130.471
153.253,210.994,107.551,130.471
159.337,213.334,107.551,130.471
163.549,214.738,107.551,130.471
163.816,217.665,109.930,133.358
162.103,219.664,112.363,136.309
163.396,221.707,114.849,139.325
161.607,222.758,117.390,142.407
162.118,224.291,117.390,142.407
159.564,223.780,117.390,142.407
161.975,226.974,119.987,145.558
160.409,222.275,119.987,145.558
160.707,226.624,122.642,148.778
156.971,221.820,122.642,148.778
159.490,226.265,125.355,152.070
160.036,220.265,125.355,152.070
162.610,224.808,128.129,155.435
162.928,216.725,130.963,158.874
166.918,218.435,130.963,158.874
166.060,210.174,133.861,162.389
167.808,204.931,133.861,162.389
169.555,199.689,133.861,162.389
171.302,197.941,133.861,162.389
170.426,190.706,136.823,165.982
173.236,182.075,139.850,169.654
176.279,175.381,139.850,169.654
174.101,166.559,142.944,173.407
177.211,162.205,142.944,173.407
182.809,156.607,142.944,173.407
190.895,149.765,142.944,173.407
198.981,145.410,142.944,173.407
205.823,146.032,142.944,173.407
210.050,142.178,146.107,177.244
215.772,141.542,146.107,177.244
220.223,142.178,146.107,177.244
224.673,138.999,146.107,177.244
229.124,138.363,146.107,177.244
232.302,140.271,146.107,177.244
229.124,142.178,146.107,177.244
227.216,137.728,146.107,177.244
227.852,134.549,146.107,177.244
232.302,137.728,146.107,177.244
231.667,138.363,146.107,177.244
234.846,140.271,146.107,177.244
231.667,137.092,146.107,177.244
236.117,140.271,146.107,177.244
232.938,135.820,146.107,177.244
234.846,138.999,146.107,177.244
225.309,134.549,146.107,177.244
223.803,140.728,142.991,173.464
218.203,136.373,142.991,173.464
221.314,139.484,142.991,173.464
221.936,142.595,142.991,173.464
218.825,146.950,142.991,173.464
220.692,152.550,142.991,173.464
222.558,158.150,142.991,173.464
224.425,161.262,142.991,173.464
227.536,163.128,142.991,173.464
230.647,166.239,142.991,173.464
232.514,170.595,142.991,173.464
234.381,174.950,142.991,173.464
238.736,179.306,142.991,173.464
240.603,181.173,142.991,173.464
238.736,175.573,142.991,173.464
243.092,178.684,142.991,173.464
238.282,170.955,146.155,177.302
242.604,174.932,149.388,181.225
236.230,165.508,152.693,185.235
242.210,170.159,152.693,185.235
243.968,159.149,156.072,189.333
251.401,157.759,159.525,193.522
258.999,159.219,163.054,197.804
262.348,160.711,166.662,202.180
264.266,154.713,170.349,206.653
272.380,156.272,174.118,211.225
279.101,159.438,177.971,215.899
284.522,167.957,177.971,215.899
286.570,174.406,181.908,220.676
285.379,179.356,185.933,225.558
279.716,175.311,185.933,225.558
285.379,180.975,185.933,225.558
274.861,180.165,185.933,225.558
265.961,177.738,185.933,225.558
268.388,185.020,185.933,225.558
259.488,180.975,185.933,225.558
264.986,187.713,190.047,230.548
254.236,181.924,190.047,230.548
261.678,186.059,190.047,230.548
255.890,175.308,190.047,230.548
264.986,176.135,190.047,230.548
269.121,168.692,190.047,230.548
273.256,164.557,190.047,230.548
269.121,157.115,190.047,230.548
276.564,157.942,190.047,230.548
279.045,152.153,190.047,230.548
274.910,144.710,190.047,230.548
270.775,137.267,190.047,230.548
266.640,131.478,190.047,230.548
259.197,124.035,190.047,230.548
250.101,116.592,190.047,230.548
255.890,115.765,190.047,230.548
260.024,109.977,190.047,230.548
267.467,109.150,190.047,230.548
258.371,100.053,190.047,230.548
269.121,107.496,190.047,230.548
267.162,102.780,185.994,225.632
276.065,111.683,185.994,225.632
283.509,119.549,182.028,220.820
274.796,120.341,182.028,220.820
281.925,130.639,182.028,220.820
275.468,138.337,178.146,216.111
273.142,145.314,178.146,216.111
267.716,150.740,178.146,216.111
256.088,156.167,178.146,216.111
244.460,160.043,178.146,216.111
231.281,167.020,178.146,216.111
220.479,170.071,174.347,211.503
206.064,175.382,174.347,211.503
193.167,177.658,174.347,211.503
178.752,172.347,174.347,211.503
168.180,173.871,170.629,206.992
152.588,171.644,170.629,206.992
138.481,161.991,170.629,206.992
128.828,153.824,170.629,206.992
135.511,160.506,170.629,206.992
129.458,151.979,166.990,202.578
134.545,155.612,166.990,202.578
129.458,146.165,166.990,202.578
118.558,136.719,166.990,202.578
126.551,138.899,166.990,202.578
116.425,129.152,163.429,198.258
111.999,123.726,159.944,194.030
118.400,131.833,156.533,189.892
108.183,122.978,156.533,189.892
100.091,111.690,159.996,194.094
93.825,104.032,159.996,194.094
100.228,100.062,156.584,189.955
109.122,102.744,153.245,185.904
110.113,97.656,149.977,181.939
115.987,99.614,149.977,181.939
120.555,93.740,149.977,181.939
141.655,98.825,146.779,178.059
151.235,102.019,146.779,178.059
163.266,108.227,143.649,174.262
175.142,112.602,143.649,174.262
185.769,116.978,143.649,174.262
192.610,113.105,146.827,178.118
196.952,115.774,150.075,182.059
200.217,109.897,150.075,182.059
211.259,117.503,146.875,178.176
215.733,111.751,146.875,178.176
225.320,114.947,146.875,178.176
232.350,110.473,146.875,178.176
240.659,116.225,146.875,178.176
248.967,110.473,146.875,178.176
261.111,117.503,146.875,178.176
270.697,113.029,146.875,178.176
281.562,118.781,146.875,178.176
292.369,112.673,143.743,174.377
304.407,112.691,146.923,178.235
315.275,105.658,146.923,178.235
323.600,107.003,150.174,182.178
347.778,103.735,150.174,182.178
362.808,103.082,150.174,182.178
375.385,104.457,153.496,186.209
382.732,106.460,153.496,186.209
392.751,107.128,153.496,186.209
405.332,114.908,150.223,182.238
416.385,118.741,147.019,178.352
411.169,115.093,143.884,174.548
416.804,121.980,143.884,174.548
412.907,115.996,140.816,170.826
417.197,122.737,140.816,170.826
408.005,124.575,140.816,170.826
401.265,117.835,140.816,170.826
400.995,126.153,137.813,167.183
391.999,121.955,137.813,167.183
388.267,128.940,134.874,163.618
380.637,130.700,134.874,163.618
371.833,126.592,134.874,163.618
366.551,131.874,134.874,163.618
374.212,140.973,131.998,160.128
389.460,148.770,129.183,156.714
394.519,152.705,129.183,156.714
387.211,149.894,129.183,156.714
382.152,154.954,129.183,156.714
378.217,156.640,129.183,156.714
373.158,156.078,129.183,156.714
369.223,157.764,129.183,156.714
363.040,156.078,129.183,156.714
357.980,154.391,129.183,156.714
352.921,151.581,129.183,156.714
346.738,148.770,129.183,156.714
341.678,144.835,129.183,156.714
336.619,140.900,129.183,156.714
331.560,136.965,129.183,156.714
326.501,131.906,129.183,156.714
322.566,126.847,129.183,156.714
314.721,118.698,132.041,160.181
322.221,117.637,129.225,156.765
318.285,111.451,129.225,156.765
315.473,110.889,129.225,156.765
312.662,108.077,129.225,156.765
323.253,111.375,126.470,153.422
321.603,107.522,126.470,153.422
326.555,113.576,126.470,153.422
321.160,104.456,129.268,156.816
332.839,113.177,126.511,153.472
327.885,109.323,126.511,153.472
336.132,117.857,123.813,150.199
328.613,112.283,126.552,153.523
334.671,116.138,126.552,153.523
331.917,107.877,126.552,153.523
341.228,115.353,123.854,150.249
337.063,106.422,126.594,153.573
344.224,112.481,126.594,153.573
338.164,106.422,126.594,153.573
336.512,112.481,126.594,153.573
342.571,116.338,126.594,153.573
338.081,116.382,123.894,150.298
332.150,114.765,123.894,150.298
327.298,119.617,123.894,150.298
327.060,125.896,121.252,147.093
326.827,134.076,118.666,143.956
324.609,131.131,116.136,140.886
320.060,138.712,116.136,140.886
317.889,134.856,113.659,137.882
321.351,141.286,113.659,137.882
316.366,138.465,111.235,134.941
312.010,136.045,111.235,134.941
311.796,146.348,108.863,132.064
309.761,145.474,106.542,129.247
318.493,155.342,104.270,126.491
317.132,153.981,104.270,126.491
325.678,164.513,102.046,123.794
326.122,161.405,102.046,123.794
335.448,169.842,102.046,123.794
341.220,168.510,102.046,123.794
347.881,173.394,102.046,123.794
347.437,170.286,102.046,123.794
313.245,270.197,102.046,123.794
317.241,274.194,102.046,123.794
319.614,270.806,99.870,121.154
317.441,266.895,99.870,121.154
319.614,271.675,99.870,121.154
316.909,268.359,97.740,118.570
317.334,273.038,97.740,118.570
311.805,270.061,97.740,118.570
307.126,273.888,97.740,118.570
301.597,279.417,97.740,118.570
294.367,285.797,97.740,118.570
286.286,291.326,97.740,118.570
281.179,296.280,95.656,116.042
276.600,300.859,95.656,116.042
272.022,301.275,95.656,116.042
267.443,306.686,95.656,116.042
262.864,311.265,95.656,116.042
258.286,309.184,95.656,116.042
260.509,316.439,93.616,113.567
256.843,313.587,93.616,113.567
258.065,319.698,93.616,113.567
260.102,323.364,93.616,113.567
259.137,321.826,91.620,111.145
254.751,319.833,91.620,111.145
255.947,325.016,91.620,111.145
253.157,323.023,91.620,111.145
251.444,322.286,89.666,108.775
249.493,325.018,89.666,108.775
245.981,323.067,89.666,108.775
244.305,321.594,87.754,106.455
243.159,325.794,87.754,106.455
239.722,323.885,87.754,106.455
240.104,328.849,87.754,106.455
237.431,327.704,87.754,106.455
238.577,334.195,87.754,106.455
242.013,337.632,87.754,106.455
241.845,333.982,85.882,104.185
242.966,337.346,85.882,104.185
246.330,341.457,85.882,104.185
246.165,337.164,84.051,101.963
250.188,340.456,84.051,101.963
252.748,343.748,84.051,101.963
251.651,338.993,84.051,101.963
254.211,343.016,84.051,101.963
253.845,341.188,84.051,101.963
256.406,345.211,84.051,101.963
256.949,342.420,82.258,99.789
256.101,341.759,80.504,97.661
257.973,344.489,78.787,95.578
259.804,347.821,77.107,93.540
256.113,347.485,77.107,93.540
253.764,348.492,77.107,93.540
252.758,349.499,77.107,93.540
250.669,349.526,75.463,91.545
250.341,351.168,75.463,91.545
247.386,350.183,75.463,91.545
248.371,352.481,75.463,91.545
245.694,351.875,73.854,89.593
249.229,354.767,73.854,89.593
246.609,351.076,72.279,87.682
250.698,353.907,72.279,87.682
249.346,350.294,70.737,85.813
253.348,353.065,70.737,85.813
257.350,353.988,70.737,85.813
255.195,351.218,70.737,85.813
258.619,350.649,69.229,83.983
261.331,348.541,69.229,83.983
258.017,344.624,69.229,83.983
261.331,347.336,69.229,83.983
262.234,342.817,69.229,83.983
261.521,338.776,67.753,82.192
263.096,337.664,66.308,80.439
264.081,336.575,64.894,78.723
265.045,335.509,63.510,77.045
267.587,336.597,62.155,75.402
265.903,333.490,60.830,73.794
266.697,335.872,60.830,73.794
263.786,333.490,60.830,73.794
267.227,334.814,60.830,73.794
270.171,338.407,59.533,72.220
271.985,340.738,59.533,72.220
275.366,342.757,58.263,70.680
277.648,345.039,58.263,70.680
279.491,346.525,57.021,69.173
280.338,344.632,55.805,67.697
283.040,346.993,54.615,66.254
281.102,345.179,53.450,64.841
283.196,347.273,53.450,64.841
284.824,348.901,53.450,64.841
282.061,350.838,54.633,66.276
286.143,383.895,55.841,67.742
290.251,392.815,54.650,66.297
287.919,396.769,55.860,67.764
286.875,398.663,54.668,66.319
285.394,400.975,53.503,64.905
284.696,401.208,53.503,64.905
283.532,401.441,53.503,64.905
281.634,401.011,52.362,63.521
280.655,399.712,51.245,62.166
279.540,399.043,51.245,62.166
279.442,397.771,50.152,60.840
278.925,399.051,49.083,59.543
277.183,398.657,48.036,58.273
275.882,397.062,47.012,57.030
277.764,397.473,46.009,55.814
275.161,396.472,46.009,55.814
272.158,396.271,46.009,55.814
272.759,397.673,46.009,55.814
270.355,397.303,45.028,54.624
269.135,398.452,44.068,53.459
270.160,399.577,43.128,52.319
267.544,398.507,42.208,51.203
266.047,399.230,41.308,50.111
263.889,399.937,40.427,49.043
263.133,400.969,39.565,47.997
261.066,402.974,38.721,46.973
259.692,403.962,37.896,45.972
258.983,405.565,37.087,44.991
260.436,405.081,37.087,44.991
266.587,404.472,36.297,44.032
272.431,405.577,36.297,44.032
278.591,407.315,36.297,44.032
284.915,409.154,35.522,43.093
287.233,409.927,35.522,43.093
293.125,411.727,34.765,42.174
296.301,413.089,34.765,42.174
297.643,413.721,35.534,43.107
295.806,415.971,36.320,44.061
294.384,419.290,36.320,44.061
292.962,422.925,36.320,44.061
295.648,425.296,36.320,44.061
288.220,418.816,36.320,44.061
282.362,419.743,35.546,43.121
278.495,422.063,35.546,43.121
298.702,391.662,34.788,42.202
300.678,391.091,34.046,41.302
310.604,392.424,34.046,41.302
322.308,393.461,34.046,41.302
333.952,396.615,33.320,40.421
331.652,399.980,32.609,39.559
337.470,410.339,32.609,39.559
343.439,419.765,33.331,40.434
349.966,426.002,33.331,40.434
353.058,432.627,34.068,41.329
356.765,437.223,34.068,41.329
358.988,439.446,34.068,41.329
356.304,440.373,34.822,42.243
349.159,436.919,35.592,43.178
351.176,424.711,36.380,44.133
353.234,417.587,36.380,44.133
351.353,409.708,37.185,45.109
346.661,406.958,37.185,45.109
339.366,399.240,38.008,46.107
336.372,390.322,38.848,47.128
332.259,382.960,39.708,48.170
323.394,375.078,40.587,49.236
315.433,366.654,41.484,50.325
312.539,361.415,42.402,51.439
309.033,359.016,42.402,51.439
309.218,365.474,42.402,51.439
311.985,369.718,42.402,51.439
314.753,371.748,42.402,51.439
311.247,364.183,42.402,51.439
303.682,354.772,42.402,51.439
302.639,350.183,43.340,52.577
304.703,345.884,44.299,53.740
311.213,342.290,45.280,54.929
318.503,337.758,45.280,54.929
323.429,333.620,45.280,54.929
330.719,329.088,45.280,54.929
337.782,325.414,46.281,56.145
345.837,326.256,47.305,57.387
355.511,333.872,47.305,57.387
363.317,339.004,48.352,58.656
371.944,345.105,48.352,58.656
380.991,356.257,48.352,58.656
379.518,366.987,48.352,58.656
371.780,377.035,49.422,59.954
360.746,385.519,50.515,61.281
349.469,381.421,51.633,62.637
345.867,375.832,52.775,64.022
341.709,371.074,53.943,65.439
333.024,368.961,53.943,65.439
331.851,371.543,53.943,65.439
334.420,374.959,55.136,66.887
339.037,385.919,56.356,68.367
345.792,405.771,57.603,69.879
346.975,410.459,58.878,71.425
346.058,412.593,60.180,73.006
339.687,409.884,61.512,74.621
342.631,412.293,61.512,74.621
345.576,409.884,61.512,74.621
347.950,410.447,62.873,76.272
345.267,405.345,64.264,77.959
346.007,402.452,65.686,79.684
343.798,398.901,67.139,81.447
340.000,384.002,67.139,81.447
336.529,371.886,68.624,83.249
338.022,365.615,68.624,83.249
337.126,359.941,68.624,83.249
333.579,352.514,70.143,85.091
330.221,341.221,70.143,85.091
334.189,331.148,70.143,85.091
339.378,320.465,70.143,85.091
342.125,308.562,70.143,85.091
337.866,302.870,71.695,86.974
336.930,304.430,71.695,86.974
337.242,309.734,71.695,86.974
334.434,313.790,71.695,86.974
334.122,315.973,71.695,86.974
338.802,317.533,71.695,86.974
343.511,313.011,73.281,88.898
349.570,313.330,73.281,88.898
355.628,315.562,73.281,88.898
359.780,315.571,74.902,90.865
361.410,314.593,74.902,90.865
357.825,316.875,74.902,90.865
354.240,315.897,74.902,90.865
350.367,313.201,76.559,92.875
350.557,309.063,78.253,94.930
346.812,303.274,78.253,94.930
