153.000,105.000,26.000,43.000
152.233,98.731,26.575,43.951
152.096,92.807,26.575,43.951
151.958,86.607,26.575,43.951
152.371,80.132,26.575,43.951
152.785,76.136,26.575,43.951
152.647,73.243,26.575,43.951
150.580,71.176,26.575,43.951
147.962,69.661,26.575,43.951
145.345,69.247,26.575,43.951
141.625,68.283,26.575,43.951
134.898,65.653,27.163,44.924
128.561,63.822,27.163,44.924
121.943,61.710,27.163,44.924
115.887,60.724,27.163,44.924
112.930,58.893,27.163,44.924
111.381,59.034,27.163,44.924
110.959,56.358,27.163,44.924
108.846,52.838,27.163,44.924
105.889,50.162,27.163,44.924
102.087,47.768,27.163,44.924
96.595,45.656,27.163,44.924
91.384,43.825,27.163,44.924
89.638,42.540,26.584,43.966
87.019,40.197,26.584,43.966
81.644,38.956,26.584,43.966
78.750,37.716,26.584,43.966
79.457,37.373,27.172,44.939
85.233,35.541,27.172,44.939
91.217,34.898,27.773,45.933
93.088,37.058,27.773,45.933
98.416,40.945,27.773,45.933
100.288,44.257,27.773,45.933
102.735,49.297,27.773,45.933
105.759,55.488,27.773,45.933
108.207,60.527,27.773,45.933
109.244,61.961,28.388,46.949
115.278,62.403,28.388,46.949
130.437,62.844,28.388,46.949
130.886,64.615,29.016,47.988
137.054,61.757,29.016,47.988
148.937,54.988,29.016,47.988
150.957,51.492,29.658,49.050
147.918,59.085,30.314,50.135
150.589,57.670,30.314,50.135
156.214,58.356,29.668,49.066
161.905,57.280,29.668,49.066
163.904,57.741,29.668,49.066
170.210,57.587,29.668,49.066
182.669,57.434,29.668,49.066
187.744,56.665,29.668,49.066
191.590,54.357,29.668,49.066
196.973,50.205,29.668,49.066
202.356,50.974,29.668,49.066
209.277,53.896,29.668,49.066
216.130,54.789,30.324,50.151
209.370,66.895,30.324,50.151
211.807,73.027,30.995,51.261
217.753,80.258,30.995,51.261
224.245,87.193,31.681,52.395
226.709,90.314,31.681,52.395
232.904,95.463,31.005,51.278
236.922,98.839,31.005,51.278
244.225,104.498,30.344,50.184
251.618,108.116,30.344,50.184
258.068,112.678,30.344,50.184
264.518,116.297,30.344,50.184
266.957,117.537,31.015,51.294
272.402,120.718,30.354,50.201
276.517,123.529,29.707,49.130
277.904,114.442,29.707,49.130
272.821,121.681,29.707,49.130
262.195,133.231,29.707,49.130
249.412,143.550,29.707,49.130
