57.000,21.000,31.000,45.000
57.947,21.053,31.000,45.000
58.394,21.500,31.000,45.000
60.032,20.755,31.000,45.000
61.373,19.414,31.000,45.000
64.204,18.968,31.000,45.000
65.544,17.329,31.000,45.000
68.673,18.670,31.000,45.000
72.695,17.925,31.000,45.000
76.216,18.818,31.686,45.996
79.109,17.448,31.686,45.996
81.088,18.209,31.686,45.996
81.545,19.579,31.686,45.996
78.043,20.645,31.686,45.996
71.800,19.579,31.686,45.996
65.253,19.122,31.686,45.996
59.010,18.057,31.686,45.996
54.899,18.513,31.686,45.996
49.265,17.143,31.686,45.996
42.717,18.818,31.686,45.996
36.779,20.493,31.686,45.996
30.536,21.559,31.686,45.996
25.207,19.884,31.686,45.996
22.923,20.036,31.686,45.996
19.725,21.102,31.686,45.996
18.050,22.168,31.686,45.996
19.421,22.929,31.686,45.996
20.486,21.254,31.686,45.996
19.725,20.188,31.686,45.996
19.268,20.645,31.686,45.996
17.593,21.406,31.686,45.996
17.137,22.168,31.686,45.996
17.898,23.538,31.686,45.996
19.268,23.386,31.686,45.996
21.248,22.625,31.686,45.996
23.227,24.909,31.686,45.996
23.075,24.452,31.686,45.996
24.750,25.518,31.686,45.996
27.948,26.583,31.686,45.996
32.059,27.649,31.686,45.996
35.026,29.194,32.387,47.013
39.539,31.217,32.387,47.013
41.280,32.474,33.103,48.053
43.389,34.088,33.836,49.117
42.902,35.551,33.836,49.117
44.040,36.364,33.836,49.117
45.178,37.177,33.836,49.117
45.341,36.039,33.836,49.117
47.159,32.965,34.585,50.203
47.990,28.145,34.585,50.203
49.486,21.331,34.585,50.203
50.317,19.503,34.585,50.203
51.813,17.010,34.585,50.203
53.309,14.850,34.585,50.203
54.158,13.943,33.847,49.133
55.930,16.819,33.125,48.085
57.664,19.633,32.419,47.060
58.760,22.687,31.727,46.056
59.246,22.444,31.051,45.074
61.446,23.931,30.389,44.113
62.756,23.416,29.741,43.172
65.966,24.290,29.106,42.251
67.759,24.066,28.486,41.350
69.514,23.583,27.878,40.468
71.490,25.177,27.284,39.605
70.572,24.784,27.284,39.605
68.967,23.563,26.702,38.761
66.273,24.975,26.702,38.761
62.229,26.501,26.132,37.934
59.723,27.027,25.575,37.125
58.693,26.593,25.030,36.334
60.257,27.916,25.030,36.334
61.335,28.651,24.496,35.559
62.159,28.534,24.496,35.559
62.748,28.651,24.496,35.559
63.807,28.769,24.496,35.559
62.748,28.651,24.496,35.559
62.865,29.240,24.496,35.559
63.013,29.052,23.974,34.800
61.746,29.628,23.974,34.800
60.248,29.282,23.974,34.800
59.211,30.319,23.974,34.800
58.175,30.665,23.974,34.800
56.216,30.319,23.974,34.800
54.488,30.895,23.974,34.800
52.069,30.089,23.974,34.800
51.032,30.434,23.974,34.800
49.213,29.930,24.504,35.570
47.211,28.870,24.504,35.570
46.085,28.599,25.046,36.357
44.684,27.572,25.600,37.162
45.299,26.219,25.600,37.162
45.668,25.604,25.600,37.162
46.283,26.957,25.600,37.162
47.860,26.523,25.054,36.369
48.944,26.644,25.054,36.369
48.583,26.042,25.054,36.369
49.430,25.153,24.520,35.594
48.370,25.271,24.520,35.594
49.430,26.567,24.520,35.594
50.726,25.978,24.520,35.594
52.258,25.153,24.520,35.594
55.204,25.035,24.520,35.594
56.971,24.446,24.520,35.594
59.210,23.621,24.520,35.594
63.099,23.032,24.520,35.594
67.694,23.857,24.520,35.594
71.582,24.917,24.520,35.594
70.993,26.685,24.520,35.594
68.990,27.274,24.520,35.594
69.579,28.334,24.520,35.594
66.741,28.063,25.063,36.381
66.838,27.286,25.617,37.186
63.617,27.513,26.184,38.009
60.723,27.639,26.184,38.009
59.591,26.506,26.184,38.009
60.215,26.738,26.763,38.850
61.115,26.095,26.763,38.850
62.016,26.481,26.763,38.850
63.430,25.324,26.763,38.850
64.073,25.452,26.763,38.850
64.717,25.066,26.763,38.850
60.730,25.452,26.763,38.850
57.000,23.780,26.763,38.850
55.071,23.395,26.763,38.850
54.170,21.980,26.763,38.850
53.527,21.337,26.763,38.850
53.142,19.922,26.763,38.850
53.013,19.536,26.763,38.850
52.850,24.043,27.355,39.709
53.771,27.593,27.355,39.709
53.604,29.745,27.961,40.588
54.545,32.029,27.961,40.588
55.754,33.507,27.961,40.588
56.426,33.910,27.961,40.588
57.650,35.273,28.579,41.486
59.985,35.685,28.579,41.486
60.946,36.647,28.579,41.486
62.182,37.333,28.579,41.486
63.418,38.295,28.579,41.486
62.457,38.707,28.579,41.486
59.023,39.943,28.579,41.486
56.414,41.454,28.579,41.486
54.998,38.322,27.970,40.601
54.595,33.080,27.970,40.601
55.536,31.333,27.970,40.601
57.552,29.316,27.970,40.601
59.030,30.257,27.970,40.601
59.165,29.585,27.970,40.601
58.815,31.702,27.373,39.735
58.684,27.625,27.373,39.735
56.973,23.021,27.373,39.735
56.316,24.204,27.373,39.735
55.921,23.810,27.373,39.735
57.354,24.107,26.790,38.888
57.019,24.645,26.218,38.059
57.649,25.275,26.218,38.059
56.836,25.074,25.659,37.247
55.802,25.828,25.112,36.453
54.957,25.707,25.112,36.453
54.411,26.910,24.576,35.675
53.649,27.404,24.052,34.915
52.680,26.997,23.539,34.170
51.731,27.688,23.037,33.441
51.399,28.242,23.037,33.441
49.739,27.467,23.037,33.441
49.185,27.799,23.037,33.441
47.524,27.024,23.037,33.441
46.749,26.692,23.037,33.441
45.532,27.245,23.037,33.441
43.750,26.428,22.546,32.728
42.341,25.886,22.546,32.728
43.967,27.078,22.546,32.728
46.025,25.886,22.546,32.728
48.950,27.295,22.546,32.728
50.792,27.186,22.546,32.728
50.034,26.645,22.546,32.728
49.059,26.536,22.546,32.728
49.817,27.511,22.546,32.728
49.059,26.536,22.546,32.728
48.517,25.995,22.546,32.728
48.842,25.236,22.546,32.728
49.167,24.911,22.546,32.728
51.226,23.936,22.546,32.728
52.851,22.528,22.546,32.728
55.126,22.419,22.546,32.728
56.968,24.261,22.546,32.728
59.304,25.360,23.045,33.452
60.744,23.035,23.045,33.452
62.212,21.631,23.555,34.193
63.243,21.840,24.076,34.949
62.896,20.336,24.076,34.949
62.510,21.029,24.609,35.722
60.643,20.021,25.153,36.513
58.734,18.990,25.710,37.321
56.881,18.125,25.710,37.321
54.781,23.932,25.710,37.321
52.186,23.314,25.710,37.321
49.979,24.055,26.279,38.146
48.509,22.453,26.860,38.990
47.348,22.841,26.860,38.990
46.444,24.260,26.860,38.990
44.766,23.357,26.860,38.990
43.862,22.195,26.860,38.990
43.164,21.898,27.454,39.853
41.080,22.415,28.062,40.735
38.112,23.503,28.682,41.636
38.801,23.090,28.682,41.636
42.345,23.916,29.317,42.557
45.867,21.803,29.317,42.557
45.444,20.817,29.317,42.557
44.458,20.113,29.317,42.557
44.881,20.817,29.317,42.557
44.176,22.930,29.317,42.557
45.162,24.480,29.317,42.557
46.712,26.030,29.317,42.557
48.262,25.889,29.317,42.557
49.838,27.026,29.966,43.499
51.134,24.290,29.966,43.499
53.006,22.994,29.966,43.499
55.166,22.562,29.966,43.499
57.038,21.554,29.966,43.499
58.910,21.122,29.966,43.499
60.206,20.690,29.966,43.499
60.062,20.258,29.966,43.499
60.477,19.627,30.629,44.461
60.596,19.899,31.306,45.445
60.446,18.846,31.306,45.445
61.817,19.436,31.999,46.450
61.970,18.974,31.999,46.450
60.500,20.215,32.707,47.478
60.028,20.687,32.707,47.478
62.386,19.901,32.707,47.478
65.686,21.316,32.707,47.478
62.879,22.258,33.431,48.528
58.541,21.133,33.431,48.528
54.671,22.430,34.170,49.602
53.850,20.624,34.170,49.602
55.985,17.175,34.170,49.602
58.776,13.399,34.170,49.602
62.881,10.607,34.170,49.602
65.344,8.144,34.170,49.602
67.479,8.637,34.170,49.602
65.344,8.801,34.170,49.602
62.702,10.438,33.442,48.544
60.291,11.884,33.442,48.544
59.253,11.317,32.728,47.509
57.025,12.885,32.031,46.496
54.251,13.529,31.347,45.504
51.827,13.288,30.679,44.534
49.738,13.053,30.025,43.584
51.866,16.160,29.384,42.655
51.499,17.840,28.758,41.745
54.070,19.484,28.145,40.855
53.123,19.078,28.145,40.855
50.824,17.320,28.145,40.855
56.208,17.886,27.544,39.984
59.181,18.695,26.957,39.131
60.842,19.237,26.382,38.297
62.223,18.301,25.819,37.480
62.618,17.863,25.269,36.681
63.468,17.499,25.269,36.681
62.216,17.305,24.730,35.898
62.823,18.261,24.203,35.133
64.801,18.842,24.203,35.133
67.010,21.517,24.203,35.133
71.081,23.727,24.203,35.133
69.336,24.774,24.203,35.133
66.429,24.890,24.203,35.133
61.938,25.105,24.738,35.910
59.441,24.272,24.738,35.910
56.945,24.154,24.738,35.910
55.399,24.035,24.738,35.910
53.854,24.154,24.738,35.910
53.022,24.272,24.738,35.910
52.190,24.154,24.738,35.910
52.071,24.272,24.738,35.910
52.903,23.678,24.738,35.910
53.973,22.370,24.738,35.910
55.518,22.489,24.738,35.910
57.064,21.657,24.738,35.910
58.609,20.825,24.738,35.910
59.679,20.706,24.738,35.910
61.700,24.629,24.738,35.910
63.245,28.077,24.738,35.910
64.553,27.958,24.738,35.910
65.147,27.839,24.738,35.910
67.359,27.649,24.211,35.144
68.639,28.231,24.211,35.144
66.428,27.416,24.211,35.144
65.614,27.300,24.211,35.144
65.708,27.997,24.746,35.922
66.779,27.878,24.746,35.922
65.470,27.284,24.746,35.922
66.541,28.592,24.746,35.922
64.995,27.997,24.746,35.922
63.449,27.403,24.746,35.922
61.903,27.997,24.746,35.922
60.595,28.592,24.746,35.922
60.714,28.711,24.746,35.922
62.260,28.592,24.746,35.922
63.568,29.187,24.746,35.922
63.211,28.592,24.746,35.922
64.281,29.187,24.746,35.922
64.400,30.019,24.746,35.922
62.379,29.187,24.746,35.922
60.595,30.257,24.746,35.922
59.049,29.424,24.746,35.922
59.406,27.641,24.746,35.922
61.847,26.304,24.219,35.156
63.391,27.485,24.754,35.934
64.937,24.987,24.754,35.934
66.246,21.775,24.754,35.934
63.272,19.753,24.754,35.934
58.184,17.504,25.302,36.729
56.117,16.167,25.302,36.729
51.862,16.288,25.302,36.729
49.065,17.139,25.302,36.729
46.755,18.720,25.302,36.729
43.715,21.760,25.302,36.729
40.919,23.340,25.302,36.729
39.095,24.678,25.302,36.729
36.785,24.556,25.302,36.729
35.531,26.237,24.762,35.946
36.827,28.111,24.234,35.179
38.096,30.170,23.718,34.429
40.717,31.196,23.718,34.429
42.199,32.450,23.718,34.429
43.453,33.020,23.718,34.429
43.111,31.994,23.718,34.429
43.693,32.031,23.212,33.695
44.251,33.035,23.212,33.695
48.378,27.793,23.212,33.695
50.721,25.896,23.212,33.695
54.848,25.339,23.212,33.695
56.095,24.156,23.725,34.440
57.122,25.638,23.725,34.440
59.288,24.384,23.725,34.440
59.380,25.067,24.250,35.202
58.564,24.252,24.250,35.202
59.613,22.970,24.250,35.202
61.361,21.688,24.250,35.202
59.279,22.387,24.787,35.981
57.731,20.838,24.787,35.981
54.862,19.328,25.335,36.777
52.548,17.502,25.335,36.777
47.800,17.867,25.335,36.777
42.565,16.771,25.335,36.777
36.599,19.815,25.335,36.777
30.877,20.424,25.335,36.777
28.807,19.571,25.335,36.777
28.929,18.719,25.335,36.777
30.512,17.867,25.335,36.777
32.582,20.180,25.335,36.777
34.895,21.519,25.335,36.777
33.983,20.734,25.896,37.591
32.793,20.447,26.469,38.422
34.216,21.210,27.054,39.272
35.940,19.561,27.653,40.141
37.150,20.358,28.265,41.029
38.106,18.918,28.890,41.937
39.355,18.223,28.890,41.937
39.216,16.974,28.890,41.937
38.245,16.002,28.890,41.937
39.216,15.863,28.890,41.937
41.021,17.390,28.890,41.937
40.882,20.028,28.890,41.937
41.299,22.666,28.890,41.937
42.271,23.915,28.890,41.937
42.965,24.887,28.890,41.937
44.214,25.581,28.890,41.937
45.741,25.720,28.890,41.937
47.824,26.692,28.890,41.937
49.906,26.553,28.890,41.937
51.711,27.247,28.890,41.937
53.238,26.553,28.890,41.937
54.766,25.859,28.890,41.937
56.293,24.887,28.890,41.937
58.653,24.471,28.890,41.937
61.568,22.944,28.890,41.937
63.697,22.912,29.529,42.865
66.677,20.499,29.529,42.865
65.684,17.520,29.529,42.865
61.971,10.126,30.183,43.813
58.176,3.170,30.850,44.783
55.220,-0.247,31.533,45.774
54.159,0.510,31.533,45.774
52.189,7.632,31.533,45.774
51.432,19.906,31.533,45.774
51.583,32.483,31.533,45.774
51.129,38.696,31.533,45.774
51.280,40.060,31.533,45.774
52.055,39.234,30.861,44.798
52.812,38.139,30.202,43.842
54.119,34.801,30.202,43.842
53.683,32.624,30.202,43.842
54.409,28.995,30.202,43.842
53.472,27.085,29.558,42.907
52.762,26.090,29.558,42.907
51.483,25.948,29.558,42.907
50.489,26.942,29.558,42.907
50.347,27.085,29.558,42.907
50.489,27.227,29.558,42.907
50.063,26.800,29.558,42.907
49.637,27.795,29.558,42.907
50.347,27.653,29.558,42.907
49.921,28.647,29.558,42.907
49.211,27.653,29.558,42.907
49.637,28.079,29.558,42.907
49.495,27.937,29.558,42.907
49.353,28.931,29.558,42.907
48.643,28.505,29.558,42.907
48.501,27.795,29.558,42.907
48.358,28.789,29.558,42.907
47.989,28.014,28.928,41.992
48.128,28.987,28.928,41.992
47.767,28.497,28.311,41.097
48.447,29.450,28.311,41.097
48.093,28.708,27.707,40.220
47.960,29.640,27.707,40.220
47.294,28.441,27.707,40.220
48.759,29.107,27.707,40.220
49.691,28.175,27.707,40.220
48.970,28.973,28.320,41.110
50.195,28.293,28.320,41.110
51.420,28.701,28.320,41.110
50.739,27.749,28.320,41.110
52.236,28.429,28.320,41.110
51.499,27.833,28.947,42.020
53.308,28.250,28.947,42.020
52.890,26.164,28.947,42.020
50.694,26.998,29.587,42.949
50.809,27.260,30.242,43.900
50.954,27.406,30.242,43.900
34.823,40.630,30.242,43.900
36.422,43.682,30.242,43.900
39.764,46.444,30.242,43.900
45.141,48.914,30.242,43.900
47.321,51.966,30.242,43.900
53.107,55.096,29.597,42.964
49.995,24.983,28.966,42.047
49.021,24.844,28.966,42.047
49.160,26.653,28.966,42.047
49.562,26.621,29.607,42.978
48.850,25.910,29.607,42.978
48.423,26.906,29.607,42.978
49.135,27.617,29.607,42.978
48.423,26.052,29.607,42.978
49.135,26.195,29.607,42.978
48.423,25.483,29.607,42.978
49.419,25.626,29.607,42.978
49.562,25.199,29.607,42.978
49.704,23.918,29.607,42.978
50.131,25.199,29.607,42.978
50.541,26.642,30.262,43.929
50.961,27.514,30.931,44.900
51.407,26.176,30.931,44.900
53.312,25.652,30.272,43.943
53.167,26.961,30.272,43.943
53.312,26.234,30.272,43.943
53.749,25.216,30.272,43.943
54.185,26.234,30.272,43.943
53.749,25.507,30.272,43.943
54.470,26.681,30.942,44.915
53.727,25.343,30.942,44.915
54.173,26.383,30.942,44.915
52.835,24.748,30.942,44.915
51.794,25.491,30.942,44.915
51.943,26.235,30.942,44.915
52.091,27.276,30.942,44.915
53.425,26.751,30.282,43.957
53.279,27.188,30.282,43.957
53.425,27.333,30.282,43.957
53.570,26.315,30.282,43.957
53.716,26.460,30.282,43.957
53.279,26.897,30.282,43.957
53.134,26.751,30.282,43.957
52.988,26.606,30.282,43.957
53.425,27.042,30.282,43.957
52.988,26.606,30.282,43.957
53.134,27.333,30.282,43.957
52.406,26.024,30.282,43.957
52.551,27.333,30.282,43.957
52.406,26.606,30.282,43.957
52.551,27.333,30.282,43.957
52.406,26.606,30.282,43.957
51.969,27.042,30.282,43.957
51.824,26.606,30.282,43.957
51.678,26.751,30.282,43.957
51.533,26.606,30.282,43.957
52.260,27.333,30.282,43.957
51.824,26.315,30.282,43.957
52.260,26.460,30.282,43.957
52.115,26.897,30.282,43.957
52.260,26.169,30.282,43.957
52.988,26.897,30.282,43.957
53.134,26.169,30.282,43.957
52.988,26.897,30.282,43.957
53.425,26.169,30.282,43.957
53.861,27.188,30.282,43.957
