40.000,199.000,61.000,103.000
42.101,201.101,61.000,103.000
41.140,199.500,61.000,103.000
42.101,200.461,61.000,103.000
40.500,198.219,61.000,103.000
41.461,198.539,61.000,103.000
39.219,196.939,61.000,103.000
39.539,196.618,61.000,103.000
38.579,195.018,61.000,103.000
39.539,194.697,61.000,103.000
37.298,191.816,61.000,103.000
36.338,188.934,61.000,103.000
36.658,186.053,61.000,103.000
35.057,181.250,61.000,103.000
34.096,176.447,61.000,103.000
34.417,171.645,61.000,103.000
35.377,166.202,61.000,103.000
36.978,160.118,61.000,103.000
35.377,149.552,61.000,103.000
38.899,142.188,61.000,103.000
41.140,134.824,61.000,103.000
44.022,127.460,61.000,103.000
46.263,120.736,61.000,103.000
49.785,115.293,61.000,103.000
53.947,109.210,61.000,103.000
57.591,102.424,62.350,105.279
61.994,96.845,63.729,107.608
67.012,91.827,63.729,107.608
72.698,86.810,63.729,107.608
78.385,82.461,63.729,107.608
83.580,78.148,65.139,109.989
90.760,75.070,65.139,109.989
96.779,69.242,66.580,112.423
106.214,65.398,66.580,112.423
118.893,59.441,68.053,114.910
127.823,54.083,68.053,114.910
134.853,50.218,69.559,117.452
147.631,46.202,69.559,117.452
157.089,43.766,71.098,120.051
165.672,41.900,71.098,120.051
175.748,42.273,71.098,120.051
185.078,39.661,71.098,120.051
192.168,38.541,71.098,120.051
199.258,39.661,71.098,120.051
208.588,37.049,71.098,120.051
215.158,38.431,72.671,122.707
223.168,36.524,72.671,122.707
229.652,36.905,72.671,122.707
236.137,39.575,72.671,122.707
242.621,41.482,72.671,122.707
248.343,43.389,72.671,122.707
253.301,45.297,72.671,122.707
257.642,47.501,74.279,125.422
261.931,50.230,74.279,125.422
263.880,52.959,74.279,125.422
267.389,54.908,74.279,125.422
271.678,58.417,74.279,125.422
275.966,61.147,74.279,125.422
279.475,65.435,74.279,125.422
282.204,69.724,74.279,125.422
283.374,74.012,74.279,125.422
288.442,78.301,74.279,125.422
292.731,83.369,74.279,125.422
299.359,88.438,74.279,125.422
305.987,92.726,74.279,125.422
311.835,97.015,74.279,125.422
317.683,102.863,74.279,125.422
322.751,107.932,74.279,125.422
327.040,113.000,74.279,125.422
330.549,118.068,74.279,125.422
334.837,123.917,74.279,125.422
337.567,128.985,74.279,125.422
341.855,135.613,74.279,125.422
344.584,141.461,74.279,125.422
348.873,148.089,74.279,125.422
351.602,155.496,74.279,125.422
354.331,161.345,74.279,125.422
356.281,167.193,74.279,125.422
357.450,173.041,74.279,125.422
359.400,178.889,74.279,125.422
359.010,183.957,74.279,125.422
361.739,189.026,74.279,125.422
359.010,193.314,74.279,125.422
360.929,197.282,72.695,122.747
359.021,197.664,72.695,122.747
360.166,199.572,72.695,122.747
356.732,198.427,72.695,122.747
357.877,199.572,72.695,122.747
356.077,198.306,71.145,120.130
354.957,196.439,71.145,120.130
356.824,194.572,71.145,120.130
356.451,191.958,71.145,120.130
357.571,189.344,71.145,120.130
358.691,186.730,71.145,120.130
359.812,183.369,71.145,120.130
361.679,180.755,71.145,120.130
362.052,176.647,71.145,120.130
360.932,171.793,71.145,120.130
364.293,168.432,71.145,120.130
363.919,164.324,71.145,120.130
366.533,160.217,71.145,120.130
364.666,153.122,71.145,120.130
365.786,148.267,71.145,120.130
363.919,142.666,71.145,120.130
361.305,137.811,71.145,120.130
358.691,133.704,71.145,120.130
356.824,129.596,71.145,120.130
353.463,126.235,71.145,120.130
348.415,122.194,72.719,122.787
343.453,118.759,72.719,122.787
339.254,117.614,72.719,122.787
334.292,117.232,72.719,122.787
329.330,117.614,72.719,122.787
323.605,117.232,72.719,122.787
317.880,117.614,72.719,122.787
309.101,115.705,72.719,122.787
294.436,113.159,74.328,125.504
288.584,114.330,74.328,125.504
281.952,113.939,74.328,125.504
275.320,115.890,74.328,125.504
269.468,115.500,74.328,125.504
262.836,115.890,74.328,125.504
256.984,115.500,74.328,125.504
251.912,115.890,74.328,125.504
247.621,118.621,74.328,125.504
242.549,119.011,74.328,125.504
237.477,122.522,74.328,125.504
233.186,121.352,74.328,125.504
228.721,124.416,75.972,128.281
225.929,129.600,75.972,128.281
222.340,129.201,75.972,128.281
221.086,131.505,77.653,131.119
217.267,133.015,79.371,134.020
215.957,134.558,81.127,136.985
217.268,136.135,82.922,140.016
218.574,139.182,82.922,140.016
219.880,142.228,82.922,140.016
222.056,146.146,82.922,140.016
224.232,148.322,82.922,140.016
227.279,149.628,82.922,140.016
232.067,150.933,82.922,140.016
235.984,152.239,82.922,140.016
240.771,151.804,82.922,140.016
244.689,151.369,82.922,140.016
249.476,150.063,82.922,140.016
256.005,149.628,82.922,140.016
259.922,150.063,82.922,140.016
264.710,149.628,82.922,140.016
271.887,149.862,81.154,137.030
278.276,151.140,81.154,137.030
282.962,152.418,81.154,137.030
286.795,151.992,81.154,137.030
290.629,152.418,81.154,137.030
295.314,153.696,81.154,137.030
300.852,155.825,81.154,137.030
299.574,153.696,81.154,137.030
305.963,158.381,81.154,137.030
311.345,161.074,79.423,134.108
309.261,162.325,79.423,134.108
315.331,166.567,77.729,131.248
312.475,164.527,77.729,131.248
318.416,169.466,76.072,128.449
318.073,168.142,74.450,125.710
323.763,170.612,72.862,123.029
321.959,167.869,71.308,120.406
327.574,169.740,71.308,120.406
324.954,166.372,71.308,120.406
331.125,167.295,69.787,117.838
334.422,166.929,69.787,117.838
336.986,164.364,69.787,117.838
341.015,163.266,69.787,117.838
344.312,162.167,69.787,117.838
347.609,161.800,69.787,117.838
350.906,159.969,69.787,117.838
354.202,158.870,69.787,117.838
358.232,159.969,69.787,117.838
362.993,158.870,69.787,117.838
366.290,158.504,69.787,117.838
370.320,159.603,69.787,117.838
374.349,157.771,69.787,117.838
378.378,156.672,69.787,117.838
382.407,154.841,69.787,117.838
386.437,154.474,69.787,117.838
390.466,151.178,69.787,117.838
394.495,149.346,69.787,117.838
399.257,147.515,69.787,117.838
404.019,146.416,69.787,117.838
408.048,145.317,69.787,117.838
412.078,142.753,69.787,117.838
415.375,141.654,69.787,117.838
417.263,139.210,71.332,120.445
419.884,137.338,71.332,120.445
423.253,137.713,71.332,120.445
425.125,136.589,71.332,120.445
426.997,136.215,71.332,120.445
429.618,135.840,71.332,120.445
431.490,136.964,71.332,120.445
433.362,138.087,71.332,120.445
436.732,139.210,71.332,120.445
434.860,138.087,71.332,120.445
440.476,141.457,71.332,120.445
439.353,141.082,71.332,120.445
443.471,142.205,71.332,120.445
444.594,141.831,71.332,120.445
445.718,139.210,71.332,120.445
446.841,135.840,71.332,120.445
449.406,132.433,69.810,117.877
450.505,127.670,69.810,117.877
450.139,122.906,69.810,117.877
448.306,116.677,69.810,117.877
447.285,112.637,68.322,115.363
444.775,107.257,68.322,115.363
442.982,102.596,68.322,115.363
439.754,96.499,68.322,115.363
434.162,88.154,69.833,117.915
427.197,78.257,69.833,117.915
421.699,72.759,69.833,117.915
414.735,69.460,69.833,117.915
404.838,65.428,69.833,117.915
392.009,59.930,69.833,117.915
379.914,54.432,69.833,117.915
366.352,49.667,69.833,117.915
350.590,46.368,69.833,117.915
333.363,43.069,69.833,117.915
316.135,37.571,69.833,117.915
298.250,30.563,71.378,120.524
283.639,28.689,71.378,120.524
268.278,25.317,71.378,120.524
252.168,22.695,71.378,120.524
235.309,19.323,71.378,120.524
219.199,21.196,71.378,120.524
203.838,20.072,71.378,120.524
186.229,15.951,71.378,120.524
170.869,14.827,71.378,120.524
157.007,12.205,71.378,120.524
143.684,9.518,69.856,117.954
134.518,14.284,69.856,117.954
125.757,17.164,71.402,120.564
111.140,12.292,71.402,120.564
104.769,14.915,71.402,120.564
89.403,16.040,71.402,120.564
80.034,18.663,71.402,120.564
72.164,22.785,71.402,120.564
65.793,29.157,71.402,120.564
59.422,35.528,71.402,120.564
53.050,41.149,71.402,120.564
47.429,47.521,71.402,120.564
41.807,55.391,71.402,120.564
37.685,61.012,71.402,120.564
32.813,66.634,71.402,120.564
27.941,72.256,71.402,120.564
24.568,78.627,71.402,120.564
20.445,84.998,71.402,120.564
15.573,90.619,71.402,120.564
12.361,98.046,69.879,117.993
9.924,106.021,68.389,115.476
6.694,111.405,68.389,115.476
4.899,116.072,68.389,115.476
2.386,121.456,68.389,115.476
1.385,127.185,66.930,113.014
5.147,132.115,65.503,110.604
2.740,133.146,65.503,110.604
5.147,137.616,65.503,110.604
4.851,141.778,64.106,108.245
7.805,147.148,62.739,105.937
10.061,151.134,61.401,103.678
11.672,155.324,61.401,103.678
14.573,160.803,61.401,103.678
16.828,164.993,61.401,103.678
18.440,169.182,61.401,103.678
20.696,173.372,61.401,103.678
21.018,176.272,61.401,103.678
23.274,180.462,61.401,103.678
25.530,185.941,61.401,103.678
29.720,190.775,61.401,103.678
33.265,195.609,61.401,103.678
35.595,198.809,62.760,105.971
37.293,200.029,64.148,108.316
38.977,202.386,64.148,108.316
39.987,202.723,64.148,108.316
42.344,204.406,64.148,108.316
41.334,203.396,64.148,108.316
44.364,207.773,64.148,108.316
42.680,204.743,64.148,108.316
45.636,210.766,62.780,106.006
46.625,213.073,62.780,106.006
44.318,211.425,62.780,106.006
48.602,217.027,62.780,106.006
47.048,221.016,61.442,103.746
49.950,224.563,61.442,103.746
47.048,222.951,61.442,103.746
50.595,227.143,61.442,103.746
54.265,231.014,62.801,106.041
51.299,227.388,62.801,106.041
54.924,232.992,62.801,106.041
52.617,230.025,62.801,106.041
56.902,235.629,62.801,106.041
53.936,233.322,62.801,106.041
57.562,232.992,62.801,106.041
57.232,236.618,62.801,106.041
58.880,236.288,62.801,106.041
59.869,239.914,62.801,106.041
57.562,238.925,62.801,106.041
61.187,241.233,62.801,106.041
58.221,240.244,62.801,106.041
62.385,244.234,61.462,103.780
59.482,244.557,61.462,103.780
62.314,247.840,60.151,101.566
60.104,247.524,60.151,101.566
64.093,251.954,58.868,99.400
61.312,251.028,58.868,99.400
61.621,253.808,58.868,99.400
60.694,254.735,58.868,99.400
64.711,258.134,58.868,99.400
60.694,257.207,58.868,99.400
62.857,261.842,58.868,99.400
60.804,261.413,57.613,97.281
65.207,265.656,56.384,95.206
63.812,265.816,55.182,93.176
66.998,268.422,55.182,93.176
64.391,266.395,55.182,93.176
62.943,264.947,55.182,93.176
66.129,268.712,55.182,93.176
63.522,267.264,55.182,93.176
67.181,272.445,54.005,91.189
64.630,273.295,54.005,91.189
67.665,276.180,52.853,89.244
66.833,276.458,52.853,89.244
68.775,278.399,52.853,89.244
68.001,279.084,51.726,87.341
67.730,280.984,51.726,87.341
66.372,279.627,51.726,87.341
69.802,283.960,50.623,85.479
66.880,287.414,50.623,85.479
66.651,286.021,49.544,83.656
68.934,288.667,48.487,81.872
67.152,291.467,48.487,81.872
68.934,293.757,48.487,81.872
66.643,292.485,48.487,81.872
68.425,294.775,48.487,81.872
65.512,292.021,49.560,83.683
68.894,293.842,49.560,83.683
70.235,294.805,50.656,85.535
67.310,292.944,50.656,85.535
64.385,290.551,50.656,85.535
67.310,294.008,50.656,85.535
65.449,292.147,50.656,85.535
67.310,294.008,50.656,85.535
65.449,292.147,50.656,85.535
67.310,294.540,50.656,85.535
64.917,292.678,50.656,85.535
67.310,294.008,50.656,85.535
64.917,292.678,50.656,85.535
66.778,292.412,50.656,85.535
68.639,293.742,50.656,85.535
65.715,291.349,50.656,85.535
68.108,290.551,50.656,85.535
65.183,288.158,50.656,85.535
63.322,285.234,50.656,85.535
65.183,286.563,50.656,85.535
62.258,282.575,50.656,85.535
66.246,284.968,50.656,85.535
64.480,282.036,49.576,83.711
69.424,283.337,49.576,83.711
68.197,279.965,48.519,81.925
70.998,281.239,48.519,81.925
68.706,277.419,48.519,81.925
66.924,274.108,48.519,81.925
67.180,271.352,49.592,83.738
65.878,268.489,49.592,83.738
65.618,264.064,49.592,83.738
63.796,257.556,49.592,83.738
61.974,252.090,49.592,83.738
64.259,248.216,48.535,81.952
60.437,238.790,48.535,81.952
62.221,233.441,48.535,81.952
62.985,224.015,48.535,81.952
60.183,212.551,48.535,81.952
63.494,207.711,48.535,81.952
60.050,195.439,49.609,83.765
62.394,188.409,49.609,83.765
64.216,181.899,49.609,83.765
60.831,170.702,49.609,83.765
63.175,164.714,49.609,83.765
65.518,159.245,49.609,83.765
67.941,152.646,50.706,85.619
71.522,146.452,51.828,87.513
75.182,140.686,52.975,89.449
78.923,134.792,54.147,91.428
83.187,129.392,54.147,91.428
87.600,124.548,55.345,93.451
92.539,119.609,55.345,93.451
98.256,113.452,56.569,95.519
104.099,107.158,57.821,97.632
112.900,105.034,57.821,97.632
124.736,102.909,57.821,97.632
136.572,104.427,57.821,97.632
147.802,105.944,57.821,97.632
159.638,107.462,57.821,97.632
171.474,105.337,57.821,97.632
183.917,106.855,57.821,97.632
192.718,105.944,57.821,97.632
205.768,107.462,57.821,97.632
220.033,106.551,57.821,97.632
233.083,109.283,57.821,97.632
244.919,111.407,57.821,97.632
255.541,114.139,57.821,97.632
264.342,118.691,57.821,97.632
272.834,122.964,59.100,99.792
279.582,126.044,60.408,102.000
284.506,130.508,61.744,104.257
288.867,134.398,63.110,106.564
293.173,142.017,63.110,106.564
296.255,147.368,64.507,108.921
299.406,152.837,65.934,111.331
296.881,156.273,67.393,113.794
300.065,161.579,67.393,113.794
296.881,164.763,67.393,113.794
293.698,166.531,67.393,113.794
291.222,169.007,67.393,113.794
287.331,171.484,67.393,113.794
284.854,174.667,67.393,113.794
282.378,177.851,67.393,113.794
281.392,179.405,65.956,111.368
278.425,180.926,64.549,108.993
275.376,181.943,64.549,108.993
271.498,183.197,65.977,111.404
269.074,183.544,65.977,111.404
266.548,184.108,67.437,113.869
264.196,184.298,65.999,111.441
266.621,187.416,65.999,111.441
264.320,189.606,64.591,109.064
263.303,191.301,64.591,109.064
262.964,193.674,64.591,109.064
261.947,195.370,64.591,109.064
261.001,198.166,63.214,106.738
259.342,200.489,63.214,106.738
259.011,202.148,63.214,106.738
258.086,204.245,61.866,104.462
257.761,206.518,61.866,104.462
256.787,208.142,61.866,104.462
257.111,210.415,61.866,104.462
258.735,213.338,61.866,104.462
255.813,214.961,61.866,104.462
256.787,217.234,61.866,104.462
254.004,217.409,60.547,102.235
255.568,220.643,59.255,100.054
253.391,219.710,59.255,100.054
254.946,223.132,59.255,100.054
251.525,221.577,59.255,100.054
253.702,224.376,59.255,100.054
250.281,222.199,59.255,100.054
248.215,221.167,57.992,97.921
246.693,219.645,57.992,97.921
245.171,216.906,57.992,97.921
244.866,213.557,57.992,97.921
242.736,208.383,57.992,97.921
241.300,203.266,56.755,95.832
242.790,195.818,56.755,95.832
241.300,187.179,56.755,95.832
242.194,176.753,56.755,95.832
241.896,168.710,56.755,95.832
242.194,155.900,56.755,95.832
241.363,146.298,55.545,93.789
244.570,139.010,55.545,93.789
243.696,131.721,55.545,93.789
246.903,126.182,55.545,93.789
249.527,121.225,55.545,93.789
252.151,117.435,55.545,93.789
255.358,115.978,55.545,93.789
259.148,113.937,55.545,93.789
263.070,111.992,56.774,95.864
267.698,111.240,58.030,97.985
271.658,110.936,58.030,97.985
276.227,111.240,58.030,97.985
279.693,110.473,59.314,100.153
283.882,111.626,60.626,102.369
286.843,113.464,61.967,104.634
288.519,116.694,63.338,106.949
290.233,119.305,64.740,109.315
289.869,123.384,66.172,111.733
287.335,126.832,67.636,114.206
283.272,131.830,69.133,116.732
280.625,138.445,70.662,119.315
277.150,146.745,72.226,121.955
271.238,156.802,73.824,124.653
266.803,171.906,75.457,127.411
261.654,184.184,75.457,127.411
255.713,198.046,75.457,127.411
246.604,206.363,75.457,127.411
237.140,219.335,77.127,130.230
222.162,225.408,77.127,130.230
214.470,230.670,77.127,130.230
207.588,235.123,77.127,130.230
203.135,237.957,77.127,130.230
197.063,233.504,77.127,130.230
193.419,227.432,77.127,130.230
189.776,220.550,77.127,130.230
187.752,212.048,77.127,130.230
185.728,202.738,77.127,130.230
186.135,194.157,78.833,133.111
189.031,184.640,78.833,133.111
191.068,172.898,77.152,130.273
194.713,165.204,77.152,130.273
198.357,158.320,77.152,130.273
202.693,153.073,75.507,127.495
208.025,145.495,77.177,130.315
214.101,140.229,77.177,130.315
220.178,138.204,77.177,130.315
227.874,136.178,77.177,130.315
235.571,134.963,77.177,130.315
244.078,133.748,77.177,130.315
252.050,135.248,78.885,133.199
260.745,135.662,78.885,133.199
272.752,139.389,78.885,133.199
281.448,142.287,78.885,133.199
289.314,144.357,78.885,133.199
307.947,153.880,78.885,133.199
324.923,158.435,78.885,133.199
336.930,162.161,78.885,133.199
352.250,165.060,78.885,133.199
360.117,163.818,78.885,133.199
368.812,161.747,78.885,133.199
379.991,159.677,78.885,133.199
393.655,161.747,78.885,133.199
402.350,160.505,78.885,133.199
410.217,158.435,78.885,133.199
417.256,157.193,78.885,133.199
421.810,155.122,78.885,133.199
423.881,152.224,78.885,133.199
420.982,146.841,78.885,133.199
418.084,140.631,78.885,133.199
412.701,134.420,78.885,133.199
406.491,131.522,78.885,133.199
398.624,128.623,78.885,133.199
384.132,124.069,78.885,133.199
367.156,121.170,78.885,133.199
351.836,119.100,78.885,133.199
334.032,117.030,78.885,133.199
314.572,115.788,78.885,133.199
285.174,112.889,78.885,133.199
264.886,114.960,78.885,133.199
237.972,118.686,78.885,133.199
207.747,114.132,78.885,133.199
172.552,125.311,78.885,133.199
147.194,127.704,80.630,136.146
113.760,120.509,80.630,136.146
84.559,120.932,80.630,136.146
61.273,124.256,82.414,139.158
38.347,127.284,82.414,139.158
6.769,126.851,82.414,139.158
-10.748,119.478,84.237,142.237
-15.612,116.383,84.237,142.237
-20.475,112.403,84.237,142.237
-21.802,107.540,84.237,142.237
-19.591,100.908,84.237,142.237
-19.119,93.475,82.441,139.204
-15.225,83.522,82.441,139.204
-12.195,72.704,82.441,139.204
-3.974,62.752,82.441,139.204
12.902,55.396,82.441,139.204
32.374,49.770,82.441,139.204
49.250,43.280,82.441,139.204
65.261,38.520,82.441,139.204
74.348,31.164,82.441,139.204
88.251,21.094,84.265,142.283
104.616,14.459,84.265,142.283
115.155,12.426,86.129,145.431
133.939,15.284,84.293,142.330
150.616,12.111,82.495,139.295
165.771,15.142,82.495,139.295
177.462,17.307,82.495,139.295
188.287,11.678,82.495,139.295
206.040,13.843,82.495,139.295
224.031,15.746,80.736,136.324
232.930,17.017,80.736,136.324
242.677,18.288,80.736,136.324
251.576,22.950,80.736,136.324
258.780,30.154,80.736,136.324
265.984,39.053,80.736,136.324
273.188,47.104,80.736,136.324
278.697,55.156,80.736,136.324
282.511,64.903,80.736,136.324
278.697,74.649,80.736,136.324
283.358,86.091,80.736,136.324
279.388,92.057,82.522,139.341
278.088,102.019,82.522,139.341
275.056,110.249,82.522,139.341
278.954,120.211,82.522,139.341
275.056,127.575,82.522,139.341
273.014,135.323,80.762,136.369
277.677,145.072,80.762,136.369
275.557,153.127,80.762,136.369
274.285,160.333,80.762,136.369
276.372,170.367,79.040,133.461
276.787,178.250,79.040,133.461
278.032,184.473,79.040,133.461
278.447,190.696,79.040,133.461
280.521,195.259,79.040,133.461
281.764,198.682,77.354,130.615
283.794,201.524,77.354,130.615
281.764,198.682,77.354,130.615
285.418,196.652,77.354,130.615
286.636,192.997,77.354,130.615
290.290,190.155,77.354,130.615
293.944,187.313,77.354,130.615
297.598,183.659,77.354,130.615
294.756,179.193,77.354,130.615
300.034,177.163,77.354,130.615
298.816,173.509,77.354,130.615
303.283,174.727,77.354,130.615
302.064,173.509,77.354,130.615
305.000,173.327,79.066,133.505
301.265,173.742,79.066,133.505
298.360,174.157,79.066,133.505
294.625,175.402,79.066,133.505
298.360,179.137,79.066,133.505
292.135,180.382,79.066,133.505
285.663,181.919,80.815,136.458
282.694,184.040,80.815,136.458
278.028,187.010,80.815,136.458
272.513,188.282,80.815,136.458
265.898,188.973,82.603,139.478
256.793,192.008,82.603,139.478
247.688,195.043,82.603,139.478
234.248,198.078,82.603,139.478
222.988,198.784,84.431,142.564
212.398,200.426,86.299,145.718
198.356,199.067,86.299,145.718
182.503,194.084,86.299,145.718
173.896,196.349,86.299,145.718
164.384,202.237,86.299,145.718
155.778,207.220,86.299,145.718
149.889,212.203,86.299,145.718
143.095,210.844,86.299,145.718
139.018,215.826,86.299,145.718
134.941,217.185,86.299,145.718
129.959,219.450,86.299,145.718
128.696,225.806,84.459,142.610
130.912,231.569,84.459,142.610
134.902,238.219,84.459,142.610
138.005,243.095,84.459,142.610
142.882,248.858,84.459,142.610
148.645,252.848,84.459,142.610
151.748,256.838,84.459,142.610
154.851,260.828,84.459,142.610
157.067,264.817,84.459,142.610
158.397,264.374,84.459,142.610
160.614,267.477,84.459,142.610
162.830,267.034,84.459,142.610
165.933,267.477,84.459,142.610
168.150,267.034,84.459,142.610
170.367,263.931,84.459,142.610
173.470,261.714,84.459,142.610
175.686,263.044,84.459,142.610
177.903,261.714,84.459,142.610
181.892,263.044,84.459,142.610
186.769,260.828,84.459,142.610
192.532,259.498,84.459,142.610
199.181,258.168,84.459,142.610
206.718,259.498,84.459,142.610
212.481,255.508,84.459,142.610
220.903,250.631,84.459,142.610
228.440,250.188,84.459,142.610
235.976,247.085,84.459,142.610
243.780,245.047,86.327,145.766
259.639,244.594,86.327,145.766
274.592,242.329,86.327,145.766
285.920,238.251,86.327,145.766
293.623,235.985,86.327,145.766
313.107,243.688,86.327,145.766
324.435,239.610,86.327,145.766
344.825,246.407,86.327,145.766
356.153,242.329,86.327,145.766
369.293,239.157,86.327,145.766
379.715,235.079,86.327,145.766
390.136,231.907,86.327,145.766
400.558,229.642,86.327,145.766
418.229,230.095,86.327,145.766
428.651,225.110,86.327,145.766
438.166,222.845,86.327,145.766
444.963,220.579,86.327,145.766
450.853,216.501,86.327,145.766
454.932,212.423,86.327,145.766
458.103,207.439,86.327,145.766
461.379,200.655,88.237,148.991
462.769,194.634,88.237,148.991
464.195,184.818,90.189,152.287
456.813,173.801,92.185,155.656
450.271,161.537,94.224,159.100
442.218,143.689,92.215,155.707
431.086,130.621,92.215,155.707
414.145,110.776,92.215,155.707
403.013,99.644,92.215,155.707
391.880,82.703,92.215,155.707
371.068,63.826,92.215,155.707
350.463,47.541,94.255,159.152
330.429,31.922,96.341,162.674
302.617,21.303,96.341,162.674
283.907,12.706,96.341,162.674
265.197,10.178,96.341,162.674
241.572,11.001,98.472,166.273
225.549,13.586,98.472,166.273
201.256,17.204,98.472,166.273
178.181,23.408,100.651,169.952
164.461,28.653,102.878,173.712
144.835,36.256,105.154,177.555
133.245,48.950,105.154,177.555
121.654,64.956,105.154,177.555
114.479,82.066,105.154,177.555
109.512,93.657,105.154,177.555
113.293,108.849,102.912,173.769
111.787,118.512,100.717,170.063
117.602,133.842,100.717,170.063
122.360,148.116,100.717,170.063
128.020,156.553,98.569,166.436
134.745,165.348,98.569,166.436
143.541,172.074,98.569,166.436
152.336,177.765,98.569,166.436
161.131,181.387,98.569,166.436
171.657,185.655,96.467,162.887
183.303,191.225,96.467,162.887
202.389,199.306,94.410,159.414
213.425,204.349,92.397,156.014
224.580,204.834,92.397,156.014
235.734,203.379,92.397,156.014
252.708,201.924,92.397,156.014
262.893,198.529,92.397,156.014
272.107,196.105,92.397,156.014
282.909,197.301,90.426,152.687
290.977,196.826,90.426,152.687
299.719,195.252,88.498,149.431
308.544,193.858,88.498,149.431
317.370,192.465,88.498,149.431
324.337,190.142,88.498,149.431
329.447,186.891,88.498,149.431
334.557,184.568,88.498,149.431
334.092,180.387,88.498,149.431
333.628,176.207,88.498,149.431
332.234,172.026,88.498,149.431
328.983,170.633,88.498,149.431
324.802,169.239,88.498,149.431
319.692,166.917,88.498,149.431
313.654,167.381,88.498,149.431
308.777,166.736,86.611,146.244
302.867,163.554,86.611,146.244
296.342,162.922,84.764,143.126
289.956,163.162,82.956,140.073
284.545,161.718,81.187,137.086
280.071,161.126,79.456,134.163
274.889,156.527,77.761,131.302
267.950,152.037,77.761,131.302
261.011,146.731,77.761,131.302
256.726,142.230,76.103,128.502
253.303,137.825,74.480,125.761
248.221,131.179,74.480,125.761
242.357,126.879,74.480,125.761
236.493,121.797,74.480,125.761
231.411,117.497,74.480,125.761
226.328,113.978,74.480,125.761
221.471,110.421,72.892,123.079
213.436,106.212,72.892,123.079
206.167,101.238,72.892,123.079
198.132,100.091,72.892,123.079
188.953,97.347,71.337,120.455
181.090,96.223,71.337,120.455
173.227,92.105,71.337,120.455
163.117,87.237,71.337,120.455
152.258,89.109,71.337,120.455
138.404,89.483,71.337,120.455
129.043,91.356,71.337,120.455
118.933,93.228,71.337,120.455
104.330,95.849,71.337,120.455
95.718,101.465,71.337,120.455
87.855,107.831,71.337,120.455
79.992,111.950,71.337,120.455
71.380,116.817,71.337,120.455
63.517,121.685,71.337,120.455
56.403,126.553,71.337,120.455
48.540,128.425,71.337,120.455
39.179,131.046,71.337,120.455
30.567,135.165,71.337,120.455
23.452,140.781,71.337,120.455
17.087,146.398,71.337,120.455
12.968,152.014,71.337,120.455
9.598,156.133,71.337,120.455
6.228,160.252,71.337,120.455
11.845,170.362,71.337,120.455
18.210,181.220,71.337,120.455
20.831,188.334,71.337,120.455
23.452,193.202,71.337,120.455
26.073,195.823,71.337,120.455
30.941,197.695,71.337,120.455
35.060,201.814,71.337,120.455
38.430,201.440,71.337,120.455
41.800,205.558,71.337,120.455
39.928,199.942,71.337,120.455
44.046,202.563,71.337,120.455
43.003,199.156,69.816,117.886
45.568,201.721,69.816,117.886
46.665,203.331,68.327,115.372
47.741,200.820,68.327,115.372
49.534,204.048,68.327,115.372
50.610,205.124,68.327,115.372
48.817,201.896,68.327,115.372
51.274,206.929,66.870,112.912
48.817,204.472,66.870,112.912
50.545,210.074,65.444,110.504
48.140,214.539,65.444,110.504
49.858,221.066,65.444,110.504
50.889,226.906,65.444,110.504
47.797,225.875,65.444,110.504
49.515,233.089,65.444,110.504
45.736,232.745,65.444,110.504
46.766,237.211,65.444,110.504
45.049,236.180,65.444,110.504
42.644,235.150,65.444,110.504
40.927,234.806,65.444,110.504
39.209,233.776,65.444,110.504
37.492,231.371,65.444,110.504
34.400,228.967,65.444,110.504
31.996,227.936,65.444,110.504
28.904,226.219,65.444,110.504
31.996,229.997,65.444,110.504
28.217,228.280,65.444,110.504
24.439,226.562,65.444,110.504
22.157,226.747,64.048,108.147
24.510,229.100,64.048,108.147
19.467,227.419,64.048,108.147
17.882,227.600,62.683,105.841
14.921,226.613,62.683,105.841
13.276,226.284,62.683,105.841
11.725,227.730,61.346,103.584
10.115,227.408,61.346,103.584
8.505,228.374,61.346,103.584
7.492,228.899,62.703,105.876
5.188,229.228,62.703,105.876
3.543,230.215,62.703,105.876
1.897,231.861,62.703,105.876
0.910,234.164,62.703,105.876
0.581,236.468,62.703,105.876
0.910,238.114,62.703,105.876
2.555,239.101,62.703,105.876
3.543,240.088,62.703,105.876
4.530,243.051,62.703,105.876
3.543,244.696,62.703,105.876
3.872,246.342,62.703,105.876
1.568,246.013,62.703,105.876
1.899,247.232,64.090,108.218
3.633,249.175,65.508,110.613
1.838,249.735,66.958,113.060
2.189,251.493,66.958,113.060
3.272,252.065,68.439,115.561
4.349,253.861,68.439,115.561
6.145,256.376,68.439,115.561
6.505,258.890,68.439,115.561
6.866,260.221,69.953,118.118
7.233,259.119,69.953,118.118
8.334,261.690,69.953,118.118
9.436,263.525,69.953,118.118
10.567,265.647,71.501,120.731
10.942,266.022,71.501,120.731
9.816,267.899,71.501,120.731
10.972,269.289,73.083,123.403
10.561,269.914,74.700,126.133
10.955,270.552,76.353,128.924
11.356,271.755,76.353,128.924
12.558,272.957,76.353,128.924
13.761,273.358,76.353,128.924
15.827,273.179,78.042,131.776
17.056,273.588,78.042,131.776
17.465,273.998,78.042,131.776
20.333,276.046,78.042,131.776
21.561,273.179,78.042,131.776
23.673,273.846,79.769,134.692
25.766,271.753,79.769,134.692
28.697,271.334,79.769,134.692
31.628,270.915,79.769,134.692
31.209,269.659,79.769,134.692
35.692,269.885,78.068,131.819
36.921,269.475,78.068,131.819
40.518,268.116,76.403,129.008
41.721,266.111,76.403,129.008
43.727,264.908,76.403,129.008
44.930,262.100,76.403,129.008
47.677,259.224,74.774,126.257
49.639,256.477,74.774,126.257
53.172,253.729,74.774,126.257
56.704,250.982,74.774,126.257
60.149,249.680,73.179,123.565
63.606,247.760,73.179,123.565
67.063,244.303,73.179,123.565
70.637,241.741,74.798,126.298
74.290,239.121,76.453,129.093
75.494,236.312,76.453,129.093
77.563,232.803,78.145,131.949
82.230,231.768,79.873,134.868
86.003,229.672,79.873,134.868
91.453,231.768,79.873,134.868
96.065,229.672,79.873,134.868
100.677,230.930,79.873,134.868
106.965,231.349,79.873,134.868
114.092,232.607,79.873,134.868
122.896,234.703,79.873,134.868
133.377,236.799,79.873,134.868
144.697,240.573,79.873,134.868
150.986,240.153,79.873,134.868
157.274,238.896,79.873,134.868
161.047,238.476,79.873,134.868
165.659,235.542,79.873,134.868
169.432,232.607,79.873,134.868
172.367,228.834,79.873,134.868
179.494,224.222,79.873,134.868
188.831,222.023,78.170,131.992
194.806,219.081,76.503,129.177
200.026,217.876,76.503,129.177
204.443,215.868,76.503,129.177
207.254,213.057,76.503,129.177
212.327,208.629,74.872,126.423
216.650,207.450,74.872,126.423
220.973,203.913,74.872,126.423
226.082,205.092,74.872,126.423
231.976,201.555,74.872,126.423
237.085,199.591,74.872,126.423
242.194,199.198,74.872,126.423
245.731,199.591,74.872,126.423
249.268,197.626,74.872,126.423
252.805,198.019,74.872,126.423
256.342,198.412,74.872,126.423
255.163,196.447,74.872,126.423
259.486,198.412,74.872,126.423
257.521,194.875,74.872,126.423
261.844,197.626,74.872,126.423
259.093,194.089,74.872,126.423
262.629,197.626,74.872,126.423
259.879,193.303,74.872,126.423
264.201,195.268,74.872,126.423
260.665,190.159,74.872,126.423
258.811,186.583,73.275,123.727
262.273,190.044,73.275,123.727
258.811,184.275,73.275,123.727
262.273,186.198,73.275,123.727
258.042,180.429,73.275,123.727
261.504,178.506,73.275,123.727
258.042,175.044,73.275,123.727
262.901,175.252,71.712,121.088
260.266,171.111,71.712,121.088
265.747,173.491,70.183,118.506
269.940,170.269,71.736,121.128
266.551,166.880,71.736,121.128
272.199,165.750,71.736,121.128
276.341,166.880,71.736,121.128
279.729,166.503,71.736,121.128
282.365,162.362,71.736,121.128
280.482,156.714,71.736,121.128
284.624,154.831,71.736,121.128
290.272,158.220,71.736,121.128
292.994,153.364,73.323,123.808
298.767,156.058,73.323,123.808
304.540,159.522,73.323,123.808
301.846,154.519,73.323,123.808
308.389,156.443,73.323,123.808
305.695,151.440,73.323,123.808
309.158,149.515,73.323,123.808
305.695,144.512,73.323,123.808
308.389,142.588,73.323,123.808
305.581,136.028,74.945,126.547
310.695,138.781,74.945,126.547
315.022,141.535,74.945,126.547
313.055,136.421,74.945,126.547
314.235,132.881,74.945,126.547
317.776,136.421,74.945,126.547
315.809,130.520,74.945,126.547
319.349,132.487,74.945,126.547
315.809,127.373,74.945,126.547
317.776,125.407,74.945,126.547
315.809,122.653,74.945,126.547
319.349,123.046,74.945,126.547
315.022,120.293,74.945,126.547
319.349,122.260,74.945,126.547
315.809,119.506,74.945,126.547
320.136,120.686,74.945,126.547
317.382,119.506,74.945,126.547
314.629,116.752,74.945,126.547
318.956,118.719,74.945,126.547
315.415,116.752,74.945,126.547
318.956,119.506,74.945,126.547
315.415,115.966,74.945,126.547
318.956,118.719,74.945,126.547
315.415,114.392,74.945,126.547
319.742,116.359,74.945,126.547
315.415,113.605,74.945,126.547
320.529,116.359,74.945,126.547
316.989,112.819,74.945,126.547
321.316,116.359,74.945,126.547
319.461,114.296,73.347,123.848
323.696,118.531,73.347,123.848
321.001,115.836,73.347,123.848
319.846,113.141,73.347,123.848
326.194,118.543,71.783,121.207
323.557,115.906,71.783,121.207
322.426,113.268,71.783,121.207
320.543,111.384,71.783,121.207
323.933,114.022,71.783,121.207
320.543,112.138,71.783,121.207
320.166,114.022,71.783,121.207
317.528,116.659,71.783,121.207
313.384,120.050,71.783,121.207
307.732,124.195,71.783,121.207
300.293,124.809,73.371,123.889
295.286,126.734,73.371,123.889
300.293,132.511,73.371,123.889
302.218,138.287,73.371,123.889
299.522,142.524,73.371,123.889
302.988,146.760,73.371,123.889
299.380,149.784,74.995,126.630
302.923,154.114,74.995,126.630
300.051,155.572,76.654,129.432
306.086,159.193,76.654,129.432
308.903,162.814,76.654,129.432
312.524,166.435,76.654,129.432
315.340,170.057,76.654,129.432
318.156,172.068,76.654,129.432
320.230,170.219,78.350,132.295
323.932,167.340,78.350,132.295
329.278,166.929,78.350,132.295
334.624,165.695,78.350,132.295
341.615,162.817,78.350,132.295
355.681,157.513,80.083,135.223
364.509,153.730,80.083,135.223
372.781,155.287,81.855,138.214
387.818,153.139,81.855,138.214
407.326,150.885,80.109,135.267
423.176,151.922,78.401,132.382
433.928,152.144,76.729,129.559
443.191,150.130,76.729,129.559
446.815,144.895,76.729,129.559
465.878,139.677,75.093,126.796
477.724,132.141,76.754,129.602
483.590,131.581,75.118,126.838
487.051,129.513,73.516,124.133
485.976,126.002,71.948,121.486
485.598,123.358,71.948,121.486
483.710,128.268,71.948,121.486
480.311,130.911,71.948,121.486
469.067,128.930,70.414,118.895
458.062,126.992,68.912,116.360
452.870,126.490,67.442,113.878
444.377,123.268,66.004,111.450
432.725,120.116,64.597,109.073
427.205,122.913,63.219,106.747
416.255,119.926,63.219,106.747
403.314,117.604,63.219,106.747
393.691,114.617,63.219,106.747
382.740,109.640,63.219,106.747
367.145,97.362,63.219,106.747
358.185,93.049,63.219,106.747
351.217,88.071,63.219,106.747
344.912,85.085,63.219,106.747
340.599,83.426,63.219,106.747
338.276,81.766,63.219,106.747
337.280,80.107,63.219,106.747
338.940,79.112,63.219,106.747
336.617,76.125,63.219,106.747
338.940,77.785,63.219,106.747
335.953,74.135,63.219,106.747
338.276,77.121,63.219,106.747
334.626,74.135,63.219,106.747
337.612,79.112,63.219,106.747
336.617,81.435,63.219,106.747
336.949,84.421,63.219,106.747
333.962,87.407,63.219,106.747
330.976,93.049,63.219,106.747
327.326,100.017,63.219,106.747
324.339,107.649,63.219,106.747
319.362,115.944,63.219,106.747
313.057,126.895,63.219,106.747
299.452,132.536,63.219,106.747
289.829,138.840,63.219,106.747
284.188,145.145,63.219,106.747
275.893,150.786,63.219,106.747
268.925,155.100,63.219,106.747
260.996,157.706,64.618,109.109
255.230,158.723,64.618,109.109
250.142,160.419,64.618,109.109
245.733,151.940,64.618,109.109
241.324,143.461,64.618,109.109
236.236,136.338,64.618,109.109
233.184,129.894,64.618,109.109
234.880,126.842,64.618,109.109
235.897,121.076,64.618,109.109
236.915,115.988,64.618,109.109
238.611,110.901,64.618,109.109
241.663,105.135,64.618,109.109
244.115,98.650,66.047,111.523
247.235,93.450,66.047,111.523
249.022,87.540,67.509,113.990
251.584,80.030,69.002,116.512
248.190,73.104,70.529,119.090
251.635,66.794,72.090,121.725
247.304,60.344,73.685,124.418
252.508,62.579,75.315,127.171
248.950,59.021,75.315,127.171
252.508,62.579,75.315,127.171
247.369,60.602,75.315,127.171
241.439,58.626,75.315,127.171
234.454,55.988,76.981,129.985
228.153,56.646,78.684,132.860
220.306,55.407,78.684,132.860
214.937,59.124,78.684,132.860
209.568,62.841,78.684,132.860
203.127,60.943,80.425,135.800
198.484,64.742,80.425,135.800
192.152,66.009,80.425,135.800
186.092,64.609,78.710,132.904
181.548,65.022,78.710,132.904
175.962,60.551,80.452,135.845
172.162,57.595,80.452,135.845
170.050,57.173,80.452,135.845
166.250,53.372,80.452,135.845
163.294,55.484,80.452,135.845
160.338,49.994,80.452,135.845
164.138,52.950,80.452,135.845
160.182,47.504,82.232,138.850
164.066,49.662,82.232,138.850
161.045,46.641,82.232,138.850
164.066,45.346,82.232,138.850
160.182,40.599,82.232,138.850
165.793,45.346,82.232,138.850
169.809,46.945,84.051,141.922
167.603,42.092,84.051,141.922
171.573,45.180,84.051,141.922
169.493,42.867,82.259,138.896
167.457,42.267,80.504,135.934
172.105,46.915,80.504,135.934
175.908,51.563,80.504,135.934
173.101,50.161,78.788,133.035
175.169,54.710,78.788,133.035
172.274,52.643,78.788,133.035
171.033,54.710,78.788,133.035
168.139,52.643,78.788,133.035
170.206,55.537,78.788,133.035
166.484,54.297,78.788,133.035
163.590,53.883,78.788,133.035
167.311,56.778,78.788,133.035
161.935,55.537,78.788,133.035
164.830,60.086,78.788,133.035
159.454,58.846,78.788,133.035
154.905,57.605,78.788,133.035
159.454,64.635,78.788,133.035
154.078,64.222,78.788,133.035
148.939,65.242,77.107,130.198
145.297,67.265,77.107,130.198
144.083,70.098,77.107,130.198
141.394,72.657,75.463,127.421
139.414,74.637,75.463,127.421
142.891,77.905,73.854,124.704
140.315,79.608,72.279,122.045
144.377,83.469,70.738,119.442
139.763,83.669,69.229,116.895
135.766,83.306,69.229,116.895
139.763,85.849,69.229,116.895
135.040,82.579,69.229,116.895
139.037,84.396,69.229,116.895
133.586,81.852,69.229,116.895
137.583,84.396,69.229,116.895
132.133,81.125,69.229,116.895
136.130,83.669,69.229,116.895
132.133,80.399,69.229,116.895
135.403,81.489,69.229,116.895
132.859,78.945,69.229,116.895
135.403,79.309,69.229,116.895
132.859,76.765,69.229,116.895
136.856,77.128,69.229,116.895
134.313,75.312,69.229,116.895
138.310,76.402,69.229,116.895
135.040,74.585,69.229,116.895
139.037,76.402,69.229,116.895
137.946,73.131,69.229,116.895
141.217,75.675,69.229,116.895
141.580,71.678,69.229,116.895
144.850,72.768,69.229,116.895
143.760,70.224,69.229,116.895
148.484,71.314,69.229,116.895
150.301,69.498,69.229,116.895
154.298,69.861,69.229,116.895
157.568,68.044,69.229,116.895
160.839,66.227,69.229,116.895
163.382,64.410,69.229,116.895
165.926,63.320,69.229,116.895
168.470,62.230,69.229,116.895
171.013,61.140,69.229,116.895
173.557,60.777,69.229,116.895
172.467,56.780,69.229,116.895
177.190,57.870,69.229,116.895
175.477,54.563,67.753,114.402
179.389,54.919,67.753,114.402
180.456,53.141,67.753,114.402
181.522,52.785,67.753,114.402
181.167,52.429,67.753,114.402
182.234,50.651,67.753,114.402
182.589,49.584,67.753,114.402
183.656,47.806,67.753,114.402
181.167,44.606,67.753,114.402
183.656,44.250,67.753,114.402
183.301,43.895,67.753,114.402
184.367,42.828,67.753,114.402
183.301,40.338,67.753,114.402
185.790,40.694,67.753,114.402
184.723,37.493,67.753,114.402
187.845,39.056,66.308,111.962
190.281,39.404,66.308,111.962
192.021,38.360,66.308,111.962
193.761,38.708,66.308,111.962
196.198,38.360,66.308,111.962
199.924,40.560,64.894,109.575
202.989,42.263,64.894,109.575
204.011,44.647,64.894,109.575
205.714,45.669,64.894,109.575
208.780,46.010,64.894,109.575
209.802,45.669,64.894,109.575
212.792,47.823,63.510,107.238
211.125,46.823,63.510,107.238
213.409,48.930,62.156,104.951
212.430,48.604,62.156,104.951
214.036,50.666,60.830,102.713
213.078,49.070,60.830,102.713
214.035,49.242,59.533,100.523
213.097,48.929,59.533,100.523
215.284,49.867,59.533,100.523
214.347,48.929,59.533,100.523
216.534,49.867,59.533,100.523
214.972,48.929,59.533,100.523
215.909,49.867,59.533,100.523
214.347,48.304,59.533,100.523
216.534,49.242,59.533,100.523
214.972,47.679,59.533,100.523
215.908,50.257,58.263,98.379
213.767,49.951,58.263,98.379
216.520,51.480,58.263,98.379
214.379,51.786,58.263,98.379
212.850,52.092,58.263,98.379
214.990,52.398,58.263,98.379
212.238,52.703,58.263,98.379
210.709,51.786,58.263,98.379
213.461,53.927,58.263,98.379
209.961,51.252,59.552,100.556
207.773,50.314,59.552,100.556
211.212,51.252,59.552,100.556
209.024,49.689,59.552,100.556
208.086,50.002,59.552,100.556
210.899,50.939,59.552,100.556
209.961,49.377,59.552,100.556
211.573,49.886,60.870,102.780
212.531,48.927,60.870,102.780
211.573,47.969,60.870,102.780
214.448,48.927,60.870,102.780
212.851,47.969,60.870,102.780
215.726,48.288,60.870,102.780
214.129,47.330,60.870,102.780
217.643,47.010,60.870,102.780
216.685,46.691,60.870,102.780
219.560,47.649,60.870,102.780
217.892,46.844,62.217,105.054
220.178,47.170,62.217,105.054
219.852,45.537,62.217,105.054
221.535,45.392,63.593,107.379
220.534,44.390,63.593,107.379
223.639,43.549,65.000,109.755
223.298,42.525,65.000,109.755
227.051,43.549,65.000,109.755
228.102,42.688,66.438,112.183
229.846,43.037,66.438,112.183
231.643,42.882,67.908,114.665
233.425,45.377,67.908,114.665
235.208,47.872,67.908,114.665
236.990,50.367,67.908,114.665
239.485,52.862,67.908,114.665
242.693,56.070,67.908,114.665
245.901,58.565,67.908,114.665
248.396,60.347,67.908,114.665
252.317,62.842,67.908,114.665
256.373,64.902,69.411,117.202
260.380,68.181,69.411,117.202
263.770,71.798,70.947,119.795
267.235,77.041,72.516,122.445
272.945,83.511,72.516,122.445
278.654,91.504,72.516,122.445
283.602,96.453,72.516,122.445
286.354,100.232,74.121,125.155
290.634,106.845,74.121,125.155
293.446,113.130,75.761,127.924
297.025,119.095,75.761,127.924
299.900,124.693,77.437,130.754
305.184,129.977,77.437,130.754
309.809,134.856,79.150,133.647
312.717,139.426,79.150,133.647
313.135,141.827,80.901,136.604
311.861,145.648,80.901,136.604
313.135,149.470,80.901,136.604
311.861,153.292,80.901,136.604
313.984,157.113,80.901,136.604
311.861,160.086,80.901,136.604
311.436,163.058,80.901,136.604
309.313,166.880,80.901,136.604
308.889,170.702,80.901,136.604
307.615,171.976,80.901,136.604
306.341,175.797,80.901,136.604
304.218,178.770,80.901,136.604
303.793,181.742,80.901,136.604
305.916,185.564,80.901,136.604
303.793,187.687,80.901,136.604
305.916,191.509,80.901,136.604
303.793,193.632,80.901,136.604
308.464,197.454,80.901,136.604
308.099,199.319,79.176,133.691
312.670,204.722,79.176,133.691
311.423,205.969,79.176,133.691
316.826,211.371,79.176,133.691
318.106,211.186,80.928,136.649
321.929,214.159,80.928,136.649
324.902,213.734,80.928,136.649
328.725,217.557,80.928,136.649
329.999,217.133,80.928,136.649
333.822,218.407,80.928,136.649
336.796,218.832,80.928,136.649
338.985,219.524,82.718,139.672
337.683,217.353,82.718,139.672
341.591,218.655,82.718,139.672
340.225,215.759,84.548,142.762
342.444,217.978,84.548,142.762
340.225,215.759,84.548,142.762
338.006,214.427,84.548,142.762
340.225,216.646,84.548,142.762
336.067,212.765,86.419,145.921
333.799,211.404,86.419,145.921
