256.000,152.000,73.000,210.000
258.122,155.203,73.000,210.000
257.581,156.824,73.000,210.000
257.041,153.041,73.000,210.000
258.662,156.824,73.000,210.000
257.041,153.041,73.000,210.000
258.662,155.743,73.000,210.000
257.041,154.122,73.000,210.000
257.581,156.824,73.000,210.000
255.959,153.041,73.000,210.000
257.581,156.824,73.000,210.000
257.041,154.122,73.000,210.000
257.581,156.824,73.000,210.000
255.959,153.041,73.000,210.000
257.581,156.824,73.000,210.000
255.959,154.122,73.000,210.000
257.581,156.824,73.000,210.000
255.959,154.122,73.000,210.000
257.581,156.824,73.000,210.000
255.959,153.041,73.000,210.000
257.581,156.824,73.000,210.000
255.959,153.041,73.000,210.000
257.581,156.824,73.000,210.000
255.959,153.041,73.000,210.000
257.581,156.824,73.000,210.000
255.959,153.041,73.000,210.000
257.581,156.824,73.000,210.000
255.959,153.041,73.000,210.000
257.581,156.824,73.000,210.000
255.959,153.041,73.000,210.000
257.581,156.824,73.000,210.000
255.959,153.041,73.000,210.000
257.581,156.824,73.000,210.000
255.959,153.041,73.000,210.000
257.581,156.824,73.000,210.000
255.959,153.041,73.000,210.000
257.581,156.824,73.000,210.000
255.959,153.041,73.000,210.000
257.581,156.824,73.000,210.000
255.959,153.041,73.000,210.000
257.581,156.824,73.000,210.000
255.959,153.041,73.000,210.000
257.581,156.824,73.000,210.000
255.959,153.041,73.000,210.000
257.581,156.824,73.000,210.000
255.959,153.041,73.000,210.000
256.500,155.743,73.000,210.000
254.878,154.122,73.000,210.000
256.500,157.905,73.000,210.000
255.959,154.122,73.000,210.000
256.500,156.824,73.000,210.000
255.959,153.041,73.000,210.000
257.581,156.824,73.000,210.000
255.959,153.041,73.000,210.000
257.581,156.824,73.000,210.000
255.959,153.041,73.000,210.000
257.581,156.824,73.000,210.000
255.959,153.041,73.000,210.000
257.581,156.824,73.000,210.000
255.959,153.041,73.000,210.000
256.500,155.743,73.000,210.000
254.878,154.122,73.000,210.000
256.500,157.905,73.000,210.000
255.959,154.122,73.000,210.000
257.581,156.824,73.000,210.000
255.959,153.041,73.000,210.000
257.581,156.824,73.000,210.000
255.959,153.041,73.000,210.000
257.581,156.824,73.000,210.000
255.959,153.041,73.000,210.000
256.500,155.743,73.000,210.000
255.959,154.122,73.000,210.000
256.500,156.824,73.000,210.000
255.959,153.041,73.000,210.000
256.500,155.743,73.000,210.000
255.959,154.122,73.000,210.000
256.500,156.824,73.000,210.000
255.959,153.041,73.000,210.000
256.500,155.743,73.000,210.000
255.959,154.122,73.000,210.000
256.500,155.743,73.000,210.000
255.959,154.122,73.000,210.000
256.500,156.824,73.000,210.000
255.959,153.041,73.000,210.000
257.581,156.824,73.000,210.000
255.959,153.041,73.000,210.000
257.581,156.824,73.000,210.000
255.959,153.041,73.000,210.000
257.581,156.824,73.000,210.000
255.959,153.041,73.000,210.000
256.500,155.743,73.000,210.000
255.959,154.122,73.000,210.000
256.500,156.824,73.000,210.000
255.959,153.041,73.000,210.000
256.500,155.743,73.000,210.000
254.878,154.122,73.000,210.000
256.500,157.905,73.000,210.000
255.959,154.122,73.000,210.000
256.500,156.824,73.000,210.000
255.959,153.041,73.000,210.000
257.581,156.824,73.000,210.000
255.959,154.122,73.000,210.000
257.581,157.905,73.000,210.000
255.959,154.122,73.000,210.000
257.581,156.824,73.000,210.000
257.041,153.041,73.000,210.000
258.662,156.824,73.000,210.000
258.122,154.122,73.000,210.000
258.662,157.905,73.000,210.000
258.122,154.122,73.000,210.000
259.743,157.905,73.000,210.000
259.203,155.203,73.000,210.000
259.743,157.905,73.000,210.000
260.284,155.203,73.000,210.000
260.824,156.824,73.000,210.000
260.284,154.122,73.000,210.000
260.824,157.905,73.000,210.000
260.284,155.203,73.000,210.000
260.824,157.905,73.000,210.000
260.284,155.203,73.000,210.000
260.824,157.905,73.000,210.000
260.284,155.203,73.000,210.000
260.824,157.905,73.000,210.000
260.284,155.203,73.000,210.000
260.824,157.905,73.000,210.000
260.284,155.203,73.000,210.000
260.824,157.905,73.000,210.000
260.284,155.203,73.000,210.000
260.824,157.905,73.000,210.000
260.284,155.203,73.000,210.000
260.824,157.905,73.000,210.000
260.284,155.203,73.000,210.000
260.824,157.905,73.000,210.000
260.284,155.203,73.000,210.000
260.824,157.905,73.000,210.000
260.284,155.203,73.000,210.000
260.824,157.905,73.000,210.000
260.284,155.203,73.000,210.000
260.824,157.905,73.000,210.000
260.284,155.203,73.000,210.000
260.824,157.905,73.000,210.000
260.284,155.203,73.000,210.000
260.037,152.319,74.615,214.646
260.589,156.186,74.615,214.646
259.787,155.812,73.024,210.069
259.541,154.049,74.640,214.717
260.093,152.391,74.640,214.717
259.541,155.155,74.640,214.717
260.093,152.391,74.640,214.717
259.541,155.155,74.640,214.717
260.093,152.391,74.640,214.717
260.646,156.260,74.640,214.717
259.844,154.821,73.048,210.138
259.597,153.057,74.664,214.787
260.150,152.504,74.664,214.787
260.702,156.374,74.664,214.787
260.150,152.504,74.664,214.787
260.702,156.374,74.664,214.787
260.150,152.504,74.664,214.787
259.597,156.374,74.664,214.787
260.150,152.504,74.664,214.787
259.597,155.268,74.664,214.787
260.150,152.504,74.664,214.787
259.597,155.268,74.664,214.787
260.150,152.504,74.664,214.787
259.597,155.268,74.664,214.787
260.150,152.504,74.664,214.787
259.597,155.268,74.664,214.787
260.150,152.504,74.664,214.787
259.597,155.268,74.664,214.787
260.150,152.504,74.664,214.787
259.597,155.268,74.664,214.787
260.150,152.504,74.664,214.787
259.597,155.268,74.664,214.787
260.150,152.504,74.664,214.787
259.597,155.268,74.664,214.787
260.150,152.504,74.664,214.787
259.597,155.268,74.664,214.787
260.150,152.504,74.664,214.787
259.597,155.268,74.664,214.787
260.150,152.504,74.664,214.787
259.597,155.268,74.664,214.787
260.150,152.504,74.664,214.787
259.597,155.268,74.664,214.787
260.150,152.504,74.664,214.787
259.597,155.268,74.664,214.787
260.150,152.504,74.664,214.787
259.597,155.268,74.664,214.787
260.150,152.504,74.664,214.787
259.597,155.268,74.664,214.787
260.150,152.504,74.664,214.787
259.597,155.268,74.664,214.787
260.150,152.504,74.664,214.787
259.597,156.374,74.664,214.787
260.150,153.610,74.664,214.787
259.597,151.951,74.664,214.787
260.150,154.716,74.664,214.787
260.413,155.407,73.072,210.207
260.954,157.030,73.072,210.207
260.413,154.325,73.072,210.207
260.166,153.684,74.689,214.857
259.613,150.919,74.689,214.857
261.272,154.790,74.689,214.857
260.469,154.416,73.096,210.276
260.222,154.897,74.713,214.928
260.485,154.523,73.120,210.344
259.115,151.634,74.738,214.998
259.668,154.401,74.738,214.998
259.115,151.634,74.738,214.998
259.668,154.401,74.738,214.998
259.115,151.634,74.738,214.998
259.668,154.401,74.738,214.998
259.115,151.634,74.738,214.998
259.668,154.401,74.738,214.998
260.222,151.634,74.738,214.998
260.775,154.401,74.738,214.998
259.115,151.634,74.738,214.998
259.668,155.508,74.738,214.998
259.115,152.741,74.738,214.998
258.562,152.187,74.738,214.998
258.008,156.061,74.738,214.998
256.348,152.187,74.738,214.998
256.901,156.061,74.738,214.998
254.134,153.294,74.738,214.998
253.581,151.634,74.738,214.998
253.028,154.401,74.738,214.998
252.474,152.741,74.738,214.998
253.028,154.401,74.738,214.998
253.581,152.741,74.738,214.998
253.028,153.294,74.738,214.998
252.474,152.741,74.738,214.998
253.028,154.401,74.738,214.998
252.474,152.741,74.738,214.998
251.921,153.294,74.738,214.998
251.367,153.848,74.738,214.998
253.028,154.401,74.738,214.998
251.367,151.634,74.738,214.998
251.921,155.508,74.738,214.998
251.118,155.133,73.144,210.413
252.742,157.841,73.144,210.413
252.201,155.133,73.144,210.413
137.327,162.358,74.762,215.069
136.773,164.018,74.762,215.069
136.220,162.358,74.762,215.069
136.773,164.018,74.762,215.069
135.113,161.251,74.762,215.069
135.666,162.911,74.762,215.069
136.220,162.358,74.762,215.069
136.773,162.911,74.762,215.069
135.113,161.251,74.762,215.069
135.666,162.911,74.762,215.069
135.113,162.358,74.762,215.069
135.666,162.911,74.762,215.069
135.113,162.358,74.762,215.069
135.666,162.911,74.762,215.069
135.113,162.358,74.762,215.069
136.773,164.018,74.762,215.069
135.113,161.251,74.762,215.069
136.773,164.018,74.762,215.069
135.113,161.251,74.762,215.069
135.666,162.911,74.762,215.069
135.113,161.251,74.762,215.069
135.666,161.804,74.762,215.069
136.220,162.358,74.762,215.069
134.559,160.697,74.762,215.069
136.220,163.465,74.762,215.069
134.559,160.697,74.762,215.069
136.220,163.465,74.762,215.069
134.559,160.697,74.762,215.069
135.113,163.465,74.762,215.069
133.452,160.697,74.762,215.069
134.006,163.465,74.762,215.069
132.604,158.214,76.416,219.827
134.302,158.780,76.416,219.827
132.604,157.082,76.416,219.827
135.433,158.780,76.416,219.827
133.736,157.082,76.416,219.827
136.565,159.912,76.416,219.827
134.867,155.951,76.416,219.827
138.409,162.112,74.787,215.139
135.640,158.236,74.787,215.139
137.302,162.112,74.787,215.139
135.640,159.344,74.787,215.139
138.409,163.220,74.787,215.139
135.640,159.344,74.787,215.139
138.409,163.220,74.787,215.139
135.640,159.344,74.787,215.139
137.302,163.220,74.787,215.139
135.640,159.344,74.787,215.139
137.302,163.220,74.787,215.139
135.640,160.451,74.787,215.139
137.302,163.220,74.787,215.139
135.640,160.451,74.787,215.139
137.302,163.220,74.787,215.139
135.640,160.451,74.787,215.139
137.302,163.220,74.787,215.139
135.640,160.451,74.787,215.139
137.302,163.220,74.787,215.139
135.640,160.451,74.787,215.139
137.302,163.220,74.787,215.139
135.640,160.451,74.787,215.139
137.302,163.220,74.787,215.139
134.533,160.451,74.787,215.139
136.194,163.220,74.787,215.139
135.640,160.451,74.787,215.139
137.302,163.220,74.787,215.139
135.640,160.451,74.787,215.139
137.302,163.220,74.787,215.139
135.640,160.451,74.787,215.139
137.302,163.220,74.787,215.139
135.640,160.451,74.787,215.139
137.302,163.220,74.787,215.139
135.640,160.451,74.787,215.139
137.302,163.220,74.787,215.139
136.498,163.913,73.192,210.551
135.956,164.455,73.192,210.551
135.414,162.829,73.192,210.551
137.040,166.622,73.192,210.551
135.208,165.211,71.631,206.061
137.860,169.984,71.631,206.061
135.208,165.211,71.631,206.061
137.860,169.984,71.631,206.061
135.208,165.211,71.631,206.061
137.860,169.984,71.631,206.061
136.269,165.211,71.631,206.061
139.982,169.984,71.631,206.061
136.269,165.211,71.631,206.061
139.982,169.984,71.631,206.061
136.269,165.211,71.631,206.061
141.043,171.045,71.631,206.061
137.330,166.272,71.631,206.061
141.043,171.045,71.631,206.061
137.330,166.272,71.631,206.061
142.103,171.045,71.631,206.061
138.391,166.272,71.631,206.061
142.103,171.045,71.631,206.061
138.391,167.332,71.631,206.061
142.103,172.106,71.631,206.061
138.391,166.272,71.631,206.061
141.043,171.045,71.631,206.061
137.330,166.272,71.631,206.061
141.043,169.984,71.631,206.061
137.330,165.211,71.631,206.061
141.043,169.984,71.631,206.061
137.330,164.150,71.631,206.061
141.043,168.924,71.631,206.061
138.391,164.150,71.631,206.061
142.103,168.924,71.631,206.061
137.330,164.150,71.631,206.061
141.043,168.924,71.631,206.061
137.330,163.089,71.631,206.061
141.043,167.863,71.631,206.061
138.391,163.089,71.631,206.061
141.043,166.802,71.631,206.061
137.330,162.029,71.631,206.061
141.043,166.802,71.631,206.061
138.391,163.089,71.631,206.061
142.103,167.863,71.631,206.061
139.451,163.089,71.631,206.061
142.103,167.863,71.631,206.061
138.391,163.089,71.631,206.061
142.103,168.924,71.631,206.061
138.391,164.150,71.631,206.061
142.103,168.924,71.631,206.061
139.451,165.211,71.631,206.061
142.103,169.984,71.631,206.061
139.451,165.211,71.631,206.061
142.103,169.984,71.631,206.061
139.451,166.272,71.631,206.061
142.103,169.984,71.631,206.061
138.391,166.272,71.631,206.061
140.688,173.070,70.103,201.667
138.093,168.398,70.103,201.667
139.650,172.032,70.103,201.667
137.055,168.398,70.103,201.667
139.650,173.070,70.103,201.667
137.055,168.398,70.103,201.667
140.688,173.070,70.103,201.667
137.055,168.398,70.103,201.667
140.688,173.070,70.103,201.667
137.055,168.398,70.103,201.667
140.688,173.070,70.103,201.667
138.093,169.436,70.103,201.667
141.726,173.070,70.103,201.667
139.131,169.436,70.103,201.667
142.764,174.108,70.103,201.667
139.296,167.030,71.654,206.129
141.594,173.830,70.126,201.733
138.998,169.157,70.126,201.733
142.633,173.830,70.126,201.733
139.164,166.750,71.678,206.197
141.817,170.465,71.678,206.197
138.102,165.689,71.678,206.197
140.756,170.465,71.678,206.197
138.102,165.689,71.678,206.197
141.817,170.465,71.678,206.197
138.102,165.689,71.678,206.197
141.817,170.465,71.678,206.197
139.164,165.689,71.678,206.197
142.879,170.465,71.678,206.197
140.225,166.750,71.678,206.197
143.940,171.527,71.678,206.197
141.286,167.812,71.678,206.197
145.002,170.465,71.678,206.197
142.348,168.873,71.678,206.197
140.756,166.220,71.678,206.197
144.471,172.058,71.678,206.197
142.026,165.922,73.264,210.759
143.653,167.549,73.264,210.759
141.820,168.228,71.701,206.264
143.413,168.759,71.701,206.264
145.006,170.352,71.701,206.264
143.413,170.883,71.701,206.264
138.764,170.253,73.288,210.828
136.051,170.796,73.288,210.828
133.338,165.912,73.288,210.828
129.539,159.943,73.288,210.828
131.543,166.056,74.909,215.492
132.441,165.398,76.567,220.260
138.677,168.233,76.567,220.260
136.066,165.208,78.261,225.133
123.777,154.902,79.992,230.114
113.675,143.139,81.762,235.206
118.423,133.628,83.571,240.410
125.844,130.326,85.420,245.729
133.430,125.639,87.310,251.165
138.501,122.190,89.242,256.722
145.055,122.778,91.216,262.402
148.432,123.453,91.216,262.402
150.926,117.047,93.234,268.208
156.341,119.093,95.297,274.142
163.339,118.257,97.405,280.208
171.273,117.535,97.405,280.208
151.800,116.814,97.405,280.208
132.679,126.058,95.328,274.232
127.572,131.023,93.295,268.384
127.901,134.551,91.306,262.661
129.526,139.306,89.359,257.059
128.566,141.410,87.453,251.577
131.371,147.213,85.588,246.212
129.229,146.784,83.763,240.962
131.916,153.538,81.977,235.823
129.865,151.957,80.229,230.794
134.728,158.426,78.518,225.873
131.821,155.519,78.518,225.873
135.460,160.729,76.843,221.056
134.634,161.441,75.204,216.342
135.191,163.112,75.204,216.342
134.634,160.327,75.204,216.342
136.305,163.112,75.204,216.342
135.497,162.735,73.601,211.728
138.221,166.550,73.601,211.728
135.497,162.735,73.601,211.728
138.221,166.550,73.601,211.728
135.497,162.735,73.601,211.728
138.221,166.550,73.601,211.728
136.587,162.735,73.601,211.728
138.221,166.550,73.601,211.728
135.497,162.735,73.601,211.728
138.221,166.550,73.601,211.728
135.497,162.735,73.601,211.728
138.221,166.550,73.601,211.728
136.587,162.735,73.601,211.728
138.221,165.460,73.601,211.728
136.587,162.735,73.601,211.728
138.221,165.460,73.601,211.728
136.587,162.735,73.601,211.728
138.221,165.460,73.601,211.728
136.587,161.645,73.601,211.728
138.221,165.460,73.601,211.728
136.587,162.735,73.601,211.728
138.221,165.460,73.601,211.728
137.676,162.735,73.601,211.728
139.311,165.460,73.601,211.728
136.419,165.091,72.031,207.213
138.730,171.927,70.495,202.794
137.164,168.273,70.495,202.794
138.730,171.927,70.495,202.794
137.164,168.273,70.495,202.794
139.773,171.927,70.495,202.794
140.618,166.976,72.055,207.281
141.152,166.442,72.055,207.281
140.618,165.909,72.055,207.281
141.152,166.442,72.055,207.281
138.484,163.775,72.055,207.281
139.018,167.509,72.055,207.281
136.350,163.775,72.055,207.281
134.750,167.509,72.055,207.281
132.082,164.842,72.055,207.281
130.481,168.576,72.055,207.281
127.814,164.842,72.055,207.281
129.414,167.509,72.055,207.281
127.814,164.842,72.055,207.281
130.481,167.509,72.055,207.281
128.881,163.775,72.055,207.281
131.548,163.241,72.055,207.281
134.216,158.439,72.055,207.281
137.951,153.638,72.055,207.281
145.953,154.171,72.055,207.281
156.090,151.504,72.055,207.281
169.132,145.336,73.649,211.867
188.218,143.700,73.649,211.867
204.942,144.185,75.278,216.555
215.097,140.054,76.944,221.346
225.922,140.624,76.944,221.346
237.886,138.915,76.944,221.346
249.850,137.206,76.944,221.346
256.117,141.194,76.944,221.346
258.966,144.043,76.944,221.346
255.942,145.854,75.303,216.626
254.270,141.951,75.303,216.626
251.482,144.738,75.303,216.626
249.598,146.511,73.697,212.006
249.052,147.056,73.697,212.006
248.506,147.602,73.697,212.006
249.818,152.492,72.126,207.485
249.043,153.161,70.588,203.060
249.565,152.638,70.588,203.060
250.088,154.206,70.588,203.060
249.329,155.867,69.082,198.730
249.841,154.333,69.082,198.730
250.353,155.867,69.082,198.730
248.818,154.333,69.082,198.730
249.329,153.821,69.082,198.730
249.841,153.310,69.082,198.730
250.353,155.867,69.082,198.730
248.818,154.333,69.082,198.730
249.329,153.821,69.082,198.730
250.864,153.310,69.082,198.730
250.353,155.867,69.082,198.730
249.841,154.333,69.082,198.730
250.353,155.867,69.082,198.730
249.841,154.333,69.082,198.730
250.353,155.867,69.082,198.730
249.841,154.333,69.082,198.730
250.353,155.867,69.082,198.730
248.818,154.333,69.082,198.730
249.329,153.821,69.082,198.730
249.841,153.310,69.082,198.730
250.353,155.867,69.082,198.730
248.818,154.333,69.082,198.730
250.353,154.844,69.082,198.730
249.841,156.379,69.082,198.730
249.329,155.867,69.082,198.730
249.841,154.333,69.082,198.730
249.329,155.867,69.082,198.730
249.841,154.333,69.082,198.730
250.353,156.890,69.082,198.730
249.841,155.356,69.082,198.730
250.353,156.890,69.082,198.730
249.841,155.356,69.082,198.730
250.353,156.890,69.082,198.730
250.596,157.530,67.609,194.492
250.095,156.028,67.609,194.492
250.596,157.530,67.609,194.492
250.095,156.028,67.609,194.492
250.596,157.530,67.609,194.492
250.095,156.028,67.609,194.492
251.597,157.530,67.609,194.492
250.095,156.028,67.609,194.492
251.597,157.530,67.609,194.492
250.095,156.028,67.609,194.492
251.597,158.531,67.609,194.492
251.097,158.031,67.609,194.492
250.596,156.529,67.609,194.492
251.097,157.030,67.609,194.492
251.597,158.531,67.609,194.492
251.097,157.030,67.609,194.492
250.596,157.530,67.609,194.492
251.097,156.028,67.609,194.492
250.596,157.530,67.609,194.492
250.095,156.028,67.609,194.492
251.597,157.530,67.609,194.492
250.095,156.028,67.609,194.492
251.597,157.530,67.609,194.492
250.095,157.030,67.609,194.492
251.597,157.530,67.609,194.492
250.095,157.030,67.609,194.492
251.597,157.530,67.609,194.492
250.095,156.028,67.609,194.492
251.597,157.530,67.609,194.492
250.095,157.030,67.609,194.492
251.597,157.530,67.609,194.492
250.095,157.030,67.609,194.492
251.597,157.530,67.609,194.492
250.095,157.030,67.609,194.492
251.597,158.531,67.609,194.492
250.095,157.030,67.609,194.492
250.596,156.529,67.609,194.492
250.095,156.028,67.609,194.492
250.596,156.529,67.609,194.492
250.095,156.028,67.609,194.492
251.597,157.530,67.609,194.492
250.095,156.028,67.609,194.492
250.596,155.528,67.609,194.492
250.095,156.028,67.609,194.492
250.596,157.530,67.609,194.492
250.095,156.028,67.609,194.492
251.597,157.530,67.609,194.492
250.095,157.030,67.609,194.492
251.597,157.530,67.609,194.492
250.095,157.030,67.609,194.492
250.596,159.533,67.609,194.492
249.094,158.031,67.609,194.492
252.599,163.537,67.609,194.492
254.100,164.038,67.609,194.492
256.603,160.534,67.609,194.492
254.100,156.028,67.609,194.492
251.597,155.528,67.609,194.492
253.099,159.032,67.609,194.492
253.600,159.533,67.609,194.492
253.099,157.030,67.609,194.492
253.600,159.533,67.609,194.492
253.838,161.124,66.167,190.344
254.328,160.634,66.167,190.344
253.838,159.164,66.167,190.344
254.328,159.654,66.167,190.344
252.858,158.184,66.167,190.344
255.308,160.634,66.167,190.344
253.838,158.184,66.167,190.344
253.348,157.694,66.167,190.344
253.838,158.184,66.167,190.344
254.328,158.674,66.167,190.344
253.838,158.184,66.167,190.344
255.308,157.694,66.167,190.344
255.541,158.307,64.756,186.285
255.322,157.739,66.189,190.407
255.556,158.352,64.777,186.346
254.341,158.779,66.211,190.469
253.851,157.308,66.211,190.469
255.322,158.779,66.211,190.469
254.832,158.288,66.211,190.469
256.955,161.737,64.799,186.407
256.475,163.176,64.799,186.407
255.036,161.737,64.799,186.407
255.516,163.176,64.799,186.407
255.036,161.737,64.799,186.407
255.516,163.176,64.799,186.407
255.036,161.737,64.799,186.407
255.265,162.337,63.417,182.432
255.734,161.868,63.417,182.432
256.204,161.398,63.417,182.432
257.332,164.701,62.065,178.542
257.792,163.322,62.065,178.542
257.332,165.620,62.065,178.542
257.792,164.242,62.065,178.542
257.332,164.701,62.065,178.542
256.873,163.322,62.065,178.542
255.710,162.778,63.438,182.492
256.179,162.308,63.438,182.492
256.649,161.838,63.438,182.492
257.119,162.308,63.438,182.492
257.342,163.801,62.085,178.600
257.802,165.180,62.085,178.600
257.342,163.801,62.085,178.600
257.802,165.180,62.085,178.600
257.342,163.801,62.085,178.600
258.447,167.035,60.761,174.792
257.098,165.685,60.761,174.792
257.548,165.235,60.761,174.792
257.998,165.685,60.761,174.792
258.447,166.135,60.761,174.792
257.998,165.685,60.761,174.792
258.447,166.135,60.761,174.792
257.098,165.685,60.761,174.792
257.548,165.235,60.761,174.792
257.998,165.685,60.761,174.792
258.447,166.135,60.761,174.792
257.998,166.585,60.761,174.792
257.345,167.148,59.465,171.064
257.785,165.827,59.465,171.064
258.843,170.621,58.197,167.416
258.412,167.605,58.197,167.416
259.705,171.483,58.197,167.416
257.551,168.467,58.197,167.416
258.843,170.621,58.197,167.416
258.412,168.467,58.197,167.416
258.843,171.483,58.197,167.416
257.551,168.467,58.197,167.416
258.843,171.483,58.197,167.416
257.551,168.467,58.197,167.416
258.843,170.621,58.197,167.416
257.551,167.605,58.197,167.416
257.981,169.760,58.197,167.416
257.356,168.637,56.956,163.846
258.621,171.589,56.956,163.846
257.356,168.637,56.956,163.846
258.621,171.589,56.956,163.846
257.356,169.481,56.956,163.846
258.621,170.746,56.956,163.846
257.356,170.324,56.956,163.846
256.934,169.059,56.956,163.846
258.199,171.168,56.956,163.846
257.778,168.216,56.956,163.846
258.199,171.168,56.956,163.846
257.778,168.216,56.956,163.846
258.199,171.168,56.956,163.846
257.778,168.216,56.956,163.846
258.199,171.168,56.956,163.846
257.778,168.216,56.956,163.846
258.199,171.168,56.956,163.846
257.778,168.216,56.956,163.846
258.199,170.324,56.956,163.846
256.934,169.059,56.956,163.846
258.199,171.168,56.956,163.846
256.934,168.216,56.956,163.846
258.199,172.011,56.956,163.846
257.778,169.059,56.956,163.846
258.199,171.168,56.956,163.846
257.778,168.216,56.956,163.846
258.199,171.168,56.956,163.846
257.778,169.059,56.956,163.846
258.199,172.011,56.956,163.846
257.778,169.059,56.956,163.846
258.199,172.011,56.956,163.846
257.778,169.059,56.956,163.846
258.199,171.168,56.956,163.846
258.621,168.216,56.956,163.846
259.886,172.011,56.956,163.846
260.308,174.963,56.956,163.846
257.356,170.324,56.956,163.846
256.934,168.216,56.956,163.846
254.826,174.541,56.956,163.846
252.717,178.337,56.956,163.846
251.452,180.446,56.956,163.846
272.116,253.404,56.956,163.846
265.790,258.886,56.956,163.846
256.934,254.247,56.956,163.846
247.235,250.452,56.956,163.846
238.378,252.560,56.956,163.846
231.209,254.669,56.956,163.846
222.353,255.091,56.956,163.846
212.653,253.826,56.956,163.846
206.327,257.621,56.956,163.846
198.315,255.513,56.956,163.846
190.302,258.465,56.956,163.846
180.483,252.714,58.216,167.471
169.055,258.239,56.975,163.900
156.821,253.599,56.975,163.900
145.431,253.177,56.975,163.900
136.572,255.286,56.975,163.900
128.501,248.658,58.235,167.526
120.308,245.640,58.235,167.526
113.864,251.998,56.993,163.953
105.846,249.044,56.993,163.953
100.360,247.778,56.993,163.953
95.718,244.824,56.993,163.953
97.276,243.448,58.254,167.581
92.532,241.291,58.254,167.581
96.063,247.652,57.012,164.007
93.952,243.008,57.012,164.007
97.752,247.652,57.012,164.007
99.862,244.697,57.012,164.007
103.662,248.496,57.012,164.007
104.928,245.541,57.012,164.007
107.039,243.430,57.012,164.007
111.309,243.958,55.796,160.510
117.506,240.240,55.796,160.510
127.008,244.785,55.796,160.510
133.205,241.066,55.796,160.510
142.446,241.434,57.031,164.061
148.780,237.633,57.031,164.061
159.978,240.638,58.292,167.691
166.008,245.338,57.049,164.115
172.827,240.454,58.312,167.746
187.939,245.204,58.312,167.746
191.825,243.909,58.312,167.746
198.301,242.613,58.312,167.746
204.778,241.318,58.312,167.746
213.307,247.684,57.068,164.168
221.335,243.881,57.068,164.168
234.434,245.149,57.068,164.168
244.998,241.346,57.068,164.168
261.478,245.994,57.068,164.168
271.197,241.346,57.068,164.168
279.225,239.233,57.068,164.168
257.675,179.653,57.068,164.168
256.407,173.315,57.068,164.168
257.091,171.937,58.331,167.801
257.523,167.186,58.331,167.801
258.819,173.665,58.331,167.801
258.387,170.641,58.331,167.801
259.682,168.482,58.331,167.801
258.387,171.505,58.331,167.801
258.819,168.482,58.331,167.801
257.523,169.777,58.331,167.801
257.955,167.618,58.331,167.801
258.387,170.641,58.331,167.801
257.955,167.618,58.331,167.801
258.387,170.641,58.331,167.801
257.955,167.618,58.331,167.801
258.387,170.641,58.331,167.801
257.955,167.618,58.331,167.801
258.387,169.777,58.331,167.801
257.760,168.653,57.087,164.222
258.183,169.921,57.087,164.222
257.760,171.189,57.087,164.222
257.146,168.458,55.869,160.720
257.560,173.009,55.869,160.720
257.146,169.286,55.869,160.720
258.387,173.836,55.869,160.720
257.974,169.286,55.869,160.720
259.215,173.009,55.869,160.720
257.974,170.113,55.869,160.720
259.215,173.009,55.869,160.720
257.974,170.113,55.869,160.720
259.215,173.836,55.869,160.720
258.801,169.286,55.869,160.720
260.042,173.009,55.869,160.720
258.801,171.768,55.869,160.720
258.387,168.045,55.869,160.720
258.801,171.768,55.869,160.720
258.387,168.045,55.869,160.720
258.801,171.768,55.869,160.720
258.387,168.045,55.869,160.720
258.801,171.768,55.869,160.720
258.387,168.045,55.869,160.720
258.801,171.768,55.869,160.720
258.387,168.045,55.869,160.720
258.801,171.768,55.869,160.720
258.387,168.045,55.869,160.720
258.801,171.768,55.869,160.720
258.387,168.045,55.869,160.720
258.801,172.595,55.869,160.720
258.387,169.699,55.869,160.720
259.628,170.940,55.869,160.720
260.042,173.009,55.869,160.720
258.801,171.768,55.869,160.720
258.387,168.045,55.869,160.720
258.801,171.768,55.869,160.720
257.560,168.045,55.869,160.720
257.974,172.595,55.869,160.720
258.171,169.923,54.678,157.293
259.385,173.566,54.678,157.293
258.171,170.732,54.678,157.293
259.385,174.376,54.678,157.293
257.361,170.732,54.678,157.293
258.575,175.186,54.678,157.293
258.171,171.542,54.678,157.293
259.385,175.186,54.678,157.293
258.171,170.732,54.678,157.293
259.385,174.376,54.678,157.293
258.171,170.732,54.678,157.293
259.385,174.376,54.678,157.293
258.171,170.732,54.678,157.293
259.385,174.376,54.678,157.293
258.171,169.923,54.678,157.293
257.986,171.963,55.888,160.773
258.183,170.885,54.696,157.344
259.398,173.720,54.696,157.344
258.993,174.935,54.696,157.344
258.588,172.100,54.696,157.344
258.993,174.125,54.696,157.344
258.588,174.530,54.696,157.344
258.993,175.745,54.696,157.344
258.405,173.910,53.529,153.989
259.594,175.892,53.529,153.989
259.198,177.873,53.529,153.989
259.017,178.226,54.714,157.396
258.612,174.580,54.714,157.396
260.637,177.416,54.714,157.396
261.853,179.441,54.714,157.396
264.688,176.605,54.714,157.396
269.955,179.441,54.714,157.396
277.652,175.795,54.714,157.396
286.970,179.441,54.714,157.396
294.668,183.087,54.714,157.396
309.614,177.563,55.924,160.878
327.420,165.555,55.924,160.878
357.648,157.687,55.924,160.878
364.231,155.810,54.732,157.448
372.741,149.732,54.732,157.448
356.936,182.557,54.732,157.448
358.963,188.636,54.732,157.448
362.141,184.792,55.943,160.931
359.943,188.504,54.750,157.499
359.538,186.477,54.750,157.499
358.322,185.261,54.750,157.499
359.819,180.575,55.961,160.984
360.489,178.364,57.199,164.546
361.175,173.468,58.465,168.186
360.977,169.362,59.758,171.907
361.693,165.165,61.080,175.711
360.548,162.752,62.432,179.598
360.086,165.987,62.432,179.598
360.834,159.684,63.813,183.572
360.362,162.047,63.813,183.572
360.146,156.584,65.225,187.634
359.663,159.965,65.225,187.634
360.445,154.382,66.668,191.785
358.964,156.850,66.668,191.785
357.714,150.119,68.143,196.028
358.531,147.427,69.651,200.365
359.771,154.037,68.165,196.092
357.247,151.514,68.165,196.092
359.771,154.037,68.165,196.092
358.256,151.514,68.165,196.092
360.780,154.037,68.165,196.092
358.256,151.514,68.165,196.092
359.771,154.037,68.165,196.092
357.247,150.504,68.165,196.092
359.771,153.028,68.165,196.092
358.256,151.514,68.165,196.092
360.780,156.056,68.165,196.092
358.256,154.542,68.165,196.092
361.789,158.075,68.165,196.092
362.606,151.193,69.674,200.431
361.300,146.300,71.215,204.865
363.937,149.991,71.215,204.865
362.602,143.895,72.791,209.398
362.063,144.434,72.791,209.398
361.817,139.321,74.401,214.031
360.422,134.096,76.047,218.767
360.985,142.542,76.047,218.767
360.422,138.601,76.047,218.767
358.733,138.037,76.047,218.767
355.745,145.255,74.426,214.101
347.489,136.597,76.072,218.838
343.546,130.401,76.072,218.838
343.289,135.577,77.755,223.680
345.016,139.607,77.755,223.680
347.895,148.243,77.755,223.680
350.773,155.728,77.755,223.680
354.094,155.045,79.476,228.629
354.683,150.926,79.476,228.629
356.448,153.868,79.476,228.629
358.622,150.729,81.234,233.687
360.426,150.127,81.234,233.687
359.825,147.120,81.234,233.687
358.020,151.330,81.234,233.687
357.746,143.129,83.031,238.858
354.672,140.055,83.031,238.858
354.391,140.602,84.869,244.142
352.506,136.203,84.869,244.142
351.877,143.115,84.869,244.142
352.506,142.487,84.869,244.142
353.134,139.345,84.869,244.142
355.019,145.000,84.869,244.142
358.644,148.167,86.746,249.544
359.684,147.406,88.666,255.065
360.746,141.178,90.627,260.709
357.391,144.534,90.627,260.709
359.404,143.863,90.627,260.709
361.417,147.218,90.627,260.709
355.378,138.494,90.627,260.709
358.733,141.850,90.627,260.709
355.378,139.836,90.627,260.709
357.391,139.165,90.627,260.709
359.404,142.521,90.627,260.709
354.707,137.823,90.627,260.709
356.720,141.178,90.627,260.709
350.681,136.481,90.627,260.709
353.159,138.471,92.632,266.477
344.243,129.554,92.632,266.477
336.636,123.801,90.657,260.794
327.910,119.102,90.657,260.794
319.183,113.061,90.657,260.794
317.170,123.130,90.657,260.794
309.786,119.774,90.657,260.794
322.015,124.549,92.663,266.564
329.562,126.608,92.663,266.564
327.504,127.294,92.663,266.564
325.767,125.057,94.713,272.462
322.261,124.355,94.713,272.462
320.157,120.849,94.713,272.462
325.066,128.563,94.713,272.462
325.767,130.667,94.713,272.462
320.858,128.563,94.713,272.462
317.352,125.057,94.713,272.462
311.040,125.758,94.713,272.462
300.521,120.849,94.713,272.462
313.845,125.758,94.713,272.462
302.012,127.987,92.693,266.652
313.092,121.477,94.744,272.551
299.903,129.116,92.724,266.739
288.192,118.330,94.775,272.641
294.508,119.032,94.775,272.641
283.982,118.330,94.775,272.641
288.894,117.628,94.775,272.641
295.210,118.330,94.775,272.641
301.526,123.242,94.775,272.641
286.789,116.927,94.775,272.641
293.104,119.032,94.775,272.641
299.420,123.944,94.775,272.641
312.754,120.435,94.775,272.641
307.677,129.430,92.754,266.826
326.539,136.909,90.776,261.136
323.178,132.204,90.776,261.136
326.539,135.564,90.776,261.136
321.834,130.859,90.776,261.136
320.858,135.587,88.840,255.567
330.725,138.876,88.840,255.567
294.546,130.325,88.840,255.567
281.961,129.545,90.806,261.222
284.444,123.167,92.815,267.001
286.506,125.229,92.815,267.001
287.193,124.542,92.815,267.001
287.880,125.229,92.815,267.001
289.942,124.542,92.815,267.001
292.004,125.229,92.815,267.001
298.189,127.291,92.815,267.001
315.370,126.604,92.815,267.001
285.227,134.087,90.835,261.308
287.711,126.312,92.845,267.089
291.148,125.625,92.845,267.089
294.586,129.062,92.845,267.089
281.661,129.922,90.865,261.393
284.146,123.540,92.876,267.177
287.584,124.228,92.876,267.177
292.398,123.540,92.876,267.177
295.836,126.979,92.876,267.177
285.521,126.291,92.876,267.177
288.959,122.852,92.876,267.177
295.149,124.916,92.876,267.177
284.833,128.354,92.876,267.177
286.896,123.540,92.876,267.177
291.710,121.477,92.876,267.177
293.773,124.916,92.876,267.177
282.170,129.753,90.895,261.479
283.259,123.369,92.906,267.264
282.571,121.305,92.906,267.264
286.539,120.490,94.962,273.177
290.055,119.787,94.962,273.177
279.546,126.088,92.937,267.352
282.088,116.705,94.993,273.267
284.198,120.222,94.993,273.267
286.308,120.925,94.993,273.267
288.418,123.035,94.993,273.267
284.685,123.915,92.967,267.439
286.751,124.603,92.967,267.439
288.816,123.915,92.967,267.439
292.257,123.227,92.967,267.439
284.623,130.723,90.984,261.736
289.907,122.935,92.998,267.527
300.236,122.246,92.998,267.527
313.320,124.312,92.998,267.527
325.026,130.509,92.998,267.527
320.205,127.066,92.998,267.527
327.780,129.132,92.998,267.527
293.595,128.666,91.014,261.822
298.313,130.688,91.014,261.822
286.856,125.970,91.014,261.822
290.226,126.644,91.014,261.822
296.291,128.666,91.014,261.822
286.182,127.992,91.014,261.822
291.468,121.600,93.028,267.615
299.045,126.421,93.028,267.615
324.531,129.866,93.028,267.615
321.087,127.799,93.028,267.615
326.727,135.300,91.044,261.908
331.446,134.626,91.044,261.908
333.468,133.952,91.044,261.908
467.640,165.984,89.103,256.323
469.619,160.046,89.103,256.323
471.205,168.502,87.202,250.856
471.851,163.982,87.202,250.856
472.496,168.502,87.202,250.856
471.851,166.565,87.202,250.856
471.205,168.502,87.202,250.856
470.268,170.555,85.343,245.507
469.636,168.659,85.343,245.507
469.004,165.499,85.343,245.507
469.636,169.923,85.343,245.507
466.725,161.306,87.231,250.939
466.079,164.536,87.231,250.939
464.141,165.182,87.231,250.939
466.079,164.536,87.231,250.939
470.122,172.814,85.371,245.587
470.423,171.168,83.550,240.350
471.910,177.905,81.769,235.225
471.305,172.456,81.769,235.225
470.699,174.272,81.769,235.225
470.094,173.667,81.769,235.225
472.716,174.424,80.025,230.208
473.309,176.202,80.025,230.208
473.901,175.609,80.025,230.208
475.679,178.572,80.025,230.208
475.961,183.882,78.318,225.299
476.237,187.961,76.648,220.495
478.695,195.235,75.014,215.792
478.140,193.569,75.014,215.792
370.263,185.698,73.414,211.191
365.371,181.893,73.414,211.191
367.725,189.908,71.848,206.687
362.851,191.599,70.316,202.279
362.095,191.247,68.817,197.966
363.624,192.776,68.817,197.966
364.849,192.431,67.349,193.744
367.009,191.132,65.913,189.612
366.521,194.548,65.913,189.612
368.961,188.204,65.913,189.612
376.282,166.242,65.913,189.612
364.081,167.706,65.913,189.612
340.166,173.074,65.913,189.612
368.961,176.491,65.913,189.612
370.425,199.429,65.913,189.612
369.717,194.395,64.507,185.569
369.239,205.380,64.507,185.569
369.717,202.992,64.507,185.569
368.284,201.559,64.507,185.569
367.591,201.236,63.132,181.611
370.863,208.248,63.132,181.611
368.525,207.780,63.132,181.611
370.863,206.378,63.132,181.611
367.591,203.106,63.132,181.611
371.798,209.183,63.132,181.611
367.515,208.866,61.785,177.738
371.632,207.494,61.785,177.738
368.322,205.420,60.468,173.948
371.988,195.624,59.178,170.239
369.797,186.422,59.178,170.239
371.111,190.365,59.178,170.239
368.921,191.680,59.178,170.239
373.741,184.231,59.178,170.239
372.631,184.621,60.488,174.005
373.079,185.964,60.488,174.005
370.087,188.221,61.826,177.855
367.798,192.341,61.826,177.855
368.256,202.870,61.826,177.855
369.356,214.915,60.507,174.062
368.012,212.675,60.507,174.062
371.680,222.736,59.217,170.350
368.611,219.667,59.217,170.350
371.680,219.228,59.217,170.350
368.750,215.069,60.527,174.119
370.095,212.828,60.527,174.119
368.750,211.484,60.527,174.119
370.095,209.243,60.527,174.119
371.439,216.862,60.527,174.119
367.406,213.725,60.527,174.119
369.647,212.380,60.527,174.119
366.509,209.243,60.527,174.119
251.819,152.784,59.236,170.406
255.767,154.977,59.236,170.406
257.083,151.907,59.236,170.406
254.889,150.591,59.236,170.406
256.205,150.152,59.236,170.406
256.644,152.345,59.236,170.406
257.960,154.538,59.236,170.406
254.889,152.345,59.236,170.406
251.819,151.907,59.236,170.406
254.012,150.591,59.236,170.406
255.632,145.520,60.547,174.176
256.977,149.555,60.547,174.176
256.529,146.417,60.547,174.176
255.184,150.452,60.547,174.176
254.736,150.900,60.547,174.176
254.287,152.245,60.547,174.176
251.292,147.992,61.887,178.030
252.667,152.117,61.887,178.030
249.459,149.825,61.887,178.030
249.917,149.367,61.887,178.030
250.375,148.909,61.887,178.030
250.834,150.284,61.887,178.030
248.542,148.909,61.887,178.030
250.834,152.117,61.887,178.030
248.402,152.690,60.567,174.233
250.644,152.241,60.567,174.233
249.299,152.690,60.567,174.233
249.747,152.241,60.567,174.233
249.299,151.793,60.567,174.233
250.644,154.035,60.567,174.233
249.299,152.690,60.567,174.233
251.541,151.344,60.567,174.233
251.093,152.690,60.567,174.233
249.747,151.344,60.567,174.233
251.093,154.484,60.567,174.233
249.747,152.241,60.567,174.233
250.196,152.690,60.567,174.233
248.850,152.241,60.567,174.233
251.093,151.793,60.567,174.233
250.644,153.138,60.567,174.233
250.196,151.793,60.567,174.233
251.274,154.083,59.275,170.518
249.957,152.766,59.275,170.518
251.274,155.838,59.275,170.518
249.079,154.522,59.275,170.518
250.396,154.083,59.275,170.518
249.957,154.522,59.275,170.518
252.152,154.961,59.275,170.518
254.346,154.522,59.275,170.518
253.907,158.472,59.275,170.518
252.590,160.666,59.275,170.518
246.007,166.372,59.275,170.518
234.878,175.870,60.587,174.291
225.457,168.243,60.587,174.291
246.542,156.131,60.587,174.291
244.299,151.196,60.587,174.291
251.541,150.664,61.927,178.147
253.834,149.289,61.927,178.147
256.126,146.079,61.927,178.147
257.502,149.289,61.927,178.147
256.126,146.079,61.927,178.147
257.502,144.703,61.927,178.147
257.292,145.111,63.297,182.088
256.824,141.831,63.297,182.088
257.292,146.049,63.297,182.088
256.824,141.831,63.297,182.088
256.355,146.049,63.297,182.088
256.824,142.768,63.297,182.088
256.355,146.049,63.297,182.088
255.886,141.831,63.297,182.088
257.013,147.838,61.948,178.205
256.554,144.627,61.948,178.205
256.096,147.838,61.948,178.205
256.314,147.527,60.626,174.405
256.763,147.976,60.626,174.405
257.212,147.527,60.626,174.405
256.763,150.670,60.626,174.405
255.416,148.425,60.626,174.405
256.495,152.448,59.334,170.686
256.935,150.252,59.334,170.686
256.495,149.812,59.334,170.686
256.935,150.252,59.334,170.686
257.374,150.691,59.334,170.686
255.177,148.494,59.334,170.686
256.234,154.972,58.068,167.046
256.664,151.962,58.068,167.046
256.234,154.972,58.068,167.046
255.804,151.962,58.068,167.046
257.094,154.112,58.068,167.046
257.523,151.102,58.068,167.046
257.953,156.692,58.068,167.046
259.243,153.682,58.068,167.046
257.953,152.392,58.068,167.046
259.243,154.542,58.068,167.046
258.813,152.392,58.068,167.046
258.383,154.542,58.068,167.046
259.673,152.392,58.068,167.046
257.523,154.542,58.068,167.046
257.953,152.392,58.068,167.046
258.383,152.822,58.068,167.046
256.234,151.532,58.068,167.046
253.224,156.262,58.068,167.046
251.243,150.399,59.353,170.742
267.504,142.928,59.353,170.742
170.380,163.583,59.353,170.742
164.667,159.628,59.353,170.742
164.227,161.826,59.353,170.742
162.909,158.749,59.353,170.742
166.864,163.583,59.353,170.742
162.909,159.628,59.353,170.742
166.864,162.705,59.353,170.742
163.788,159.628,59.353,170.742
165.985,161.826,59.353,170.742
163.653,161.528,58.087,167.101
165.804,163.679,58.087,167.101
164.513,161.528,58.087,167.101
167.205,167.041,56.849,163.537
165.943,164.094,56.849,163.537
167.205,166.199,56.849,163.537
165.101,164.094,56.849,163.537
167.736,168.678,55.636,160.050
166.500,166.618,55.636,160.050
166.088,167.854,55.636,160.050
165.676,167.442,55.636,160.050
165.264,166.206,55.636,160.050
167.842,170.692,54.450,156.636
165.985,166.032,55.655,160.102
167.221,168.092,55.655,160.102
165.161,166.032,55.655,160.102
167.221,168.916,55.655,160.102
165.161,166.032,55.655,160.102
167.221,168.916,55.655,160.102
165.985,166.856,55.655,160.102
167.221,168.916,55.655,160.102
165.985,166.856,55.655,160.102
168.046,169.740,55.655,160.102
165.985,166.856,55.655,160.102
168.046,169.740,55.655,160.102
165.985,166.856,55.655,160.102
168.046,168.916,55.655,160.102
165.985,166.856,55.655,160.102
168.046,169.740,55.655,160.102
165.985,166.856,55.655,160.102
164.749,166.444,55.655,160.102
166.534,170.137,54.468,156.688
165.324,168.120,54.468,156.688
164.921,166.910,54.468,156.688
167.744,171.347,54.468,156.688
164.921,168.524,54.468,156.688
166.131,168.120,54.468,156.688
167.340,170.943,54.468,156.688
166.131,169.734,54.468,156.688
166.534,169.330,54.468,156.688
168.550,172.153,54.468,156.688
171.373,174.170,54.468,156.688
166.937,172.960,54.468,156.688
167.129,149.364,53.306,153.346
148.296,146.053,52.169,150.076
130.485,147.198,53.324,153.397
114.297,149.962,53.324,153.397
100.478,140.881,53.324,153.397
92.925,142.051,54.503,156.791
86.871,199.761,54.503,156.791
84.175,196.771,55.709,160.260
83.762,191.408,55.709,160.260
84.430,184.072,56.942,163.805
84.008,181.121,56.942,163.805
85.273,178.169,56.942,163.805
85.695,176.061,56.942,163.805
86.116,178.169,56.942,163.805
85.695,175.218,56.942,163.805
86.116,174.796,56.942,163.805
85.695,176.061,56.942,163.805
84.430,178.169,56.942,163.805
83.165,175.218,56.942,163.805
85.273,178.169,56.942,163.805
84.008,175.218,56.942,163.805
83.587,177.326,56.942,163.805
82.322,175.218,56.942,163.805
83.587,176.483,56.942,163.805
83.165,176.061,56.942,163.805
85.273,179.856,56.942,163.805
84.008,176.904,56.942,163.805
85.834,181.496,55.728,160.312
85.422,178.607,55.728,160.312
89.136,180.670,55.728,160.312
89.803,175.900,56.961,163.859
91.361,173.650,58.221,167.484
92.953,168.666,59.509,171.190
94.581,165.401,60.826,174.978
96.244,164.867,62.171,178.849
95.079,160.501,63.547,182.806
97.793,161.896,64.953,186.851
92.503,158.529,64.953,186.851
95.277,154.965,66.390,190.985
96.073,155.402,67.859,195.210
93.758,149.594,69.360,199.529
94.589,145.788,70.895,203.944
96.528,146.255,72.463,208.456
92.772,143.572,72.463,208.456
96.528,147.328,72.463,208.456
92.943,140.012,74.067,213.068
91.555,134.810,75.705,217.782
94.357,140.976,75.705,217.782
92.676,138.173,75.705,217.782
91.257,132.856,77.380,222.601
92.976,136.867,77.380,222.601
91.257,134.002,77.380,222.601
90.684,132.283,77.380,222.601
93.549,137.440,77.380,222.601
91.830,134.575,77.380,222.601
91.257,132.856,77.380,222.601
94.122,136.867,77.380,222.601
92.403,134.002,77.380,222.601
91.830,132.283,77.380,222.601
94.694,137.440,77.380,222.601
92.976,134.575,77.380,222.601
92.403,132.856,77.380,222.601
94.122,136.867,77.380,222.601
92.403,134.002,77.380,222.601
92.976,133.429,77.380,222.601
95.840,137.440,77.380,222.601
92.976,134.575,77.380,222.601
95.840,137.440,77.380,222.601
91.830,135.721,77.380,222.601
90.111,134.002,77.380,222.601
90.684,131.137,77.380,222.601
93.989,126.891,79.092,227.526
98.783,133.269,77.406,222.674
93.532,133.986,75.755,217.925
96.768,130.993,77.431,222.747
98.488,135.006,77.431,222.747
94.340,135.724,75.780,217.997
90.412,135.162,75.780,217.997
88.729,133.479,75.780,217.997
90.412,137.407,75.780,217.997
88.729,134.601,75.780,217.997
89.290,134.040,75.780,217.997
87.607,134.601,75.780,217.997
89.290,134.040,75.780,217.997
89.851,132.357,75.780,217.997
92.657,132.918,75.780,217.997
94.729,128.760,77.456,222.820
97.597,132.775,77.456,222.820
94.729,129.907,77.456,222.820
96.450,129.334,77.456,222.820
97.023,131.054,77.456,222.820
93.191,125.614,79.170,227.750
96.860,133.128,77.482,222.893
93.027,126.495,79.196,227.824
95.959,128.255,79.196,227.824
94.200,126.495,79.196,227.824
97.132,125.909,79.196,227.824
98.891,128.841,79.196,227.824
93.756,122.062,80.948,232.865
94.726,117.620,82.739,238.017
97.789,120.683,82.739,238.017
94.726,117.620,82.739,238.017
99.015,120.683,82.739,238.017
96.193,114.872,84.570,243.283
100.576,118.003,84.570,243.283
97.445,114.872,84.570,243.283
99.758,110.232,86.441,248.666
95.277,108.312,86.441,248.666
101.751,117.749,84.598,243.363
94.861,113.365,84.598,243.363
100.499,117.749,84.598,243.363
96.114,114.617,84.598,243.363
95.828,108.676,86.469,248.747
99.835,119.350,84.625,243.443
94.196,114.964,84.625,243.443
97.329,115.591,84.625,243.443
90.542,108.347,86.498,248.829
93.744,114.111,86.498,248.829
93.104,110.909,86.498,248.829
92.463,108.988,86.498,248.829
96.472,118.431,84.653,243.523
89.577,115.297,84.653,243.523
92.711,114.670,84.653,243.523
94.592,115.297,84.653,243.523
96.472,117.178,84.653,243.523
89.577,112.790,84.653,243.523
86.443,109.656,84.653,243.523
90.831,117.804,84.653,243.523
91.458,113.417,84.653,243.523
90.831,112.790,84.653,243.523
92.711,115.924,84.653,243.523
89.824,108.678,86.526,248.910
93.027,113.163,86.526,248.910
94.064,107.086,88.440,254.418
94.719,105.121,88.440,254.418
97.993,109.705,88.440,254.418
97.338,106.431,88.440,254.418
92.963,98.860,90.397,260.047
98.987,106.223,90.397,260.047
92.963,101.538,90.397,260.047
97.648,107.562,90.397,260.047
94.302,102.876,90.397,260.047
96.774,97.916,92.397,265.800
102.375,108.004,90.427,260.132
93.671,103.317,90.427,260.132
95.679,102.648,90.427,260.132
95.374,97.686,92.427,265.887
101.533,105.214,92.427,265.887
92.636,99.055,92.427,265.887
98.796,102.476,92.427,265.887
89.899,97.686,92.427,265.887
96.058,102.476,92.427,265.887
96.743,97.686,92.427,265.887
101.026,107.777,90.456,260.217
93.659,103.088,90.456,260.217
95.668,102.419,90.456,260.217
96.752,97.455,92.458,265.974
102.357,108.869,90.486,260.303
93.647,102.839,90.486,260.303
90.297,99.489,90.486,260.303
94.987,105.519,90.486,260.303
90.297,100.829,90.486,260.303
93.647,105.519,90.486,260.303
90.297,102.169,90.486,260.303
90.967,101.499,90.486,260.303
92.977,106.189,90.486,260.303
88.287,101.499,90.486,260.303
86.277,98.149,90.486,260.303
90.967,104.179,90.486,260.303
91.637,99.489,90.486,260.303
94.539,110.660,88.556,254.751
93.883,107.382,88.556,254.751
94.539,104.103,88.556,254.751
98.321,104.686,90.516,260.388
92.290,99.995,90.516,260.388
98.321,107.367,90.516,260.388
94.970,102.676,90.516,260.388
99.662,106.027,90.516,260.388
92.229,105.573,88.586,254.835
95.509,108.853,88.586,254.835
96.570,103.992,90.545,260.473
93.218,99.299,90.545,260.473
96.570,105.333,90.545,260.473
93.218,100.640,90.545,260.473
96.570,106.674,90.545,260.473
95.900,103.322,90.545,260.473
93.889,99.970,90.545,260.473
98.582,106.003,90.545,260.473
93.889,101.310,90.545,260.473
97.756,100.516,92.549,266.236
94.119,100.052,90.575,260.559
97.988,100.649,92.579,266.323
91.819,97.221,92.579,266.323
97.988,103.391,92.579,266.323
91.819,97.221,92.579,266.323
97.988,103.391,92.579,266.323
91.819,97.221,92.579,266.323
97.988,102.020,92.579,266.323
90.448,95.850,92.579,266.323
94.738,105.958,90.605,260.644
88.864,99.594,92.609,266.411
90.921,101.651,92.609,266.411
92.978,102.337,92.609,266.411
90.921,100.280,92.609,266.411
91.607,98.223,92.609,266.411
94.577,108.334,90.635,260.730
92.564,104.978,90.635,260.730
96.764,112.286,88.702,255.169
93.480,109.002,88.702,255.169
98.857,117.420,86.810,249.728
91.787,115.492,86.810,249.728
94.571,121.252,84.959,244.402
92.684,120.623,84.959,244.402
96.621,128.686,83.147,239.190
91.080,124.377,83.147,239.190
94.159,123.761,83.147,239.190
97.237,126.839,83.147,239.190
92.927,122.530,83.147,239.190
96.006,125.608,83.147,239.190
94.159,123.761,83.147,239.190
96.006,125.608,83.147,239.190
92.927,122.530,83.147,239.190
96.006,125.608,83.147,239.190
94.159,123.761,83.147,239.190
97.237,126.839,83.147,239.190
92.927,123.761,83.147,239.190
94.774,123.145,83.147,239.190
92.927,122.530,83.147,239.190
97.237,126.839,83.147,239.190
92.927,123.761,83.147,239.190
96.006,125.608,83.147,239.190
92.927,123.761,83.147,239.190
92.312,123.145,83.147,239.190
92.927,124.992,83.147,239.190
89.849,123.145,83.147,239.190
88.002,121.299,83.147,239.190
89.849,125.608,83.147,239.190
88.002,122.530,83.147,239.190
86.155,120.683,83.147,239.190
91.196,129.761,81.374,234.090
88.183,126.748,81.374,234.090
87.580,124.941,81.374,234.090
91.798,129.158,81.374,234.090
89.991,127.351,81.374,234.090
89.388,126.748,81.374,234.090
88.786,124.941,81.374,234.090
89.388,126.748,81.374,234.090
88.786,123.735,81.374,234.090
91.798,129.158,81.374,234.090
91.196,126.146,81.374,234.090
91.798,124.338,81.374,234.090
94.811,127.351,81.374,234.090
93.003,127.953,81.374,234.090
91.196,126.146,81.374,234.090
89.670,119.180,83.174,239.269
91.518,123.491,83.174,239.269
90.902,121.644,83.174,239.269
92.750,121.028,83.174,239.269
89.913,116.464,85.015,244.563
91.801,119.611,85.015,244.563
92.431,121.500,85.015,244.563
92.730,124.714,83.202,239.347
92.114,122.866,83.202,239.347
93.962,123.482,83.202,239.347
94.578,126.562,83.202,239.347
92.730,123.482,83.202,239.347
92.114,122.866,83.202,239.347
91.498,122.250,83.202,239.347
90.882,121.634,83.202,239.347
90.266,121.018,83.202,239.347
88.418,121.634,83.202,239.347
91.086,129.530,81.427,234.243
87.887,130.284,79.691,229.248
87.030,134.435,77.991,224.359
89.918,135.012,77.991,224.359
89.079,134.622,76.328,219.574
90.775,130.665,76.328,219.574
92.862,124.132,78.017,224.433
96.195,121.050,79.743,229.398
117.978,117.900,81.507,234.474
122.712,110.923,83.311,239.661
123.710,106.351,85.154,244.964
126.039,106.912,87.038,250.384
126.684,110.135,87.038,250.384
127.727,105.359,88.964,255.923
125.750,108.652,88.964,255.923
127.727,107.994,88.964,255.923
125.750,107.335,88.964,255.923
127.727,106.676,88.964,255.923
125.750,104.700,88.964,255.923
130.917,99.819,90.932,261.586
133.404,101.815,92.944,267.373
129.963,98.374,92.944,267.373
126.522,101.815,92.944,267.373
129.064,93.859,95.000,273.289
132.581,98.783,95.000,273.289
127.657,95.266,95.000,273.289
131.174,100.190,95.000,273.289
134.691,98.079,95.000,273.289
135.026,101.671,92.975,267.461
130.426,95.141,95.032,273.378
135.352,98.660,95.032,273.378
131.834,93.734,95.032,273.378
136.759,97.252,95.032,273.378
133.518,87.658,97.134,279.427
140.793,96.876,95.063,273.468
134.629,85.818,97.166,279.519
141.906,96.426,95.094,273.558
138.386,92.906,95.094,273.558
147.539,99.243,95.094,273.558
148.243,95.722,95.094,273.558
150.355,90.793,95.094,273.558
153.405,90.317,93.066,267.724
154.095,91.006,93.066,267.724
156.162,94.452,93.066,267.724
158.229,97.897,93.066,267.724
146.475,92.790,95.125,273.647
152.815,94.904,95.125,273.647
142.249,85.747,95.125,273.647
154.223,80.817,95.125,273.647
157.274,96.633,93.097,267.812
157.602,105.469,91.111,262.101
148.820,102.411,89.168,256.511
145.317,101.964,87.267,251.041
148.115,107.755,85.406,245.688
145.978,106.108,83.584,240.448
151.045,111.655,81.802,235.321
148.017,107.415,81.802,235.321
150.641,115.178,80.057,230.302
148.637,117.062,78.350,225.391
152.269,122.261,76.679,220.585
148.294,118.287,76.679,220.585
154.037,126.659,75.044,215.880
149.036,121.658,75.044,215.880
152.514,129.851,73.444,211.277
150.677,127.386,71.878,206.771
152.982,135.234,70.345,202.362
150.378,130.546,70.345,202.362
151.940,135.234,70.345,202.362
150.378,130.546,70.345,202.362
149.857,134.192,70.345,202.362
148.294,131.588,70.345,202.362
153.563,140.272,68.845,198.046
148.975,134.665,68.845,198.046
148.465,140.272,68.845,198.046
145.916,135.684,68.845,198.046
149.107,144.183,67.377,193.823
145.615,139.693,67.377,193.823
148.737,148.011,65.940,189.690
146.296,143.617,65.940,189.690
149.714,148.011,65.940,189.690
147.273,143.617,65.940,189.690
150.690,148.011,65.940,189.690
147.273,144.593,65.940,189.690
151.270,150.851,64.534,185.644
147.925,146.551,64.534,185.644
151.270,150.851,64.534,185.644
147.925,146.551,64.534,185.644
152.226,150.851,64.534,185.644
147.925,146.551,64.534,185.644
151.270,150.851,64.534,185.644
146.969,146.551,64.534,185.644
150.314,149.896,64.534,185.644
146.969,146.551,64.534,185.644
150.314,149.896,64.534,185.644
146.969,146.551,64.534,185.644
150.314,149.896,64.534,185.644
146.969,146.551,64.534,185.644
151.270,150.851,64.534,185.644
147.925,147.506,64.534,185.644
152.226,151.807,64.534,185.644
149.836,148.462,64.534,185.644
152.827,153.665,63.157,181.686
151.424,150.392,63.157,181.686
150.021,149.924,63.157,181.686
152.047,155.918,61.810,177.811
148.843,152.715,61.810,177.811
152.047,157.749,61.810,177.811
149.759,155.461,61.810,177.811
152.962,159.580,61.810,177.811
150.854,153.339,63.178,181.745
152.258,156.614,63.178,181.745
150.854,154.275,63.178,181.745
152.258,157.549,63.178,181.745
150.854,154.275,63.178,181.745
152.258,156.614,63.178,181.745
150.103,150.235,64.576,185.766
151.537,154.538,64.576,185.766
150.103,151.191,64.576,185.766
151.537,155.495,64.576,185.766
150.103,151.191,64.576,185.766
148.668,152.626,64.576,185.766
146.278,150.235,64.576,185.766
151.537,154.538,64.576,185.766
148.190,149.279,64.576,185.766
146.756,148.801,64.576,185.766
150.103,152.148,64.576,185.766
146.908,144.636,66.005,189.876
148.374,149.034,66.005,189.876
144.953,144.636,66.005,189.876
149.352,150.012,66.005,189.876
146.908,145.613,66.005,189.876
149.967,152.819,64.597,185.827
146.771,145.305,66.026,189.939
149.831,153.456,64.618,185.888
147.439,149.150,64.618,185.888
150.788,151.542,64.618,185.888
147.591,144.025,66.048,190.001
148.080,149.405,66.048,190.001
145.635,145.004,66.048,190.001
149.639,152.215,64.639,185.949
147.246,147.907,64.639,185.949
149.639,152.215,64.639,185.949
147.246,148.864,64.639,185.949
149.639,152.215,64.639,185.949
147.246,148.864,64.639,185.949
149.639,151.257,64.639,185.949
146.289,147.907,64.639,185.949
150.596,152.215,64.639,185.949
147.246,147.907,64.639,185.949
149.639,152.215,64.639,185.949
147.246,148.864,64.639,185.949
149.639,152.215,64.639,185.949
147.246,148.864,64.639,185.949
149.639,152.215,64.639,185.949
147.246,148.864,64.639,185.949
149.639,152.215,64.639,185.949
147.246,148.864,64.639,185.949
150.596,152.215,64.639,185.949
147.246,147.907,64.639,185.949
149.639,153.172,64.639,185.949
147.246,148.864,64.639,185.949
150.596,153.172,64.639,185.949
148.203,148.864,64.639,185.949
149.639,151.257,64.639,185.949
146.289,147.907,64.639,185.949
150.596,152.215,64.639,185.949
147.246,147.907,64.639,185.949
149.639,152.215,64.639,185.949
147.246,148.864,64.639,185.949
149.639,152.215,64.639,185.949
147.246,148.864,64.639,185.949
149.639,152.215,64.639,185.949
147.246,148.864,64.639,185.949
149.639,152.215,64.639,185.949
147.246,148.864,64.639,185.949
149.639,152.215,64.639,185.949
147.246,148.864,64.639,185.949
150.596,152.215,64.639,185.949
147.246,147.907,64.639,185.949
149.639,152.215,64.639,185.949
146.289,148.864,64.639,185.949
149.639,154.129,64.639,185.949
