298.000,149.000,67.000,122.000
296.660,148.396,67.000,122.000
294.819,146.555,67.000,122.000
295.224,147.115,68.482,124.699
291.838,145.234,68.482,124.699
294.471,146.363,68.482,124.699
293.342,145.234,68.482,124.699
290.709,145.610,68.482,124.699
288.075,145.986,68.482,124.699
291.461,144.105,68.482,124.699
295.600,142.977,68.482,124.699
297.575,146.672,69.998,127.458
292.575,140.903,69.998,127.458
284.500,142.057,69.998,127.458
283.346,140.134,69.998,127.458
282.192,141.288,69.998,127.458
278.625,141.075,71.546,130.278
274.979,138.410,73.129,133.161
272.970,142.026,73.129,133.161
269.354,140.017,73.129,133.161
264.794,137.294,74.747,136.107
264.383,139.347,74.747,136.107
258.452,136.444,73.153,133.204
254.835,139.257,73.153,133.204
250.414,136.444,73.153,133.204
250.022,134.554,74.772,136.151
252.897,136.608,74.772,136.151
250.022,135.375,74.772,136.151
247.968,137.429,74.772,136.151
245.092,134.554,74.772,136.151
246.324,139.072,74.772,136.151
245.071,137.992,76.426,139.164
243.811,142.611,76.426,139.164
243.392,139.672,76.426,139.164
287.478,122.457,76.426,139.164
244.231,143.031,76.426,139.164
237.933,139.252,76.426,139.164
232.475,136.313,76.426,139.164
237.292,137.823,78.117,142.243
239.545,141.147,79.845,145.390
285.604,127.548,79.845,145.390
251.498,140.959,81.612,148.607
243.876,139.614,81.612,148.607
238.944,139.165,81.612,148.607
241.186,140.510,81.612,148.607
236.254,135.578,81.612,148.607
237.677,138.121,83.418,151.895
232.636,133.996,83.418,151.895
236.943,130.890,85.263,155.255
237.458,134.518,87.150,158.690
240.809,130.209,87.150,158.690
236.500,128.773,87.150,158.690
237.026,124.533,89.078,162.201
240.452,128.938,89.078,162.201
234.090,127.470,89.078,162.201
228.707,131.874,89.078,162.201
230.175,128.448,89.078,162.201
227.666,128.177,91.049,165.790
266.619,134.128,93.063,169.458
230.319,124.413,93.063,169.458
224.695,121.857,93.063,169.458
228.151,121.200,91.078,165.844
224.649,119.699,91.078,165.844
228.151,125.203,91.078,165.844
229.652,121.700,91.078,165.844
226.283,129.738,89.136,162.308
226.821,125.403,91.108,165.899
224.255,122.009,93.124,169.569
227.836,121.498,93.124,169.569
227.325,118.940,93.124,169.569
224.702,112.287,95.184,173.321
225.225,115.947,95.184,173.321
227.840,111.241,95.184,173.321
226.271,108.626,95.184,173.321
227.840,114.378,95.184,173.321
227.329,108.663,97.290,177.156
221.262,110.585,99.443,181.075
227.531,105.748,101.643,185.082
232.382,105.030,99.476,181.135
225.278,109.949,99.476,181.135
225.824,106.123,99.476,181.135
225.305,104.367,97.354,177.272
226.909,109.181,97.354,177.272
225.305,124.692,97.354,177.272
219.233,97.760,99.508,181.194
223.983,91.788,97.386,177.330
221.308,98.743,97.386,177.330
222.913,94.998,97.386,177.330
235.218,113.724,97.386,177.330
226.123,111.049,97.386,177.330
221.308,106.234,97.386,177.330
222.913,112.119,97.386,177.330
222.391,105.162,99.541,181.253
220.722,100.320,101.743,185.264
216.809,104.232,101.743,185.264
219.510,101.359,99.573,181.313
216.706,95.380,101.777,185.324
218.384,102.649,101.777,185.324
214.618,98.697,99.606,181.372
216.260,104.716,99.606,181.372
212.575,101.903,97.482,177.504
211.034,109.474,95.403,173.719
212.556,104.759,93.369,170.015
213.069,111.427,93.369,170.015
208.452,107.837,93.369,170.015
205.823,104.359,95.434,173.776
205.311,108.420,97.546,177.621
199.416,103.597,97.546,177.621
196.669,98.852,99.704,181.551
202.695,97.209,99.704,181.551
191.192,93.375,99.704,181.551
184.974,105.574,101.910,185.568
184.414,99.415,101.910,185.568
176.897,103.752,104.165,189.673
177.469,95.168,104.165,189.673
172.319,102.608,104.165,189.673
164.636,95.166,106.469,193.870
162.881,91.071,106.469,193.870
158.669,85.892,108.825,198.159
160.462,76.924,108.825,198.159
161.060,70.348,108.825,198.159
162.797,76.494,106.504,193.933
158.701,73.569,106.504,193.933
154.487,75.673,108.861,198.224
152.693,79.859,108.861,198.224
150.899,82.850,108.861,198.224
149.105,85.840,108.861,198.224
148.536,79.307,106.539,193.997
146.780,84.575,106.539,193.997
146.195,75.795,106.539,193.997
167.852,78.721,106.539,193.997
148.536,69.942,106.539,193.997
144.439,64.674,106.539,193.997
151.781,68.435,104.267,189.860
150.062,69.008,104.267,189.860
148.344,70.726,104.267,189.860
104.994,79.918,106.574,194.061
95.041,89.871,106.574,194.061
99.139,76.405,106.574,194.061
96.212,71.135,106.574,194.061
99.285,76.886,108.932,198.354
101.184,65.378,111.342,202.743
96.903,59.872,111.342,202.743
95.142,54.370,108.968,198.419
98.135,62.152,108.968,198.419
94.104,61.383,106.644,194.188
102.042,67.137,109.004,198.484
101.473,65.213,106.679,194.251
105.575,76.348,106.679,194.251
109.678,81.623,106.679,194.251
111.436,76.348,106.679,194.251
115.728,82.104,109.039,198.549
118.873,75.557,111.452,202.942
115.811,72.495,111.452,202.942
121.322,66.985,111.452,202.942
182.117,92.165,109.075,198.614
135.976,85.573,109.075,198.614
144.964,81.379,109.075,198.614
166.761,88.507,111.488,203.009
171.247,95.794,113.955,207.500
179.386,91.411,113.955,207.500
182.516,98.298,113.955,207.500
186.898,93.915,113.955,207.500
189.924,102.766,111.525,203.075
192.987,100.927,111.525,203.075
196.051,97.864,111.525,203.075
200.339,103.378,111.525,203.075
203.403,97.864,111.525,203.075
206.466,96.026,111.525,203.075
208.246,101.144,109.147,198.745
212.444,98.146,109.147,198.745
216.641,104.742,109.147,198.745
220.839,101.744,109.147,198.745
222.580,107.908,106.819,194.506
219.760,107.154,104.541,190.358
223.780,113.472,104.541,190.358
225.503,110.600,104.541,190.358
228.375,113.472,104.541,190.358
226.652,111.749,104.541,190.358
274.321,135.297,104.541,190.358
237.240,114.630,102.312,186.299
240.050,112.943,102.312,186.299
242.860,116.878,102.312,186.299
241.242,112.905,100.130,182.326
283.600,133.259,100.130,182.326
254.445,125.007,100.130,182.326
249.494,122.257,100.130,182.326
253.345,127.208,100.130,182.326
256.095,125.557,100.130,182.326
258.846,127.208,100.130,182.326
259.396,124.457,100.130,182.326
265.447,129.408,100.130,182.326
259.622,124.459,97.995,178.438
264.467,122.844,97.995,178.438
268.236,126.613,97.995,178.438
264.359,119.612,100.163,182.386
267.110,116.860,100.163,182.386
268.761,120.712,100.163,182.386
270.412,117.961,100.163,182.386
271.016,121.082,102.379,186.421
271.579,116.019,102.379,186.421
275.516,119.957,102.379,186.421
272.704,118.269,102.379,186.421
286.160,123.793,104.644,190.546
277.536,116.319,104.644,190.546
282.710,111.145,104.644,190.546
284.435,111.720,104.644,190.546
286.160,113.445,104.644,190.546
285.585,116.319,104.644,190.546
283.930,120.013,102.412,186.482
288.994,113.824,102.412,186.482
290.682,118.888,102.412,186.482
289.062,120.334,100.228,182.506
292.917,116.480,100.228,182.506
296.771,113.727,100.228,182.506
299.524,114.277,100.228,182.506
301.176,111.524,100.228,182.506
303.837,109.755,98.091,178.614
302.221,114.605,98.091,178.614
305.993,114.066,98.091,178.614
308.687,113.527,98.091,178.614
310.304,115.144,98.091,178.614
309.765,115.683,98.091,178.614
312.460,111.910,98.091,178.614
312.999,113.527,98.091,178.614
314.615,111.910,98.091,178.614
316.232,108.138,98.091,178.614
324.315,102.210,98.091,178.614
325.932,116.761,98.091,178.614
318.926,107.599,98.091,178.614
316.232,101.671,98.091,178.614
320.004,109.755,98.091,178.614
346.315,113.929,100.261,182.565
319.246,115.345,98.123,178.672
310.082,119.118,98.123,178.672
309.543,117.501,98.123,178.672
305.769,114.806,98.123,178.672
303.074,115.345,98.123,178.672
305.769,111.571,98.123,178.672
306.308,116.423,98.123,178.672
312.238,110.493,98.123,178.672
312.777,108.876,98.123,178.672
313.316,108.337,98.123,178.672
313.855,112.110,98.123,178.672
314.448,108.456,100.294,182.625
312.795,111.211,100.294,182.625
312.244,113.966,100.294,182.625
302.877,116.721,100.294,182.625
294.612,117.272,100.294,182.625
296.265,117.823,100.294,182.625
292.408,115.068,100.294,182.625
289.653,118.925,100.294,182.625
312.244,113.966,100.294,182.625
292.269,115.947,102.513,186.666
287.045,108.624,104.781,190.796
287.621,112.653,104.781,190.796
283.591,113.229,104.781,190.796
280.713,112.653,104.781,190.796
280.151,113.529,107.100,195.017
274.855,111.763,107.100,195.017
275.502,108.996,109.469,199.332
270.089,105.989,109.469,199.332
265.879,105.387,109.469,199.332
266.540,100.062,111.891,203.742
261.008,95.759,111.891,203.742
259.164,101.292,111.891,203.742
252.402,100.677,111.891,203.742
251.787,106.209,111.891,203.742
246.255,101.906,111.891,203.742
248.099,108.668,111.891,203.742
242.567,103.136,111.891,203.742
238.264,107.439,111.891,203.742
235.190,104.365,111.891,203.742
229.658,102.521,111.891,203.742
230.272,105.595,111.891,203.742
219.822,111.127,111.891,203.742
221.666,101.906,111.891,203.742
214.689,93.913,114.367,208.250
207.557,88.350,116.897,212.857
204.345,95.414,116.897,212.857
195.723,91.060,119.483,217.567
205.979,94.783,122.127,222.381
188.617,88.842,124.829,227.301
179.702,88.156,124.829,227.301
172.158,86.099,124.829,227.301
171.473,85.413,124.829,227.301
162.557,80.613,124.829,227.301
160.465,80.233,127.591,232.330
152.754,76.728,127.591,232.330
149.249,83.037,127.591,232.330
142.941,79.532,127.591,232.330
135.230,80.233,127.591,232.330
130.323,89.345,127.591,232.330
120.912,81.684,130.414,237.470
117.330,85.267,130.414,237.470
109.449,81.684,130.414,237.470
104.433,79.535,130.414,237.470
97.985,83.117,130.414,237.470
91.537,80.968,130.414,237.470
126.518,105.844,133.299,242.724
96.931,70.488,136.249,248.094
86.881,62.308,139.263,253.583
75.021,66.646,142.344,259.194
77.503,61.345,145.494,264.929
68.711,68.539,145.494,264.929
67.951,69.053,142.391,259.279
68.811,75.112,145.541,265.016
64.813,69.515,145.541,265.016
69.010,65.754,148.761,270.879
80.083,66.997,152.053,276.872
82.589,64.491,152.053,276.872
83.424,58.643,152.053,276.872
89.272,67.832,152.053,276.872
83.646,63.538,148.810,270.968
79.559,59.450,148.810,270.968
73.672,60.693,152.103,276.963
72.836,56.515,152.103,276.963
72.000,55.680,152.103,276.963
66.151,61.529,152.103,276.963
65.315,55.680,152.103,276.963
61.137,63.200,152.103,276.963
58.630,55.680,152.103,276.963
62.668,54.606,148.859,271.057
66.961,89.789,152.153,277.054
61.332,58.098,148.908,271.146
55.605,44.191,148.908,271.146
64.290,55.755,145.732,265.363
53.540,38.699,148.957,271.234
47.647,48.434,152.252,277.236
58.139,89.282,149.005,271.323
50.772,58.993,149.005,271.323
53.228,53.263,149.005,271.323
58.958,60.631,149.005,271.323
53.445,54.844,145.828,265.537
59.054,49.236,145.828,265.537
63.059,54.844,145.828,265.537
59.054,46.032,145.828,265.537
67.866,53.242,145.828,265.537
73.474,57.248,145.828,265.537
75.801,65.484,142.718,259.875
84.798,68.304,145.876,265.624
79.401,67.274,142.765,259.960
89.597,74.333,142.765,259.960
82.804,71.813,139.720,254.416
71.290,71.045,139.720,254.416
76.663,74.883,139.720,254.416
83.571,71.045,139.720,254.416
90.786,65.842,142.812,260.045
171.598,107.425,142.812,260.045
137.861,75.257,142.812,260.045
127.662,69.765,142.812,260.045
130.152,66.074,145.971,265.799
137.369,70.084,145.971,265.799
139.915,74.631,149.201,271.679
147.292,68.893,149.201,271.679
156.308,76.271,149.201,271.679
163.686,70.533,149.201,271.679
169.423,74.631,149.201,271.679
180.079,67.254,149.201,271.679
187.456,64.795,149.201,271.679
194.834,65.615,149.201,271.679
202.211,59.877,149.201,271.679
207.949,65.615,149.201,271.679
215.326,72.992,149.201,271.679
222.447,71.938,146.019,265.886
227.870,77.093,142.905,260.216
