130.000,132.000,31.000,115.000
130.775,130.023,31.000,115.000
130.500,129.197,31.000,115.000
130.225,130.023,31.000,115.000
128.848,128.646,31.000,115.000
130.225,128.922,31.000,115.000
128.848,127.545,31.000,115.000
129.674,127.821,31.000,115.000
128.848,126.444,31.000,115.000
129.124,127.270,31.000,115.000
127.197,126.444,31.000,115.000
126.922,126.720,31.000,115.000
127.747,127.545,31.000,115.000
128.573,128.371,31.000,115.000
127.747,126.995,31.000,115.000
127.690,126.008,31.686,117.544
125.721,122.914,31.686,117.544
124.877,121.507,31.686,117.544
125.721,122.351,31.686,117.544
124.314,119.819,31.686,117.544
125.721,120.663,31.686,117.544
124.314,119.256,31.686,117.544
125.721,120.100,31.686,117.544
124.314,118.693,31.686,117.544
125.721,120.663,31.686,117.544
123.751,118.693,31.686,117.544
123.470,118.412,31.686,117.544
123.189,115.880,31.686,117.544
122.907,115.036,31.686,117.544
121.501,113.067,31.686,117.544
124.033,114.473,31.686,117.544
123.189,115.317,31.686,117.544
123.470,116.161,31.686,117.544
122.626,114.192,31.686,117.544
124.033,115.599,31.686,117.544
122.626,115.317,31.686,117.544
122.907,113.911,31.686,117.544
121.501,112.504,31.686,117.544
122.345,112.223,31.686,117.544
121.501,110.816,31.686,117.544
121.219,109.409,31.686,117.544
122.063,110.816,31.686,117.544
121.782,109.409,31.686,117.544
122.626,110.253,31.686,117.544
124.033,110.534,31.686,117.544
122.063,109.690,31.686,117.544
123.470,111.097,31.686,117.544
122.626,108.565,31.686,117.544
122.907,108.846,31.686,117.544
120.938,106.314,31.686,117.544
120.094,104.908,31.686,117.544
122.063,105.752,31.686,117.544
120.094,103.782,31.686,117.544
122.626,105.752,31.686,117.544
122.907,106.033,31.686,117.544
120.938,104.626,31.686,117.544
122.345,107.158,31.686,117.544
120.938,105.189,31.686,117.544
122.345,106.596,31.686,117.544
120.242,103.781,31.010,115.038
121.068,105.709,31.010,115.038
119.691,103.231,31.010,115.038
120.517,102.955,31.010,115.038
119.521,102.324,30.349,112.584
120.329,103.133,30.349,112.584
121.138,103.941,30.349,112.584
120.329,102.055,30.349,112.584
122.216,103.941,30.349,112.584
120.329,102.055,30.349,112.584
121.138,102.863,30.349,112.584
119.790,100.438,30.349,112.584
118.982,99.091,30.349,112.584
120.329,99.899,30.349,112.584
119.354,98.762,29.702,110.184
121.200,99.553,29.702,110.184
120.409,100.344,29.702,110.184
121.200,101.663,29.702,110.184
119.882,99.817,29.702,110.184
120.673,101.135,29.702,110.184
118.827,99.289,29.702,110.184
120.145,100.608,29.702,110.184
118.299,97.180,29.702,110.184
119.618,97.971,29.702,110.184
118.299,96.125,29.702,110.184
119.091,96.916,29.702,110.184
118.136,95.803,29.068,107.834
119.427,96.577,29.068,107.834
118.990,96.483,28.448,105.534
120.253,97.241,28.448,105.534
119.496,96.988,28.448,105.534
120.253,97.746,28.448,105.534
118.990,95.978,28.448,105.534
118.233,95.220,28.448,105.534
119.496,95.978,28.448,105.534
118.233,93.199,28.448,105.534
117.980,92.947,28.448,105.534
118.738,94.210,28.448,105.534
117.475,92.442,28.448,105.534
119.748,93.705,28.448,105.534
118.990,94.968,28.448,105.534
118.738,93.705,28.448,105.534
120.001,94.462,28.448,105.534
118.233,92.189,28.448,105.534
117.980,90.926,28.448,105.534
118.738,91.684,28.448,105.534
117.475,89.916,28.448,105.534
118.738,90.673,28.448,105.534
117.475,88.905,28.448,105.534
118.738,90.168,28.448,105.534
117.475,88.905,28.448,105.534
119.243,90.168,28.448,105.534
117.980,88.905,28.448,105.534
118.233,89.663,28.448,105.534
117.475,87.895,28.448,105.534
118.738,88.653,28.448,105.534
116.970,86.884,28.448,105.534
117.727,87.642,28.448,105.534
116.464,85.369,28.448,105.534
118.233,86.632,28.448,105.534
117.475,86.884,28.448,105.534
118.738,88.147,28.448,105.534
116.464,86.379,28.448,105.534
117.727,87.642,28.448,105.534
115.454,85.369,28.448,105.534
116.717,86.127,28.448,105.534
114.444,83.853,28.448,105.534
116.212,85.116,28.448,105.534
113.938,82.338,28.448,105.534
115.707,84.611,28.448,105.534
113.433,82.338,28.448,105.534
115.201,83.601,28.448,105.534
113.801,83.022,27.842,103.284
115.531,84.752,27.842,103.284
113.801,83.516,27.842,103.284
115.531,84.258,27.842,103.284
113.306,83.022,27.842,103.284
112.070,81.786,27.842,103.284
114.295,82.527,27.842,103.284
112.447,81.008,27.248,101.081
114.141,82.701,27.248,101.081
112.447,81.491,27.248,101.081
114.141,83.185,27.248,101.081
111.963,81.008,27.248,101.081
113.657,83.669,27.248,101.081
111.849,82.182,26.667,98.926
113.033,84.313,26.667,98.926
110.428,81.708,26.667,98.926
111.612,82.892,26.667,98.926
109.481,79.814,26.667,98.926
111.139,80.998,26.667,98.926
109.481,79.340,26.667,98.926
110.665,80.524,26.667,98.926
109.007,78.867,26.667,98.926
110.665,80.524,26.667,98.926
109.007,78.867,26.667,98.926
110.665,80.524,26.667,98.926
108.534,78.867,26.667,98.926
110.191,79.577,26.667,98.926
108.060,77.446,26.667,98.926
109.718,78.156,26.667,98.926
108.060,76.025,26.667,98.926
109.718,77.683,26.667,98.926
107.587,75.552,26.667,98.926
109.244,77.683,26.667,98.926
107.018,77.140,26.098,96.816
108.640,78.762,26.098,96.816
107.018,77.140,26.098,96.816
108.640,78.299,26.098,96.816
106.091,75.750,26.098,96.816
104.806,74.325,25.542,94.751
106.847,75.913,25.542,94.751
104.806,73.871,25.542,94.751
106.394,75.913,25.542,94.751
104.806,73.871,25.542,94.751
106.394,75.459,25.542,94.751
104.806,72.964,25.542,94.751
106.847,75.005,25.542,94.751
105.260,73.418,25.542,94.751
106.847,75.005,25.542,94.751
104.806,72.511,25.542,94.751
106.394,73.645,25.542,94.751
104.806,71.150,25.542,94.751
105.940,72.284,25.542,94.751
103.808,70.890,24.997,92.731
105.362,72.443,24.997,92.731
103.364,70.890,24.997,92.731
103.142,71.112,24.997,92.731
102.476,70.002,24.997,92.731
103.812,71.633,24.464,90.753
101.423,70.112,24.464,90.753
100.337,71.633,24.464,90.753
98.816,70.546,24.464,90.753
98.165,71.198,24.464,90.753
97.079,69.678,24.464,90.753
96.427,70.764,24.464,90.753
95.029,70.436,25.005,92.761
94.363,71.546,25.005,92.761
92.809,73.100,25.005,92.761
93.684,73.686,25.558,94.814
93.166,73.815,26.124,96.911
93.862,71.263,26.124,96.911
93.630,71.959,26.124,96.911
94.326,68.944,26.124,96.911
94.094,69.176,26.124,96.911
94.326,68.480,26.124,96.911
93.630,67.784,26.124,96.911
95.718,68.944,26.124,96.911
95.022,68.248,26.124,96.911
96.865,69.952,25.567,94.845
96.184,68.817,25.567,94.845
97.773,69.498,25.567,94.845
99.363,70.633,25.567,94.845
97.773,70.860,25.567,94.845
97.092,68.817,25.567,94.845
95.957,67.228,25.567,94.845
97.092,68.817,25.567,94.845
95.957,65.412,25.567,94.845
97.546,66.093,25.567,94.845
96.865,64.049,25.567,94.845
97.546,65.185,25.567,94.845
97.319,65.412,25.567,94.845
96.638,64.277,25.567,94.845
95.957,64.504,25.567,94.845
97.546,65.185,25.567,94.845
95.957,62.687,25.567,94.845
97.092,63.822,25.567,94.845
95.503,60.871,25.567,94.845
94.368,61.098,25.567,94.845
93.984,61.453,25.022,92.822
92.429,60.787,25.022,92.822
94.429,62.786,25.022,92.822
93.318,62.120,25.022,92.822
92.651,60.565,25.022,92.822
94.417,61.768,24.488,90.843
94.469,60.432,23.966,88.905
94.256,60.645,23.966,88.905
93.192,58.729,23.966,88.905
94.682,59.793,23.966,88.905
92.871,57.706,24.496,90.872
93.524,58.358,24.496,90.872
94.176,59.011,24.496,90.872
94.582,59.134,25.038,92.883
93.613,57.876,25.592,94.938
93.840,57.194,25.592,94.938
93.159,55.603,25.592,94.938
93.583,56.675,26.158,97.038
94.980,56.324,26.737,99.185
93.793,54.188,26.737,99.185
92.131,51.102,26.737,99.185
94.268,53.238,26.737,99.185
92.606,51.576,26.737,99.185
94.268,54.188,26.737,99.185
93.081,53.950,26.737,99.185
94.268,55.612,26.737,99.185
92.741,53.284,27.328,101.380
92.498,52.070,27.328,101.380
93.711,51.342,27.328,101.380
92.013,49.644,27.328,101.380
94.197,51.342,27.328,101.380
92.983,48.188,27.328,101.380
94.682,50.372,27.328,101.380
93.954,48.188,27.328,101.380
96.623,50.372,27.328,101.380
96.213,49.815,26.746,99.218
98.558,52.018,26.175,97.102
97.717,51.485,25.617,95.031
99.525,53.595,25.071,93.005
98.719,52.655,24.536,91.021
100.031,53.836,24.013,89.080
99.391,52.770,24.013,89.080
99.853,53.103,23.501,87.181
99.500,53.027,23.000,85.322
101.338,54.456,23.000,85.322
99.418,53.988,22.509,83.502
101.217,55.387,22.509,83.502
99.723,55.315,22.029,81.721
101.092,55.901,22.029,81.721
99.332,54.532,22.029,81.721
100.310,55.119,22.029,81.721
98.550,53.359,22.029,81.721
99.919,54.728,22.029,81.721
98.941,52.967,22.029,81.721
99.919,53.163,22.029,81.721
100.114,53.750,22.029,81.721
99.784,53.678,21.559,79.979
100.741,53.870,21.559,79.979
100.417,55.645,21.100,78.273
100.230,54.709,21.100,78.273
100.417,54.896,21.100,78.273
99.480,53.584,21.100,78.273
100.042,53.022,21.100,78.273
99.106,53.210,21.100,78.273
99.668,53.022,21.100,78.273
100.604,53.210,21.100,78.273
100.042,53.397,21.100,78.273
98.731,52.835,21.100,78.273
99.668,53.022,21.100,78.273
100.604,53.584,21.100,78.273
98.918,52.273,21.100,78.273
100.230,53.584,21.100,78.273
98.169,51.524,21.100,78.273
98.356,50.587,21.100,78.273
99.293,51.149,21.100,78.273
98.356,50.212,21.100,78.273
99.293,50.774,21.100,78.273
98.356,49.463,21.100,78.273
99.668,50.774,21.100,78.273
100.230,51.336,21.100,78.273
99.668,51.524,21.100,78.273
100.604,51.711,21.100,78.273
99.293,51.149,21.100,78.273
98.731,50.212,21.100,78.273
100.042,50.774,21.100,78.273
99.003,49.623,20.650,76.604
100.287,49.806,20.650,76.604
99.003,49.623,20.650,76.604
100.287,49.806,20.650,76.604
99.003,50.356,20.650,76.604
99.920,49.806,20.650,76.604
98.903,51.506,20.209,74.970
100.159,51.686,20.209,74.970
98.903,50.789,20.209,74.970
99.083,50.968,20.209,74.970
98.544,50.071,20.209,74.970
97.288,48.097,20.209,74.970
98.903,48.276,20.209,74.970
98.724,48.815,20.209,74.970
98.544,49.353,20.209,74.970
98.006,48.097,20.209,74.970
99.262,48.994,20.209,74.970
99.800,50.250,20.209,74.970
98.186,48.276,20.209,74.970
99.442,49.532,20.209,74.970
97.827,48.635,20.209,74.970
98.724,48.815,20.209,74.970
97.468,47.200,20.209,74.970
98.006,47.020,20.209,74.970
98.903,47.559,20.209,74.970
98.365,47.020,20.209,74.970
99.262,47.917,20.209,74.970
97.921,47.506,19.778,73.371
98.799,48.735,19.778,73.371
98.272,49.262,19.778,73.371
98.799,47.682,19.778,73.371
97.487,47.279,19.357,71.807
98.346,48.139,19.357,71.807
97.143,46.248,19.357,71.807
97.315,46.764,19.357,71.807
96.799,44.873,19.357,71.807
98.002,45.732,19.357,71.807
97.487,46.248,19.357,71.807
98.690,46.764,19.357,71.807
97.487,45.561,19.357,71.807
98.690,47.107,19.357,71.807
97.487,45.904,19.357,71.807
98.346,46.420,19.357,71.807
97.830,46.592,19.357,71.807
97.315,44.701,19.357,71.807
98.518,45.217,19.357,71.807
97.315,43.670,19.357,71.807
98.518,44.873,19.357,71.807
97.658,43.670,19.357,71.807
97.487,44.529,19.357,71.807
97.658,45.045,19.357,71.807
96.799,43.842,19.357,71.807
96.627,44.014,19.357,71.807
96.337,43.620,18.944,70.275
96.168,44.124,18.944,70.275
96.673,43.620,18.944,70.275
97.178,43.788,18.944,70.275
96.673,42.274,18.944,70.275
97.178,43.115,18.944,70.275
97.346,42.611,18.944,70.275
96.841,43.452,18.944,70.275
96.337,43.956,18.944,70.275
95.832,44.124,18.944,70.275
96.000,43.956,18.944,70.275
95.832,42.779,18.944,70.275
97.009,42.947,18.944,70.275
97.374,41.913,18.540,68.777
98.047,41.853,18.144,67.310
98.531,42.981,18.144,67.310
99.014,43.464,18.144,67.310
97.886,42.981,18.144,67.310
98.047,43.464,18.144,67.310
98.531,44.269,18.144,67.310
97.403,42.820,18.144,67.310
98.531,43.947,18.144,67.310
97.725,43.464,18.144,67.310
98.531,43.625,18.144,67.310
97.403,42.175,18.144,67.310
97.886,42.658,18.144,67.310
97.081,41.208,18.144,67.310
98.208,42.014,18.144,67.310
97.725,42.175,18.144,67.310
98.531,42.336,18.144,67.310
97.403,41.208,18.144,67.310
98.531,42.336,18.144,67.310
98.047,41.853,18.144,67.310
97.886,41.370,18.144,67.310
97.403,41.531,18.144,67.310
96.920,40.403,18.144,67.310
97.725,40.886,18.144,67.310
96.920,39.758,18.144,67.310
98.047,40.886,18.144,67.310
96.920,40.081,18.144,67.310
98.047,41.208,18.144,67.310
96.920,41.047,18.144,67.310
97.725,41.853,18.144,67.310
96.597,40.725,18.144,67.310
97.725,41.531,18.144,67.310
96.275,40.081,18.144,67.310
95.382,40.022,17.758,65.875
96.170,39.864,17.758,65.875
95.066,39.076,17.758,65.875
95.539,39.864,17.758,65.875
94.751,39.076,17.758,65.875
95.539,40.180,17.758,65.875
96.185,40.426,17.379,64.470
94.796,39.963,17.379,64.470
95.876,40.735,17.379,64.470
95.104,39.963,17.379,64.470
94.333,39.809,17.379,64.470
94.179,39.037,17.379,64.470
94.024,38.883,17.379,64.470
93.561,38.420,17.379,64.470
94.950,39.192,17.379,64.470
94.179,38.729,17.379,64.470
94.641,39.809,17.379,64.470
93.870,38.729,17.379,64.470
94.799,40.160,17.008,63.095
93.742,39.707,17.008,63.095
93.486,39.652,16.646,61.750
93.930,40.391,16.646,61.750
93.486,39.947,16.646,61.750
93.043,40.095,16.646,61.750
94.078,40.243,16.646,61.750
92.452,39.800,16.646,61.750
92.008,39.356,16.646,61.750
93.339,40.095,16.646,61.750
91.713,39.652,16.646,61.750
92.747,40.095,16.646,61.750
93.191,41.130,16.646,61.750
91.565,39.800,16.646,61.750
92.600,40.539,16.646,61.750
91.861,38.913,16.646,61.750
92.895,39.652,16.646,61.750
92.156,38.026,16.646,61.750
93.191,39.061,16.646,61.750
91.861,38.322,16.646,61.750
92.600,39.356,16.646,61.750
93.339,40.982,16.646,61.750
92.008,39.061,16.646,61.750
93.339,40.095,16.646,61.750
91.417,38.469,16.646,61.750
90.383,36.844,16.646,61.750
89.644,35.809,16.646,61.750
90.383,35.661,16.646,61.750
89.348,34.922,16.646,61.750
89.791,35.661,16.646,61.750
90.826,36.400,16.646,61.750
91.269,37.139,16.646,61.750
90.235,36.105,16.646,61.750
89.791,35.661,16.646,61.750
90.530,36.696,16.646,61.750
91.269,37.139,16.646,61.750
90.530,35.809,16.646,61.750
91.861,36.548,16.646,61.750
92.600,36.991,16.646,61.750
92.065,36.368,16.291,60.433
93.077,36.512,16.291,60.433
91.776,35.500,16.291,60.433
92.788,36.512,16.291,60.433
91.776,36.078,16.291,60.433
92.499,35.355,16.291,60.433
91.776,34.632,16.291,60.433
92.499,35.355,16.291,60.433
91.776,34.632,16.291,60.433
91.342,33.619,16.291,60.433
92.770,35.240,15.943,59.144
92.062,34.249,15.943,59.144
92.770,34.107,15.943,59.144
93.761,35.098,15.943,59.144
92.430,34.774,15.603,57.883
93.677,34.635,15.603,57.883
92.707,34.219,15.603,57.883
93.954,35.466,15.603,57.883
92.707,34.497,15.603,57.883
93.677,34.635,15.603,57.883
92.984,33.942,15.603,57.883
93.677,34.081,15.603,57.883
92.984,33.665,15.603,57.883
93.954,33.804,15.603,57.883
92.984,33.111,15.603,57.883
93.954,34.358,15.603,57.883
93.261,33.942,15.603,57.883
94.508,34.635,15.603,57.883
93.538,33.665,15.603,57.883
94.785,34.358,15.603,57.883
93.261,32.834,15.603,57.883
