478.000,143.000,80.000,111.000
475.877,143.125,80.000,111.000
475.502,140.502,80.000,111.000
473.628,137.879,80.000,111.000
472.504,135.256,80.000,111.000
471.380,133.382,80.000,111.000
470.256,130.759,80.000,111.000
468.382,130.384,80.000,111.000
469.506,129.260,80.000,111.000
467.632,127.386,80.000,111.000
466.508,127.011,80.000,111.000
466.883,125.887,80.000,111.000
465.759,125.512,80.000,111.000
466.133,125.138,80.000,111.000
465.009,123.264,80.000,111.000
464.634,122.140,80.000,111.000
465.009,121.765,80.000,111.000
463.135,122.140,80.000,111.000
461.262,124.013,80.000,111.000
460.138,125.887,80.000,111.000
458.264,125.512,80.000,111.000
456.390,127.386,80.000,111.000
452.268,128.510,80.000,111.000
448.895,128.135,80.000,111.000
446.066,130.407,81.770,113.456
440.321,130.790,81.770,113.456
433.455,133.111,83.579,115.966
425.625,133.859,85.428,118.532
420.423,138.261,85.428,118.532
410.759,140.687,87.318,121.154
401.730,143.166,89.250,123.835
391.278,145.256,89.250,123.835
378.932,151.815,87.347,121.194
370.004,151.924,85.484,118.610
362.039,155.119,83.661,116.080
346.755,157.078,83.661,116.080
338.525,154.335,83.661,116.080
332.647,157.862,83.661,116.080
317.363,159.037,83.661,116.080
299.746,162.919,81.877,113.605
282.487,165.604,81.877,113.605
274.432,169.823,81.877,113.605
269.446,172.508,81.877,113.605
264.164,178.016,83.689,116.118
262.987,184.680,83.689,116.118
263.379,192.129,83.689,116.118
259.607,187.183,85.540,118.687
259.907,190.443,87.433,121.313
260.215,183.577,89.367,123.997
261.398,179.165,91.345,126.741
262.607,175.544,93.366,129.545
265.658,173.657,95.431,132.411
266.999,170.528,95.431,132.411
270.128,166.504,95.431,132.411
271.469,160.693,95.431,132.411
272.811,153.988,95.431,132.411
275.001,144.638,97.543,135.341
277.241,131.290,99.701,138.335
278.642,110.273,99.701,138.335
280.043,99.532,99.701,138.335
279.576,87.856,99.701,138.335
280.043,78.048,99.701,138.335
277.708,68.241,99.701,138.335
276.307,60.301,99.701,138.335
274.906,53.296,99.701,138.335
275.373,47.224,99.701,138.335
273.285,42.847,97.575,135.385
273.885,38.564,95.494,132.498
276.121,34.538,95.494,132.498
274.984,32.933,93.458,129.672
277.246,32.206,91.465,126.907
279.388,30.920,91.465,126.907
283.244,32.206,91.465,126.907
287.957,30.063,91.465,126.907
293.475,33.481,89.514,124.201
299.683,33.593,87.605,121.552
306.551,36.867,85.737,118.960
313.271,40.071,83.909,116.423
318.333,41.691,82.119,113.940
322.565,44.384,82.119,113.940
330.485,44.486,80.368,111.511
339.897,44.110,80.368,111.511
347.648,44.936,78.654,109.133
356.859,45.304,78.654,109.133
370.897,48.302,80.394,111.547
379.558,47.925,80.394,111.547
390.781,48.645,82.173,114.015
400.404,48.260,82.173,114.015
415.750,47.621,80.421,111.584
431.949,52.518,80.421,111.584
440.613,55.155,80.421,111.584
451.538,59.299,80.421,111.584
466.230,64.950,80.421,111.584
475.438,71.586,78.706,109.204
484.655,77.116,78.706,109.204
499.353,84.321,77.027,106.875
506.209,83.239,77.027,106.875
512.343,87.208,77.027,106.875
517.755,90.455,77.027,106.875
518.838,93.703,77.027,106.875
518.477,96.950,77.027,106.875
515.004,102.132,78.732,109.240
511.685,107.664,78.732,109.240
508.366,112.458,78.732,109.240
500.990,118.520,80.473,111.657
492.669,122.369,82.254,114.127
484.963,124.704,84.074,116.652
477.904,126.274,85.934,119.233
472.671,129.897,85.934,119.233
466.633,132.714,85.934,119.233
460.595,136.337,85.934,119.233
452.947,139.960,85.934,119.233
444.494,141.168,85.934,119.233
435.608,141.102,87.835,121.871
428.613,143.982,87.835,121.871
421.619,146.039,87.835,121.871
413.801,149.742,87.835,121.871
405.984,153.445,87.835,121.871
398.989,157.148,87.835,121.871
391.994,160.851,87.835,121.871
384.177,166.200,87.835,121.871
377.182,171.549,87.835,121.871
370.584,174.831,85.962,119.272
363.739,179.260,85.962,119.272
355.282,182.885,85.962,119.272
346.826,185.703,85.962,119.272
338.370,188.522,85.962,119.272
332.330,191.341,85.962,119.272
325.948,195.452,87.864,121.911
321.987,192.823,89.808,124.609
317.359,196.609,89.808,124.609
319.421,193.921,91.795,127.366
319.851,192.631,91.795,127.366
321.959,189.884,93.826,130.184
325.914,188.565,93.826,130.184
329.870,191.642,93.826,130.184
337.224,191.759,91.825,127.407
346.257,195.630,91.825,127.407
355.290,199.501,91.825,127.407
366.044,202.512,91.825,127.407
378.518,208.104,91.825,127.407
390.131,212.836,91.825,127.407
399.380,215.442,93.857,130.226
410.371,219.399,93.857,130.226
420.483,222.477,93.857,130.226
431.474,227.313,93.857,130.226
440.707,233.029,93.857,130.226
447.302,238.744,93.857,130.226
452.138,243.580,93.857,130.226
456.095,247.537,93.857,130.226
458.293,246.218,93.857,130.226
456.095,245.779,93.857,130.226
453.897,243.580,93.857,130.226
450.819,240.503,93.857,130.226
448.621,233.908,93.857,130.226
446.422,228.192,93.857,130.226
443.345,223.356,93.857,130.226
439.388,222.917,93.857,130.226
439.828,219.839,93.857,130.226
442.026,217.641,93.857,130.226
441.586,215.442,93.857,130.226
442.026,213.244,93.857,130.226
440.532,207.698,95.933,133.107
445.475,205.451,95.933,133.107
442.329,204.103,95.933,133.107
439.869,204.029,98.056,136.052
437.355,203.001,100.225,139.063
434.068,203.470,100.225,139.063
426.627,202.419,102.443,142.139
419.429,200.980,102.443,142.139
410.828,196.918,104.709,145.284
403.054,194.802,107.026,148.499
395.534,197.308,107.026,148.499
384.467,193.065,109.394,151.784
370.632,193.577,109.394,151.784
348.597,186.916,109.394,151.784
334.761,185.378,109.394,151.784
322.975,180.766,109.394,151.784
310.164,176.155,109.394,151.784
290.179,173.592,109.394,151.784
275.319,170.005,109.394,151.784
266.607,167.443,109.394,151.784
256.871,164.881,109.394,151.784
245.085,162.319,109.394,151.784
235.349,160.782,109.394,151.784
227.662,160.269,109.394,151.784
222.026,163.856,109.394,151.784
215.364,164.369,109.394,151.784
209.727,168.980,109.394,151.784
202.041,172.568,109.394,151.784
195.379,177.179,109.394,151.784
189.742,180.766,109.394,151.784
184.105,183.329,109.394,151.784
179.493,186.916,109.394,151.784
174.882,187.428,109.394,151.784
171.295,191.015,109.394,151.784
166.683,192.552,109.394,151.784
164.120,193.065,109.394,151.784
161.558,195.627,109.394,151.784
162.071,195.115,109.394,151.784
159.509,194.602,109.394,151.784
161.046,196.139,109.394,151.784
157.459,194.602,109.394,151.784
158.996,194.090,109.394,151.784
157.254,188.689,111.814,155.142
153.588,186.070,111.814,155.142
149.921,181.356,111.814,155.142
150.445,175.595,111.814,155.142
144.684,169.833,111.814,155.142
138.922,163.024,111.814,155.142
135.256,155.168,111.814,155.142
128.447,145.216,111.814,155.142
124.780,133.169,111.814,155.142
119.019,121.122,111.814,155.142
114.305,106.981,111.814,155.142
111.963,93.994,109.430,151.834
114.526,81.179,109.430,151.834
116.064,71.440,109.430,151.834
116.577,61.701,109.430,151.834
120.165,49.911,109.430,151.834
125.804,38.121,109.430,151.834
132.467,27.356,109.430,151.834
138.106,20.692,109.430,151.834
145.795,11.978,109.430,151.834
153.484,4.289,109.430,151.834
163.224,-1.350,109.430,151.834
169.887,-5.963,109.430,151.834
178.465,-5.826,107.096,148.596
183.959,-5.693,104.812,145.427
192.175,-3.669,102.577,142.326
202.995,-3.540,100.390,139.291
214.490,-2.509,98.249,136.320
231.951,-1.499,96.154,133.413
241.224,1.226,94.103,130.568
249.451,3.043,92.096,127.784
255.007,5.653,90.132,125.059
256.375,6.580,88.210,122.392
260.103,9.876,86.329,119.782
262.193,13.882,84.488,117.227
261.797,15.861,84.488,117.227
261.401,17.840,84.488,117.227
261.921,21.760,82.687,114.728
263.176,24.850,80.923,112.281
260.750,28.605,79.197,109.887
259.807,32.994,77.509,107.543
258.718,34.810,77.509,107.543
259.807,36.625,77.509,107.543
257.484,40.921,75.856,105.250
257.950,44.441,74.238,103.005
258.993,47.571,74.238,103.005
261.428,50.701,74.238,103.005
265.236,50.793,72.655,100.809
266.257,53.856,72.655,100.809
268.631,52.388,74.262,103.039
268.979,52.736,74.262,103.039
273.459,56.182,72.679,100.842
273.799,57.203,72.679,100.842
276.182,57.543,72.679,100.842
279.247,54.479,72.679,100.842
283.672,51.415,72.679,100.842
286.056,51.756,72.679,100.842
287.758,54.139,72.679,100.842
288.779,53.799,72.679,100.842
290.538,54.546,71.129,98.691
290.205,55.545,71.129,98.691
290.538,56.545,71.129,98.691
288.873,57.544,71.129,98.691
287.873,59.210,71.129,98.691
286.207,61.543,71.129,98.691
285.207,64.541,71.129,98.691
283.542,66.207,71.129,98.691
281.876,67.873,71.129,98.691
280.876,69.539,71.129,98.691
280.543,72.538,71.129,98.691
280.210,74.870,71.129,98.691
281.876,76.536,71.129,98.691
282.209,80.201,71.129,98.691
283.208,82.533,71.129,98.691
283.542,85.532,71.129,98.691
283.875,87.864,71.129,98.691
285.541,90.863,71.129,98.691
284.541,93.196,71.129,98.691
285.541,96.861,71.129,98.691
284.541,98.527,71.129,98.691
284.874,101.525,71.129,98.691
285.207,103.858,71.129,98.691
286.207,106.856,71.129,98.691
286.002,111.441,69.612,96.587
286.328,111.767,69.612,96.587
288.642,116.883,68.127,94.527
290.237,119.117,68.127,94.527
290.557,121.989,68.127,94.527
291.591,125.150,66.675,92.511
294.409,129.448,65.253,90.538
296.548,132.199,65.253,90.538
299.307,135.227,63.861,88.607
301.401,138.517,63.861,88.607
302.370,143.210,62.499,86.718
303.248,145.260,62.499,86.718
305.325,148.160,61.167,84.869
305.612,150.165,61.167,84.869
307.618,152.171,61.167,84.869
313.517,155.009,59.862,83.059
316.602,156.411,59.862,83.059
319.125,157.813,59.862,83.059
319.966,158.094,59.862,83.059
369.599,157.813,59.862,83.059
371.562,158.094,59.862,83.059
372.964,158.374,59.862,83.059
374.366,159.215,59.862,83.059
372.964,158.374,59.862,83.059
374.366,158.654,59.862,83.059
371.843,157.813,59.862,83.059
372.684,158.094,59.862,83.059
371.843,158.374,59.862,83.059
372.684,158.654,59.862,83.059
372.964,157.813,59.862,83.059
373.245,158.654,59.862,83.059
373.525,158.935,59.862,83.059
372.684,158.094,59.862,83.059
374.086,158.374,59.862,83.059
375.488,159.215,59.862,83.059
376.329,159.496,59.862,83.059
374.927,159.776,59.862,83.059
375.836,158.770,58.586,81.288
374.464,159.593,58.586,81.288
375.836,159.867,58.586,81.288
377.208,161.240,58.586,81.288
375.836,162.612,58.586,81.288
375.561,163.435,58.586,81.288
376.934,160.416,58.586,81.288
374.292,161.510,59.882,83.086
375.085,161.464,61.207,84.924
373.516,162.607,62.561,86.803
373.736,157.694,63.945,88.724
370.231,158.888,65.360,90.687
371.762,154.908,65.360,90.687
371.456,157.663,65.360,90.687
372.374,156.132,65.360,90.687
371.596,159.165,63.966,88.753
373.693,155.869,63.966,88.753
371.596,159.165,63.966,88.753
373.094,155.869,63.966,88.753
370.997,158.566,63.966,88.753
372.495,155.869,63.966,88.753
371.596,159.165,63.966,88.753
373.693,155.869,63.966,88.753
371.596,159.165,63.966,88.753
373.693,156.468,63.966,88.753
372.794,160.364,63.966,88.753
374.293,157.068,63.966,88.753
372.195,160.364,63.966,88.753
374.293,156.468,63.966,88.753
372.195,159.764,63.966,88.753
374.293,155.270,63.966,88.753
373.531,157.660,62.602,86.860
373.237,159.713,62.602,86.860
374.704,155.901,62.602,86.860
372.651,157.953,62.602,86.860
374.117,160.593,62.602,86.860
374.997,156.194,62.602,86.860
374.704,158.833,62.602,86.860
374.997,160.886,62.602,86.860
373.531,157.074,62.602,86.860
373.824,160.299,62.602,86.860
373.436,156.600,63.987,88.782
372.417,159.039,65.403,90.746
372.647,155.810,66.850,92.754
458.652,137.565,68.329,94.806
461.533,142.366,68.329,94.806
462.493,147.807,68.329,94.806
461.533,153.889,68.329,94.806
461.773,158.485,69.841,96.904
460.792,163.392,69.841,96.904
462.427,166.337,69.841,96.904
464.063,169.281,69.841,96.904
467.008,172.226,69.841,96.904
469.329,175.466,68.351,94.837
470.289,175.146,68.351,94.837
471.944,177.700,66.894,92.815
473.480,175.698,68.374,94.868
472.391,174.316,69.886,96.967
474.683,174.644,69.886,96.967
472.391,173.662,69.886,96.967
472.064,172.679,69.886,96.967
473.701,171.697,69.886,96.967
472.064,170.061,69.886,96.967
472.391,168.424,69.886,96.967
473.373,166.787,69.886,96.967
473.046,163.186,69.886,96.967
474.683,158.275,69.886,96.967
475.665,152.710,69.886,96.967
475.992,146.490,69.886,96.967
478.939,140.925,69.886,96.967
478.611,135.359,69.886,96.967
480.895,127.833,71.433,99.113
480.452,121.530,73.013,101.306
481.478,116.399,73.013,101.306
482.504,111.953,73.013,101.306
482.162,107.507,73.013,101.306
482.504,103.745,73.013,101.306
483.530,99.299,73.013,101.306
483.188,94.168,73.013,101.306
483.445,87.725,74.628,103.547
481.697,81.782,74.628,103.547
478.551,75.839,74.628,103.547
475.404,71.295,74.628,103.547
471.559,66.750,74.628,103.547
468.413,60.807,74.628,103.547
466.176,151.876,73.037,101.339
469.255,149.481,73.037,101.339
466.860,152.560,73.037,101.339
469.939,154.271,73.037,101.339
466.431,151.724,71.479,99.178
469.445,153.398,71.479,99.178
466.011,155.424,69.955,97.063
468.961,153.786,69.955,97.063
466.232,156.400,68.463,94.993
469.118,156.720,68.463,94.993
466.448,158.042,67.003,92.967
469.273,157.101,67.003,92.967
466.660,158.395,65.574,90.985
469.424,158.702,65.574,90.985
466.867,158.784,64.176,89.044
468.971,159.686,64.176,89.044
467.627,160.925,62.807,87.145
468.013,161.003,61.468,85.287
468.877,161.291,61.468,85.287
468.589,161.579,61.468,85.287
468.877,160.715,61.468,85.287
467.035,162.457,60.157,83.468
467.948,163.619,58.874,81.688
468.223,162.792,58.874,81.688
467.948,163.067,58.874,81.688
468.223,162.792,58.874,81.688
468.499,163.067,58.874,81.688
468.223,162.792,58.874,81.688
468.499,163.067,58.874,81.688
468.223,163.343,58.874,81.688
467.948,163.067,58.874,81.688
468.223,162.792,58.874,81.688
467.948,163.067,58.874,81.688
468.223,162.792,58.874,81.688
467.948,163.067,58.874,81.688
468.223,162.792,58.874,81.688
467.948,163.067,58.874,81.688
468.223,162.240,58.874,81.688
467.948,163.067,58.874,81.688
468.223,162.792,58.874,81.688
467.396,163.067,58.874,81.688
468.223,162.240,58.874,81.688
467.948,163.067,58.874,81.688
468.223,162.792,58.874,81.688
467.948,163.067,58.874,81.688
468.223,162.792,58.874,81.688
467.396,163.067,58.874,81.688
468.223,162.792,58.874,81.688
467.948,163.067,58.874,81.688
468.223,162.792,58.874,81.688
467.948,163.067,58.874,81.688
468.223,162.792,58.874,81.688
467.948,163.067,58.874,81.688
468.223,162.792,58.874,81.688
467.396,163.067,58.874,81.688
468.223,162.792,58.874,81.688
467.948,163.067,58.874,81.688
468.223,162.792,58.874,81.688
467.948,163.067,58.874,81.688
468.223,162.792,58.874,81.688
467.948,163.067,58.874,81.688
468.223,162.792,58.874,81.688
467.948,163.067,58.874,81.688
468.223,162.792,58.874,81.688
467.948,163.067,58.874,81.688
468.223,162.792,58.874,81.688
467.396,163.067,58.874,81.688
468.223,162.792,58.874,81.688
467.948,163.067,58.874,81.688
468.775,162.792,58.874,81.688
468.499,163.067,58.874,81.688
468.223,163.343,58.874,81.688
467.948,163.067,58.874,81.688
468.223,162.792,58.874,81.688
468.499,163.067,58.874,81.688
468.223,162.792,58.874,81.688
467.948,162.516,58.874,81.688
468.223,162.240,58.874,81.688
467.948,163.067,58.874,81.688
468.775,162.792,58.874,81.688
468.499,163.067,58.874,81.688
468.223,162.792,58.874,81.688
467.948,163.067,58.874,81.688
468.223,162.792,58.874,81.688
467.948,163.067,58.874,81.688
468.223,162.792,58.874,81.688
467.396,163.067,58.874,81.688
468.223,162.792,58.874,81.688
467.948,163.067,58.874,81.688
468.223,162.792,58.874,81.688
467.948,163.067,58.874,81.688
468.223,162.792,58.874,81.688
467.396,163.067,58.874,81.688
468.223,162.792,58.874,81.688
467.396,163.067,58.874,81.688
468.223,162.792,58.874,81.688
467.948,163.067,58.874,81.688
468.223,163.343,58.874,81.688
467.948,163.067,58.874,81.688
468.223,162.792,58.874,81.688
467.948,163.067,58.874,81.688
468.223,162.792,58.874,81.688
467.948,163.067,58.874,81.688
468.223,162.792,58.874,81.688
467.396,163.067,58.874,81.688
467.672,163.343,58.874,81.688
469.051,164.171,58.874,81.688
470.430,164.446,58.874,81.688
474.015,164.722,58.874,81.688
479.255,163.343,58.874,81.688
483.392,163.067,58.874,81.688
485.874,163.343,58.874,81.688
484.495,164.171,58.874,81.688
483.667,165.549,58.874,81.688
484.447,166.076,60.177,83.496
486.998,167.200,61.508,85.343
410.645,138.099,61.508,85.343
418.425,139.540,61.508,85.343
423.246,141.283,60.197,83.523
434.807,142.129,60.197,83.523
444.381,141.498,61.529,85.371
449.857,142.362,61.529,85.371
461.097,144.380,61.529,85.371
470.609,146.397,61.529,85.371
482.426,148.991,61.529,85.371
495.395,153.315,61.529,85.371
506.059,158.791,61.529,85.371
517.876,165.420,61.529,85.371
526.235,176.084,61.529,85.371
537.475,180.407,61.529,85.371
544.104,185.883,61.529,85.371
552.463,191.359,61.529,85.371
558.515,195.106,61.529,85.371
565.144,198.853,61.529,85.371
569.547,195.217,62.890,87.260
573.966,199.636,62.890,87.260
573.576,206.923,64.281,89.190
575.081,212.645,64.281,89.190
576.587,215.957,64.281,89.190
575.684,218.667,64.281,89.190
575.985,217.764,64.281,89.190
574.058,215.522,62.910,87.288
569.999,213.028,64.302,89.220
564.878,209.112,64.302,89.220
552.529,204.594,64.302,89.220
541.384,204.895,64.302,89.220
517.234,201.720,65.725,91.194
500.917,198.334,65.725,91.194
483.261,194.450,67.179,93.211
463.255,193.093,68.666,95.274
437.844,189.554,68.666,95.274
422.727,185.373,68.666,95.274
408.896,185.051,68.666,95.274
396.297,183.277,67.201,93.242
390.945,184.851,67.201,93.242
383.705,183.277,67.201,93.242
377.095,184.221,67.201,93.242
370.146,186.782,68.688,95.305
364.366,191.830,67.223,93.272
357.753,190.885,67.223,93.272
352.400,196.239,67.223,93.272
404.357,201.592,67.223,93.272
403.412,200.647,67.223,93.272
399.949,198.443,67.223,93.272
392.706,195.609,67.223,93.272
350.825,202.222,67.223,93.272
341.261,195.636,68.711,95.336
334.824,191.576,70.231,97.445
325.941,189.273,70.231,97.445
314.323,190.629,68.733,95.367
302.411,190.951,68.733,95.367
288.566,190.629,68.733,95.367
276.653,190.951,68.733,95.367
271.180,189.985,68.733,95.367
265.706,190.951,68.733,95.367
259.935,209.604,70.254,97.477
252.671,208.185,71.808,99.634
244.548,203.942,73.397,101.838
235.532,200.318,75.021,104.092
228.504,197.344,76.681,106.395
222.065,193.558,78.377,108.749
217.770,190.450,80.111,111.155
214.937,187.274,81.884,113.614
217.613,184.027,83.696,116.128
220.348,182.336,85.547,118.697
225.557,180.332,85.547,118.697
230.016,176.940,87.440,121.323
236.979,175.712,87.440,121.323
245.580,174.483,87.440,121.323
254.182,172.435,87.440,121.323
259.589,171.518,89.375,124.007
267.543,170.262,89.375,124.007
275.498,170.680,89.375,124.007
284.290,168.587,89.375,124.007
267.230,171.125,91.352,126.751
260.448,169.278,93.373,129.555
260.010,167.091,93.373,129.555
263.072,166.654,93.373,129.555
259.135,162.718,93.373,129.555
262.197,158.781,93.373,129.555
262.635,155.719,93.373,129.555
261.322,152.658,93.373,129.555
263.509,148.721,93.373,129.555
259.573,143.910,93.373,129.555
262.624,138.393,95.439,132.422
261.283,136.157,95.439,132.422
264.412,132.134,95.439,132.422
265.676,128.350,97.551,135.352
267.915,124.482,99.709,138.346
272.119,119.344,99.709,138.346
276.346,116.360,101.915,141.407
283.507,111.108,101.915,141.407
288.759,106.812,101.915,141.407
291.146,101.560,101.915,141.407
290.668,99.173,101.915,141.407
291.146,96.786,101.915,141.407
292.578,94.399,101.915,141.407
292.100,92.012,101.915,141.407
293.533,89.625,101.915,141.407
293.055,89.148,101.915,141.407
294.487,87.716,101.915,141.407
294.965,87.238,101.915,141.407
295.442,86.761,101.915,141.407
298.784,87.238,101.915,141.407
301.171,87.716,101.915,141.407
305.468,87.238,101.915,141.407
307.855,87.716,101.915,141.407
310.242,91.058,101.915,141.407
313.583,91.535,101.915,141.407
316.051,98.104,99.742,138.392
319.366,101.832,97.615,135.440
323.492,106.361,95.533,132.552
327.530,110.794,93.496,129.725
332.326,115.976,91.502,126.959
337.020,121.048,89.551,124.251
341.613,126.820,87.641,121.602
344.487,130.515,87.641,121.602
348.182,135.031,87.641,121.602
351.877,138.726,87.641,121.602
355.581,145.166,85.772,119.009
354.376,148.782,85.772,119.009
355.678,155.086,83.943,116.471
352.925,159.411,83.943,116.471
350.959,162.950,83.943,116.471
345.847,167.275,83.943,116.471
342.308,172.387,83.943,116.471
338.769,178.285,83.943,116.471
334.444,184.970,83.943,116.471
327.759,192.441,83.943,116.471
318.715,198.339,83.943,116.471
310.458,203.451,83.943,116.471
304.152,208.104,82.153,113.987
300.206,211.916,80.401,111.556
297.570,215.305,80.401,111.556
297.946,219.448,80.401,111.556
297.570,222.838,80.401,111.556
299.516,226.568,78.686,109.177
301.359,226.200,78.686,109.177
303.202,229.517,78.686,109.177
305.782,228.411,78.686,109.177
306.888,231.729,78.686,109.177
308.731,231.360,78.686,109.177
307.793,233.590,77.008,106.849
308.876,232.508,77.008,106.849
308.515,234.311,77.008,106.849
308.876,233.229,77.008,106.849
307.793,232.869,77.008,106.849
308.876,232.508,77.008,106.849
307.793,234.311,77.008,106.849
308.876,232.508,77.008,106.849
308.515,234.311,77.008,106.849
308.876,232.508,77.008,106.849
308.515,234.311,77.008,106.849
308.876,232.508,77.008,106.849
308.515,234.311,77.008,106.849
308.876,233.229,77.008,106.849
308.515,232.869,77.008,106.849
308.876,232.508,77.008,106.849
308.515,234.311,77.008,106.849
308.876,233.229,77.008,106.849
308.515,232.869,77.008,106.849
308.876,232.508,77.008,106.849
307.793,233.590,77.008,106.849
308.876,232.508,77.008,106.849
307.793,234.311,77.008,106.849
308.876,232.508,77.008,106.849
307.793,234.311,77.008,106.849
308.876,232.508,77.008,106.849
307.793,233.590,77.008,106.849
308.876,232.508,77.008,106.849
307.793,234.311,77.008,106.849
308.876,233.229,77.008,106.849
307.793,232.869,77.008,106.849
308.876,232.508,77.008,106.849
307.793,234.311,77.008,106.849
308.876,233.229,77.008,106.849
307.793,232.869,77.008,106.849
308.876,232.508,77.008,106.849
307.793,234.311,77.008,106.849
308.876,232.508,77.008,106.849
307.793,234.311,77.008,106.849
308.876,233.229,77.008,106.849
308.515,232.869,77.008,106.849
308.876,232.508,77.008,106.849
307.793,234.311,77.008,106.849
308.876,233.229,77.008,106.849
307.793,232.869,77.008,106.849
308.876,232.508,77.008,106.849
308.515,234.311,77.008,106.849
308.876,233.229,77.008,106.849
307.793,232.869,77.008,106.849
308.876,232.508,77.008,106.849
308.515,234.311,77.008,106.849
308.876,233.229,77.008,106.849
308.515,233.590,77.008,106.849
308.876,232.508,77.008,106.849
308.515,234.311,77.008,106.849
308.876,233.229,77.008,106.849
308.515,232.869,77.008,106.849
308.876,232.508,77.008,106.849
307.793,234.311,77.008,106.849
309.597,233.229,77.008,106.849
307.793,233.590,77.008,106.849
308.876,233.229,77.008,106.849
308.515,233.590,77.008,106.849
308.876,233.229,77.008,106.849
307.793,232.869,77.008,106.849
308.876,232.508,77.008,106.849
307.793,234.311,77.008,106.849
308.876,233.229,77.008,106.849
308.515,232.869,77.008,106.849
308.876,232.508,77.008,106.849
307.793,234.311,77.008,106.849
308.876,233.229,77.008,106.849
308.515,232.869,77.008,106.849
308.876,232.508,77.008,106.849
307.793,234.311,77.008,106.849
308.876,233.229,77.008,106.849
308.515,232.869,77.008,106.849
308.876,232.508,77.008,106.849
308.515,234.311,77.008,106.849
308.876,232.508,77.008,106.849
307.793,233.590,77.008,106.849
308.876,232.508,77.008,106.849
307.793,234.311,77.008,106.849
308.876,232.508,77.008,106.849
308.515,234.311,77.008,106.849
308.876,232.508,77.008,106.849
308.515,234.311,77.008,106.849
308.876,232.508,77.008,106.849
307.793,234.311,77.008,106.849
308.876,232.508,77.008,106.849
308.515,234.311,77.008,106.849
308.876,233.229,77.008,106.849
308.515,232.869,77.008,106.849
308.154,232.508,77.008,106.849
309.236,233.590,77.008,106.849
308.876,232.508,77.008,106.849
307.793,234.311,77.008,106.849
308.876,232.508,77.008,106.849
308.515,234.311,77.008,106.849
308.876,233.229,77.008,106.849
308.515,232.869,77.008,106.849
308.876,232.508,77.008,106.849
308.515,234.311,77.008,106.849
308.876,233.229,77.008,106.849
308.515,232.869,77.008,106.849
308.876,232.508,77.008,106.849
308.515,234.311,77.008,106.849
308.876,232.508,77.008,106.849
308.515,234.311,77.008,106.849
308.876,232.508,77.008,106.849
308.515,234.311,77.008,106.849
308.876,232.508,77.008,106.849
307.793,234.311,77.008,106.849
308.876,232.508,77.008,106.849
307.793,234.311,77.008,106.849
308.876,232.508,77.008,106.849
307.793,233.590,77.008,106.849
308.876,232.508,77.008,106.849
308.515,234.311,77.008,106.849
308.876,233.229,77.008,106.849
308.515,232.869,77.008,106.849
308.876,232.508,77.008,106.849
308.515,233.590,77.008,106.849
308.876,232.508,77.008,106.849
308.515,233.590,77.008,106.849
308.876,232.508,77.008,106.849
308.515,234.311,77.008,106.849
308.876,232.508,77.008,106.849
308.515,234.311,77.008,106.849
308.876,233.229,77.008,106.849
307.793,232.869,77.008,106.849
308.876,232.508,77.008,106.849
307.793,233.590,77.008,106.849
308.154,231.786,77.008,106.849
307.072,229.261,77.008,106.849
305.990,227.458,77.008,106.849
304.186,224.932,77.008,106.849
303.104,220.964,77.008,106.849
304.186,216.996,77.008,106.849
305.268,213.028,77.008,106.849
307.072,208.339,77.008,106.849
309.597,203.649,77.008,106.849
311.401,198.238,77.008,106.849
314.647,193.549,77.008,106.849
319.337,187.417,77.008,106.849
327.093,179.124,78.712,109.213
333.361,173.593,78.712,109.213
340.366,168.062,78.712,109.213
344.422,164.007,78.712,109.213
349.215,159.213,78.712,109.213
356.221,154.420,78.712,109.213
364.701,149.627,78.712,109.213
371.864,142.681,80.454,111.629
380.532,137.781,80.454,111.629
387.071,133.027,82.234,114.099
395.931,131.101,82.234,114.099
404.020,127.634,82.234,114.099
413.650,125.708,82.234,114.099
421.739,125.323,82.234,114.099
428.288,127.249,82.234,114.099
434.172,127.985,84.053,116.624
440.078,131.529,84.053,116.624
445.984,132.710,84.053,116.624
450.315,134.679,84.053,116.624
454.646,135.860,84.053,116.624
458.190,138.616,84.053,116.624
460.946,139.797,84.053,116.624
463.702,141.766,84.053,116.624
466.458,144.522,84.053,116.624
469.214,148.065,84.053,116.624
471.183,150.822,84.053,116.624
473.152,154.365,84.053,116.624
475.908,158.696,84.053,116.624
477.942,163.355,82.261,114.137
479.869,165.282,82.261,114.137
481.025,167.209,82.261,114.137
484.502,170.283,80.506,111.703
487.178,172.564,78.789,109.320
490.508,175.508,77.109,106.989
487.980,176.592,77.109,106.989
487.618,179.120,77.109,106.989
485.812,181.649,77.109,106.989
486.286,185.227,75.465,104.708
485.388,187.365,73.856,102.475
484.508,188.124,72.281,100.289
482.138,188.463,72.281,100.289
479.768,187.447,72.281,100.289
477.397,185.754,72.281,100.289
475.027,184.739,72.281,100.289
472.657,183.723,72.281,100.289
470.964,182.707,72.281,100.289
469.949,181.014,72.281,100.289
469.740,182.410,70.739,98.151
468.746,180.753,70.739,98.151
468.415,181.084,70.739,98.151
471.397,178.102,70.739,98.151
472.391,175.783,70.739,98.151
472.723,174.789,70.739,98.151
473.717,172.469,70.739,98.151
474.711,171.475,70.739,98.151
476.368,169.818,70.739,98.151
479.350,170.149,70.739,98.151
479.018,167.167,70.739,98.151
480.013,167.499,70.739,98.151
479.681,167.167,70.739,98.151
478.024,166.836,70.739,98.151
475.705,166.504,70.739,98.151
472.723,165.510,70.739,98.151
471.066,164.516,70.739,98.151
470.734,164.848,70.739,98.151
468.415,163.191,70.739,98.151
467.421,160.871,70.739,98.151
467.752,161.203,70.739,98.151
466.095,158.883,70.739,98.151
469.078,160.540,70.739,98.151
470.702,157.735,72.304,100.322
471.718,159.429,72.304,100.322
474.080,157.265,73.904,102.542
473.042,159.688,73.904,102.542
475.457,156.758,75.539,104.811
476.518,157.112,75.539,104.811
476.784,154.117,77.210,107.130
477.146,153.755,77.210,107.130
474.614,154.117,77.210,107.130
476.422,153.031,77.210,107.130
478.954,151.946,77.210,107.130
479.316,150.861,77.210,107.130
481.088,147.800,78.919,109.500
478.297,147.739,80.665,111.922
476.408,148.117,80.665,111.922
472.252,148.495,80.665,111.922
468.095,149.629,80.665,111.922
461.672,150.007,80.665,111.922
455.248,150.384,80.665,111.922
448.825,149.251,80.665,111.922
443.157,152.652,80.665,111.922
439.000,152.274,80.665,111.922
436.355,152.652,80.665,111.922
434.287,147.101,82.450,114.399
432.356,147.487,82.450,114.399
439.858,143.417,84.274,116.930
389.723,145.391,84.274,116.930
384.591,146.575,84.274,116.930
382.618,147.759,84.274,116.930
382.223,148.944,84.274,116.930
383.407,148.549,84.274,116.930
383.802,149.733,84.274,116.930
384.197,150.917,84.274,116.930
386.950,150.853,86.138,119.517
426.897,152.870,86.138,119.517
435.205,157.645,84.301,116.968
436.389,160.409,84.301,116.968
435.205,162.383,84.301,116.968
433.439,166.295,82.504,114.474
429.961,169.000,82.504,114.474
424.164,172.478,82.504,114.474
415.275,175.957,82.504,114.474
395.565,174.024,82.504,114.474
380.427,172.637,80.744,112.033
369.257,169.822,79.022,109.643
361.180,174.202,77.337,107.305
346.990,177.790,75.688,105.017
335.837,179.935,74.074,102.777
324.252,182.703,72.494,100.586
315.763,183.722,72.494,100.586
307.952,184.062,72.494,100.586
298.784,183.043,72.494,100.586
290.294,180.666,72.494,100.586
281.125,180.326,72.494,100.586
276.031,181.345,72.494,100.586
271.617,178.289,72.494,100.586
268.561,180.666,72.494,100.586
270.929,197.521,74.098,102.811
271.910,195.304,75.738,105.086
272.913,190.828,77.413,107.411
275.442,185.502,79.126,109.787
277.259,170.059,80.877,112.216
281.474,162.922,82.666,114.699
288.057,143.947,82.666,114.699
300.836,134.266,82.666,114.699
308.193,125.360,82.666,114.699
316.325,118.003,82.666,114.699
321.437,113.118,84.495,117.237
325.791,108.764,84.495,117.237
327.730,102.950,86.364,119.831
327.326,96.073,86.364,119.831
326.112,90.004,86.364,119.831
322.219,83.222,88.275,122.482
317.670,77.020,88.275,122.482
314.775,70.817,88.275,122.482
310.227,64.614,88.275,122.482
305.678,59.239,88.275,122.482
300.303,53.036,88.275,122.482
294.100,48.488,88.275,122.482
287.070,44.766,88.275,122.482
282.033,44.079,86.393,119.870
279.200,45.293,86.393,119.870
275.558,46.507,86.393,119.870
276.089,48.176,84.550,117.314
274.109,50.156,84.550,117.314
275.392,51.788,82.747,114.812
276.555,53.727,82.747,114.812
277.718,54.889,82.747,114.812
280.431,56.827,82.747,114.812
284.695,58.765,82.747,114.812
289.734,63.804,82.747,114.812
297.099,69.619,82.747,114.812
305.079,76.447,80.983,112.364
312.287,83.655,80.983,112.364
319.495,90.862,80.983,112.364
326.702,99.587,80.983,112.364
334.669,107.553,80.983,112.364
343.210,115.699,79.256,109.967
348.779,125.723,79.256,109.967
355.091,134.262,79.256,109.967
360.660,147.256,79.256,109.967
365.486,154.309,79.256,109.967
364.372,159.878,79.256,109.967
363.258,165.447,79.256,109.967
360.883,171.272,77.566,107.622
356.159,173.088,77.566,107.622
350.709,175.632,77.566,107.622
346.283,177.830,75.912,105.327
340.949,175.341,75.912,105.327
333.100,173.069,77.591,107.658
322.560,173.432,77.591,107.658
313.928,176.332,75.936,105.362
308.224,177.112,74.317,103.115
303.312,175.863,72.732,100.916
295.084,170.151,74.341,103.149
291.010,160.701,75.986,105.431
294.214,160.345,75.986,105.431
299.553,161.412,75.986,105.431
302.756,161.057,75.986,105.431
307.341,159.779,74.366,103.183
307.689,157.341,74.366,103.183
310.824,155.599,74.366,103.183
312.566,152.464,74.366,103.183
314.308,148.632,74.366,103.183
316.746,144.800,74.366,103.183
319.184,141.665,74.366,103.183
316.746,139.226,74.366,103.183
316.398,138.181,74.366,103.183
313.959,137.833,74.366,103.183
309.431,138.878,74.366,103.183
303.173,138.299,72.780,100.982
295.331,137.277,72.780,100.982
289.536,136.936,72.780,100.982
285.785,137.277,72.780,100.982
284.763,136.936,72.780,100.982
283.058,134.549,72.780,100.982
282.035,132.845,72.780,100.982
280.331,132.504,72.780,100.982
281.294,130.326,74.390,103.216
286.521,127.189,74.390,103.216
291.748,126.144,74.390,103.216
292.097,125.099,74.390,103.216
291.748,125.447,74.390,103.216
290.006,123.705,74.390,103.216
288.960,123.356,74.390,103.216
289.309,123.008,74.390,103.216
290.354,123.356,74.390,103.216
292.097,123.705,74.390,103.216
291.748,124.750,74.390,103.216
294.187,123.008,74.390,103.216
293.142,123.356,74.390,103.216
292.794,123.705,74.390,103.216
295.233,123.356,74.390,103.216
293.490,123.008,74.390,103.216
296.635,121.757,72.804,101.015
299.055,121.848,71.251,98.861
298.721,120.847,71.251,98.861
300.390,119.846,71.251,98.861
297.870,120.483,72.828,101.048
301.606,119.917,71.275,98.893
300.604,120.918,71.275,98.893
301.606,121.920,71.275,98.893
301.272,122.254,71.275,98.893
302.941,122.588,71.275,98.893
303.943,122.254,71.275,98.893
304.945,123.255,71.275,98.893
306.614,123.589,71.275,98.893
308.283,124.591,71.275,98.893
307.949,123.589,71.275,98.893
308.951,124.591,71.275,98.893
309.953,124.257,71.275,98.893
309.619,124.591,71.275,98.893
311.288,124.925,71.275,98.893
310.954,123.255,71.275,98.893
310.620,123.589,71.275,98.893
311.622,123.255,71.275,98.893
311.288,122.922,71.275,98.893
310.954,122.588,71.275,98.893
310.620,122.254,71.275,98.893
311.622,121.252,71.275,98.893
310.620,120.251,71.275,98.893
308.283,119.249,71.275,98.893
306.614,117.580,71.275,98.893
305.612,116.578,71.275,98.893
302.607,115.576,71.275,98.893
301.758,114.378,69.755,96.785
300.125,116.012,69.755,96.785
298.664,118.619,68.267,94.721
297.065,119.578,68.267,94.721
294.826,120.537,68.267,94.721
297.065,118.938,68.267,94.721
296.106,117.340,68.267,94.721
297.065,116.380,68.267,94.721
296.106,115.421,68.267,94.721
297.705,113.822,68.267,94.721
295.290,114.433,69.777,96.816
296.271,113.452,69.777,96.816
297.252,113.779,69.777,96.816
299.540,114.760,69.777,96.816
302.481,112.472,69.777,96.816
304.116,112.145,69.777,96.816
306.404,109.857,69.777,96.816
308.038,108.876,69.777,96.816
310.326,107.896,69.777,96.816
313.921,106.915,69.777,96.816
316.863,105.935,69.777,96.816
319.805,104.954,69.777,96.816
323.400,104.627,69.777,96.816
326.996,104.300,69.777,96.816
329.954,104.925,71.321,98.958
333.629,105.927,71.321,98.958
337.346,107.259,72.899,101.148
341.145,108.620,74.512,103.386
345.683,110.365,74.512,103.386
348.118,111.756,76.161,105.673
352.756,114.253,76.161,105.673
357.394,113.183,76.161,105.673
362.031,116.394,76.161,105.673
365.242,115.324,76.161,105.673
370.594,114.253,76.161,105.673
374.518,115.324,76.161,105.673
377.007,116.005,77.846,108.011
381.018,117.829,77.846,108.011
380.535,118.525,79.568,110.401
382.362,120.011,81.329,112.843
383.505,118.868,81.329,112.843
386.171,120.011,81.329,112.843
384.267,116.582,81.329,112.843
387.695,120.011,81.329,112.843
385.790,118.106,81.329,112.843
386.171,119.249,81.329,112.843
385.029,118.868,81.329,112.843
384.648,116.963,81.329,112.843
383.505,117.344,81.329,112.843
383.124,116.201,81.329,112.843
382.743,117.344,81.329,112.843
383.124,115.439,81.329,112.843
382.743,116.582,81.329,112.843
384.648,116.963,81.329,112.843
387.305,117.691,83.128,115.340
390.022,118.435,84.967,117.892
392.012,118.833,84.967,117.892
397.186,120.823,84.967,117.892
400.788,121.584,86.847,120.500
403.626,122.361,88.769,123.166
406.527,124.881,90.733,125.892
410.374,126.575,92.740,128.677
412.546,127.879,92.740,128.677
414.718,130.051,92.740,128.677
418.628,133.092,92.740,128.677
420.800,134.395,92.740,128.677
422.103,135.698,92.740,128.677
422.537,138.739,92.740,128.677
422.972,140.043,92.740,128.677
420.800,142.215,92.740,128.677
417.759,143.518,92.740,128.677
414.718,144.821,92.740,128.677
410.808,145.256,92.740,128.677
406.898,145.690,92.740,128.677
402.988,146.124,92.740,128.677
398.210,146.559,92.740,128.677
393.431,146.993,92.740,128.677
386.915,145.690,92.740,128.677
381.623,144.968,90.762,125.933
376.444,144.262,88.827,123.247
371.035,143.014,88.827,123.247
367.290,140.101,88.827,123.247
362.713,137.189,88.827,123.247
360.050,134.893,86.933,120.619
357.445,132.647,85.079,118.047
355.452,129.857,85.079,118.047
355.054,127.068,85.079,118.047
354.040,126.406,83.264,115.529
355.210,126.016,83.264,115.529
355.600,125.625,83.264,115.529
