76.000,79.000,64.000,52.000
75.816,78.360,64.000,52.000
76.044,79.044,64.000,52.000
75.816,78.360,64.000,52.000
75.132,78.588,64.000,52.000
75.816,79.272,64.000,52.000
74.676,78.132,64.000,52.000
75.360,78.816,64.000,52.000
74.220,77.676,64.000,52.000
74.904,78.816,64.000,52.000
74.220,77.676,64.000,52.000
74.448,78.816,64.000,52.000
73.764,77.220,64.000,52.000
73.535,78.360,64.000,52.000
74.220,77.220,64.000,52.000
73.535,76.992,64.000,52.000
74.220,76.764,64.000,52.000
73.992,76.535,64.000,52.000
73.764,76.307,64.000,52.000
73.079,76.992,64.000,52.000
74.220,76.764,64.000,52.000
73.535,76.535,64.000,52.000
74.220,76.764,64.000,52.000
73.535,76.079,64.000,52.000
72.591,76.687,65.416,53.150
72.358,76.454,65.416,53.150
71.392,76.592,66.863,54.326
72.107,76.353,66.863,54.326
70.916,76.592,66.863,54.326
72.584,76.830,66.863,54.326
71.392,76.592,66.863,54.326
72.107,76.830,66.863,54.326
71.392,77.068,66.863,54.326
71.631,78.259,66.863,54.326
72.345,78.497,66.863,54.326
71.631,76.830,66.863,54.326
71.869,78.021,66.863,54.326
72.584,77.306,66.863,54.326
71.869,78.021,66.863,54.326
72.584,76.830,66.863,54.326
72.345,76.592,66.863,54.326
72.107,76.353,66.863,54.326
72.345,75.639,66.863,54.326
71.631,76.830,66.863,54.326
72.822,76.115,66.863,54.326
72.584,76.353,66.863,54.326
72.345,75.639,66.863,54.326
72.107,75.877,66.863,54.326
71.869,75.639,66.863,54.326
73.060,74.924,66.863,54.326
72.822,75.639,66.863,54.326
73.060,74.924,66.863,54.326
72.345,75.639,66.863,54.326
72.107,74.924,66.863,54.326
71.392,76.115,66.863,54.326
72.107,76.353,66.863,54.326
72.345,75.162,66.863,54.326
71.631,77.306,66.863,54.326
72.822,76.115,66.863,54.326
72.107,75.400,66.863,54.326
71.392,74.686,66.863,54.326
72.107,75.400,66.863,54.326
72.822,74.209,66.863,54.326
72.107,75.400,66.863,54.326
72.345,75.162,66.863,54.326
74.013,76.353,66.863,54.326
71.869,76.115,66.863,54.326
69.248,78.736,66.863,54.326
66.151,78.021,66.863,54.326
70.201,79.689,66.863,54.326
68.057,77.544,66.863,54.326
70.377,76.057,65.437,53.168
70.610,76.290,65.437,53.168
69.911,76.523,65.437,53.168
69.934,76.866,64.042,52.034
70.619,79.376,64.042,52.034
69.022,76.409,64.042,52.034
70.163,77.094,64.042,52.034
71.304,78.235,64.042,52.034
69.250,76.637,64.042,52.034
69.022,78.691,64.042,52.034
67.881,76.181,64.042,52.034
65.827,77.778,64.042,52.034
64.686,79.376,64.042,52.034
71.307,77.071,62.676,50.924
71.531,75.955,62.676,50.924
71.754,74.838,62.676,50.924
72.871,75.508,62.676,50.924
72.647,76.625,62.676,50.924
71.977,74.615,62.676,50.924
70.861,75.731,62.676,50.924
70.637,74.615,62.676,50.924
70.861,75.731,62.676,50.924
70.191,75.955,62.676,50.924
70.861,76.625,62.676,50.924
69.744,77.295,62.676,50.924
70.414,77.071,62.676,50.924
70.637,76.848,62.676,50.924
69.967,76.625,62.676,50.924
69.744,75.955,62.676,50.924
69.521,76.625,62.676,50.924
70.637,75.508,62.676,50.924
69.521,75.731,62.676,50.924
70.637,74.168,62.676,50.924
69.074,75.731,62.676,50.924
70.191,74.168,62.676,50.924
69.967,74.838,62.676,50.924
69.297,74.615,62.676,50.924
70.414,74.391,62.676,50.924
69.744,75.508,62.676,50.924
69.967,74.391,62.676,50.924
69.297,74.168,62.676,50.924
70.414,74.838,62.676,50.924
71.084,75.955,62.676,50.924
67.288,77.518,62.676,50.924
71.084,73.721,62.676,50.924
72.201,73.498,62.676,50.924
70.191,72.828,62.676,50.924
71.505,74.017,61.340,49.838
70.412,75.110,61.340,49.838
72.379,72.705,61.340,49.838
72.598,74.235,61.340,49.838
72.379,77.514,61.340,49.838
69.538,75.547,61.340,49.838
71.068,76.640,61.340,49.838
69.404,74.011,60.032,48.776
69.191,76.792,60.032,48.776
72.511,75.869,58.751,47.736
72.720,76.915,58.751,47.736
69.999,78.799,58.751,47.736
72.302,79.427,58.751,47.736
74.186,81.311,58.751,47.736
74.610,81.619,57.499,46.718
73.446,80.340,56.272,45.721
73.647,81.342,56.272,45.721
73.847,81.944,56.272,45.721
72.444,82.946,56.272,45.721
73.045,81.944,56.272,45.721
72.845,80.941,56.272,45.721
71.040,81.142,56.272,45.721
72.444,80.540,56.272,45.721
72.644,80.741,56.272,45.721
72.845,80.540,56.272,45.721
74.248,81.944,56.272,45.721
74.449,81.342,56.272,45.721
75.451,83.147,56.272,45.721
74.850,82.545,56.272,45.721
75.050,81.944,56.272,45.721
75.251,81.743,56.272,45.721
75.050,80.741,56.272,45.721
75.251,80.941,56.272,45.721
75.050,79.939,56.272,45.721
76.053,78.936,56.272,45.721
75.451,77.934,56.272,45.721
75.652,76.931,56.272,45.721
75.451,75.928,56.272,45.721
76.053,75.728,56.272,45.721
75.451,75.527,56.272,45.721
76.053,75.327,56.272,45.721
75.852,75.527,56.272,45.721
75.652,75.327,56.272,45.721
75.451,75.126,56.272,45.721
76.053,75.327,56.272,45.721
76.253,74.725,56.272,45.721
75.652,74.525,56.272,45.721
75.852,73.923,56.272,45.721
76.454,73.723,56.272,45.721
76.253,74.324,56.272,45.721
76.454,74.926,56.272,45.721
76.253,75.126,56.272,45.721
76.454,75.728,56.272,45.721
76.654,76.329,56.272,45.721
76.053,76.129,56.272,45.721
76.654,76.329,56.272,45.721
75.652,76.129,56.272,45.721
76.253,75.928,56.272,45.721
76.053,75.728,56.272,45.721
76.654,75.527,56.272,45.721
75.652,75.728,56.272,45.721
76.253,75.126,56.272,45.721
76.053,74.926,56.272,45.721
75.852,75.527,56.272,45.721
75.652,75.327,56.272,45.721
75.451,76.730,56.272,45.721
75.652,76.530,56.272,45.721
75.050,77.131,56.272,45.721
76.053,77.733,56.272,45.721
75.451,77.532,56.272,45.721
75.652,78.134,56.272,45.721
75.050,77.934,56.272,45.721
75.652,77.733,56.272,45.721
75.050,77.532,56.272,45.721
75.652,77.332,56.272,45.721
74.649,76.730,56.272,45.721
74.850,77.332,56.272,45.721
75.050,77.131,56.272,45.721
75.652,76.129,56.272,45.721
74.248,76.329,56.272,45.721
74.449,75.728,56.272,45.721
74.649,75.527,56.272,45.721
74.449,75.327,56.272,45.721
75.050,75.126,56.272,45.721
74.449,74.926,56.272,45.721
74.649,74.324,56.272,45.721
74.048,74.926,56.272,45.721
74.649,74.324,56.272,45.721
74.048,74.926,56.272,45.721
74.649,74.725,56.272,45.721
73.647,75.327,56.272,45.721
73.847,75.527,56.272,45.721
74.048,75.327,56.272,45.721
74.248,76.730,56.272,45.721
73.647,76.931,56.272,45.721
73.045,77.532,56.272,45.721
74.048,77.332,56.272,45.721
73.446,78.335,56.272,45.721
73.246,77.733,56.272,45.721
73.045,77.532,56.272,45.721
73.246,77.733,56.272,45.721
72.644,77.532,56.272,45.721
72.043,77.733,56.272,45.721
73.045,77.532,56.272,45.721
72.444,77.733,56.272,45.721
72.243,77.934,56.272,45.721
72.043,77.733,56.272,45.721
71.441,78.335,56.272,45.721
71.027,77.205,57.517,46.733
70.412,77.819,57.517,46.733
69.988,77.090,58.790,47.767
69.779,76.042,58.790,47.767
68.731,76.252,58.790,47.767
70.198,75.624,58.790,47.767
69.150,75.414,58.790,47.767
69.360,74.786,58.790,47.767
69.150,74.995,58.790,47.767
68.941,74.786,58.790,47.767
67.638,74.040,60.091,48.824
67.852,73.826,60.091,48.824
67.638,73.612,60.091,48.824
66.996,73.826,60.091,48.824
68.067,74.040,60.091,48.824
66.996,74.254,60.091,48.824
67.210,74.468,60.091,48.824
66.568,74.254,60.091,48.824
67.210,74.040,60.091,48.824
66.568,73.826,60.091,48.824
66.354,73.183,60.091,48.824
66.996,72.541,60.091,48.824
65.925,72.755,60.091,48.824
66.568,72.969,60.091,48.824
66.354,72.327,60.091,48.824
65.711,72.541,60.091,48.824
66.782,71.899,60.091,48.824
65.283,72.113,60.091,48.824
66.354,72.755,60.091,48.824
66.140,72.541,60.091,48.824
65.497,72.327,60.091,48.824
65.283,72.541,60.091,48.824
65.497,71.899,60.091,48.824
65.283,72.113,60.091,48.824
65.069,72.327,60.091,48.824
65.283,72.541,60.091,48.824
65.069,72.755,60.091,48.824
65.283,72.969,60.091,48.824
65.069,73.612,60.091,48.824
65.283,74.254,60.091,48.824
65.069,74.896,60.091,48.824
65.711,75.539,60.091,48.824
65.497,75.753,60.091,48.824
65.711,75.967,60.091,48.824
65.925,74.896,60.091,48.824
65.283,74.254,60.091,48.824
65.925,74.468,60.091,48.824
65.711,74.254,60.091,48.824
66.354,75.325,60.091,48.824
65.283,75.967,60.091,48.824
66.354,76.609,60.091,48.824
66.140,77.252,60.091,48.824
66.782,78.322,60.091,48.824
66.568,78.536,60.091,48.824
66.782,78.322,60.091,48.824
66.140,78.964,60.091,48.824
67.210,77.894,60.091,48.824
66.996,78.108,60.091,48.824
68.067,78.322,60.091,48.824
67.424,77.680,60.091,48.824
68.495,77.037,60.091,48.824
68.281,76.395,60.091,48.824
68.495,75.753,60.091,48.824
68.709,75.967,60.091,48.824
69.351,75.325,60.091,48.824
68.709,75.967,60.091,48.824
69.779,74.468,60.091,48.824
69.137,74.682,60.091,48.824
70.208,74.468,60.091,48.824
69.137,73.826,60.091,48.824
70.636,74.040,60.091,48.824
69.994,73.826,60.091,48.824
70.636,73.612,60.091,48.824
71.278,73.398,60.091,48.824
70.636,73.183,60.091,48.824
71.706,73.826,60.091,48.824
71.064,74.468,60.091,48.824
71.706,74.682,60.091,48.824
71.921,75.753,60.091,48.824
72.135,76.395,60.091,48.824
72.349,75.753,60.091,48.824
72.991,76.823,60.091,48.824
72.349,75.753,60.091,48.824
72.991,75.967,60.091,48.824
72.777,75.753,60.091,48.824
72.991,75.539,60.091,48.824
73.633,74.468,60.091,48.824
73.419,74.682,60.091,48.824
73.633,74.468,60.091,48.824
73.848,73.826,60.091,48.824
74.062,75.325,60.091,48.824
74.276,75.539,60.091,48.824
74.490,75.753,60.091,48.824
74.704,75.967,60.091,48.824
75.346,75.325,60.091,48.824
75.132,76.395,60.091,48.824
74.918,74.896,60.091,48.824
75.989,75.539,60.091,48.824
75.775,76.609,60.091,48.824
75.560,76.395,60.091,48.824
77.059,77.037,60.091,48.824
76.845,76.823,60.091,48.824
77.059,77.894,60.091,48.824
76.845,77.680,60.091,48.824
78.930,78.819,58.809,47.782
78.302,79.029,58.809,47.782
80.747,80.144,57.555,46.763
79.311,79.119,57.555,46.763
80.747,78.914,57.555,46.763
79.721,79.529,57.555,46.763
80.747,78.504,57.555,46.763
81.558,79.595,56.328,45.766
80.554,79.395,56.328,45.766
81.157,79.595,56.328,45.766
82.561,77.789,56.328,45.766
81.157,76.786,56.328,45.766
82.160,75.381,56.328,45.766
82.762,75.581,56.328,45.766
81.759,74.176,56.328,45.766
83.713,74.471,55.126,44.790
82.731,73.882,55.126,44.790
83.713,74.471,55.126,44.790
86.005,74.381,53.951,43.835
84.275,75.726,53.951,43.835
85.777,76.379,52.800,42.900
84.083,78.448,52.800,42.900
85.553,79.087,51.674,41.985
84.633,80.008,51.674,41.985
85.553,79.455,51.674,41.985
85.001,79.271,51.674,41.985
85.921,79.824,51.674,41.985
85.369,81.113,51.674,41.985
84.817,82.401,51.674,41.985
85.737,83.322,51.674,41.985
85.553,83.506,51.674,41.985
84.633,84.427,51.674,41.985
85.921,82.770,51.674,41.985
85.001,82.586,51.674,41.985
85.019,80.726,50.572,41.090
85.769,80.458,51.691,41.999
84.479,79.169,51.691,41.999
84.663,78.985,51.691,41.999
84.111,80.274,51.691,41.999
84.663,79.722,51.691,41.999
84.479,80.643,51.691,41.999
84.295,80.827,51.691,41.999
84.111,81.011,51.691,41.999
84.295,80.090,51.691,41.999
83.743,79.538,51.691,41.999
85.032,79.722,51.691,41.999
84.479,79.906,51.691,41.999
83.927,80.827,51.691,41.999
85.216,80.643,51.691,41.999
83.927,81.195,51.691,41.999
83.743,81.748,51.691,41.999
80.921,84.503,50.589,41.104
84.414,81.641,49.510,40.227
85.452,81.219,48.454,39.369
86.315,80.701,48.454,39.369
87.331,80.955,47.421,38.530
87.838,80.448,47.421,38.530
88.007,80.279,47.421,38.530
88.514,80.110,47.421,38.530
85.979,80.955,47.421,38.530
87.162,80.786,47.421,38.530
87.331,82.307,47.421,38.530
87.838,82.476,47.421,38.530
87.839,81.874,48.470,39.382
86.976,81.701,48.470,39.382
87.326,81.289,47.437,38.542
87.833,81.796,47.437,38.542
87.484,80.843,48.486,39.395
86.620,81.707,48.486,39.395
87.636,82.294,47.452,38.555
87.653,83.520,46.440,37.733
87.032,84.401,45.450,36.928
87.842,85.534,45.450,36.928
87.032,83.429,45.450,36.928
87.518,81.648,45.450,36.928
89.623,82.133,45.450,36.928
89.785,83.267,45.450,36.928
88.975,82.457,45.450,36.928
89.461,83.915,45.450,36.928
88.975,83.105,45.450,36.928
88.814,83.267,45.450,36.928
88.975,83.753,45.450,36.928
88.490,83.915,45.450,36.928
88.975,84.725,45.450,36.928
88.166,85.210,45.450,36.928
86.708,86.020,45.450,36.928
84.279,87.154,45.450,36.928
87.032,84.401,45.450,36.928
86.870,84.886,45.450,36.928
86.384,85.696,45.450,36.928
87.842,84.563,45.450,36.928
87.032,85.372,45.450,36.928
87.842,83.591,45.450,36.928
87.680,84.077,45.450,36.928
88.490,84.563,45.450,36.928
87.680,82.133,45.450,36.928
88.166,82.943,45.450,36.928
87.356,83.429,45.450,36.928
88.166,81.971,45.450,36.928
87.032,82.457,45.450,36.928
86.697,81.545,46.455,37.745
86.355,81.642,47.483,38.580
85.848,79.781,47.483,38.580
85.678,80.966,47.483,38.580
85.848,81.135,47.483,38.580
85.002,81.304,47.483,38.580
85.171,82.150,47.483,38.580
84.821,82.250,48.534,39.434
83.746,80.916,49.608,40.306
84.983,81.447,49.608,40.306
85.867,81.977,49.608,40.306
84.983,83.214,49.608,40.306
85.514,81.977,49.608,40.306
85.337,83.214,49.608,40.306
86.221,81.977,49.608,40.306
85.690,83.214,49.608,40.306
86.221,81.977,49.608,40.306
86.397,83.214,49.608,40.306
85.867,81.623,49.608,40.306
87.104,81.800,49.608,40.306
86.574,80.563,49.608,40.306
87.104,81.093,49.608,40.306
87.281,79.502,49.608,40.306
88.165,78.619,49.608,40.306
88.342,79.149,49.608,40.306
88.872,77.912,49.608,40.306
89.402,78.442,49.608,40.306
89.225,78.619,49.608,40.306
90.463,78.795,49.608,40.306
90.286,79.679,49.608,40.306
90.816,79.856,49.608,40.306
91.347,79.326,49.608,40.306
91.170,79.856,49.608,40.306
92.054,80.740,49.608,40.306
92.584,78.795,49.608,40.306
92.054,78.972,49.608,40.306
93.291,78.795,49.608,40.306
93.468,78.619,49.608,40.306
93.644,80.209,49.608,40.306
94.175,78.972,49.608,40.306
93.998,80.563,49.608,40.306
95.235,79.679,49.608,40.306
94.705,80.916,49.608,40.306
95.589,80.386,49.608,40.306
95.412,79.856,49.608,40.306
95.942,81.447,49.608,40.306
95.944,79.717,50.705,41.198
95.402,80.620,50.705,41.198
96.666,80.078,50.705,41.198
95.918,79.435,51.827,42.110
96.103,79.251,51.827,42.110
96.657,79.435,51.827,42.110
96.841,79.620,51.827,42.110
98.134,80.913,51.827,42.110
96.841,82.205,51.827,42.110
97.765,82.759,51.827,42.110
97.949,84.052,51.827,42.110
98.134,83.129,51.827,42.110
98.688,82.575,51.827,42.110
99.611,83.498,51.827,42.110
98.319,83.683,51.827,42.110
97.026,82.759,51.827,42.110
98.688,83.683,51.827,42.110
100.350,82.390,51.827,42.110
100.165,82.205,51.827,42.110
101.458,80.913,51.827,42.110
100.535,81.836,51.827,42.110
102.566,80.174,51.827,42.110
102.012,80.359,51.827,42.110
102.935,80.913,51.827,42.110
103.120,81.467,51.827,42.110
104.782,80.913,51.827,42.110
105.705,80.728,51.827,42.110
106.259,79.805,51.827,42.110
107.552,78.881,51.827,42.110
108.475,77.958,51.827,42.110
109.029,78.512,51.827,42.110
109.953,78.327,51.827,42.110
111.984,77.404,51.827,42.110
112.538,77.958,51.827,42.110
112.723,77.773,51.827,42.110
114.015,77.589,51.827,42.110
114.569,78.881,51.827,42.110
115.862,79.066,51.827,42.110
117.155,79.620,51.827,42.110
118.078,80.174,51.827,42.110
119.001,79.251,51.827,42.110
120.294,79.066,51.827,42.110
121.217,79.620,51.827,42.110
122.510,77.958,51.827,42.110
123.433,78.512,51.827,42.110
123.987,76.850,51.827,42.110
125.280,77.035,51.827,42.110
126.203,77.219,51.827,42.110
127.865,75.188,51.827,42.110
129.527,76.481,51.827,42.110
130.451,75.188,51.827,42.110
131.374,75.742,51.827,42.110
132.297,76.665,51.827,42.110
133.221,76.111,51.827,42.110
134.513,76.665,51.827,42.110
136.175,76.481,51.827,42.110
137.099,76.296,51.827,42.110
138.022,76.481,51.827,42.110
139.315,75.927,51.827,42.110
140.238,76.481,51.827,42.110
141.900,75.927,51.827,42.110
143.562,77.219,51.827,42.110
144.116,77.035,51.827,42.110
145.039,78.327,51.827,42.110
146.332,79.251,51.827,42.110
146.886,78.327,51.827,42.110
148.548,78.143,51.827,42.110
149.471,77.219,51.827,42.110
150.395,77.035,51.827,42.110
151.318,77.958,51.827,42.110
151.872,77.035,51.827,42.110
153.534,78.327,51.827,42.110
153.719,78.881,51.827,42.110
155.011,78.327,51.827,42.110
156.304,79.989,51.827,42.110
156.858,81.282,51.827,42.110
158.520,81.097,51.827,42.110
159.074,83.129,51.827,42.110
160.367,82.205,51.827,42.110
161.659,83.498,51.827,42.110
162.952,84.421,51.827,42.110
162.767,83.867,51.827,42.110
165.537,83.683,51.827,42.110
166.461,83.498,51.827,42.110
165.907,83.313,51.827,42.110
167.569,83.129,51.827,42.110
168.492,82.944,51.827,42.110
169.935,83.215,50.722,41.212
170.838,83.757,50.722,41.212
170.658,82.853,50.722,41.212
172.646,82.673,50.722,41.212
172.103,82.131,50.722,41.212
173.369,81.950,50.722,41.212
174.272,81.769,50.722,41.212
174.814,80.865,50.722,41.212
174.995,81.046,50.722,41.212
175.899,81.227,50.722,41.212
176.802,79.600,50.722,41.212
177.706,80.504,50.722,41.212
177.525,80.685,50.722,41.212
178.429,79.781,50.722,41.212
178.971,79.962,50.722,41.212
179.875,80.504,50.722,41.212
180.056,80.323,50.722,41.212
180.598,80.143,50.722,41.212
181.140,81.046,50.722,41.212
181.321,80.865,50.722,41.212
182.224,81.046,50.722,41.212
182.766,81.227,50.722,41.212
183.309,80.323,50.722,41.212
183.851,80.865,50.722,41.212
183.309,80.323,50.722,41.212
184.935,80.504,50.722,41.212
184.754,80.685,50.722,41.212
186.020,79.781,50.722,41.212
186.200,79.600,50.722,41.212
186.742,79.781,50.722,41.212
187.285,79.962,50.722,41.212
188.188,79.781,50.722,41.212
187.646,79.600,50.722,41.212
188.911,79.420,50.722,41.212
188.008,79.962,50.722,41.212
189.273,79.058,50.722,41.212
189.815,80.323,50.722,41.212
189.273,80.143,50.722,41.212
190.176,80.323,50.722,41.212
190.719,80.143,50.722,41.212
190.899,79.600,50.722,41.212
191.080,79.420,50.722,41.212
191.984,78.877,50.722,41.212
192.164,79.420,50.722,41.212
193.068,80.323,50.722,41.212
192.887,79.420,50.722,41.212
193.791,80.323,50.722,41.212
193.610,79.781,50.722,41.212
194.875,80.323,50.722,41.212
195.056,79.781,50.722,41.212
195.960,79.962,50.722,41.212
195.779,79.058,50.722,41.212
197.406,78.516,50.722,41.212
196.863,77.251,50.722,41.212
196.683,76.347,50.722,41.212
197.948,77.612,50.722,41.212
197.044,76.347,50.722,41.212
197.948,77.251,50.722,41.212
197.406,77.432,50.722,41.212
198.671,77.251,50.722,41.212
197.767,77.070,50.722,41.212
199.032,76.889,50.722,41.212
198.490,77.070,50.722,41.212
199.394,76.528,50.722,41.212
199.213,76.347,50.722,41.212
199.032,76.166,50.722,41.212
199.936,75.986,50.722,41.212
199.032,74.721,50.722,41.212
199.574,75.263,50.722,41.212
199.032,74.359,50.722,41.212
198.851,74.178,50.722,41.212
198.309,74.359,50.722,41.212
198.490,73.456,50.722,41.212
197.586,74.359,50.722,41.212
196.683,73.456,50.722,41.212
197.586,73.998,50.722,41.212
196.683,74.901,50.722,41.212
196.140,74.721,50.722,41.212
195.598,74.178,50.722,41.212
195.417,74.721,50.722,41.212
195.237,73.817,50.722,41.212
193.363,73.924,51.844,42.123
193.178,74.478,51.844,42.123
193.363,73.554,51.844,42.123
192.439,74.478,51.844,42.123
192.255,73.924,51.844,42.123
192.809,73.739,51.844,42.123
190.894,73.848,52.991,43.055
190.705,72.904,52.991,43.055
190.139,73.848,52.991,43.055
189.950,74.037,52.991,43.055
190.516,73.848,52.991,43.055
189.194,74.414,52.991,43.055
189.006,74.603,52.991,43.055
188.062,75.170,52.991,43.055
188.250,74.603,52.991,43.055
187.306,74.414,52.991,43.055
187.495,74.226,52.991,43.055
187.306,72.904,52.991,43.055
186.362,74.603,52.991,43.055
186.173,75.170,52.991,43.055
186.740,74.603,52.991,43.055
185.796,74.037,52.991,43.055
186.362,73.093,52.991,43.055
185.041,73.659,52.991,43.055
185.229,71.960,52.991,43.055
184.663,72.526,52.991,43.055
184.852,72.715,52.991,43.055
183.908,72.149,52.991,43.055
183.719,73.848,52.991,43.055
183.908,72.904,52.991,43.055
181.950,73.407,54.164,44.008
181.757,74.372,54.164,44.008
181.950,72.635,54.164,44.008
180.350,73.149,55.362,44.982
180.547,70.979,55.362,44.982
181.139,71.966,55.362,44.982
179.364,72.163,55.362,44.982
180.350,70.782,55.362,44.982
179.364,72.558,55.362,44.982
179.561,71.966,55.362,44.982
180.547,72.558,55.362,44.982
179.166,73.149,55.362,44.982
179.364,72.952,55.362,44.982
179.166,73.938,55.362,44.982
178.574,73.347,55.362,44.982
180.350,73.544,55.362,44.982
178.574,74.136,55.362,44.982
179.166,71.177,55.362,44.982
178.969,71.768,55.362,44.982
178.772,70.782,55.362,44.982
179.758,70.979,55.362,44.982
179.166,71.177,55.362,44.982
180.153,70.190,55.362,44.982
179.166,71.571,55.362,44.982
179.758,71.374,55.362,44.982
180.350,71.966,55.362,44.982
179.364,72.952,55.362,44.982
180.744,71.966,55.362,44.982
180.153,72.558,55.362,44.982
179.955,71.966,55.362,44.982
180.942,70.585,55.362,44.982
180.350,71.571,55.362,44.982
181.731,70.585,55.362,44.982
181.139,71.177,55.362,44.982
181.731,71.768,55.362,44.982
181.139,71.966,55.362,44.982
182.125,72.558,55.362,44.982
181.928,71.966,55.362,44.982
182.914,70.585,55.362,44.982
183.506,71.177,55.362,44.982
182.520,68.612,55.362,44.982
184.295,68.415,55.362,44.982
182.520,69.007,55.362,44.982
183.901,67.231,55.362,44.982
183.703,67.429,55.362,44.982
184.295,68.021,55.362,44.982
182.520,67.823,55.362,44.982
183.901,68.415,55.362,44.982
183.309,67.823,55.362,44.982
184.295,68.021,55.362,44.982
183.309,69.401,55.362,44.982
183.506,68.021,55.362,44.982
183.703,69.401,55.362,44.982
183.901,69.993,55.362,44.982
184.098,69.401,55.362,44.982
184.295,69.204,55.362,44.982
183.309,70.585,55.362,44.982
184.295,68.810,55.362,44.982
184.098,69.401,55.362,44.982
184.295,68.810,55.362,44.982
184.098,69.401,55.362,44.982
185.084,68.021,55.362,44.982
184.098,69.401,55.362,44.982
186.780,70.071,54.181,44.022
185.428,70.264,54.181,44.022
186.393,70.843,54.181,44.022
185.814,70.264,54.181,44.022
186.393,70.071,54.181,44.022
185.814,69.492,54.181,44.022
187.166,68.527,54.181,44.022
186.200,68.334,54.181,44.022
187.552,67.754,54.181,44.022
186.587,66.403,54.181,44.022
186.393,66.596,54.181,44.022
187.359,64.472,54.181,44.022
186.780,64.666,54.181,44.022
186.973,64.086,54.181,44.022
186.393,63.507,54.181,44.022
188.131,62.542,54.181,44.022
186.780,63.121,54.181,44.022
188.131,62.542,54.181,44.022
187.166,62.349,54.181,44.022
187.745,63.700,54.181,44.022
186.780,61.963,54.181,44.022
186.973,63.314,54.181,44.022
187.552,62.735,54.181,44.022
185.814,63.314,54.181,44.022
186.780,63.893,54.181,44.022
186.587,63.700,54.181,44.022
186.007,64.666,54.181,44.022
186.587,63.700,54.181,44.022
185.621,64.666,54.181,44.022
185.814,64.859,54.181,44.022
185.235,65.438,54.181,44.022
185.237,64.750,55.380,44.996
184.645,65.737,55.380,44.996
184.842,65.540,55.380,44.996
185.039,66.921,55.380,44.996
185.059,67.591,54.199,44.037
184.866,67.398,54.199,44.037
184.673,68.364,54.199,44.037
183.707,68.943,54.199,44.037
184.673,67.205,54.199,44.037
183.707,67.398,54.199,44.037
183.901,66.819,54.199,44.037
184.094,66.625,54.199,44.037
183.901,66.046,54.199,44.037
182.935,67.012,54.199,44.037
183.901,66.819,54.199,44.037
182.549,67.012,54.199,44.037
184.802,67.295,53.043,43.098
183.479,67.484,53.043,43.098
182.912,67.295,53.043,43.098
183.101,65.972,53.043,43.098
182.912,66.917,53.043,43.098
183.479,66.350,53.043,43.098
182.912,66.917,53.043,43.098
183.479,66.350,53.043,43.098
183.290,66.917,53.043,43.098
183.479,66.350,53.043,43.098
183.668,67.295,53.043,43.098
183.857,67.862,53.043,43.098
184.424,68.807,53.043,43.098
183.857,69.752,53.043,43.098
184.802,71.075,53.043,43.098
183.857,70.508,53.043,43.098
184.802,71.453,53.043,43.098
183.857,71.264,53.043,43.098
184.802,71.453,53.043,43.098
183.479,71.264,53.043,43.098
182.912,70.697,53.043,43.098
183.101,71.264,53.043,43.098
181.778,71.453,53.043,43.098
183.101,71.642,53.043,43.098
181.400,72.587,53.043,43.098
182.345,71.642,53.043,43.098
181.778,72.965,53.043,43.098
181.967,72.776,53.043,43.098
181.778,73.721,53.043,43.098
181.967,73.910,53.043,43.098
181.400,73.343,53.043,43.098
181.211,73.910,53.043,43.098
181.022,74.855,53.043,43.098
181.589,75.422,53.043,43.098
181.400,76.745,53.043,43.098
180.833,77.312,53.043,43.098
182.156,75.233,53.043,43.098
180.833,75.422,53.043,43.098
182.534,72.587,53.043,43.098
182.345,71.264,53.043,43.098
182.534,70.319,53.043,43.098
182.345,71.264,53.043,43.098
181.778,71.453,53.043,43.098
182.723,72.398,53.043,43.098
180.763,73.294,54.217,44.051
181.729,73.101,54.217,44.051
181.150,74.839,54.217,44.051
182.116,74.646,54.217,44.051
181.536,75.226,54.217,44.051
181.343,74.260,54.217,44.051
183.082,73.294,54.217,44.051
182.116,73.874,54.217,44.051
183.082,71.362,54.217,44.051
182.116,72.714,54.217,44.051
183.468,72.521,54.217,44.051
182.116,71.555,54.217,44.051
183.468,72.908,54.217,44.051
181.729,73.101,54.217,44.051
183.468,72.521,54.217,44.051
182.502,71.169,54.217,44.051
182.695,72.135,54.217,44.051
184.048,71.942,54.217,44.051
183.468,72.135,54.217,44.051
183.275,72.328,54.217,44.051
184.241,73.680,54.217,44.051
183.661,72.328,54.217,44.051
183.854,74.067,54.217,44.051
184.434,73.101,54.217,44.051
183.854,74.453,54.217,44.051
185.207,72.714,54.217,44.051
185.400,73.294,54.217,44.051
184.820,73.874,54.217,44.051
185.400,73.294,54.217,44.051
185.979,73.874,54.217,44.051
185.400,74.453,54.217,44.051
186.366,73.101,54.217,44.051
186.945,73.680,54.217,44.051
186.366,73.487,54.217,44.051
187.718,72.908,54.217,44.051
186.752,73.487,54.217,44.051
188.104,71.749,54.217,44.051
187.911,72.714,54.217,44.051
188.491,71.362,54.217,44.051
187.911,71.942,54.217,44.051
189.650,70.589,54.217,44.051
188.684,71.169,54.217,44.051
190.036,70.976,54.217,44.051
190.616,70.783,54.217,44.051
190.423,70.203,54.217,44.051
189.843,70.783,54.217,44.051
191.195,70.589,54.217,44.051
191.775,69.623,54.217,44.051
190.423,70.589,54.217,44.051
191.775,70.010,54.217,44.051
190.809,70.976,54.217,44.051
191.775,70.396,54.217,44.051
192.354,70.203,54.217,44.051
192.934,71.169,54.217,44.051
192.354,70.589,54.217,44.051
193.320,70.396,54.217,44.051
191.718,70.911,55.416,45.026
193.101,70.714,55.416,45.026
192.508,72.096,55.416,45.026
193.890,71.503,55.416,45.026
192.903,72.886,55.416,45.026
194.285,72.293,55.416,45.026
194.483,72.491,55.416,45.026
195.470,73.083,55.416,45.026
195.667,72.491,55.416,45.026
195.470,73.478,55.416,45.026
196.852,73.281,55.416,45.026
196.260,73.083,55.416,45.026
197.247,73.675,55.416,45.026
195.200,74.202,56.642,46.022
196.613,73.193,56.642,46.022
196.411,74.202,56.642,46.022
197.420,73.596,56.642,46.022
198.026,75.009,56.642,46.022
197.420,74.403,56.642,46.022
198.833,74.605,56.642,46.022
198.631,74.807,56.642,46.022
199.640,74.605,56.642,46.022
199.842,74.807,56.642,46.022
200.851,74.605,56.642,46.022
200.649,74.000,56.642,46.022
201.658,75.009,56.642,46.022
202.668,74.807,56.642,46.022
200.994,74.507,57.896,47.040
202.438,75.126,57.896,47.040
