164.000,121.000,27.000,24.000
164.801,121.199,27.000,24.000
164.901,120.496,27.000,24.000
165.604,121.199,27.000,24.000
165.905,120.496,27.000,24.000
166.607,121.199,27.000,24.000
166.507,120.296,27.000,24.000
167.279,121.616,26.424,23.488
167.377,120.732,26.424,23.488
168.064,121.616,26.424,23.488
167.377,121.321,26.424,23.488
168.064,121.812,26.424,23.488
168.359,122.303,26.424,23.488
168.850,122.598,26.424,23.488
169.341,122.303,26.424,23.488
168.850,121.616,26.424,23.488
169.537,121.321,26.424,23.488
170.225,121.812,26.424,23.488
170.127,122.107,26.424,23.488
170.225,121.812,26.424,23.488
170.519,121.321,26.424,23.488
171.207,122.205,26.424,23.488
171.502,122.107,26.424,23.488
171.796,122.794,26.424,23.488
171.894,122.107,26.424,23.488
171.403,122.991,26.424,23.488
172.287,122.500,26.424,23.488
171.600,121.223,26.424,23.488
172.287,120.143,26.424,23.488
171.403,119.455,26.424,23.488
172.091,119.946,26.424,23.488
171.207,121.026,26.424,23.488
171.305,121.714,26.424,23.488
171.011,122.401,26.424,23.488
170.716,121.910,26.424,23.488
170.814,122.794,26.424,23.488
170.912,122.892,26.424,23.488
169.832,121.616,26.424,23.488
170.519,121.321,26.424,23.488
170.225,120.830,26.424,23.488
169.734,121.321,26.424,23.488
170.028,121.419,26.424,23.488
169.537,121.517,26.424,23.488
170.225,122.794,26.424,23.488
169.537,124.071,26.424,23.488
170.028,125.151,26.424,23.488
169.145,126.035,26.424,23.488
169.439,125.151,26.424,23.488
169.341,126.035,26.424,23.488
169.243,124.758,26.424,23.488
168.948,124.267,26.424,23.488
168.457,124.562,26.424,23.488
169.341,123.678,26.424,23.488
168.850,123.973,26.424,23.488
169.145,124.071,26.424,23.488
168.850,124.366,26.424,23.488
168.752,123.089,26.424,23.488
169.243,124.169,26.424,23.488
168.752,124.267,26.424,23.488
169.243,124.758,26.424,23.488
168.752,124.660,26.424,23.488
169.243,124.169,26.424,23.488
168.948,125.446,26.424,23.488
168.457,123.973,26.424,23.488
169.341,123.874,26.424,23.488
169.439,124.366,26.424,23.488
168.948,122.892,26.424,23.488
169.046,123.187,26.424,23.488
168.555,122.303,26.424,23.488
169.636,123.383,26.424,23.488
169.537,122.303,26.424,23.488
169.243,122.991,26.424,23.488
168.555,124.071,26.424,23.488
169.439,124.955,26.424,23.488
169.537,124.071,26.424,23.488
169.439,124.169,26.424,23.488
169.145,123.285,26.424,23.488
168.850,124.169,26.424,23.488
169.734,123.285,26.424,23.488
169.243,123.776,26.424,23.488
169.734,122.696,26.424,23.488
170.028,122.991,26.424,23.488
169.734,124.071,26.424,23.488
170.421,123.973,26.424,23.488
170.519,122.892,26.424,23.488
170.814,123.187,26.424,23.488
170.420,123.437,27.009,24.008
170.520,123.336,27.009,24.008
170.821,123.236,27.009,24.008
170.319,123.135,27.009,24.008
170.821,124.039,27.009,24.008
170.721,123.537,27.009,24.008
171.022,122.634,27.009,24.008
171.524,122.533,27.009,24.008
171.624,123.035,27.009,24.008
172.327,122.734,27.009,24.008
172.227,124.039,27.009,24.008
172.729,123.135,27.009,24.008
172.227,123.838,27.009,24.008
173.130,123.939,27.009,24.008
173.431,123.437,27.009,24.008
173.532,123.738,27.009,24.008
173.833,124.240,27.009,24.008
173.532,123.939,27.009,24.008
174.234,123.437,27.009,24.008
175.138,124.139,27.009,24.008
175.238,124.641,27.009,24.008
175.539,123.939,27.009,24.008
175.640,123.035,27.009,24.008
175.941,123.135,27.009,24.008
175.439,123.236,27.009,24.008
176.142,122.935,27.009,24.008
176.443,123.637,27.009,24.008
176.543,123.939,27.009,24.008
176.844,123.437,27.009,24.008
176.342,123.939,27.009,24.008
176.644,124.440,27.009,24.008
176.543,124.942,27.009,24.008
176.242,124.440,27.009,24.008
176.744,124.942,27.009,24.008
176.041,124.039,27.009,24.008
176.142,123.537,27.009,24.008
176.443,123.035,27.009,24.008
175.740,122.935,27.009,24.008
175.841,124.240,27.009,24.008
175.339,123.537,27.009,24.008
175.439,124.039,27.009,24.008
175.941,124.541,27.009,24.008
175.238,125.444,27.009,24.008
175.740,125.745,27.009,24.008
174.837,126.448,27.009,24.008
174.937,125.946,27.009,24.008
175.238,126.649,27.009,24.008
175.339,125.545,27.009,24.008
174.435,124.440,27.009,24.008
175.339,124.340,27.009,24.008
174.837,124.039,27.009,24.008
175.339,124.742,27.009,24.008
174.936,123.330,27.606,24.539
174.423,123.433,27.606,24.539
174.936,123.330,27.606,24.539
174.217,124.459,27.606,24.539
174.231,122.804,28.217,25.082
174.546,122.279,28.217,25.082
173.812,121.545,28.217,25.082
173.707,121.021,28.217,25.082
174.231,120.496,28.217,25.082
174.336,121.440,28.217,25.082
174.441,120.916,28.217,25.082
173.497,121.860,28.217,25.082
173.812,122.384,28.217,25.082
173.078,121.440,28.217,25.082
174.022,122.174,28.217,25.082
173.497,122.279,28.217,25.082
172.763,121.965,28.217,25.082
173.497,122.909,28.217,25.082
172.553,124.691,28.217,25.082
173.078,125.216,28.217,25.082
173.602,124.901,28.217,25.082
172.658,124.587,28.217,25.082
173.183,124.272,28.217,25.082
173.707,123.328,28.217,25.082
172.973,123.223,28.217,25.082
173.707,123.328,28.217,25.082
172.763,123.223,28.217,25.082
173.288,123.748,28.217,25.082
173.812,124.482,28.217,25.082
172.658,124.796,28.217,25.082
172.553,125.740,28.217,25.082
172.239,126.055,28.217,25.082
172.973,124.901,28.217,25.082
172.449,125.845,28.217,25.082
171.505,124.691,28.217,25.082
171.819,124.167,28.217,25.082
172.134,124.691,28.217,25.082
172.449,124.377,28.217,25.082
171.505,123.013,28.217,25.082
171.400,122.070,28.217,25.082
172.134,122.384,28.217,25.082
172.239,122.909,28.217,25.082
172.553,122.384,28.217,25.082
171.190,121.440,28.217,25.082
171.924,120.706,28.217,25.082
171.190,121.440,28.217,25.082
171.295,120.916,28.217,25.082
171.400,121.650,28.217,25.082
170.666,121.965,28.217,25.082
170.351,121.440,28.217,25.082
170.875,120.916,28.217,25.082
170.141,120.601,28.217,25.082
170.456,120.077,28.217,25.082
169.093,119.343,28.217,25.082
169.827,119.657,28.217,25.082
168.883,118.714,28.217,25.082
169.197,118.189,28.217,25.082
169.302,117.875,28.217,25.082
168.778,119.238,28.217,25.082
168.254,118.504,28.217,25.082
168.358,118.609,28.217,25.082
168.044,118.294,28.217,25.082
167.729,117.770,28.217,25.082
166.785,116.406,28.217,25.082
166.890,115.672,28.217,25.082
166.576,115.987,28.217,25.082
166.261,115.672,28.217,25.082
166.785,116.197,28.217,25.082
165.842,115.882,28.217,25.082
166.156,117.036,28.217,25.082
166.051,116.721,28.217,25.082
165.737,118.084,28.217,25.082
165.212,117.560,28.217,25.082
165.737,118.504,28.217,25.082
165.003,119.657,28.217,25.082
165.527,120.601,28.217,25.082
164.373,121.335,28.217,25.082
165.317,122.489,28.217,25.082
165.003,123.643,28.217,25.082
164.268,124.796,28.217,25.082
165.003,124.482,28.217,25.082
163.849,124.167,28.217,25.082
163.744,123.852,28.217,25.082
163.010,124.167,28.217,25.082
163.534,122.384,28.217,25.082
162.381,122.070,28.217,25.082
162.695,121.965,28.217,25.082
161.961,122.279,28.217,25.082
162.066,122.594,28.217,25.082
162.171,122.070,28.217,25.082
161.856,120.916,28.217,25.082
161.332,122.279,28.217,25.082
162.276,121.335,28.217,25.082
162.171,120.182,28.217,25.082
162.066,119.867,28.217,25.082
161.751,120.601,28.217,25.082
162.276,120.287,28.217,25.082
162.381,119.762,28.217,25.082
161.856,120.496,28.217,25.082
162.590,119.972,28.217,25.082
162.486,119.238,28.217,25.082
161.542,117.875,28.217,25.082
162.276,117.980,28.217,25.082
163.220,117.245,28.217,25.082
163.115,118.399,28.217,25.082
162.800,118.084,28.217,25.082
162.905,116.931,28.217,25.082
163.010,118.084,28.217,25.082
163.744,117.350,28.217,25.082
162.800,117.036,28.217,25.082
163.534,115.672,28.217,25.082
162.590,116.197,28.217,25.082
163.744,115.672,28.217,25.082
164.268,115.358,28.217,25.082
164.793,114.833,28.217,25.082
164.059,115.777,28.217,25.082
165.003,115.463,28.217,25.082
164.478,114.938,28.217,25.082
164.583,116.931,28.217,25.082
165.107,117.455,28.217,25.082
165.842,117.141,28.217,25.082
165.107,116.197,28.217,25.082
165.842,116.511,28.217,25.082
165.737,115.777,28.217,25.082
166.051,116.931,28.217,25.082
166.576,117.036,28.217,25.082
166.261,116.092,28.217,25.082
167.415,115.567,28.217,25.082
166.471,116.302,28.217,25.082
167.205,116.197,28.217,25.082
168.149,116.092,28.217,25.082
167.624,116.406,28.217,25.082
167.100,116.931,28.217,25.082
168.463,117.875,28.217,25.082
167.729,116.931,28.217,25.082
168.673,117.036,28.217,25.082
168.988,116.302,28.217,25.082
169.932,117.665,28.217,25.082
169.827,117.141,28.217,25.082
169.932,117.455,28.217,25.082
170.666,117.560,28.217,25.082
170.141,118.294,28.217,25.082
171.295,117.560,28.217,25.082
172.029,118.084,28.217,25.082
171.505,116.931,28.217,25.082
171.400,118.294,28.217,25.082
172.553,117.350,28.217,25.082
171.819,118.294,28.217,25.082
172.553,118.609,28.217,25.082
172.239,119.343,28.217,25.082
173.602,118.819,28.217,25.082
172.868,118.084,28.217,25.082
174.022,117.560,28.217,25.082
174.336,119.343,28.217,25.082
175.280,118.609,28.217,25.082
174.966,119.133,28.217,25.082
175.070,118.609,28.217,25.082
174.756,118.714,28.217,25.082
175.490,119.867,28.217,25.082
174.966,120.811,28.217,25.082
175.700,119.238,28.217,25.082
174.966,118.714,28.217,25.082
175.909,118.189,28.217,25.082
175.595,117.665,28.217,25.082
175.280,118.819,28.217,25.082
176.434,119.343,28.217,25.082
175.280,119.657,28.217,25.082
176.434,119.762,28.217,25.082
175.280,120.077,28.217,25.082
176.224,119.553,28.217,25.082
176.329,120.706,28.217,25.082
176.644,120.182,28.217,25.082
175.490,119.448,28.217,25.082
175.595,119.133,28.217,25.082
175.700,119.657,28.217,25.082
176.014,120.182,28.217,25.082
176.329,120.706,28.217,25.082
176.644,121.650,28.217,25.082
175.490,121.126,28.217,25.082
175.595,121.440,28.217,25.082
175.490,121.755,28.217,25.082
175.175,122.070,28.217,25.082
176.119,121.335,28.217,25.082
176.014,121.650,28.217,25.082
175.700,121.755,28.217,25.082
175.175,121.231,28.217,25.082
175.909,120.287,28.217,25.082
175.175,122.070,28.217,25.082
176.119,121.126,28.217,25.082
175.175,120.182,28.217,25.082
175.700,119.867,28.217,25.082
174.546,120.182,28.217,25.082
174.651,119.867,28.217,25.082
175.175,120.811,28.217,25.082
175.490,119.867,28.217,25.082
174.127,120.601,28.217,25.082
175.070,120.077,28.217,25.082
174.336,120.601,28.217,25.082
174.651,121.335,28.217,25.082
173.288,120.392,28.217,25.082
174.651,121.755,28.217,25.082
173.078,122.489,28.217,25.082
173.183,121.755,28.217,25.082
172.449,121.440,28.217,25.082
171.505,122.384,28.217,25.082
171.610,121.650,28.217,25.082
170.875,121.335,28.217,25.082
171.400,120.601,28.217,25.082
170.246,120.916,28.217,25.082
171.190,121.650,28.217,25.082
169.827,121.965,28.217,25.082
169.093,121.860,28.217,25.082
168.358,122.174,28.217,25.082
168.883,121.440,28.217,25.082
167.310,121.335,28.217,25.082
166.785,121.231,28.217,25.082
166.261,120.916,28.217,25.082
166.785,122.070,28.217,25.082
165.632,120.916,28.217,25.082
165.107,120.811,28.217,25.082
166.051,122.174,28.217,25.082
165.317,121.440,28.217,25.082
166.261,121.965,28.217,25.082
164.970,120.708,28.842,25.637
164.434,120.172,28.842,25.637
164.541,120.065,28.842,25.637
164.862,121.244,28.842,25.637
165.184,120.279,28.842,25.637
164.219,119.958,28.842,25.637
164.755,119.207,28.842,25.637
165.506,120.386,28.842,25.637
164.541,120.708,28.842,25.637
165.291,119.958,28.842,25.637
164.541,119.850,28.842,25.637
165.720,120.386,28.842,25.637
166.042,120.279,28.842,25.637
165.389,118.995,29.480,26.204
164.841,118.009,29.480,26.204
165.827,119.871,29.480,26.204
165.279,120.200,29.480,26.204
165.827,119.214,29.480,26.204
165.718,118.447,29.480,26.204
165.389,118.995,29.480,26.204
165.060,119.981,29.480,26.204
166.265,119.433,29.480,26.204
165.718,118.885,29.480,26.204
165.827,119.871,29.480,26.204
166.594,119.762,29.480,26.204
165.827,121.186,29.480,26.204
166.813,119.981,29.480,26.204
166.265,120.967,29.480,26.204
166.813,120.200,29.480,26.204
167.142,119.433,29.480,26.204
166.813,118.666,29.480,26.204
167.142,119.433,29.480,26.204
167.032,119.981,29.480,26.204
167.799,120.748,29.480,26.204
167.032,121.734,29.480,26.204
168.018,120.748,29.480,26.204
167.909,120.857,29.480,26.204
167.014,122.045,30.132,26.784
167.798,121.709,30.132,26.784
167.910,120.701,30.132,26.784
167.126,121.709,30.132,26.784
167.462,122.269,30.132,26.784
167.798,121.485,30.132,26.784
167.910,122.493,30.132,26.784
166.902,121.037,30.132,26.784
167.462,120.477,30.132,26.784
167.574,121.485,30.132,26.784
167.238,120.701,30.132,26.784
166.454,122.157,30.132,26.784
167.462,121.597,30.132,26.784
167.126,121.261,30.132,26.784
166.790,122.941,30.132,26.784
168.022,121.261,30.132,26.784
167.238,121.373,30.132,26.784
167.574,122.605,30.132,26.784
168.358,121.597,30.132,26.784
167.574,120.589,30.132,26.784
168.134,120.925,30.132,26.784
167.574,120.813,30.132,26.784
168.582,120.925,30.132,26.784
168.694,121.261,30.132,26.784
168.358,121.821,30.132,26.784
168.918,121.037,30.132,26.784
168.806,122.045,30.132,26.784
169.590,122.157,30.132,26.784
168.806,121.821,30.132,26.784
169.814,122.157,30.132,26.784
169.254,121.373,30.132,26.784
168.918,120.813,30.132,26.784
168.806,120.925,30.132,26.784
170.038,122.157,30.132,26.784
169.030,123.165,30.132,26.784
169.366,122.157,30.132,26.784
168.358,121.597,30.132,26.784
169.366,122.605,30.132,26.784
168.134,122.045,30.132,26.784
168.694,122.829,30.132,26.784
168.134,122.269,30.132,26.784
167.798,122.605,30.132,26.784
169.030,123.165,30.132,26.784
168.246,122.605,30.132,26.784
167.686,123.165,30.132,26.784
168.470,123.501,30.132,26.784
167.686,123.165,30.132,26.784
168.022,122.829,30.132,26.784
167.238,121.597,30.132,26.784
166.230,123.053,30.132,26.784
167.014,123.389,30.132,26.784
166.230,123.277,30.132,26.784
166.342,121.821,30.132,26.784
165.558,123.053,30.132,26.784
164.999,124.285,30.132,26.784
165.111,123.725,30.132,26.784
163.879,122.717,30.132,26.784
164.663,123.053,30.132,26.784
163.879,123.389,30.132,26.784
162.500,122.977,30.799,27.376
161.927,122.862,30.799,27.376
162.957,124.121,30.799,27.376
161.310,123.225,31.480,27.982
160.112,122.551,32.176,28.601
159.036,123.149,32.176,28.601
158.917,122.312,32.176,28.601
159.514,123.627,32.176,28.601
158.677,124.943,32.176,28.601
157.601,123.149,32.176,28.601
157.242,123.508,32.176,28.601
156.266,122.819,32.888,29.234
155.410,123.675,32.888,29.234
154.799,122.819,32.888,29.234
154.432,122.452,32.888,29.234
153.088,122.086,32.888,29.234
153.455,121.963,32.888,29.234
151.949,122.274,33.616,29.881
150.670,121.036,34.360,30.542
149.628,120.831,35.120,31.218
149.497,119.656,35.120,31.218
149.105,120.570,35.120,31.218
147.931,119.395,35.120,31.218
148.061,120.309,35.120,31.218
146.886,120.961,35.120,31.218
146.495,119.264,35.120,31.218
145.581,118.090,35.120,31.218
144.515,119.234,35.897,31.908
144.649,119.634,35.897,31.908
144.249,120.034,35.897,31.908
143.048,119.367,35.897,31.908
143.448,118.433,35.897,31.908
142.514,119.101,35.897,31.908
142.648,118.433,35.897,31.908
140.728,119.880,36.691,32.614
141.410,118.925,36.691,32.614
140.455,119.607,36.691,32.614
140.591,118.380,36.691,32.614
139.637,117.425,36.691,32.614
139.773,118.653,36.691,32.614
139.637,120.153,36.691,32.614
138.682,119.471,36.691,32.614
138.546,117.971,36.691,32.614
137.319,118.380,36.691,32.614
137.728,117.153,36.691,32.614
137.864,117.562,36.691,32.614
136.637,117.425,36.691,32.614
137.046,118.107,36.691,32.614
137.455,118.789,36.691,32.614
135.682,119.471,36.691,32.614
136.091,117.971,36.691,32.614
134.129,118.883,37.503,33.336
135.105,119.023,37.503,33.336
133.099,118.220,38.333,34.074
134.096,117.508,38.333,34.074
132.814,118.220,38.333,34.074
131.817,119.217,38.333,34.074
132.529,119.075,38.333,34.074
130.962,118.647,38.333,34.074
130.135,119.697,37.515,33.347
130.553,118.443,37.515,33.347
129.577,119.697,37.515,33.347
129.574,120.994,36.715,32.636
128.782,120.684,35.932,31.940
128.915,120.818,35.932,31.940
128.102,120.603,36.727,32.647
127.147,121.012,36.727,32.647
127.407,121.492,35.944,31.950
126.739,120.824,35.944,31.950
127.407,121.492,35.944,31.950
126.472,121.626,35.944,31.950
125.269,119.622,35.944,31.950
125.136,120.824,35.944,31.950
124.735,120.958,35.944,31.950
123.959,121.685,35.178,31.269
125.468,121.388,34.427,30.602
124.061,121.260,34.427,30.602
123.318,121.216,33.693,29.950
123.074,121.656,32.975,29.311
123.932,122.759,32.975,29.311
123.220,121.064,32.272,28.686
122.524,121.716,31.583,28.074
121.702,121.129,31.583,28.074
122.524,120.777,31.583,28.074
120.998,121.364,31.583,28.074
122.054,120.308,31.583,28.074
120.920,120.720,30.910,27.475
121.724,119.916,30.910,27.475
120.690,119.571,30.910,27.475
121.574,120.640,30.251,26.889
121.571,121.468,29.606,26.316
120.581,122.238,29.606,26.316
120.031,122.348,29.606,26.316
119.480,121.798,29.606,26.316
118.710,122.568,29.606,26.316
117.500,123.339,29.606,26.316
116.950,122.788,29.606,26.316
118.008,123.599,28.974,25.755
117.685,122.415,28.974,25.755
116.500,121.230,28.974,25.755
115.844,121.727,29.615,26.325
117.327,120.629,28.984,25.763
115.777,122.020,29.625,26.333
114.878,122.757,30.280,26.916
113.726,122.576,30.950,27.511
113.264,121.436,31.635,28.120
112.060,121.003,32.335,28.742
112.902,121.364,32.335,28.742
111.920,121.669,33.050,29.378
110.918,120.452,33.782,30.028
108.850,120.511,34.529,30.693
110.519,121.152,34.529,30.693
108.140,120.946,35.293,31.372
106.252,119.919,36.074,32.066
106.270,120.538,36.872,32.775
104.867,119.180,37.688,33.500
105.177,119.536,38.522,34.242
103.711,117.523,39.374,34.999
104.338,115.769,40.245,35.773
102.496,115.218,41.136,36.565
102.343,116.594,41.136,36.565
103.414,117.359,41.136,36.565
101.848,115.527,42.046,37.374
101.379,116.933,42.046,37.374
101.536,116.152,42.046,37.374
101.379,117.558,42.046,37.374
101.076,116.334,42.976,38.201
99.772,115.414,43.927,39.046
100.915,114.925,43.927,39.046
100.426,114.761,43.927,39.046
99.936,115.578,43.927,39.046
100.099,115.088,43.927,39.046
100.262,115.578,43.927,39.046
100.752,114.761,43.927,39.046
98.742,114.838,44.899,39.910
99.910,113.336,44.899,39.910
99.075,114.504,44.899,39.910
98.909,113.002,44.899,39.910
98.742,114.170,44.899,39.910
97.907,112.001,44.899,39.910
99.075,112.835,44.899,39.910
98.575,114.003,44.899,39.910
99.409,113.503,44.899,39.910
98.909,114.003,44.899,39.910
98.074,114.838,44.899,39.910
98.097,112.838,45.892,40.793
97.244,114.373,45.892,40.793
98.097,112.838,45.892,40.793
96.903,113.691,45.892,40.793
98.097,112.156,45.892,40.793
96.562,113.691,45.892,40.793
97.756,113.861,45.892,40.793
97.585,113.691,45.892,40.793
97.415,113.520,45.892,40.793
96.562,114.373,45.892,40.793
97.415,113.179,45.892,40.793
96.562,113.008,45.892,40.793
97.415,112.497,45.892,40.793
96.221,113.008,45.892,40.793
96.391,111.815,45.892,40.793
96.903,112.326,45.892,40.793
97.415,113.520,45.892,40.793
95.879,114.032,45.892,40.793
96.732,112.156,45.892,40.793
95.879,113.691,45.892,40.793
97.073,111.815,45.892,40.793
95.197,111.985,45.892,40.793
95.709,111.132,45.892,40.793
96.221,111.985,45.892,40.793
95.027,113.179,45.892,40.793
96.562,111.985,45.892,40.793
95.709,113.179,45.892,40.793
95.879,112.326,45.892,40.793
96.732,113.520,45.892,40.793
95.340,111.476,46.907,41.696
95.165,111.999,46.907,41.696
94.827,110.272,47.945,42.618
95.362,111.163,47.945,42.618
94.115,110.272,47.945,42.618
94.649,111.519,47.945,42.618
93.615,110.428,46.923,41.709
94.487,111.300,46.923,41.709
95.359,110.777,46.923,41.709
95.184,112.346,46.923,41.709
94.312,110.777,46.923,41.709
94.835,110.951,46.923,41.709
93.963,112.521,46.923,41.709
94.487,110.602,46.923,41.709
94.312,112.172,46.923,41.709
94.487,110.253,46.923,41.709
93.963,111.474,46.923,41.709
93.440,110.602,46.923,41.709
94.661,111.474,46.923,41.709
93.091,110.602,46.923,41.709
93.963,111.823,46.923,41.709
93.091,111.300,46.923,41.709
92.917,109.730,46.923,41.709
92.743,111.649,46.923,41.709
93.266,112.869,46.923,41.709
92.743,113.393,46.923,41.709
91.871,111.823,46.923,41.709
92.394,112.695,46.923,41.709
92.917,112.869,46.923,41.709
92.045,113.393,46.923,41.709
92.219,112.521,46.923,41.709
92.743,113.741,46.923,41.709
91.173,112.869,46.923,41.709
92.045,114.439,46.923,41.709
91.522,112.869,46.923,41.709
91.348,114.788,46.923,41.709
91.522,113.218,46.923,41.709
90.301,113.741,46.923,41.709
91.173,114.265,46.923,41.709
89.952,114.439,46.923,41.709
90.476,112.521,46.923,41.709
89.952,113.044,46.923,41.709
90.127,114.613,46.923,41.709
89.255,113.393,46.923,41.709
89.778,113.567,46.923,41.709
87.860,113.741,46.923,41.709
88.732,113.916,46.923,41.709
87.860,114.090,46.923,41.709
88.732,113.218,46.923,41.709
87.162,113.741,46.923,41.709
88.383,114.962,46.923,41.709
88.557,115.137,46.923,41.709
87.685,114.265,46.923,41.709
86.813,113.044,46.923,41.709
87.685,114.962,46.923,41.709
86.813,115.485,46.923,41.709
87.685,115.660,46.923,41.709
86.464,115.137,46.923,41.709
88.034,114.613,46.923,41.709
87.162,116.532,46.923,41.709
87.685,115.311,46.923,41.709
86.116,115.485,46.923,41.709
87.336,113.567,46.923,41.709
87.162,113.044,46.923,41.709
87.336,114.613,46.923,41.709
86.813,115.137,46.923,41.709
86.290,114.613,46.923,41.709
87.162,114.788,46.923,41.709
85.941,114.962,46.923,41.709
86.813,114.788,46.923,41.709
85.592,115.311,46.923,41.709
86.464,114.439,46.923,41.709
86.639,114.962,46.923,41.709
85.418,113.741,46.923,41.709
86.639,111.823,46.923,41.709
85.069,113.044,46.923,41.709
86.639,113.567,46.923,41.709
85.418,113.044,46.923,41.709
86.639,113.567,46.923,41.709
85.418,112.695,46.923,41.709
86.988,113.218,46.923,41.709
85.767,111.649,46.923,41.709
86.639,112.869,46.923,41.709
85.767,111.997,46.923,41.709
86.639,112.172,46.923,41.709
85.767,112.695,46.923,41.709
86.639,111.823,46.923,41.709
85.767,112.346,46.923,41.709
86.639,111.474,46.923,41.709
86.116,112.346,46.923,41.709
87.685,112.172,46.923,41.709
86.116,113.044,46.923,41.709
87.336,111.823,46.923,41.709
87.511,113.044,46.923,41.709
86.639,113.916,46.923,41.709
87.511,112.346,46.923,41.709
87.685,111.474,46.923,41.709
86.813,111.649,46.923,41.709
88.034,110.777,46.923,41.709
88.557,112.695,46.923,41.709
87.685,111.823,46.923,41.709
88.557,112.346,46.923,41.709
88.732,111.125,46.923,41.709
88.208,112.346,46.923,41.709
89.778,111.474,46.923,41.709
88.557,112.695,46.923,41.709
89.778,113.567,46.923,41.709
89.952,112.346,46.923,41.709
90.476,112.521,46.923,41.709
91.348,111.300,46.923,41.709
90.476,111.474,46.923,41.709
91.348,112.695,46.923,41.709
91.522,112.172,46.923,41.709
90.650,112.695,46.923,41.709
90.824,111.823,46.923,41.709
91.348,112.346,46.923,41.709
92.219,113.218,46.923,41.709
90.999,113.044,46.923,41.709
92.219,113.567,46.923,41.709
92.045,111.997,46.923,41.709
92.917,112.869,46.923,41.709
92.045,112.346,46.923,41.709
92.917,113.218,46.923,41.709
92.394,112.346,46.923,41.709
93.615,113.218,46.923,41.709
92.045,111.649,46.923,41.709
92.917,112.521,46.923,41.709
92.394,112.346,46.923,41.709
93.963,113.567,46.923,41.709
92.743,113.393,46.923,41.709
93.266,112.869,46.923,41.709
93.789,113.741,46.923,41.709
93.266,112.172,46.923,41.709
94.487,113.393,46.923,41.709
93.615,112.172,46.923,41.709
93.789,113.741,46.923,41.709
94.312,112.869,46.923,41.709
94.835,113.741,46.923,41.709
93.615,113.567,46.923,41.709
94.487,112.695,46.923,41.709
94.312,113.916,46.923,41.709
94.698,112.188,47.961,42.632
94.876,113.792,47.961,42.632
95.411,112.188,47.961,42.632
94.163,113.079,47.961,42.632
94.698,112.188,47.961,42.632
95.589,114.149,47.961,42.632
95.411,114.327,47.961,42.632
95.407,113.579,46.938,41.723
96.628,112.707,46.938,41.723
95.407,112.183,46.938,41.723
96.628,112.707,46.938,41.723
95.407,113.230,46.938,41.723
96.977,112.009,46.938,41.723
96.454,113.928,46.938,41.723
97.675,114.800,46.938,41.723
96.454,113.230,46.938,41.723
97.675,113.753,46.938,41.723
96.454,114.626,46.938,41.723
98.373,114.102,46.938,41.723
97.849,115.323,46.938,41.723
97.675,113.753,46.938,41.723
98.198,113.928,46.938,41.723
98.721,115.847,46.938,41.723
97.500,115.323,46.938,41.723
99.070,114.800,46.938,41.723
97.849,113.579,46.938,41.723
99.070,112.358,46.938,41.723
98.198,114.277,46.938,41.723
99.070,114.451,46.938,41.723
98.198,114.974,46.938,41.723
98.721,115.149,46.938,41.723
97.500,113.579,46.938,41.723
98.721,114.800,46.938,41.723
96.802,113.579,46.938,41.723
98.024,114.800,46.938,41.723
98.020,115.077,45.937,40.833
98.345,114.689,44.958,39.962
98.178,114.856,44.958,39.962
98.679,114.021,44.958,39.962
98.512,115.525,44.958,39.962
98.011,115.358,44.958,39.962
98.512,115.191,44.958,39.962
97.677,115.358,44.958,39.962
98.512,114.522,44.958,39.962
97.677,115.692,44.958,39.962
98.178,116.193,44.958,39.962
97.677,115.358,44.958,39.962
98.178,114.522,44.958,39.962
97.342,115.692,44.958,39.962
97.509,114.856,44.958,39.962
97.677,115.023,44.958,39.962
96.841,114.856,44.958,39.962
97.008,114.355,44.958,39.962
96.507,114.522,44.958,39.962
96.340,114.689,44.958,39.962
95.504,115.191,44.958,39.962
96.340,116.026,44.958,39.962
96.173,116.527,44.958,39.962
97.779,116.792,43.999,39.110
98.597,115.648,43.999,39.110
100.069,115.484,43.999,39.110
98.597,116.302,43.999,39.110
99.415,115.157,43.999,39.110
97.616,115.975,43.999,39.110
97.779,114.830,43.999,39.110
96.635,115.975,43.999,39.110
98.107,115.484,43.999,39.110
97.289,116.956,43.999,39.110
98.107,116.138,43.999,39.110
97.289,116.956,43.999,39.110
98.434,117.119,43.999,39.110
97.289,115.975,43.999,39.110
98.761,116.138,43.999,39.110
97.496,116.713,43.061,38.276
98.616,117.513,43.061,38.276
98.776,117.033,43.061,38.276
98.296,117.193,43.061,38.276
97.816,117.993,43.061,38.276
98.616,117.193,43.061,38.276
97.996,117.447,42.142,37.460
98.466,116.977,42.142,37.460
97.996,117.447,42.142,37.460
97.839,117.290,42.142,37.460
97.369,117.134,42.142,37.460
97.839,117.917,42.142,37.460
97.056,117.760,42.142,37.460
97.526,117.603,42.142,37.460
97.369,117.447,42.142,37.460
97.212,117.290,42.142,37.460
97.056,117.134,42.142,37.460
97.212,117.603,42.142,37.460
97.056,118.073,42.142,37.460
96.899,117.917,42.142,37.460
97.056,117.447,42.142,37.460
96.586,116.664,42.142,37.460
97.369,116.507,42.142,37.460
97.212,116.977,42.142,37.460
97.369,116.507,42.142,37.460
97.667,117.057,41.244,36.661
97.208,117.824,41.244,36.661
97.667,118.284,41.244,36.661
97.821,117.824,41.244,36.661
97.361,117.977,41.244,36.661
97.514,117.211,41.244,36.661
98.281,118.590,41.244,36.661
97.208,118.130,41.244,36.661
97.054,117.364,41.244,36.661
97.821,118.130,41.244,36.661
97.667,118.284,41.244,36.661
97.514,118.437,41.244,36.661
97.667,117.057,41.244,36.661
97.208,116.904,41.244,36.661
97.361,116.138,41.244,36.661
97.821,118.130,41.244,36.661
97.361,118.897,41.244,36.661
97.514,117.824,41.244,36.661
97.667,118.897,41.244,36.661
97.514,118.130,41.244,36.661
97.667,118.897,41.244,36.661
97.208,118.130,41.244,36.661
97.361,119.510,41.244,36.661
97.514,118.744,41.244,36.661
97.667,119.817,41.244,36.661
96.901,119.357,41.244,36.661
97.054,120.123,41.244,36.661
97.208,121.196,41.244,36.661
96.748,121.043,41.244,36.661
96.901,119.970,41.244,36.661
96.748,118.897,41.244,36.661
96.901,118.437,41.244,36.661
96.748,119.204,41.244,36.661
96.594,118.437,41.244,36.661
96.748,119.817,41.244,36.661
96.901,119.970,41.244,36.661
97.361,120.430,41.244,36.661
96.594,120.890,41.244,36.661
96.748,121.043,41.244,36.661
96.901,121.196,41.244,36.661
97.054,121.350,41.244,36.661
97.208,119.050,41.244,36.661
96.748,119.204,41.244,36.661
96.594,119.357,41.244,36.661
96.135,119.817,41.244,36.661
96.155,118.616,42.156,37.472
94.745,118.773,42.156,37.472
95.842,117.989,42.156,37.472
95.059,119.086,42.156,37.472
95.842,118.929,42.156,37.472
95.685,119.086,42.156,37.472
96.155,117.989,42.156,37.472
95.685,118.146,42.156,37.472
96.469,117.989,42.156,37.472
95.840,116.762,43.089,38.301
95.039,117.563,43.089,38.301
95.840,116.442,43.089,38.301
96.000,117.883,43.089,38.301
95.690,116.296,44.042,39.149
94.544,117.115,44.042,39.149
95.245,115.493,45.017,40.015
94.074,117.668,45.017,40.015
95.245,116.162,45.017,40.015
94.074,115.325,45.017,40.015
95.245,115.158,45.017,40.015
94.409,115.995,45.017,40.015
95.126,114.337,46.013,40.900
95.297,114.508,46.013,40.900
94.442,113.653,46.013,40.900
95.297,115.192,46.013,40.900
95.468,113.995,46.013,40.900
95.981,114.508,46.013,40.900
95.810,114.337,46.013,40.900
96.665,113.482,46.013,40.900
97.178,115.363,46.013,40.900
96.323,114.166,46.013,40.900
96.836,113.995,46.013,40.900
97.007,114.508,46.013,40.900
97.862,115.705,46.013,40.900
97.007,115.192,46.013,40.900
97.862,115.705,46.013,40.900
98.033,115.876,46.013,40.900
98.546,115.363,46.013,40.900
99.059,116.218,46.013,40.900
99.230,116.731,46.013,40.900
99.253,114.682,47.031,41.805
99.079,116.255,47.031,41.805
99.603,115.031,47.031,41.805
99.778,116.605,47.031,41.805
98.904,116.080,47.031,41.805
99.428,116.605,47.031,41.805
99.603,115.731,47.031,41.805
100.127,116.954,47.031,41.805
99.253,114.682,47.031,41.805
100.127,116.255,47.031,41.805
99.603,114.682,47.031,41.805
100.477,116.605,47.031,41.805
99.603,114.332,47.031,41.805
100.477,114.857,47.031,41.805
100.302,115.381,47.031,41.805
100.827,114.157,47.031,41.805
99.603,114.682,47.031,41.805
100.477,114.507,47.031,41.805
100.652,113.983,47.031,41.805
100.127,114.507,47.031,41.805
101.001,114.682,47.031,41.805
99.574,112.587,48.071,42.730
100.825,113.838,48.071,42.730
101.004,112.587,48.071,42.730
100.825,114.195,48.071,42.730
101.004,112.587,48.071,42.730
101.182,113.480,48.071,42.730
99.932,114.016,48.071,42.730
100.825,112.766,48.071,42.730
101.361,112.230,48.071,42.730
100.110,113.480,48.071,42.730
100.646,113.302,48.071,42.730
101.182,114.552,48.071,42.730
99.574,114.374,48.071,42.730
100.468,115.982,48.071,42.730
99.574,115.088,48.071,42.730
100.468,116.339,48.071,42.730
99.574,116.875,48.071,42.730
100.110,114.910,48.071,42.730
98.860,116.518,48.071,42.730
99.038,115.624,48.071,42.730
98.860,116.518,48.071,42.730
97.966,116.339,48.071,42.730
98.145,117.232,48.071,42.730
96.537,118.483,48.071,42.730
97.430,117.947,48.071,42.730
95.465,116.696,48.071,42.730
95.644,116.518,48.071,42.730
94.393,118.126,48.071,42.730
94.214,116.875,48.071,42.730
92.964,118.126,48.071,42.730
93.500,117.947,48.071,42.730
92.249,117.411,48.071,42.730
92.070,119.019,48.071,42.730
92.606,117.768,48.071,42.730
91.356,116.160,48.071,42.730
91.534,117.768,48.071,42.730
90.641,116.875,48.071,42.730
91.534,117.768,48.071,42.730
89.926,116.875,48.071,42.730
90.462,118.126,48.071,42.730
89.569,117.947,48.071,42.730
90.105,118.483,48.071,42.730
88.140,118.662,48.071,42.730
89.033,117.054,48.071,42.730
89.212,117.232,48.071,42.730
88.318,118.126,48.071,42.730
88.854,116.875,48.071,42.730
87.604,117.768,48.071,42.730
88.497,116.518,48.071,42.730
87.246,117.411,48.071,42.730
87.068,117.590,48.071,42.730
87.246,116.339,48.071,42.730
86.353,117.590,48.071,42.730
86.889,116.696,48.071,42.730
87.068,117.590,48.071,42.730
86.174,116.339,48.071,42.730
85.638,116.160,48.071,42.730
86.889,117.054,48.071,42.730
85.281,115.446,48.071,42.730
86.174,116.696,48.071,42.730
84.924,115.446,48.071,42.730
86.174,117.054,48.071,42.730
84.566,115.803,48.071,42.730
85.817,117.054,48.071,42.730
85.638,115.803,48.071,42.730
85.460,115.624,48.071,42.730
85.281,116.160,48.071,42.730
84.388,115.624,48.071,42.730
85.996,117.232,48.071,42.730
84.745,117.411,48.071,42.730
85.638,118.304,48.071,42.730
84.180,116.163,49.135,43.675
85.093,116.346,49.135,43.675
84.545,114.337,49.135,43.675
85.458,115.616,49.135,43.675
84.545,116.894,49.135,43.675
85.458,117.807,49.135,43.675
84.180,116.529,49.135,43.675
85.458,117.442,49.135,43.675
84.910,118.720,49.135,43.675
85.093,118.903,49.135,43.675
85.641,120.181,49.135,43.675
83.997,119.268,49.135,43.675
85.641,120.181,49.135,43.675
84.728,118.537,49.135,43.675
85.641,119.816,49.135,43.675
85.666,117.627,50.222,44.642
85.479,118.934,50.222,44.642
85.666,118.374,50.222,44.642
86.226,119.681,50.222,44.642
84.546,118.001,50.222,44.642
85.852,118.934,50.222,44.642
85.666,119.867,50.222,44.642
86.226,120.427,50.222,44.642
84.919,119.121,50.222,44.642
85.852,117.067,50.222,44.642
85.666,116.134,50.222,44.642
86.599,117.814,50.222,44.642
85.292,116.507,50.222,44.642
85.852,117.441,50.222,44.642
84.919,116.881,50.222,44.642
86.226,116.694,50.222,44.642
85.292,118.001,50.222,44.642
85.479,116.694,50.222,44.642
85.292,117.627,50.222,44.642
85.106,116.694,50.222,44.642
85.292,118.374,50.222,44.642
84.732,117.067,50.222,44.642
84.546,116.134,50.222,44.642
85.106,116.694,50.222,44.642
84.172,118.001,50.222,44.642
83.986,116.321,50.222,44.642
83.799,115.388,50.222,44.642
84.359,115.947,50.222,44.642
83.426,115.761,50.222,44.642
83.986,117.067,50.222,44.642
83.799,115.761,50.222,44.642
83.239,117.067,50.222,44.642
82.679,115.388,50.222,44.642
83.986,117.067,50.222,44.642
83.052,115.761,50.222,44.642
83.986,117.067,50.222,44.642
82.679,116.134,50.222,44.642
83.612,117.067,50.222,44.642
82.679,115.761,50.222,44.642
82.866,115.947,50.222,44.642
82.306,116.507,50.222,44.642
82.119,117.814,50.222,44.642
81.186,115.761,50.222,44.642
82.866,114.828,50.222,44.642
81.932,116.507,50.222,44.642
81.746,115.947,50.222,44.642
82.306,116.134,50.222,44.642
81.746,116.321,50.222,44.642
80.813,116.507,50.222,44.642
81.746,115.574,50.222,44.642
81.186,115.388,50.222,44.642
81.373,115.574,50.222,44.642
81.559,114.641,50.222,44.642
80.626,115.947,50.222,44.642
81.932,115.014,50.222,44.642
80.999,115.947,50.222,44.642
81.186,114.641,50.222,44.642
80.253,114.454,50.222,44.642
81.186,116.134,50.222,44.642
79.879,115.201,50.222,44.642
80.439,116.134,50.222,44.642
79.879,115.574,50.222,44.642
80.439,116.507,50.222,44.642
79.879,116.694,50.222,44.642
80.066,116.134,50.222,44.642
80.253,117.067,50.222,44.642
78.946,115.388,50.222,44.642
80.626,116.694,50.222,44.642
80.439,115.761,50.222,44.642
79.879,116.694,50.222,44.642
79.319,116.134,50.222,44.642
80.253,116.694,50.222,44.642
78.946,117.254,50.222,44.642
80.253,117.441,50.222,44.642
79.891,115.204,51.333,45.629
79.318,116.921,51.333,45.629
79.891,115.586,51.333,45.629
78.937,115.776,51.333,45.629
79.891,114.441,51.333,45.629
79.318,115.776,51.333,45.629
79.509,115.586,51.333,45.629
80.463,116.540,51.333,45.629
79.127,116.730,51.333,45.629
80.081,116.158,51.333,45.629
79.509,117.493,51.333,45.629
80.845,116.158,51.333,45.629
80.272,117.493,51.333,45.629
80.081,115.776,51.333,45.629
80.654,117.493,51.333,45.629
79.318,116.540,51.333,45.629
80.654,115.586,51.333,45.629
80.081,116.158,51.333,45.629
80.654,114.822,51.333,45.629
80.463,116.158,51.333,45.629
81.417,114.441,51.333,45.629
80.081,115.395,51.333,45.629
80.654,115.967,51.333,45.629
80.463,114.632,51.333,45.629
81.417,115.967,51.333,45.629
80.845,116.158,51.333,45.629
81.035,115.586,51.333,45.629
80.463,116.540,51.333,45.629
81.799,114.822,51.333,45.629
81.226,116.158,51.333,45.629
80.654,115.204,51.333,45.629
81.608,116.540,51.333,45.629
81.035,115.967,51.333,45.629
81.608,117.684,51.333,45.629
81.035,116.730,51.333,45.629
81.226,118.066,51.333,45.629
80.654,118.638,51.333,45.629
81.608,117.303,51.333,45.629
80.050,115.412,52.469,46.639
80.635,114.827,52.469,46.639
80.830,116.192,52.469,46.639
80.635,116.777,52.469,46.639
80.050,116.192,52.469,46.639
80.635,115.997,52.469,46.639
80.440,116.972,52.469,46.639
79.465,115.607,52.469,46.639
80.440,117.362,52.469,46.639
80.245,115.607,52.469,46.639
80.830,116.972,52.469,46.639
79.855,116.387,52.469,46.639
80.440,117.752,52.469,46.639
79.075,115.997,52.469,46.639
80.830,116.582,52.469,46.639
79.465,117.947,52.469,46.639
79.660,116.972,52.469,46.639
80.245,115.997,52.469,46.639
78.880,115.022,52.469,46.639
79.855,115.997,52.469,46.639
78.880,116.192,52.469,46.639
79.465,116.777,52.469,46.639
78.490,115.802,52.469,46.639
79.465,116.777,52.469,46.639
79.270,115.802,52.469,46.639
79.465,116.777,52.469,46.639
78.880,115.802,52.469,46.639
79.855,117.167,52.469,46.639
78.490,117.752,52.469,46.639
79.075,117.557,52.469,46.639
80.050,115.802,52.469,46.639
78.685,116.387,52.469,46.639
79.660,117.752,52.469,46.639
78.685,117.947,52.469,46.639
79.270,118.532,52.469,46.639
79.465,117.557,52.469,46.639
78.880,117.752,52.469,46.639
79.855,116.777,52.469,46.639
80.440,118.922,52.469,46.639
78.685,118.727,52.469,46.639
80.050,118.532,52.469,46.639
80.245,118.337,52.469,46.639
79.660,118.142,52.469,46.639
80.245,118.337,52.469,46.639
80.050,117.362,52.469,46.639
80.635,117.557,52.469,46.639
79.660,118.532,52.469,46.639
80.635,117.557,52.469,46.639
80.050,118.532,52.469,46.639
81.025,116.777,52.469,46.639
81.610,118.532,52.469,46.639
80.635,117.557,52.469,46.639
80.830,117.362,52.469,46.639
81.805,115.607,52.469,46.639
81.220,115.412,52.469,46.639
82.195,115.997,52.469,46.639
82.390,116.972,52.469,46.639
81.025,117.557,52.469,46.639
82.390,116.582,52.469,46.639
81.415,117.947,52.469,46.639
82.000,117.752,52.469,46.639
82.975,117.557,52.469,46.639
82.390,116.972,52.469,46.639
82.195,117.557,52.469,46.639
83.560,115.802,52.469,46.639
82.195,115.607,52.469,46.639
83.560,115.022,52.469,46.639
82.585,116.777,52.469,46.639
82.780,116.972,52.469,46.639
83.365,117.167,52.469,46.639
82.000,116.972,52.469,46.639
83.365,117.557,52.469,46.639
82.780,116.192,52.469,46.639
83.755,117.947,52.469,46.639
83.170,118.922,52.469,46.639
84.535,117.557,52.469,46.639
82.780,118.922,52.469,46.639
84.535,117.947,52.469,46.639
83.560,119.312,52.469,46.639
84.535,117.167,52.469,46.639
84.340,118.532,52.469,46.639
84.925,117.947,52.469,46.639
85.120,117.362,52.469,46.639
85.315,117.167,52.469,46.639
84.730,118.922,52.469,46.639
85.315,118.337,52.469,46.639
85.687,120.526,51.350,45.644
85.114,118.809,51.350,45.644
85.687,117.854,51.350,45.644
86.259,117.664,51.350,45.644
85.305,118.618,51.350,45.644
86.259,117.664,51.350,45.644
85.305,118.618,51.350,45.644
86.259,117.282,51.350,45.644
85.687,117.854,51.350,45.644
86.259,117.282,51.350,45.644
86.681,115.787,52.486,46.654
85.706,117.543,52.486,46.654
85.901,116.957,52.486,46.654
86.486,118.323,52.486,46.654
85.901,116.567,52.486,46.654
86.096,116.762,52.486,46.654
87.072,115.787,52.486,46.654
86.096,117.152,52.486,46.654
86.681,115.787,52.486,46.654
85.316,116.372,52.486,46.654
85.121,116.567,52.486,46.654
86.096,116.762,52.486,46.654
86.291,117.738,52.486,46.654
84.926,118.323,52.486,46.654
85.901,116.567,52.486,46.654
84.926,117.543,52.486,46.654
85.511,116.177,52.486,46.654
84.536,117.152,52.486,46.654
86.411,117.086,51.367,45.659
85.075,116.895,51.367,45.659
85.266,115.940,51.367,45.659
85.839,117.277,51.367,45.659
84.884,117.468,51.367,45.659
85.457,116.513,51.367,45.659
85.648,118.231,51.367,45.659
84.881,116.340,52.503,46.670
84.686,117.315,52.503,46.670
84.881,115.949,52.503,46.670
84.686,117.315,52.503,46.670
84.491,116.340,52.503,46.670
83.906,117.315,52.503,46.670
84.491,116.340,52.503,46.670
84.487,118.154,51.384,45.674
85.060,117.199,51.384,45.674
83.341,118.154,51.384,45.674
84.296,117.581,51.384,45.674
83.723,118.918,51.384,45.674
84.296,117.581,51.384,45.674
83.723,117.008,51.384,45.674
83.914,117.199,51.384,45.674
83.341,116.626,51.384,45.674
83.914,117.199,51.384,45.674
83.341,118.536,51.384,45.674
84.296,118.345,51.384,45.674
84.105,118.154,51.384,45.674
83.532,117.581,51.384,45.674
84.105,116.626,51.384,45.674
83.532,118.727,51.384,45.674
84.105,118.536,51.384,45.674
83.150,119.109,51.384,45.674
83.341,117.772,51.384,45.674
83.532,117.963,51.384,45.674
84.105,118.154,51.384,45.674
82.768,117.963,51.384,45.674
83.341,118.154,51.384,45.674
83.532,117.963,51.384,45.674
84.264,119.738,50.288,44.700
83.329,118.430,50.288,44.700
84.264,118.617,50.288,44.700
84.451,120.299,50.288,44.700
84.264,121.234,50.288,44.700
83.703,119.925,50.288,44.700
84.264,119.738,50.288,44.700
83.703,118.056,50.288,44.700
84.264,118.991,50.288,44.700
84.077,118.056,50.288,44.700
84.264,118.617,50.288,44.700
83.703,118.056,50.288,44.700
84.264,118.991,50.288,44.700
84.451,118.056,50.288,44.700
84.264,118.991,50.288,44.700
84.077,118.430,50.288,44.700
84.264,118.991,50.288,44.700
84.077,119.552,50.288,44.700
84.638,117.869,50.288,44.700
83.329,118.430,50.288,44.700
84.264,117.496,50.288,44.700
83.329,118.430,50.288,44.700
84.638,116.748,50.288,44.700
82.956,116.561,50.288,44.700
83.890,117.496,50.288,44.700
83.703,116.935,50.288,44.700
84.264,118.617,50.288,44.700
83.329,118.430,50.288,44.700
84.264,116.748,50.288,44.700
83.703,117.309,50.288,44.700
83.890,117.496,50.288,44.700
84.077,117.683,50.288,44.700
83.890,117.869,50.288,44.700
82.752,116.018,51.400,45.689
83.325,116.591,51.400,45.689
82.752,115.253,51.400,45.689
83.325,114.680,51.400,45.689
82.370,114.107,51.400,45.689
82.943,115.062,51.400,45.689
81.988,114.489,51.400,45.689
82.179,115.827,51.400,45.689
81.606,114.489,51.400,45.689
83.074,116.634,50.304,44.715
83.261,117.942,50.304,44.715
82.327,118.503,50.304,44.715
82.514,116.821,50.304,44.715
81.953,118.503,50.304,44.715
82.514,117.194,50.304,44.715
81.579,117.381,50.304,44.715
81.766,116.073,50.304,44.715
81.579,117.008,50.304,44.715
81.392,116.821,50.304,44.715
80.831,118.129,50.304,44.715
80.644,117.568,50.304,44.715
80.083,118.129,50.304,44.715
81.018,118.316,50.304,44.715
80.083,117.008,50.304,44.715
80.270,118.690,50.304,44.715
79.335,117.008,50.304,44.715
79.522,117.568,50.304,44.715
78.213,117.381,50.304,44.715
78.774,116.447,50.304,44.715
78.213,116.634,50.304,44.715
78.026,116.821,50.304,44.715
78.213,115.886,50.304,44.715
77.279,116.821,50.304,44.715
76.528,114.968,51.417,45.704
76.337,116.306,51.417,45.704
76.528,116.115,51.417,45.704
75.955,115.541,51.417,45.704
74.999,115.732,51.417,45.704
74.808,114.395,51.417,45.704
75.381,116.115,51.417,45.704
74.426,117.835,51.417,45.704
74.999,118.026,51.417,45.704
73.662,118.217,51.417,45.704
74.235,116.879,51.417,45.704
73.279,116.688,51.417,45.704
73.088,116.879,51.417,45.704
72.133,115.159,51.417,45.704
71.559,115.732,51.417,45.704
72.133,115.159,51.417,45.704
71.559,116.497,51.417,45.704
71.751,117.070,51.417,45.704
71.559,116.115,51.417,45.704
70.986,117.835,51.417,45.704
70.413,116.879,51.417,45.704
70.604,118.217,51.417,45.704
70.795,118.026,51.417,45.704
69.457,118.217,51.417,45.704
69.453,118.888,50.321,44.730
70.388,119.823,50.321,44.730
69.453,118.514,50.321,44.730
69.640,117.205,50.321,44.730
68.705,117.766,50.321,44.730
68.892,117.205,50.321,44.730
67.957,117.766,50.321,44.730
68.518,117.205,50.321,44.730
67.793,116.420,49.248,43.776
66.877,116.603,49.248,43.776
68.285,116.541,48.197,42.842
66.672,116.362,48.197,42.842
66.852,116.541,48.197,42.842
65.598,116.362,48.197,42.842
65.777,116.899,48.197,42.842
65.598,117.436,48.197,42.842
63.985,115.466,48.197,42.842
64.881,116.362,48.197,42.842
63.985,115.466,48.197,42.842
64.523,116.003,48.197,42.842
63.627,114.391,48.197,42.842
63.090,113.854,48.197,42.842
63.431,114.483,47.170,41.929
63.957,114.308,47.170,41.929
63.782,115.886,47.170,41.929
62.554,114.308,47.170,41.929
63.431,115.886,47.170,41.929
62.204,115.009,47.170,41.929
62.379,114.483,47.170,41.929
61.853,113.607,47.170,41.929
62.028,114.483,47.170,41.929
61.152,114.308,47.170,41.929
61.678,113.431,47.170,41.929
61.853,114.308,47.170,41.929
60.835,114.248,46.164,41.034
61.007,115.106,46.164,41.034
61.522,115.277,46.164,41.034
59.977,113.733,46.164,41.034
60.835,113.905,46.164,41.034
59.791,112.561,47.185,41.942
60.667,114.139,47.185,41.942
59.440,112.912,47.185,41.942
59.264,113.788,47.185,41.942
58.738,112.561,47.185,41.942
59.264,113.438,47.185,41.942
57.833,112.064,48.229,42.870
58.012,112.243,48.229,42.870
57.833,111.705,48.229,42.870
57.653,112.960,48.229,42.870
57.116,111.347,48.229,42.870
57.653,110.809,48.229,42.870
57.116,112.422,48.229,42.870
56.936,112.602,48.229,42.870
57.116,112.781,48.229,42.870
56.936,112.602,48.229,42.870
56.040,113.139,48.229,42.870
56.936,111.885,48.229,42.870
56.399,113.139,48.229,42.870
55.502,112.602,48.229,42.870
55.323,111.705,48.229,42.870
56.219,113.319,48.229,42.870
55.682,111.347,48.229,42.870
55.144,112.960,48.229,42.870
55.682,113.139,48.229,42.870
54.427,112.602,48.229,42.870
54.965,112.064,48.229,42.870
54.785,112.243,48.229,42.870
54.248,110.271,48.229,42.870
54.785,110.809,48.229,42.870
53.531,112.422,48.229,42.870
52.993,111.526,48.229,42.870
53.172,112.422,48.229,42.870
52.634,111.885,48.229,42.870
52.097,112.064,48.229,42.870
52.634,112.243,48.229,42.870
52.097,111.347,48.229,42.870
52.784,113.359,47.201,41.956
50.987,111.257,48.245,42.884
52.366,112.924,47.216,41.970
51.840,112.397,47.216,41.970
52.717,112.924,47.216,41.970
51.840,111.695,47.216,41.970
52.015,112.222,47.216,41.970
50.787,113.099,47.216,41.970
51.664,112.573,47.216,41.970
51.138,112.397,47.216,41.970
50.611,113.977,47.216,41.970
51.840,114.152,47.216,41.970
51.313,114.328,47.216,41.970
50.085,113.450,47.216,41.970
50.962,114.679,47.216,41.970
49.734,113.450,47.216,41.970
51.313,114.328,47.216,41.970
50.436,114.152,47.216,41.970
50.611,113.626,47.216,41.970
50.085,113.801,47.216,41.970
49.207,112.573,47.216,41.970
50.085,113.450,47.216,41.970
49.207,113.977,47.216,41.970
49.383,113.450,47.216,41.970
49.558,113.977,47.216,41.970
50.907,114.932,46.209,41.075
50.049,113.043,46.209,41.075
50.220,113.214,46.209,41.075
50.392,113.730,46.209,41.075
51.382,114.664,45.224,40.199
50.541,113.824,45.224,40.199
51.045,114.664,45.224,40.199
50.541,113.151,45.224,40.199
51.045,114.328,45.224,40.199
50.541,112.815,45.224,40.199
51.382,112.983,45.224,40.199
50.541,112.479,45.224,40.199
51.045,112.983,45.224,40.199
50.541,113.151,45.224,40.199
51.045,113.319,45.224,40.199
50.541,112.815,45.224,40.199
51.045,111.975,45.224,40.199
51.213,112.479,45.224,40.199
50.709,111.975,45.224,40.199
50.205,112.143,45.224,40.199
51.045,112.647,45.224,40.199
51.690,114.210,44.259,39.342
52.183,114.045,44.259,39.342
52.019,113.223,44.259,39.342
51.525,113.387,44.259,39.342
52.019,112.565,44.259,39.342
51.525,112.400,44.259,39.342
52.677,113.881,44.259,39.342
52.183,114.045,44.259,39.342
51.690,114.868,44.259,39.342
52.183,114.374,44.259,39.342
52.348,114.868,44.259,39.342
51.525,114.045,44.259,39.342
52.019,115.197,44.259,39.342
51.525,115.361,44.259,39.342
52.019,114.539,44.259,39.342
51.196,114.703,44.259,39.342
51.690,114.210,44.259,39.342
52.512,115.690,44.259,39.342
51.690,114.539,44.259,39.342
52.512,114.703,44.259,39.342
52.019,114.210,44.259,39.342
51.525,115.032,44.259,39.342
52.677,115.197,44.259,39.342
52.512,115.032,44.259,39.342
52.677,115.197,44.259,39.342
52.183,116.019,44.259,39.342
51.690,114.210,44.259,39.342
52.841,115.361,44.259,39.342
52.019,113.881,44.259,39.342
51.854,114.703,44.259,39.342
52.348,113.881,44.259,39.342
52.841,115.032,44.259,39.342
52.348,113.552,44.259,39.342
52.183,112.729,44.259,39.342
52.677,113.223,44.259,39.342
53.499,114.374,44.259,39.342
52.677,113.552,44.259,39.342
53.828,114.045,44.259,39.342
53.006,114.868,44.259,39.342
52.841,114.045,44.259,39.342
53.335,115.526,44.259,39.342
53.499,114.045,44.259,39.342
53.664,114.868,44.259,39.342
53.828,114.045,44.259,39.342
53.664,114.539,44.259,39.342
54.157,113.058,44.259,39.342
53.335,114.539,44.259,39.342
53.170,113.058,44.259,39.342
53.993,114.868,44.259,39.342
53.499,113.716,44.259,39.342
54.651,114.539,44.259,39.342
54.157,113.716,44.259,39.342
54.322,114.539,44.259,39.342
54.157,113.716,44.259,39.342
54.322,114.868,44.259,39.342
54.157,114.045,44.259,39.342
54.322,113.552,44.259,39.342
54.157,112.071,44.259,39.342
54.980,112.565,44.259,39.342
54.157,112.071,44.259,39.342
54.651,113.223,44.259,39.342
55.802,114.045,44.259,39.342
54.980,112.236,44.259,39.342
54.815,113.058,44.259,39.342
56.296,112.894,44.259,39.342
55.802,113.387,44.259,39.342
55.967,113.881,44.259,39.342
57.447,113.716,44.259,39.342
56.625,112.565,44.259,39.342
57.118,111.413,44.259,39.342
56.625,112.565,44.259,39.342
57.776,111.742,44.259,39.342
56.953,112.894,44.259,39.342
57.776,113.716,44.259,39.342
57.282,112.565,44.259,39.342
57.447,112.729,44.259,39.342
58.598,113.223,44.259,39.342
58.105,113.058,44.259,39.342
57.611,114.210,44.259,39.342
59.750,113.387,44.259,39.342
58.927,113.881,44.259,39.342
59.421,114.374,44.259,39.342
59.734,115.587,43.315,38.503
59.573,114.782,43.315,38.503
59.090,115.587,43.315,38.503
59.573,114.460,43.315,38.503
59.090,114.299,43.315,38.503
59.895,113.816,43.315,38.503
59.090,114.621,43.315,38.503
59.251,115.104,43.315,38.503
59.090,114.299,43.315,38.503
59.573,113.816,43.315,38.503
58.768,112.689,43.315,38.503
58.929,113.172,43.315,38.503
58.768,113.011,43.315,38.503
58.607,113.172,43.315,38.503
58.124,112.045,43.315,38.503
58.929,112.528,43.315,38.503
58.446,112.045,43.315,38.503
57.963,112.528,43.315,38.503
58.124,113.333,43.315,38.503
57.963,113.172,43.315,38.503
57.317,112.245,44.274,39.354
57.153,111.751,44.274,39.354
57.317,111.916,44.274,39.354
56.824,111.751,44.274,39.354
56.659,112.903,44.274,39.354
57.482,113.726,44.274,39.354
56.659,114.219,44.274,39.354
57.153,114.713,44.274,39.354
56.330,113.232,44.274,39.354
57.482,114.713,44.274,39.354
57.975,113.232,44.274,39.354
57.153,114.055,44.274,39.354
57.317,112.903,44.274,39.354
57.811,113.397,44.274,39.354
57.317,112.903,44.274,39.354
58.140,113.397,44.274,39.354
57.646,112.245,44.274,39.354
57.811,112.409,44.274,39.354
58.124,111.401,43.330,38.515
58.930,111.885,43.330,38.515
58.124,111.079,43.330,38.515
58.930,112.529,43.330,38.515
58.124,113.978,43.330,38.515
58.930,112.851,43.330,38.515
58.926,114.969,42.406,37.694
59.084,113.550,42.406,37.694
59.556,115.284,42.406,37.694
58.453,115.127,42.406,37.694
59.241,115.599,42.406,37.694
59.845,115.849,41.501,36.890
59.382,116.621,41.501,36.890
60.154,115.541,41.501,36.890
59.382,116.621,41.501,36.890
60.462,116.158,41.501,36.890
59.999,115.387,41.501,36.890
59.228,116.158,41.501,36.890
61.542,115.387,41.501,36.890
62.622,114.307,41.501,36.890
61.233,114.461,41.501,36.890
61.574,113.573,42.420,37.706
60.614,112.992,43.358,38.541
60.453,113.476,43.358,38.541
61.259,112.348,43.358,38.541
60.776,113.798,43.358,38.541
60.292,112.992,43.358,38.541
60.453,113.798,43.358,38.541
60.292,113.315,43.358,38.541
59.486,114.443,43.358,38.541
60.177,112.846,44.317,39.393
60.342,112.352,44.317,39.393
59.848,112.187,44.317,39.393
60.162,114.353,43.372,38.553
59.678,114.837,43.372,38.553
60.917,115.403,42.447,37.731
60.914,117.783,41.542,36.926
61.803,118.623,40.656,36.139
61.048,119.378,40.656,36.139
61.627,119.909,39.789,35.368
62.070,117.987,39.789,35.368
61.922,117.247,39.789,35.368
62.070,118.283,39.789,35.368
62.218,116.656,39.789,35.368
62.366,117.987,39.789,35.368
63.218,117.936,38.941,34.614
62.494,117.213,38.941,34.614
62.929,117.357,38.941,34.614
62.784,117.792,38.941,34.614
62.639,118.226,38.941,34.614
63.652,118.370,38.941,34.614
62.771,116.636,39.802,35.380
62.327,117.968,39.802,35.380
63.067,117.820,39.802,35.380
63.215,116.784,39.802,35.380
63.363,117.820,39.802,35.380
63.806,117.080,39.802,35.380
63.067,117.820,39.802,35.380
63.215,117.376,39.802,35.380
63.658,118.115,39.802,35.380
62.623,117.080,39.802,35.380
63.658,118.115,39.802,35.380
62.327,116.488,39.802,35.380
63.363,117.524,39.802,35.380
63.215,116.488,39.802,35.380
62.928,116.250,40.683,36.163
62.007,115.066,41.583,36.963
62.471,116.148,41.583,36.963
62.007,116.302,41.583,36.963
62.471,116.148,41.583,36.963
62.007,116.611,41.583,36.963
62.162,117.075,41.583,36.963
61.541,117.147,42.503,37.780
61.383,116.357,42.503,37.780
61.225,116.199,42.503,37.780
61.383,115.094,42.503,37.780
61.225,114.936,42.503,37.780
61.383,116.357,42.503,37.780
60.749,116.759,43.443,38.616
61.557,115.306,43.443,38.616
61.395,116.759,43.443,38.616
59.942,115.952,43.443,38.616
59.294,116.027,44.405,39.471
58.799,116.522,44.405,39.471
58.964,115.367,44.405,39.471
58.799,116.852,44.405,39.471
58.634,115.697,44.405,39.471
58.469,116.522,44.405,39.471
58.304,114.707,44.405,39.471
58.139,116.522,44.405,39.471
58.964,115.037,44.405,39.471
59.459,115.862,44.405,39.471
59.954,114.707,44.405,39.471
59.789,115.532,44.405,39.471
58.634,114.046,44.405,39.471
58.469,115.532,44.405,39.471
57.974,112.726,44.405,39.471
57.478,113.221,44.405,39.471
58.634,112.066,44.405,39.471
58.139,113.221,44.405,39.471
57.644,113.386,44.405,39.471
58.276,114.284,43.458,38.629
58.115,115.092,43.458,38.629
58.276,113.638,43.458,38.629
58.584,114.829,42.531,37.805
58.426,114.987,42.531,37.805
57.951,115.777,42.531,37.805
57.793,114.354,42.531,37.805
57.635,115.461,42.531,37.805
57.793,114.987,42.531,37.805
58.900,114.829,42.531,37.805
58.742,114.987,42.531,37.805
58.900,114.196,42.531,37.805
58.110,114.354,42.531,37.805
58.584,114.512,42.531,37.805
58.426,113.722,42.531,37.805
58.268,112.932,42.531,37.805
58.742,114.038,42.531,37.805
58.268,114.512,42.531,37.805
58.742,114.038,42.531,37.805
58.584,115.145,42.531,37.805
58.426,115.619,42.531,37.805
58.584,114.512,42.531,37.805
58.110,115.935,42.531,37.805
57.951,114.512,42.531,37.805
58.742,115.935,42.531,37.805
58.268,115.145,42.531,37.805
58.742,116.251,42.531,37.805
58.268,115.461,42.531,37.805
58.426,116.884,42.531,37.805
59.532,115.777,42.531,37.805
59.058,116.884,42.531,37.805
59.848,117.358,42.531,37.805
58.742,116.251,42.531,37.805
58.584,114.829,42.531,37.805
58.110,113.090,42.531,37.805
58.584,113.880,42.531,37.805
58.426,114.354,42.531,37.805
59.216,115.145,42.531,37.805
59.058,115.935,42.531,37.805
60.481,117.042,42.531,37.805
59.058,117.200,42.531,37.805
60.481,117.674,42.531,37.805
60.006,118.464,42.531,37.805
60.797,118.306,42.531,37.805
60.955,117.516,42.531,37.805
61.113,115.777,42.531,37.805
60.955,114.354,42.531,37.805
61.429,112.932,42.531,37.805
61.903,112.774,42.531,37.805
62.061,111.983,42.531,37.805
62.219,112.774,42.531,37.805
61.429,111.983,42.531,37.805
61.271,113.406,42.531,37.805
62.061,113.564,42.531,37.805
61.427,111.670,43.472,38.642
61.912,112.478,43.472,38.642
61.750,112.316,43.472,38.642
62.558,111.831,43.472,38.642
63.689,112.639,43.472,38.642
63.204,113.124,43.472,38.642
63.043,112.962,43.472,38.642
62.881,113.124,43.472,38.642
62.719,112.962,43.472,38.642
63.527,112.478,43.472,38.642
63.689,113.609,43.472,38.642
63.204,113.447,43.472,38.642
63.689,113.932,43.472,38.642
64.820,114.740,43.472,38.642
64.335,112.962,43.472,38.642
64.174,114.416,43.472,38.642
63.689,112.639,43.472,38.642
64.497,114.093,43.472,38.642
64.658,113.285,43.472,38.642
64.497,114.416,43.472,38.642
64.658,112.962,43.472,38.642
65.143,114.416,43.472,38.642
64.335,112.639,43.472,38.642
65.143,113.770,43.472,38.642
64.658,114.255,43.472,38.642
65.466,114.740,43.472,38.642
65.305,115.547,43.472,38.642
65.466,115.709,43.472,38.642
66.274,115.224,43.472,38.642
66.112,115.386,43.472,38.642
66.597,113.609,43.472,38.642
67.082,114.093,43.472,38.642
67.243,114.578,43.472,38.642
67.728,115.386,43.472,38.642
67.890,115.871,43.472,38.642
67.405,116.678,43.472,38.642
68.213,116.840,43.472,38.642
67.728,117.002,43.472,38.642
68.536,117.486,43.472,38.642
68.051,116.032,43.472,38.642
68.536,117.163,43.472,38.642
68.051,115.709,43.472,38.642
67.567,116.194,43.472,38.642
68.374,116.355,43.472,38.642
66.597,114.901,43.472,38.642
66.759,116.355,43.472,38.642
66.597,115.224,43.472,38.642
66.759,116.678,43.472,38.642
65.951,115.871,43.472,38.642
66.759,117.002,43.472,38.642
66.920,117.809,43.472,38.642
66.436,117.648,43.472,38.642
66.597,117.809,43.472,38.642
66.759,116.678,43.472,38.642
66.274,117.486,43.472,38.642
66.436,116.678,43.472,38.642
66.920,117.163,43.472,38.642
66.112,117.325,43.472,38.642
66.274,116.840,43.472,38.642
66.759,117.325,43.472,38.642
66.274,117.163,43.472,38.642
66.759,117.648,43.472,38.642
65.951,117.809,43.472,38.642
66.436,118.617,43.472,38.642
66.274,117.486,43.472,38.642
65.789,116.032,43.472,38.642
66.274,116.194,43.472,38.642
66.759,116.032,43.472,38.642
66.597,116.840,43.472,38.642
67.405,117.002,43.472,38.642
67.243,118.133,43.472,38.642
66.759,117.325,43.472,38.642
66.920,116.840,43.472,38.642
66.759,117.325,43.472,38.642
67.567,116.840,43.472,38.642
67.405,117.648,43.472,38.642
67.567,116.840,43.472,38.642
68.374,117.648,43.472,38.642
67.890,115.871,43.472,38.642
68.051,115.386,43.472,38.642
67.567,114.578,43.472,38.642
68.374,116.355,43.472,38.642
68.536,116.194,43.472,38.642
68.374,116.032,43.472,38.642
67.890,116.840,43.472,38.642
67.082,116.032,43.472,38.642
68.213,117.163,43.472,38.642
68.051,117.002,43.472,38.642
68.213,116.840,43.472,38.642
68.051,115.709,43.472,38.642
67.567,115.224,43.472,38.642
68.374,115.709,43.472,38.642
68.213,114.901,43.472,38.642
67.728,116.032,43.472,38.642
68.213,116.517,43.472,38.642
67.405,115.386,43.472,38.642
67.890,115.871,43.472,38.642
67.728,116.678,43.472,38.642
68.213,117.809,43.472,38.642
67.728,118.294,43.472,38.642
67.243,117.163,43.472,38.642
67.728,116.678,43.472,38.642
67.243,116.840,43.472,38.642
67.082,117.325,43.472,38.642
66.597,115.871,43.472,38.642
67.405,117.325,43.472,38.642
66.274,116.194,43.472,38.642
66.436,117.325,43.472,38.642
65.628,115.871,43.472,38.642
66.436,116.678,43.472,38.642
65.628,117.163,43.472,38.642
64.644,116.903,44.434,39.497
64.479,116.408,44.434,39.497
64.974,116.243,44.434,39.497
64.809,114.756,44.434,39.497
64.314,115.912,44.434,39.497
65.139,116.738,44.434,39.497
65.305,116.903,44.434,39.497
65.139,116.408,44.434,39.497
65.305,117.564,44.434,39.497
65.470,116.738,44.434,39.497
66.295,118.555,44.434,39.497
66.791,117.068,44.434,39.497
66.626,115.912,44.434,39.497
66.791,116.408,44.434,39.497
67.617,114.922,44.434,39.497
67.451,116.408,44.434,39.497
69.358,117.625,43.486,38.654
70.600,119.128,42.559,37.830
70.759,119.286,42.559,37.830
70.917,120.077,42.559,37.830
71.391,119.286,42.559,37.830
70.600,118.495,42.559,37.830
71.391,120.235,42.559,37.830
71.233,119.760,42.559,37.830
72.340,119.286,42.559,37.830
72.498,118.811,42.559,37.830
72.024,117.388,42.559,37.830
72.815,119.128,42.559,37.830
72.340,119.286,42.559,37.830
72.815,120.077,42.559,37.830
72.657,118.337,42.559,37.830
72.498,118.495,42.559,37.830
72.657,118.969,42.559,37.830
73.448,119.760,42.559,37.830
72.484,118.849,43.500,38.667
73.293,119.658,43.500,38.667
73.778,119.820,43.500,38.667
72.793,118.218,44.463,39.523
72.628,117.061,44.463,39.523
72.132,118.218,44.463,39.523
72.298,120.035,44.463,39.523
73.124,120.862,44.463,39.523
72.298,120.696,44.463,39.523
72.793,120.862,44.463,39.523
72.298,119.374,44.463,39.523
72.463,118.879,44.463,39.523
72.628,117.391,44.463,39.523
72.132,115.574,44.463,39.523
71.637,114.747,44.463,39.523
71.471,113.590,44.463,39.523
71.306,114.086,44.463,39.523
71.141,113.921,44.463,39.523
70.315,114.747,44.463,39.523
70.480,112.929,44.463,39.523
70.645,113.756,44.463,39.523
70.149,112.268,44.463,39.523
69.984,112.434,44.463,39.523
70.149,113.921,44.463,39.523
69.654,112.764,44.463,39.523
69.488,113.921,44.463,39.523
70.315,112.434,44.463,39.523
69.488,113.921,44.463,39.523
69.654,114.417,44.463,39.523
69.158,113.590,44.463,39.523
69.323,113.095,44.463,39.523
69.158,112.599,44.463,39.523
69.323,113.425,44.463,39.523
69.158,112.599,44.463,39.523
68.993,113.095,44.463,39.523
69.944,113.994,43.515,38.680
69.459,112.215,43.515,38.680
69.944,113.347,43.515,38.680
69.136,112.215,43.515,38.680
69.944,113.347,43.515,38.680
69.459,113.832,43.515,38.680
70.268,114.964,43.515,38.680
69.459,114.156,43.515,38.680
69.621,113.347,43.515,38.680
69.783,112.215,43.515,38.680
68.798,112.962,44.477,39.536
68.633,112.466,44.477,39.536
68.798,113.623,44.477,39.536
67.971,112.466,44.477,39.536
68.798,113.292,44.477,39.536
68.302,112.466,44.477,39.536
68.467,113.292,44.477,39.536
67.971,111.804,44.477,39.536
67.806,112.300,44.477,39.536
67.971,112.135,44.477,39.536
67.476,112.962,44.477,39.536
66.649,111.143,44.477,39.536
66.814,110.647,44.477,39.536
66.649,111.143,44.477,39.536
66.484,110.978,44.477,39.536
65.988,111.474,44.477,39.536
66.484,110.978,44.477,39.536
65.657,110.482,44.477,39.536
65.822,111.309,44.477,39.536
65.327,112.135,44.477,39.536
65.492,111.639,44.477,39.536
64.996,111.804,44.477,39.536
65.161,111.970,44.477,39.536
64.665,111.143,44.477,39.536
64.500,111.639,44.477,39.536
64.665,111.143,44.477,39.536
63.839,111.970,44.477,39.536
64.335,111.804,44.477,39.536
63.839,112.962,44.477,39.536
63.343,111.474,44.477,39.536
63.508,112.631,44.477,39.536
63.343,111.804,44.477,39.536
63.508,112.962,44.477,39.536
63.012,113.127,44.477,39.536
63.178,112.962,44.477,39.536
63.012,113.127,44.477,39.536
63.178,113.623,44.477,39.536
62.682,113.458,44.477,39.536
62.516,113.623,44.477,39.536
62.351,114.780,44.477,39.536
62.186,114.284,44.477,39.536
62.020,115.111,44.477,39.536
62.654,115.691,43.529,38.692
62.816,114.559,43.529,38.692
61.683,114.397,43.529,38.692
62.492,113.588,43.529,38.692
62.654,114.721,43.529,38.692
61.845,115.530,43.529,38.692
60.713,114.397,43.529,38.692
61.521,115.530,43.529,38.692
61.360,115.691,43.529,38.692
61.521,116.177,43.529,38.692
61.360,113.750,43.529,38.692
60.227,115.206,43.529,38.692
60.065,115.691,43.529,38.692
59.904,116.177,43.529,38.692
60.065,115.044,43.529,38.692
60.227,116.500,43.529,38.692
60.389,115.044,43.529,38.692
59.256,115.853,43.529,38.692
59.418,114.721,43.529,38.692
59.904,115.853,43.529,38.692
58.771,116.662,43.529,38.692
57.962,117.795,43.529,38.692
57.477,118.280,43.529,38.692
59.033,116.977,42.601,37.867
58.241,117.452,42.601,37.867
58.083,115.711,42.601,37.867
57.924,117.452,42.601,37.867
58.399,117.927,42.601,37.867
57.924,116.819,42.601,37.867
57.766,116.027,42.601,37.867
57.291,117.136,42.601,37.867
57.449,117.927,42.601,37.867
58.972,117.873,41.692,37.060
58.817,118.648,41.692,37.060
58.042,118.803,41.692,37.060
59.437,119.268,41.692,37.060
58.352,119.423,41.692,37.060
59.543,120.266,40.803,36.269
60.301,118.598,40.803,36.269
59.847,119.659,40.803,36.269
60.301,119.811,40.803,36.269
59.543,119.963,40.803,36.269
60.301,118.901,40.803,36.269
59.847,119.356,40.803,36.269
60.605,119.811,40.803,36.269
60.150,120.873,40.803,36.269
59.998,121.631,40.803,36.269
60.756,119.659,40.803,36.269
60.301,120.418,40.803,36.269
60.883,121.828,39.933,35.496
60.437,121.976,39.933,35.496
60.458,120.197,40.817,36.281
58.904,120.583,41.720,37.084
60.694,120.530,40.830,36.293
59.141,121.231,41.733,37.096
60.333,120.879,40.843,36.305
59.270,122.245,40.843,36.305
60.730,121.315,39.972,35.531
59.987,122.355,39.972,35.531
61.027,121.315,39.972,35.531
60.284,122.355,39.972,35.531
59.839,121.612,39.972,35.531
59.987,122.355,39.972,35.531
59.839,122.801,39.972,35.531
61.554,123.609,39.120,34.773
60.536,120.847,39.120,34.773
60.100,119.829,39.120,34.773
61.218,120.901,38.286,34.032
61.360,121.897,38.286,34.032
60.933,120.901,38.286,34.032
60.791,121.327,38.286,34.032
60.648,121.470,38.286,34.032
60.222,120.758,38.286,34.032
61.315,122.630,37.469,33.306
61.455,121.933,37.469,33.306
61.594,122.351,37.469,33.306
61.455,123.326,37.469,33.306
61.037,122.351,37.469,33.306
62.569,122.769,37.469,33.306
62.151,121.237,37.469,33.306
62.459,121.591,38.298,34.043
62.032,122.018,38.298,34.043
63.313,122.730,38.298,34.043
62.886,120.595,38.298,34.043
63.598,121.022,38.298,34.043
63.171,121.164,38.298,34.043
64.452,121.022,38.298,34.043
63.740,121.449,38.298,34.043
64.736,122.160,38.298,34.043
65.163,121.449,38.298,34.043
66.160,122.445,38.298,34.043
66.587,121.449,38.298,34.043
66.160,122.730,38.298,34.043
66.872,122.872,38.298,34.043
67.583,121.591,38.298,34.043
67.441,120.025,38.298,34.043
68.437,120.737,38.298,34.043
68.580,119.171,38.298,34.043
69.007,120.737,38.298,34.043
69.718,121.733,38.298,34.043
70.430,121.876,38.298,34.043
70.572,120.310,38.298,34.043
70.999,120.452,38.298,34.043
71.711,120.879,38.298,34.043
72.423,121.876,38.298,34.043
72.850,122.303,38.298,34.043
73.562,123.299,38.298,34.043
73.419,122.872,38.298,34.043
74.416,121.591,38.298,34.043
75.412,122.588,38.298,34.043
76.781,123.362,37.481,33.317
76.920,121.830,37.481,33.317
78.453,120.855,37.481,33.317
77.756,121.272,37.481,33.317
78.453,121.690,37.481,33.317
78.592,119.879,37.481,33.317
78.731,121.133,37.481,33.317
79.706,121.830,37.481,33.317
80.403,121.133,37.481,33.317
80.542,122.108,37.481,33.317
81.239,122.526,37.481,33.317
81.935,122.944,37.481,33.317
82.910,123.641,37.481,33.317
83.607,123.223,37.481,33.317
83.468,123.362,37.481,33.317
84.443,121.551,37.481,33.317
85.139,120.855,37.481,33.317
86.393,121.830,37.481,33.317
86.254,120.576,37.481,33.317
87.229,121.551,37.481,33.317
87.925,121.690,37.481,33.317
88.900,122.387,37.481,33.317
89.597,121.969,37.481,33.317
90.294,122.108,37.481,33.317
91.269,122.526,37.481,33.317
91.965,121.272,37.481,33.317
92.662,121.690,37.481,33.317
93.080,119.601,37.481,33.317
93.776,118.068,37.481,33.317
93.916,118.765,37.481,33.317
94.891,119.462,37.481,33.317
95.587,119.879,37.481,33.317
96.005,120.855,37.481,33.317
96.702,121.551,37.481,33.317
97.120,121.690,37.481,33.317
98.095,122.108,37.481,33.317
98.791,123.083,37.481,33.317
98.652,123.501,37.481,33.317
99.627,121.690,37.481,33.317
99.766,122.387,37.481,33.317
100.184,122.248,37.481,33.317
100.881,122.666,37.481,33.317
101.299,122.526,37.481,33.317
100.881,124.059,37.481,33.317
101.299,123.919,37.481,33.317
101.159,122.387,37.481,33.317
101.856,122.805,37.481,33.317
101.717,123.223,37.481,33.317
102.788,124.786,36.682,32.606
102.379,123.832,36.682,32.606
102.242,122.060,36.682,32.606
102.106,121.651,36.682,32.606
102.788,121.242,36.682,32.606
102.379,120.560,36.682,32.606
101.970,120.151,36.682,32.606
102.379,120.287,36.682,32.606
101.424,118.515,36.682,32.606
101.833,120.287,36.682,32.606
102.242,120.424,36.682,32.606
100.743,120.833,36.682,32.606
101.424,122.332,36.682,32.606
100.743,121.923,36.682,32.606
100.606,120.696,36.682,32.606
102.106,121.378,36.682,32.606
101.152,127.786,36.682,32.606
100.197,126.559,36.682,32.606
99.788,127.241,36.682,32.606
99.925,124.923,36.682,32.606
99.788,120.969,36.682,32.606
98.561,119.197,36.682,32.606
98.425,120.424,36.682,32.606
97.743,121.105,36.682,32.606
98.425,121.514,36.682,32.606
97.743,119.742,36.682,32.606
98.152,120.696,36.682,32.606
97.471,119.197,36.682,32.606
97.607,118.242,36.682,32.606
96.925,118.651,36.682,32.606
97.880,119.606,36.682,32.606
97.471,118.379,36.682,32.606
96.789,118.515,36.682,32.606
97.471,118.651,36.682,32.606
96.789,118.515,36.682,32.606
96.925,118.106,36.682,32.606
97.334,118.788,36.682,32.606
96.107,118.106,36.682,32.606
97.062,119.878,36.682,32.606
97.198,119.469,36.682,32.606
95.698,120.151,36.682,32.606
96.380,120.287,36.682,32.606
95.698,118.515,36.682,32.606
96.107,119.197,36.682,32.606
96.244,119.878,36.682,32.606
95.017,120.833,36.682,32.606
95.971,121.242,36.682,32.606
96.107,120.015,36.682,32.606
95.971,121.514,36.682,32.606
95.835,121.923,36.682,32.606
95.971,120.424,36.682,32.606
95.289,120.833,36.682,32.606
94.880,119.878,36.682,32.606
95.562,121.105,36.682,32.606
94.880,122.060,36.682,32.606
95.289,122.469,36.682,32.606
94.608,120.969,36.682,32.606
95.289,122.196,36.682,32.606
95.153,121.787,36.682,32.606
95.289,122.741,36.682,32.606
95.153,123.150,36.682,32.606
96.107,122.196,36.682,32.606
96.516,121.787,36.682,32.606
95.289,121.378,36.682,32.606
95.698,120.424,36.682,32.606
96.107,120.287,36.682,32.606
96.516,120.969,36.682,32.606
96.107,121.105,36.682,32.606
96.789,122.060,36.682,32.606
96.653,120.560,36.682,32.606
96.789,121.242,36.682,32.606
97.198,120.287,36.682,32.606
96.244,121.242,36.682,32.606
96.925,121.651,36.682,32.606
97.880,122.605,36.682,32.606
97.743,121.378,36.682,32.606
97.607,120.424,36.682,32.606
98.289,120.833,36.682,32.606
97.607,119.333,36.682,32.606
98.561,120.015,36.682,32.606
98.970,120.424,36.682,32.606
99.925,120.015,36.682,32.606
100.334,121.242,36.682,32.606
99.652,120.560,36.682,32.606
100.606,121.514,36.682,32.606
101.015,120.560,36.682,32.606
101.970,120.151,36.682,32.606
100.574,120.498,37.494,33.328
100.992,119.522,37.494,33.328
101.689,119.661,37.494,33.328
100.992,119.801,37.494,33.328
101.967,119.940,37.494,33.328
102.385,120.080,37.494,33.328
101.410,119.383,37.494,33.328
101.828,120.358,37.494,33.328
102.525,120.498,37.494,33.328
101.549,120.358,37.494,33.328
101.689,120.498,37.494,33.328
102.385,120.916,37.494,33.328
101.689,121.055,37.494,33.328
102.107,122.030,37.494,33.328
102.525,122.449,37.494,33.328
101.828,120.637,37.494,33.328
102.803,119.940,37.494,33.328
102.664,120.916,37.494,33.328
102.246,121.334,37.494,33.328
102.664,122.030,37.494,33.328
102.394,120.650,38.323,34.065
102.536,120.792,38.323,34.065
101.824,121.504,38.323,34.065
102.821,119.368,38.323,34.065
102.964,120.080,38.323,34.065
103.106,120.792,38.323,34.065
104.388,120.365,38.323,34.065
103.106,121.077,38.323,34.065
104.388,121.789,38.323,34.065
103.391,120.507,38.323,34.065
104.388,122.074,38.323,34.065
103.676,122.501,38.323,34.065
104.103,121.789,38.323,34.065
104.815,121.932,38.323,34.065
104.103,122.359,38.323,34.065
105.385,123.641,38.323,34.065
104.388,122.359,38.323,34.065
104.815,121.647,38.323,34.065
104.673,122.074,38.323,34.065
105.955,122.786,38.323,34.065
104.958,121.789,38.323,34.065
105.670,123.356,38.323,34.065
104.958,122.359,38.323,34.065
106.240,123.071,38.323,34.065
105.243,122.074,38.323,34.065
105.670,121.932,38.323,34.065
105.243,122.644,38.323,34.065
105.670,123.356,38.323,34.065
104.958,123.498,38.323,34.065
105.955,122.786,38.323,34.065
104.958,122.074,38.323,34.065
105.955,123.356,38.323,34.065
105.243,122.644,38.323,34.065
104.530,122.217,38.323,34.065
105.243,123.214,38.323,34.065
104.530,123.641,38.323,34.065
104.958,122.644,38.323,34.065
103.795,120.937,39.171,34.819
104.232,121.374,39.171,34.819
103.504,122.102,39.171,34.819
104.232,121.665,39.171,34.819
102.921,122.102,39.171,34.819
103.649,120.791,39.171,34.819
103.504,121.519,39.171,34.819
102.776,122.538,39.171,34.819
103.212,123.266,39.171,34.819
102.485,121.956,39.171,34.819
104.086,121.519,39.171,34.819
103.067,121.665,39.171,34.819
102.921,122.975,39.171,34.819
102.639,120.929,40.038,35.589
101.895,121.970,40.038,35.589
102.639,120.631,40.038,35.589
101.895,121.375,40.038,35.589
102.341,120.333,40.038,35.589
101.300,120.780,40.038,35.589
102.341,122.119,40.038,35.589
101.597,121.375,40.038,35.589
102.937,120.036,40.038,35.589
101.300,120.780,40.038,35.589
102.639,120.333,40.038,35.589
101.300,121.375,40.038,35.589
102.341,120.036,40.038,35.589
101.002,121.077,40.038,35.589
101.640,118.985,40.924,36.377
100.879,120.050,40.924,36.377
101.944,121.115,40.924,36.377
100.879,121.571,40.924,36.377
100.900,118.486,41.829,37.181
100.123,119.885,41.829,37.181
101.211,119.419,41.829,37.181
100.745,120.507,41.829,37.181
101.522,119.730,41.829,37.181
100.123,120.818,41.829,37.181
100.900,121.906,41.829,37.181
99.812,122.373,41.829,37.181
100.278,122.839,41.829,37.181
100.745,123.305,41.829,37.181
100.589,123.150,41.829,37.181
100.123,121.440,41.829,37.181
100.278,121.906,41.829,37.181
100.123,122.373,41.829,37.181
99.656,122.528,41.829,37.181
100.745,123.927,41.829,37.181
99.035,123.461,41.829,37.181
99.812,123.305,41.829,37.181
98.724,123.461,41.829,37.181
99.390,123.856,42.755,38.004
99.549,122.426,42.755,38.004
99.072,121.314,42.755,38.004
98.278,121.790,42.755,38.004
98.629,121.535,43.701,38.845
97.817,120.723,43.701,38.845
98.304,121.860,43.701,38.845
98.142,120.723,43.701,38.845
97.330,122.184,43.701,38.845
97.492,122.347,43.701,38.845
97.005,121.535,43.701,38.845
96.842,120.723,43.701,38.845
96.864,121.135,44.667,39.704
97.030,121.965,44.667,39.704
96.200,122.132,44.667,39.704
96.698,122.298,44.667,39.704
96.532,121.135,44.667,39.704
96.366,121.965,44.667,39.704
95.868,122.132,44.667,39.704
96.366,122.630,44.667,39.704
95.536,121.467,44.667,39.704
96.366,122.630,44.667,39.704
95.204,120.471,44.667,39.704
96.366,121.633,44.667,39.704
95.204,120.803,44.667,39.704
96.366,122.298,44.667,39.704
94.872,122.464,44.667,39.704
96.034,121.965,44.667,39.704
94.872,122.132,44.667,39.704
96.034,121.633,44.667,39.704
94.208,122.132,44.667,39.704
95.702,122.630,44.667,39.704
94.540,121.135,44.667,39.704
94.706,121.633,44.667,39.704
94.872,121.799,44.667,39.704
93.172,119.810,45.656,40.583
94.021,121.337,45.656,40.583
93.512,119.471,45.656,40.583
94.700,120.998,45.656,40.583
93.512,121.846,45.656,40.583
94.021,119.640,45.656,40.583
92.833,120.489,45.656,40.583
92.856,120.216,46.666,41.481
91.989,120.389,46.666,41.481
92.162,119.522,46.666,41.481
91.642,120.042,46.666,41.481
90.775,119.869,46.666,41.481
91.642,121.083,46.666,41.481
90.775,119.869,46.666,41.481
91.642,120.042,46.666,41.481
90.428,119.175,46.666,41.481
90.948,120.736,46.666,41.481
89.532,120.097,47.698,42.398
90.773,120.984,47.698,42.398
89.887,120.452,47.698,42.398
90.419,120.984,47.698,42.398
90.596,121.870,47.698,42.398
90.773,121.693,47.698,42.398
90.596,121.870,47.698,42.398
91.837,122.757,47.698,42.398
91.305,121.161,47.698,42.398
92.546,121.693,47.698,42.398
91.467,118.465,48.754,43.337
92.010,119.371,48.754,43.337
92.916,121.002,48.754,43.337
91.813,120.334,49.832,44.295
92.369,121.260,49.832,44.295
93.295,122.557,49.832,44.295
93.480,120.520,49.832,44.295
94.406,121.446,49.832,44.295
93.278,118.842,50.935,45.275
93.846,119.788,50.935,45.275
94.414,120.356,50.935,45.275
94.982,119.031,50.935,45.275
95.707,121.156,49.849,44.310
96.263,121.341,49.849,44.310
97.190,122.268,49.849,44.310
96.828,123.276,48.786,43.365
98.823,120.919,48.786,43.365
99.729,121.100,48.786,43.365
99.548,122.007,48.786,43.365
100.092,121.100,48.786,43.365
100.999,121.644,48.786,43.365
100.271,119.095,49.865,44.324
99.527,119.566,50.968,45.305
100.095,120.134,50.968,45.305
100.664,120.324,50.968,45.305
100.853,119.377,50.968,45.305
101.042,120.324,50.968,45.305
101.611,120.513,50.968,45.305
101.800,120.324,50.968,45.305
101.990,118.998,50.968,45.305
101.800,119.566,50.968,45.305
102.368,120.892,50.968,45.305
102.179,120.324,50.968,45.305
102.747,119.756,50.968,45.305
104.073,120.703,50.968,45.305
103.884,121.271,50.968,45.305
104.452,121.460,50.968,45.305
104.642,120.134,50.968,45.305
105.589,120.324,50.968,45.305
105.020,120.892,50.968,45.305
105.968,119.945,50.968,45.305
106.157,120.513,50.968,45.305
106.346,121.082,50.968,45.305
106.915,119.756,50.968,45.305
107.483,120.703,50.968,45.305
107.116,120.398,52.096,46.307
107.309,119.817,52.096,46.307
107.116,121.560,52.096,46.307
108.084,122.915,52.096,46.307
107.503,123.496,52.096,46.307
108.084,123.302,52.096,46.307
108.278,121.947,52.096,46.307
108.471,122.528,52.096,46.307
108.665,121.947,52.096,46.307
108.858,122.528,52.096,46.307
109.439,121.173,52.096,46.307
109.246,120.979,52.096,46.307
108.665,120.785,52.096,46.307
109.633,119.043,52.096,46.307
109.052,118.075,52.096,46.307
109.633,118.655,52.096,46.307
109.439,117.300,52.096,46.307
108.471,118.268,52.096,46.307
108.497,117.555,53.249,47.332
108.300,117.357,53.249,47.332
110.081,117.555,53.249,47.332
108.695,118.149,53.249,47.332
109.289,118.347,53.249,47.332
109.091,118.940,53.249,47.332
108.497,119.534,53.249,47.332
107.112,119.732,53.249,47.332
108.102,118.743,53.249,47.332
105.665,119.246,54.427,48.379
106.272,117.830,54.427,48.379
105.260,118.032,54.427,48.379
104.249,118.234,54.427,48.379
104.046,118.032,54.427,48.379
102.630,116.211,54.427,48.379
103.237,118.032,54.427,48.379
102.630,116.211,54.427,48.379
102.833,118.436,54.427,48.379
102.630,118.234,54.427,48.379
102.833,119.246,54.427,48.379
103.035,119.852,54.427,48.379
102.428,120.055,54.427,48.379
103.035,117.830,54.427,48.379
102.428,117.223,54.427,48.379
103.440,117.830,54.427,48.379
103.237,117.223,54.427,48.379
103.440,117.830,54.427,48.379
103.642,116.818,54.427,48.379
103.035,117.425,54.427,48.379
103.642,118.032,54.427,48.379
104.249,116.616,54.427,48.379
104.451,117.223,54.427,48.379
105.058,116.211,54.427,48.379
104.856,116.818,54.427,48.379
105.867,117.830,54.427,48.379
105.260,116.818,54.427,48.379
106.676,116.616,54.427,48.379
106.069,117.627,54.427,48.379
106.676,118.639,54.427,48.379
106.284,119.153,55.631,49.450
106.491,120.600,55.631,49.450
107.111,120.807,55.631,49.450
107.318,118.946,55.631,49.450
107.938,117.912,55.631,49.450
107.318,116.878,55.631,49.450
108.765,115.018,55.631,49.450
107.318,113.984,55.631,49.450
108.765,112.950,55.631,49.450
107.731,113.984,55.631,49.450
108.765,113.777,55.631,49.450
108.972,113.570,55.631,49.450
109.592,114.604,55.631,49.450
110.626,114.811,55.631,49.450
111.246,115.018,55.631,49.450
110.212,114.397,55.631,49.450
110.006,115.845,55.631,49.450
108.972,115.224,55.631,49.450
109.592,115.845,55.631,49.450
110.212,115.224,55.631,49.450
109.592,116.672,55.631,49.450
109.799,118.119,55.631,49.450
108.351,117.085,55.631,49.450
109.799,116.878,55.631,49.450
108.351,115.431,55.631,49.450
109.385,116.051,55.631,49.450
109.179,115.431,55.631,49.450
108.558,115.638,55.631,49.450
109.179,113.364,55.631,49.450
108.558,113.570,55.631,49.450
108.765,113.777,55.631,49.450
107.318,113.157,55.631,49.450
107.524,112.950,55.631,49.450
107.318,112.330,55.631,49.450
106.697,113.364,55.631,49.450
106.077,113.570,55.631,49.450
105.457,115.431,55.631,49.450
105.250,114.811,55.631,49.450
104.630,115.431,55.631,49.450
105.250,117.292,55.631,49.450
103.803,117.912,55.631,49.450
103.182,117.292,55.631,49.450
103.389,117.085,55.631,49.450
102.769,115.638,55.631,49.450
102.562,116.672,55.631,49.450
102.769,116.878,55.631,49.450
101.735,116.258,55.631,49.450
101.942,114.397,55.631,49.450
101.322,115.431,55.631,49.450
101.942,116.051,55.631,49.450
100.908,115.845,55.631,49.450
100.288,115.638,55.631,49.450
100.908,117.085,55.631,49.450
100.701,118.119,55.631,49.450
100.495,118.326,55.631,49.450
101.115,118.533,55.631,49.450
100.908,119.980,55.631,49.450
100.288,118.119,55.631,49.450
101.479,118.048,54.445,48.395
101.276,118.656,54.445,48.395
101.479,117.644,54.445,48.395
100.872,115.823,54.445,48.395
101.479,117.239,54.445,48.395
100.872,117.846,54.445,48.395
101.074,119.263,54.445,48.395
100.467,119.870,54.445,48.395
101.074,120.072,54.445,48.395
100.872,118.656,54.445,48.395
101.479,120.477,54.445,48.395
101.681,119.465,54.445,48.395
101.479,119.263,54.445,48.395
102.086,118.251,54.445,48.395
101.479,118.453,54.445,48.395
102.086,118.656,54.445,48.395
101.479,118.048,54.445,48.395
102.086,117.846,54.445,48.395
101.479,119.263,54.445,48.395
102.086,119.465,54.445,48.395
101.479,118.453,54.445,48.395
101.681,118.656,54.445,48.395
101.074,118.858,54.445,48.395
101.276,120.274,54.445,48.395
101.074,120.881,54.445,48.395
100.467,121.488,54.445,48.395
101.074,119.667,54.445,48.395
100.872,120.274,54.445,48.395
101.074,119.667,54.445,48.395
100.872,120.679,54.445,48.395
100.669,120.072,54.445,48.395
100.467,119.870,54.445,48.395
101.074,120.477,54.445,48.395
100.062,119.060,54.445,48.395
99.860,118.048,54.445,48.395
100.872,119.060,54.445,48.395
99.860,118.453,54.445,48.395
100.062,119.870,54.445,48.395
101.228,119.801,53.283,47.363
100.634,119.603,53.283,47.363
100.040,118.612,53.283,47.363
100.799,120.835,52.147,46.353
100.217,119.866,52.147,46.353
100.411,120.448,52.147,46.353
100.605,119.866,52.147,46.353
100.411,120.448,52.147,46.353
99.830,119.479,52.147,46.353
99.636,120.448,52.147,46.353
99.830,120.254,52.147,46.353
99.248,120.060,52.147,46.353
99.054,120.641,52.147,46.353
99.248,120.060,52.147,46.353
98.279,120.254,52.147,46.353
98.473,120.060,52.147,46.353
98.667,120.641,52.147,46.353
98.085,120.060,52.147,46.353
97.504,119.479,52.147,46.353
97.698,120.060,52.147,46.353
97.892,119.091,52.147,46.353
97.310,119.672,52.147,46.353
96.729,119.479,52.147,46.353
97.698,120.060,52.147,46.353
97.116,118.703,52.147,46.353
96.535,119.672,52.147,46.353
96.729,118.703,52.147,46.353
97.310,119.285,52.147,46.353
97.306,119.966,51.035,45.365
97.875,120.914,51.035,45.365
97.685,119.966,51.035,45.365
97.711,118.480,52.164,46.368
97.517,119.837,52.164,46.368
97.323,120.807,52.164,46.368
97.517,119.837,52.164,46.368
98.099,119.255,52.164,46.368
97.517,118.286,52.164,46.368
98.874,118.092,52.164,46.368
98.293,117.898,52.164,46.368
98.486,119.643,52.164,46.368
99.068,120.225,52.164,46.368
98.099,119.255,52.164,46.368
99.068,120.225,52.164,46.368
98.874,120.031,52.164,46.368
99.456,120.613,52.164,46.368
99.650,120.031,52.164,46.368
100.619,119.449,52.164,46.368
100.241,119.383,51.052,45.379
101.569,119.193,51.052,45.379
101.379,118.245,51.052,45.379
101.569,119.952,51.052,45.379
102.138,120.142,51.052,45.379
102.328,118.055,51.052,45.379
102.138,118.245,51.052,45.379
103.846,118.814,51.052,45.379
102.897,118.624,51.052,45.379
103.846,119.193,51.052,45.379
104.036,119.383,51.052,45.379
104.605,119.952,51.052,45.379
105.554,120.142,51.052,45.379
105.364,118.814,51.052,45.379
105.554,119.763,51.052,45.379
106.123,120.332,51.052,45.379
106.692,119.004,51.052,45.379
106.882,119.952,51.052,45.379
107.072,118.624,51.052,45.379
106.882,117.675,51.052,45.379
107.831,119.383,51.052,45.379
107.641,119.952,51.052,45.379
108.210,120.142,51.052,45.379
108.206,120.077,49.963,44.412
109.134,121.377,49.963,44.412
109.320,121.192,49.963,44.412
108.763,121.749,49.963,44.412
108.949,121.563,49.963,44.412
109.506,121.377,49.963,44.412
109.320,122.306,49.963,44.412
109.134,121.006,49.963,44.412
109.160,121.863,51.069,45.394
109.349,120.914,51.069,45.394
109.345,121.581,49.980,44.426
109.531,121.395,49.980,44.426
109.717,121.953,49.980,44.426
109.902,121.024,49.980,44.426
109.717,122.696,49.980,44.426
109.712,123.706,48.914,43.479
109.737,121.528,49.996,44.441
109.375,122.539,48.930,43.493
109.920,121.994,48.930,43.493
110.102,122.903,48.930,43.493
110.284,120.902,48.930,43.493
109.738,122.539,48.930,43.493
110.284,121.630,48.930,43.493
109.738,122.539,48.930,43.493
109.920,122.357,48.930,43.493
109.375,121.084,48.930,43.493
109.193,121.994,48.930,43.493
109.738,121.812,48.930,43.493
109.557,122.357,48.930,43.493
109.375,121.448,48.930,43.493
108.829,121.994,48.930,43.493
108.284,122.175,48.930,43.493
108.829,122.721,48.930,43.493
108.647,121.084,48.930,43.493
108.465,119.448,48.930,43.493
108.284,119.993,48.930,43.493
107.738,119.811,48.930,43.493
108.647,119.993,48.930,43.493
107.738,119.084,48.930,43.493
108.284,119.266,48.930,43.493
107.738,118.356,48.930,43.493
108.284,119.993,48.930,43.493
106.647,118.720,48.930,43.493
107.192,117.811,48.930,43.493
107.374,119.448,48.930,43.493
106.829,118.538,48.930,43.493
106.647,117.993,48.930,43.493
107.192,119.266,48.930,43.493
106.647,118.720,48.930,43.493
106.465,118.538,48.930,43.493
105.919,118.720,48.930,43.493
105.738,117.447,48.930,43.493
105.919,118.356,48.930,43.493
105.374,117.447,48.930,43.493
105.556,117.993,48.930,43.493
105.010,117.447,48.930,43.493
105.192,116.538,48.930,43.493
105.374,115.992,48.930,43.493
106.421,117.332,47.886,42.566
104.820,116.799,47.886,42.566
106.421,116.265,47.886,42.566
104.820,116.799,47.886,42.566
106.065,115.553,47.886,42.566
104.820,116.799,47.886,42.566
104.286,115.553,47.886,42.566
105.532,117.154,47.886,42.566
104.286,118.044,47.886,42.566
104.820,116.799,47.886,42.566
104.642,117.332,47.886,42.566
104.108,116.443,47.886,42.566
104.642,117.332,47.886,42.566
104.108,116.087,47.886,42.566
103.930,115.197,47.886,42.566
103.752,115.375,47.886,42.566
104.286,114.129,47.886,42.566
103.396,113.239,47.886,42.566
103.930,114.485,47.886,42.566
103.040,114.663,47.886,42.566
103.574,114.841,47.886,42.566
103.040,115.019,47.886,42.566
102.150,113.417,47.886,42.566
103.040,115.375,47.886,42.566
101.438,115.197,47.886,42.566
101.972,115.375,47.886,42.566
100.726,114.129,47.886,42.566
101.616,115.019,47.886,42.566
100.726,115.909,47.886,42.566
100.548,117.154,47.886,42.566
99.658,117.688,47.886,42.566
99.480,117.510,47.886,42.566
99.658,117.688,47.886,42.566
99.480,118.934,47.886,42.566
98.234,119.824,47.886,42.566
98.768,119.646,47.886,42.566
97.878,121.248,47.886,42.566
96.989,121.426,47.886,42.566
97.167,121.960,47.886,42.566
96.277,120.714,47.886,42.566
97.167,122.316,47.886,42.566
95.921,122.850,47.886,42.566
95.031,123.740,47.886,42.566
94.316,121.238,48.946,43.507
93.407,121.783,48.946,43.507
94.316,122.693,48.946,43.507
92.679,121.783,48.946,43.507
93.225,121.965,48.946,43.507
92.315,121.420,48.946,43.507
91.770,122.329,48.946,43.507
91.588,121.056,48.946,43.507
91.042,120.874,48.946,43.507
91.224,121.783,48.946,43.507
91.406,120.146,48.946,43.507
90.496,120.692,48.946,43.507
89.950,118.327,48.946,43.507
90.132,118.873,48.946,43.507
89.587,118.327,48.946,43.507
90.496,118.509,48.946,43.507
89.223,116.872,48.946,43.507
89.769,117.417,48.946,43.507
88.495,116.508,48.946,43.507
89.405,117.417,48.946,43.507
88.131,116.872,48.946,43.507
88.313,116.326,48.946,43.507
87.767,116.872,48.946,43.507
87.949,115.598,48.946,43.507
88.495,116.508,48.946,43.507
87.222,115.962,48.946,43.507
88.131,116.872,48.946,43.507
86.858,117.781,48.946,43.507
86.312,116.508,48.946,43.507
85.959,115.083,50.029,44.470
86.145,116.013,50.029,44.470
86.331,116.198,50.029,44.470
85.402,116.756,50.029,44.470
85.216,116.570,50.029,44.470
84.658,116.013,50.029,44.470
85.588,116.198,50.029,44.470
84.658,117.128,50.029,44.470
85.216,116.198,50.029,44.470
83.914,115.269,50.029,44.470
84.472,115.827,50.029,44.470
83.914,114.153,50.029,44.470
84.100,115.083,50.029,44.470
83.542,115.269,50.029,44.470
83.728,113.967,50.029,44.470
83.542,114.525,50.029,44.470
83.356,114.339,50.029,44.470
83.170,114.525,50.029,44.470
82.612,115.455,50.029,44.470
83.542,116.013,50.029,44.470
82.612,114.711,50.029,44.470
83.542,116.013,50.029,44.470
82.612,114.339,50.029,44.470
83.170,115.641,50.029,44.470
82.241,115.455,50.029,44.470
83.170,116.756,50.029,44.470
82.241,114.711,50.029,44.470
82.798,115.641,50.029,44.470
83.356,114.339,50.029,44.470
82.798,116.013,50.029,44.470
83.356,115.455,50.029,44.470
82.798,116.384,50.029,44.470
83.728,116.198,50.029,44.470
83.170,117.128,50.029,44.470
82.612,116.198,50.029,44.470
82.638,116.671,51.136,45.454
82.828,118.001,51.136,45.454
82.638,118.572,51.136,45.454
82.828,117.241,51.136,45.454
83.018,116.291,51.136,45.454
83.588,117.241,51.136,45.454
83.018,117.431,51.136,45.454
83.588,117.621,51.136,45.454
83.018,118.572,51.136,45.454
83.208,117.241,51.136,45.454
83.778,118.572,51.136,45.454
82.828,118.382,51.136,45.454
82.638,117.811,51.136,45.454
82.448,118.382,51.136,45.454
83.018,117.051,51.136,45.454
83.208,118.762,51.136,45.454
82.258,117.051,51.136,45.454
82.448,118.382,51.136,45.454
82.258,118.192,51.136,45.454
82.828,119.522,51.136,45.454
81.878,117.811,51.136,45.454
81.688,118.762,51.136,45.454
81.497,118.192,51.136,45.454
81.688,118.762,51.136,45.454
81.497,118.572,51.136,45.454
81.688,118.382,51.136,45.454
80.737,118.192,51.136,45.454
81.307,119.522,51.136,45.454
81.878,118.192,51.136,45.454
80.927,119.902,51.136,45.454
81.117,119.332,51.136,45.454
81.307,118.762,51.136,45.454
81.497,117.811,51.136,45.454
80.547,118.001,51.136,45.454
80.357,117.051,51.136,45.454
81.688,117.621,51.136,45.454
80.357,117.811,51.136,45.454
81.307,118.001,51.136,45.454
80.357,118.192,51.136,45.454
81.307,118.762,51.136,45.454
80.357,118.572,51.136,45.454
81.307,118.382,51.136,45.454
80.357,116.671,51.136,45.454
80.547,117.621,51.136,45.454
79.597,116.671,51.136,45.454
80.547,115.721,51.136,45.454
79.217,115.531,51.136,45.454
80.547,116.101,51.136,45.454
79.597,116.671,51.136,45.454
79.787,117.241,51.136,45.454
79.977,116.671,51.136,45.454
79.787,116.481,51.136,45.454
80.357,115.531,51.136,45.454
81.307,116.481,51.136,45.454
80.357,116.671,51.136,45.454
80.167,115.341,51.136,45.454
80.737,115.151,51.136,45.454
79.407,116.101,51.136,45.454
80.357,114.771,51.136,45.454
81.307,116.481,51.136,45.454
82.258,116.291,51.136,45.454
80.547,116.101,51.136,45.454
79.977,117.431,51.136,45.454
80.927,116.481,51.136,45.454
80.357,117.431,51.136,45.454
81.688,116.481,51.136,45.454
79.977,117.051,51.136,45.454
81.307,117.241,51.136,45.454
79.361,114.964,52.267,46.460
80.721,115.547,52.267,46.460
80.527,114.575,52.267,46.460
79.944,115.547,52.267,46.460
79.361,115.741,52.267,46.460
79.944,114.770,52.267,46.460
78.973,113.798,52.267,46.460
79.556,115.158,52.267,46.460
79.361,114.964,52.267,46.460
79.167,115.547,52.267,46.460
78.196,115.741,52.267,46.460
78.002,114.381,52.267,46.460
77.807,115.741,52.267,46.460
77.613,115.158,52.267,46.460
77.419,115.741,52.267,46.460
76.836,113.992,52.267,46.460
77.030,114.964,52.267,46.460
75.671,113.604,52.267,46.460
76.415,115.410,51.152,45.469
76.777,116.078,50.062,44.499
76.219,115.520,50.062,44.499
75.661,115.706,50.062,44.499
75.475,115.148,50.062,44.499
74.917,116.450,50.062,44.499
74.731,115.892,50.062,44.499
74.917,117.194,50.062,44.499
73.986,117.753,50.062,44.499
74.172,115.706,50.062,44.499
73.614,115.892,50.062,44.499
73.428,115.706,50.062,44.499
73.242,116.636,50.062,44.499
72.684,117.567,50.062,44.499
72.498,115.520,50.062,44.499
71.940,116.078,50.062,44.499
71.754,115.148,50.062,44.499
71.940,114.962,50.062,44.499
71.009,115.148,50.062,44.499
70.823,115.334,50.062,44.499
69.304,115.421,51.169,45.484
69.494,114.089,51.169,45.484
68.163,115.040,51.169,45.484
68.353,115.230,51.169,45.484
68.163,115.040,51.169,45.484
67.212,115.611,51.169,45.484
66.642,114.660,51.169,45.484
64.930,114.470,51.169,45.484
64.956,114.953,52.301,46.490
64.373,114.759,52.301,46.490
63.790,114.564,52.301,46.490
62.818,115.536,52.301,46.490
62.235,114.564,52.301,46.490
61.651,115.925,52.301,46.490
61.457,113.787,52.301,46.490
60.485,115.536,52.301,46.490
59.902,116.119,52.301,46.490
59.319,115.925,52.301,46.490
58.347,115.731,52.301,46.490
57.764,116.314,52.301,46.490
57.569,116.897,52.301,46.490
56.597,115.925,52.301,46.490
55.625,116.119,52.301,46.490
55.042,114.759,52.301,46.490
53.293,116.119,52.301,46.490
52.321,115.536,52.301,46.490
51.738,115.342,52.301,46.490
50.766,114.759,52.301,46.490
49.794,116.119,52.301,46.490
48.433,113.981,52.301,46.490
47.850,114.564,52.301,46.490
46.489,115.925,52.301,46.490
45.517,114.953,52.301,46.490
44.934,115.536,52.301,46.490
43.185,115.731,52.301,46.490
42.213,114.370,52.301,46.490
41.241,115.731,52.301,46.490
39.880,116.314,52.301,46.490
38.908,116.897,52.301,46.490
37.547,115.148,52.301,46.490
36.964,116.508,52.301,46.490
35.604,115.148,52.301,46.490
34.632,116.897,52.301,46.490
33.271,117.091,52.301,46.490
31.521,116.508,52.301,46.490
30.549,117.480,52.301,46.490
29.578,116.897,52.301,46.490
28.217,116.703,52.301,46.490
26.856,116.119,52.301,46.490
25.495,115.925,52.301,46.490
24.524,115.342,52.301,46.490
23.340,114.626,53.458,47.519
21.552,114.427,53.458,47.519
20.956,114.229,53.458,47.519
19.167,116.017,53.458,47.519
17.777,114.626,53.458,47.519
17.578,115.222,53.458,47.519
15.790,115.421,53.458,47.519
14.796,116.812,53.458,47.519
13.008,117.010,53.458,47.519
12.015,115.619,53.458,47.519
