144.000,63.000,57.000,89.000
144.786,64.928,57.000,89.000
145.071,65.214,57.000,89.000
144.302,65.337,55.784,87.102
145.141,65.057,55.784,87.102
145.421,65.337,55.784,87.102
145.700,65.617,55.784,87.102
144.302,65.337,55.784,87.102
145.141,65.057,55.784,87.102
145.421,65.337,55.784,87.102
145.700,65.617,55.784,87.102
144.302,65.337,55.784,87.102
145.141,64.498,55.784,87.102
145.421,66.455,55.784,87.102
144.582,65.617,55.784,87.102
145.421,65.337,55.784,87.102
145.700,65.617,55.784,87.102
144.302,65.337,55.784,87.102
145.141,64.498,55.784,87.102
145.421,66.455,55.784,87.102
144.582,65.617,55.784,87.102
145.421,65.337,55.784,87.102
145.700,65.617,55.784,87.102
144.302,65.337,55.784,87.102
145.141,64.498,55.784,87.102
145.421,65.896,55.784,87.102
145.141,65.617,55.784,87.102
145.421,65.896,55.784,87.102
145.141,65.617,55.784,87.102
144.862,65.337,55.784,87.102
144.582,65.057,55.784,87.102
144.862,64.778,55.784,87.102
144.582,66.176,55.784,87.102
144.302,64.778,55.784,87.102
144.023,63.939,55.784,87.102
143.743,63.659,55.784,87.102
142.904,63.380,55.784,87.102
142.066,62.541,55.784,87.102
141.227,62.262,55.784,87.102
142.625,61.423,55.784,87.102
141.786,60.584,55.784,87.102
142.066,59.745,55.784,87.102
142.345,58.907,55.784,87.102
143.184,56.390,55.784,87.102
143.464,53.874,55.784,87.102
143.184,53.036,55.784,87.102
142.904,52.197,55.784,87.102
142.066,50.240,55.784,87.102
142.904,47.164,55.784,87.102
143.743,50.240,55.784,87.102
144.023,51.638,55.784,87.102
144.302,48.003,55.784,87.102
144.023,49.401,55.784,87.102
144.302,51.358,55.784,87.102
144.582,46.605,55.784,87.102
144.862,50.240,55.784,87.102
146.259,60.584,55.784,87.102
146.539,64.219,55.784,87.102
145.700,65.617,55.784,87.102
145.980,64.219,55.784,87.102
146.259,64.498,55.784,87.102
146.539,65.337,55.784,87.102
146.819,64.498,55.784,87.102
145.980,65.337,55.784,87.102
146.819,63.380,55.784,87.102
145.980,63.659,55.784,87.102
146.819,60.584,55.784,87.102
146.539,58.068,55.784,87.102
146.259,61.702,55.784,87.102
145.352,60.449,57.019,89.029
145.638,57.305,57.019,89.029
145.924,59.306,57.019,89.029
145.638,56.162,57.019,89.029
145.924,59.877,57.019,89.029
145.638,60.163,57.019,89.029
145.304,62.439,58.280,90.999
145.012,60.979,58.280,90.999
144.135,59.519,58.280,90.999
144.427,58.642,58.280,90.999
145.304,59.519,58.280,90.999
145.012,61.563,58.280,90.999
144.720,60.103,58.280,90.999
145.012,59.811,58.280,90.999
144.720,62.439,58.280,90.999
145.596,60.395,58.280,90.999
145.888,63.024,58.280,90.999
146.180,61.563,58.280,90.999
146.472,60.103,58.280,90.999
146.764,59.226,58.280,90.999
148.225,56.598,58.280,90.999
149.095,52.864,59.570,93.012
147.602,53.759,59.570,93.012
149.112,53.660,60.888,95.070
146.975,50.303,60.888,95.070
147.281,54.880,60.888,95.070
146.975,54.575,60.888,95.070
147.891,56.711,60.888,95.070
147.586,57.627,60.888,95.070
146.670,55.491,60.888,95.070
147.586,57.627,60.888,95.070
146.670,56.101,60.888,95.070
146.975,57.627,60.888,95.070
146.670,56.101,60.888,95.070
147.586,57.627,60.888,95.070
146.060,55.491,60.888,95.070
146.975,56.406,60.888,95.070
145.450,54.880,60.888,95.070
146.365,53.965,60.888,95.070
146.060,56.101,60.888,95.070
145.145,55.185,60.888,95.070
143.008,57.321,60.888,95.070
145.145,55.185,60.888,95.070
144.229,56.711,60.888,95.070
145.755,56.406,60.888,95.070
147.281,57.321,60.888,95.070
145.145,55.185,60.888,95.070
147.281,57.321,60.888,95.070
146.975,55.796,60.888,95.070
147.252,57.593,62.235,97.174
146.316,54.786,62.235,97.174
146.628,56.970,62.235,97.174
147.564,55.410,62.235,97.174
144.756,54.474,62.235,97.174
143.197,54.162,62.235,97.174
141.014,55.722,62.235,97.174
143.180,55.856,60.908,95.101
141.044,57.382,60.908,95.101
141.959,56.467,60.908,95.101
144.096,58.603,60.908,95.101
146.906,61.035,62.255,97.205
154.082,62.595,62.255,97.205
158.762,64.155,62.255,97.205
165.315,66.339,62.255,97.205
168.747,65.403,62.255,97.205
171.555,66.339,62.255,97.205
171.243,66.651,62.255,97.205
170.931,66.339,62.255,97.205
171.867,66.027,62.255,97.205
170.307,66.339,62.255,97.205
171.243,66.027,62.255,97.205
169.683,66.963,62.255,97.205
170.619,67.275,62.255,97.205
170.931,68.211,62.255,97.205
168.123,70.395,62.255,97.205
169.689,74.138,60.928,95.133
169.383,72.001,60.928,95.133
169.689,73.528,60.928,95.133
169.994,73.222,60.928,95.133
168.467,72.306,60.928,95.133
169.994,73.833,60.928,95.133
169.078,71.696,60.928,95.133
169.994,73.833,60.928,95.133
168.467,71.696,60.928,95.133
169.994,73.833,60.928,95.133
168.467,71.696,60.928,95.133
169.994,73.833,60.928,95.133
168.467,71.696,60.928,95.133
169.994,73.833,60.928,95.133
168.467,71.696,60.928,95.133
169.994,73.833,60.928,95.133
168.467,71.696,60.928,95.133
169.994,73.833,60.928,95.133
167.856,71.085,60.928,95.133
169.978,74.748,59.628,93.104
169.081,73.852,59.628,93.104
171.157,76.284,58.357,91.118
169.242,77.538,57.112,89.175
171.246,77.824,57.112,89.175
171.532,78.110,57.112,89.175
168.956,77.252,57.112,89.175
170.387,78.683,57.112,89.175
171.246,76.679,57.112,89.175
170.960,77.538,57.112,89.175
170.673,77.252,57.112,89.175
171.558,79.030,55.894,87.274
170.718,78.750,55.894,87.274
171.558,79.030,55.894,87.274
170.718,78.750,55.894,87.274
171.558,79.030,55.894,87.274
171.838,79.871,55.894,87.274
170.004,79.991,54.702,85.412
171.375,80.265,54.702,85.412
172.198,80.539,54.702,85.412
170.827,79.169,54.702,85.412
172.198,81.088,54.702,85.412
170.827,80.265,54.702,85.412
172.198,80.539,54.702,85.412
171.375,79.717,54.702,85.412
173.294,81.636,54.702,85.412
174.117,80.814,54.702,85.412
175.488,82.733,54.702,85.412
176.310,81.910,54.702,85.412
177.132,83.281,54.702,85.412
177.955,81.910,54.702,85.412
179.326,83.829,54.702,85.412
181.245,82.459,54.702,85.412
182.067,85.474,54.702,85.412
182.341,84.103,54.702,85.412
183.158,82.305,55.913,87.302
183.439,83.706,55.913,87.302
184.279,83.426,55.913,87.302
183.439,82.025,55.913,87.302
184.279,84.547,55.913,87.302
183.999,82.025,55.913,87.302
184.279,83.987,55.913,87.302
183.999,82.586,55.913,87.302
185.400,83.426,55.913,87.302
186.801,83.706,55.913,87.302
188.202,83.426,55.913,87.302
190.164,87.069,55.913,87.302
193.246,86.228,55.913,87.302
196.889,89.871,55.913,87.302
201.093,88.470,55.913,87.302
204.735,90.992,55.913,87.302
207.257,91.272,55.913,87.302
208.659,93.234,55.913,87.302
211.181,94.075,55.913,87.302
213.142,95.476,55.913,87.302
213.396,92.475,57.150,89.234
213.109,92.761,57.150,89.234
213.396,92.475,57.150,89.234
213.682,94.480,57.150,89.234
214.541,95.339,57.150,89.234
216.546,95.625,57.150,89.234
216.260,95.912,57.150,89.234
216.546,95.053,57.150,89.234
216.806,91.391,58.414,91.208
217.098,88.171,58.414,91.208
217.977,84.950,58.414,91.208
218.855,83.487,58.414,91.208
219.733,83.194,58.414,91.208
218.783,81.274,59.707,93.226
219.082,81.573,59.707,93.226
218.783,83.069,59.707,93.226
216.689,81.573,59.707,93.226
214.729,84.586,58.433,91.238
210.922,83.122,58.433,91.238
207.115,82.243,58.433,91.238
202.375,85.756,57.187,89.292
197.503,83.750,57.187,89.292
193.204,82.890,57.187,89.292
188.905,83.177,57.187,89.292
184.605,82.890,57.187,89.292
181.071,84.118,55.968,87.388
179.108,83.838,55.968,87.388
176.023,82.996,55.968,87.388
174.059,83.277,55.968,87.388
170.974,82.435,55.968,87.388
167.735,80.014,57.206,89.322
164.425,77.538,58.472,91.298
162.507,81.054,57.225,89.351
161.646,79.046,57.225,89.351
160.716,76.570,58.491,91.328
161.595,78.622,58.491,91.328
160.036,74.875,59.785,93.348
160.935,76.972,59.785,93.348
160.036,75.474,59.785,93.348
162.133,78.170,59.785,93.348
166.628,79.069,59.785,93.348
169.923,80.567,59.785,93.348
173.160,83.007,58.510,91.358
178.145,83.300,58.510,91.358
182.443,87.383,57.262,89.409
186.174,86.522,57.262,89.409
190.479,89.679,57.262,89.409
195.932,88.818,57.262,89.409
200.236,91.975,57.262,89.409
203.967,90.540,57.262,89.409
206.550,93.123,57.262,89.409
206.837,91.114,57.262,89.409
207.124,92.549,57.262,89.409
206.837,91.688,57.262,89.409
206.550,91.975,57.262,89.409
206.263,91.688,57.262,89.409
203.106,91.975,57.262,89.409
198.228,89.966,57.262,89.409
192.775,89.679,57.262,89.409
187.896,88.244,57.262,89.409
184.357,91.134,56.041,87.503
179.583,88.606,56.041,87.503
175.370,87.763,56.041,87.503
171.157,86.921,56.041,87.503
168.235,89.207,54.846,85.637
164.662,87.283,54.846,85.637
164.911,84.910,56.059,87.531
164.068,87.439,56.059,87.531
164.322,83.847,57.300,89.468
163.390,81.963,58.568,91.448
164.271,83.431,58.568,91.448
163.390,82.550,58.568,91.448
167.793,85.779,58.568,91.448
169.848,84.311,58.568,91.448
173.018,88.399,57.319,89.497
176.178,87.537,57.319,89.497
180.487,90.122,57.319,89.497
184.796,89.260,57.319,89.497
189.680,91.846,57.319,89.497
193.414,90.984,57.319,89.497
196.574,92.995,57.319,89.497
198.585,91.559,57.319,89.497
200.022,94.719,57.319,89.497
201.458,93.282,57.319,89.497
202.894,93.569,57.319,89.497
203.756,94.431,57.319,89.497
204.043,93.569,57.319,89.497
203.756,94.431,57.319,89.497
204.618,92.420,57.319,89.497
204.905,91.559,57.319,89.497
204.043,92.420,57.319,89.497
204.331,91.559,57.319,89.497
204.618,92.995,57.319,89.497
204.331,91.559,57.319,89.497
204.618,92.420,57.319,89.497
204.905,91.559,57.319,89.497
204.043,92.995,57.319,89.497
203.756,90.984,57.319,89.497
205.192,91.846,57.319,89.497
204.331,90.984,57.319,89.497
204.618,91.846,57.319,89.497
204.905,90.410,57.319,89.497
203.469,93.569,57.319,89.497
204.905,91.559,57.319,89.497
204.043,92.995,57.319,89.497
203.756,90.984,57.319,89.497
205.192,91.846,57.319,89.497
204.331,90.984,57.319,89.497
204.618,91.846,57.319,89.497
