205.000,151.000,17.000,50.000
204.094,149.838,17.000,50.000
202.943,148.688,17.000,50.000
201.537,149.327,17.000,50.000
200.387,148.432,17.000,50.000
199.236,148.304,17.000,50.000
197.830,147.921,17.000,50.000
195.402,146.770,17.000,50.000
193.996,147.410,17.000,50.000
193.356,146.259,17.000,50.000
191.183,144.853,17.000,50.000
190.288,144.214,17.000,50.000
188.627,143.063,17.000,50.000
187.732,143.703,17.000,50.000
185.815,142.296,17.000,50.000
184.153,141.657,17.000,50.000
184.025,142.552,17.000,50.000
182.619,141.146,17.000,50.000
182.235,141.018,17.000,50.000
181.341,140.123,17.000,50.000
179.934,138.717,17.000,50.000
178.784,137.567,17.000,50.000
178.103,137.237,16.637,48.934
177.477,137.863,16.637,48.934
176.602,136.487,16.637,48.934
174.975,137.112,16.637,48.934
175.514,136.790,16.283,47.890
174.154,137.419,15.935,46.869
172.596,137.059,15.935,46.869
171.496,135.827,15.596,45.869
169.502,134.302,15.596,45.869
168.447,133.012,15.596,45.869
167.391,131.488,15.596,45.869
167.274,130.198,15.596,45.869
165.984,130.080,15.596,45.869
165.163,128.791,15.596,45.869
165.281,129.611,15.596,45.869
164.929,129.025,15.596,45.869
164.342,127.735,15.596,45.869
163.052,126.914,15.596,45.869
162.466,125.390,15.596,45.869
162.114,124.569,15.596,45.869
162.466,123.513,15.596,45.869
161.645,123.162,15.596,45.869
162.466,122.341,15.596,45.869
161.163,124.751,15.263,44.891
159.901,124.866,15.263,44.891
159.068,126.562,14.938,43.934
157.608,125.326,14.938,43.934
156.597,124.540,14.938,43.934
155.361,123.754,14.938,43.934
153.901,122.743,14.938,43.934
151.992,121.058,14.938,43.934
150.756,120.047,14.938,43.934
150.419,120.609,14.938,43.934
149.408,119.822,14.938,43.934
148.173,120.833,14.938,43.934
146.937,120.047,14.938,43.934
146.151,121.058,14.938,43.934
144.466,120.272,14.938,43.934
142.332,120.833,14.938,43.934
139.749,118.699,14.938,43.934
137.839,117.688,14.938,43.934
136.604,117.801,14.938,43.934
135.368,117.239,14.938,43.934
134.807,118.250,14.938,43.934
133.122,117.688,14.938,43.934
131.886,117.351,14.938,43.934
129.528,115.667,14.938,43.934
127.618,114.206,14.938,43.934
125.933,113.196,14.938,43.934
124.473,112.185,14.938,43.934
123.462,111.174,14.938,43.934
122.676,110.163,14.938,43.934
121.665,110.051,14.938,43.934
120.879,109.938,14.938,43.934
118.071,108.478,14.938,43.934
117.060,107.692,14.938,43.934
115.600,106.906,14.938,43.934
114.589,106.119,14.938,43.934
113.578,105.783,14.938,43.934
112.343,104.547,14.938,43.934
111.311,105.124,14.619,42.997
109.878,105.052,14.307,42.080
108.049,106.021,14.307,42.080
105.790,105.268,14.307,42.080
104.391,104.945,14.307,42.080
102.562,104.192,14.307,42.080
101.594,104.084,14.307,42.080
99.980,102.686,14.307,42.080
98.367,101.717,14.307,42.080
97.183,101.610,14.307,42.080
95.366,101.125,14.002,41.183
93.365,101.020,14.002,41.183
92.207,101.757,14.002,41.183
91.470,101.020,14.002,41.183
88.627,100.915,14.002,41.183
87.660,100.643,13.704,40.305
85.291,99.304,13.704,40.305
84.363,99.201,13.704,40.305
82.818,98.892,13.704,40.305
81.066,98.789,13.704,40.305
80.345,98.686,13.704,40.305
79.005,99.201,13.704,40.305
77.860,98.935,13.411,39.445
75.944,98.431,13.411,39.445
74.046,98.366,13.125,38.604
72.763,97.083,13.125,38.604
71.282,95.800,13.125,38.604
69.044,95.546,12.845,37.781
68.530,96.600,12.571,36.975
66.750,96.357,12.303,36.186
65.178,96.634,12.303,36.186
64.506,96.217,12.041,35.415
62.627,96.682,11.784,34.659
61.298,96.062,11.784,34.659
60.146,95.265,11.784,34.659
58.640,94.644,11.784,34.659
58.020,94.024,11.784,34.659
57.206,94.991,11.533,33.920
