141.000,73.000,27.000,34.000
141.620,74.099,27.000,34.000
141.980,73.740,27.000,34.000
142.099,74.099,27.000,34.000
142.459,73.740,27.000,34.000
142.579,74.099,27.000,34.000
142.939,73.500,27.000,34.000
143.298,73.860,27.000,34.000
144.137,74.219,27.000,34.000
144.257,73.140,27.000,34.000
145.576,73.500,27.000,34.000
145.216,73.620,27.000,34.000
146.055,74.219,27.000,34.000
146.415,73.380,27.000,34.000
147.015,73.980,27.000,34.000
147.614,73.860,27.000,34.000
148.453,74.459,27.000,34.000
149.292,73.860,27.000,34.000
150.371,74.699,27.000,34.000
150.971,74.579,27.000,34.000
153.248,73.980,27.000,34.000
153.848,74.579,27.000,34.000
154.927,73.980,27.000,34.000
156.245,74.099,27.000,34.000
158.044,74.459,27.000,34.000
159.122,73.860,27.000,34.000
160.441,74.699,27.000,34.000
161.280,74.579,27.000,34.000
162.839,74.939,27.000,34.000
163.678,74.099,27.000,34.000
165.956,74.939,27.000,34.000
166.555,74.099,27.000,34.000
168.345,73.653,26.424,33.275
169.166,74.709,26.424,33.275
170.222,74.357,26.424,33.275
171.278,74.944,26.424,33.275
172.334,74.592,26.424,33.275
173.390,74.474,26.424,33.275
174.211,75.061,26.424,33.275
174.798,74.474,26.424,33.275
176.089,74.122,26.424,33.275
175.267,74.474,26.424,33.275
176.323,74.122,26.424,33.275
175.971,74.474,26.424,33.275
175.854,73.888,26.424,33.275
176.441,74.005,26.424,33.275
175.619,74.592,26.424,33.275
175.971,73.770,26.424,33.275
174.681,74.592,26.424,33.275
173.859,73.770,26.424,33.275
172.100,74.592,26.424,33.275
171.513,74.005,26.424,33.275
170.926,74.826,26.424,33.275
169.636,74.005,26.424,33.275
167.641,74.592,26.424,33.275
165.881,73.536,26.424,33.275
164.121,73.888,26.424,33.275
162.127,74.240,26.424,33.275
160.367,73.888,26.424,33.275
158.607,74.474,26.424,33.275
154.735,74.592,26.424,33.275
153.591,73.615,27.009,34.011
152.272,74.215,27.009,34.011
150.713,73.135,27.009,34.011
148.435,74.215,27.009,34.011
146.396,73.375,27.009,34.011
144.357,74.215,27.009,34.011
143.038,73.375,27.009,34.011
141.719,74.215,27.009,34.011
140.160,74.334,27.009,34.011
137.882,74.454,27.009,34.011
137.042,74.095,27.009,34.011
135.483,74.694,27.009,34.011
133.684,75.054,27.009,34.011
131.646,74.694,27.009,34.011
130.087,75.294,27.009,34.011
128.288,74.694,27.009,34.011
126.489,75.534,27.009,34.011
124.690,75.174,27.009,34.011
122.652,75.054,27.009,34.011
120.613,75.893,27.009,34.011
120.253,75.534,27.009,34.011
119.174,76.373,27.009,34.011
118.095,76.013,27.009,34.011
117.015,76.853,27.009,34.011
116.176,76.733,27.009,34.011
115.816,77.572,27.009,34.011
114.977,77.692,27.009,34.011
115.380,78.402,26.433,33.286
114.794,78.284,26.433,33.286
114.441,78.871,26.433,33.286
115.028,78.754,26.433,33.286
114.971,79.448,25.869,32.576
114.396,79.563,25.869,32.576
115.660,78.989,25.869,32.576
114.396,79.793,25.869,32.576
115.660,79.218,25.869,32.576
115.086,78.874,25.869,32.576
116.119,78.989,25.869,32.576
116.923,78.414,25.869,32.576
117.498,77.840,25.869,32.576
116.464,79.103,25.869,32.576
117.957,78.529,25.869,32.576
118.761,77.725,25.869,32.576
117.957,79.218,25.869,32.576
119.221,78.644,25.869,32.576
120.254,78.529,25.869,32.576
121.288,78.414,25.869,32.576
122.322,78.529,25.869,32.576
123.585,78.874,25.869,32.576
125.538,79.907,25.869,32.576
126.801,79.103,25.869,32.576
127.835,79.907,25.869,32.576
129.558,78.874,25.869,32.576
131.051,79.218,25.869,32.576
132.544,79.103,25.869,32.576
133.808,79.678,25.869,32.576
134.842,78.874,25.869,32.576
136.105,79.448,25.869,32.576
137.828,78.644,25.869,32.576
139.551,79.218,25.869,32.576
139.895,78.874,25.869,32.576
140.929,79.448,25.869,32.576
141.963,78.644,25.869,32.576
142.997,79.218,25.869,32.576
143.801,78.874,25.869,32.576
144.375,79.448,25.869,32.576
145.409,78.414,25.869,32.576
146.442,78.299,25.869,32.576
147.246,78.185,25.869,32.576
148.280,78.529,25.869,32.576
148.395,77.955,25.869,32.576
148.943,77.952,26.442,33.297
149.530,78.304,26.442,33.297
150.821,77.482,26.442,33.297
151.408,78.069,26.442,33.297
152.465,78.891,26.442,33.297
153.287,78.539,26.442,33.297
153.874,78.656,26.442,33.297
154.931,79.009,26.442,33.297
155.518,79.596,26.442,33.297
156.105,78.539,26.442,33.297
155.518,79.126,26.442,33.297
156.809,79.948,26.442,33.297
156.457,79.361,26.442,33.297
156.574,80.183,26.442,33.297
156.926,81.004,26.442,33.297
155.870,80.887,26.442,33.297
156.926,81.474,26.442,33.297
156.105,82.296,26.442,33.297
156.457,83.118,26.442,33.297
157.078,82.454,25.878,32.587
156.733,83.488,25.878,32.587
156.619,84.063,25.878,32.587
156.963,84.867,25.878,32.587
156.848,85.212,25.878,32.587
157.678,86.113,25.326,31.892
158.240,86.900,25.326,31.892
157.678,87.237,25.326,31.892
158.915,88.249,25.326,31.892
158.578,89.262,25.326,31.892
159.140,89.374,25.326,31.892
158.578,90.161,25.326,31.892
159.365,89.824,25.326,31.892
158.802,90.386,25.326,31.892
159.365,91.173,25.326,31.892
158.578,90.386,25.326,31.892
159.365,91.398,25.326,31.892
158.578,90.611,25.326,31.892
158.465,90.049,25.326,31.892
158.128,90.161,25.326,31.892
157.790,90.274,25.326,31.892
157.903,89.711,25.326,31.892
157.790,88.924,25.326,31.892
157.228,89.037,25.326,31.892
156.441,88.249,25.326,31.892
156.104,88.587,25.326,31.892
155.092,87.350,25.326,31.892
155.204,87.687,25.326,31.892
154.192,86.225,25.326,31.892
153.180,85.213,25.326,31.892
153.742,85.776,25.326,31.892
152.505,84.314,25.326,31.892
152.168,84.201,25.326,31.892
151.156,83.189,25.326,31.892
150.594,82.852,25.326,31.892
150.706,81.615,25.326,31.892
149.919,81.952,25.326,31.892
150.032,80.940,25.326,31.892
149.469,80.603,25.326,31.892
149.807,80.266,25.326,31.892
149.244,80.828,25.326,31.892
149.548,79.425,25.886,32.597
148.743,79.310,25.886,32.597
148.628,79.885,25.886,32.597
149.433,79.540,25.886,32.597
148.858,78.965,25.886,32.597
148.053,79.540,25.886,32.597
149.088,78.736,25.886,32.597
148.283,79.080,25.886,32.597
149.318,78.506,25.886,32.597
148.513,78.391,25.886,32.597
148.858,77.586,25.886,32.597
148.283,78.161,25.886,32.597
149.548,77.356,25.886,32.597
148.973,77.471,25.886,32.597
149.318,77.356,25.886,32.597
149.663,77.241,25.886,32.597
149.088,77.586,25.886,32.597
148.283,77.701,25.886,32.597
147.479,78.046,25.886,32.597
147.594,78.391,25.886,32.597
146.559,77.356,25.886,32.597
145.295,78.161,25.886,32.597
144.490,78.736,25.886,32.597
143.226,78.850,25.886,32.597
142.192,79.195,25.886,32.597
140.468,78.850,25.886,32.597
138.054,79.655,25.886,32.597
135.870,78.621,25.886,32.597
129.779,79.195,25.886,32.597
128.744,79.310,25.886,32.597
126.560,79.195,25.886,32.597
123.917,79.540,25.886,32.597
121.503,79.195,25.886,32.597
119.090,79.540,25.886,32.597
116.906,80.115,25.886,32.597
114.722,80.919,25.886,32.597
112.998,81.954,25.886,32.597
111.734,80.919,25.886,32.597
109.550,79.885,25.886,32.597
109.205,79.540,25.886,32.597
108.171,78.506,25.886,32.597
107.136,79.080,25.886,32.597
105.872,79.195,25.886,32.597
104.608,78.161,25.886,32.597
104.263,78.736,25.886,32.597
103.229,78.161,25.886,32.597
102.194,78.736,25.886,32.597
102.309,79.080,25.886,32.597
101.045,79.885,25.886,32.597
101.620,79.540,25.886,32.597
100.585,79.425,25.886,32.597
101.620,80.000,25.886,32.597
100.585,80.804,25.886,32.597
101.390,80.919,25.886,32.597
101.275,81.494,25.886,32.597
101.390,80.919,25.886,32.597
102.194,82.413,25.886,32.597
101.390,82.069,25.886,32.597
102.654,84.252,25.886,32.597
102.769,83.908,25.886,32.597
102.194,85.402,25.886,32.597
103.458,85.287,25.886,32.597
102.424,86.551,25.886,32.597
102.999,85.976,25.886,32.597
101.505,87.241,25.886,32.597
100.240,86.666,25.886,32.597
99.436,86.321,25.886,32.597
98.401,85.976,25.886,32.597
96.218,86.321,25.886,32.597
95.413,85.517,25.886,32.597
94.149,85.632,25.886,32.597
92.425,85.287,25.886,32.597
90.701,85.632,25.886,32.597
88.517,85.057,25.886,32.597
86.563,85.632,25.886,32.597
84.609,84.827,25.886,32.597
82.425,85.172,25.886,32.597
80.242,84.827,25.886,32.597
74.610,85.172,25.886,32.597
73.805,84.827,25.886,32.597
71.391,85.402,25.886,32.597
68.978,84.597,25.886,32.597
64.725,85.172,25.886,32.597
62.082,84.597,25.886,32.597
58.978,84.712,25.886,32.597
55.875,84.597,25.886,32.597
52.082,84.482,25.886,32.597
49.669,84.597,25.886,32.597
44.267,84.712,25.886,32.597
43.462,84.827,25.886,32.597
41.278,84.942,25.886,32.597
39.325,84.827,25.886,32.597
37.141,84.942,25.886,32.597
34.957,85.517,25.886,32.597
32.773,84.712,25.886,32.597
30.589,85.287,25.886,32.597
28.636,85.172,25.886,32.597
26.911,85.057,25.886,32.597
22.889,85.862,25.886,32.597
23.234,85.057,25.886,32.597
21.739,86.091,25.886,32.597
20.015,85.057,25.886,32.597
18.521,85.632,25.886,32.597
17.257,84.597,25.886,32.597
16.222,84.942,25.886,32.597
15.188,84.827,25.886,32.597
14.384,84.252,25.886,32.597
13.579,84.138,25.886,32.597
12.545,83.563,25.886,32.597
13.596,84.021,25.334,31.902
12.359,83.909,25.334,31.902
11.796,83.346,25.334,31.902
12.134,84.359,25.334,31.902
11.346,83.796,25.334,31.902
12.134,83.234,25.334,31.902
11.121,84.021,25.334,31.902
12.134,83.234,25.334,31.902
11.346,84.021,25.334,31.902
12.584,83.234,25.334,31.902
12.246,83.796,25.334,31.902
12.809,82.784,25.334,31.902
12.021,83.121,25.334,31.902
13.034,83.459,25.334,31.902
12.471,82.671,25.334,31.902
13.933,83.684,25.334,31.902
14.946,83.121,25.334,31.902
15.283,84.359,25.334,31.902
16.296,84.921,25.334,31.902
18.208,85.034,25.334,31.902
18.995,85.146,25.334,31.902
20.233,86.158,25.334,31.902
22.145,86.946,25.334,31.902
24.282,87.733,25.334,31.902
27.319,88.746,25.334,31.902
30.131,90.208,25.334,31.902
33.168,92.120,25.334,31.902
37.105,94.032,25.334,31.902
39.917,96.394,25.334,31.902
47.454,101.906,25.334,31.902
48.016,101.344,25.334,31.902
50.378,104.381,25.334,31.902
54.315,106.968,25.334,31.902
56.678,109.555,25.334,31.902
60.839,112.142,25.334,31.902
62.977,114.504,25.334,31.902
65.339,116.867,25.334,31.902
67.926,119.229,25.334,31.902
70.513,121.591,25.334,31.902
75.350,125.528,25.334,31.902
76.137,125.415,25.334,31.902
77.600,127.553,25.334,31.902
79.512,129.240,25.334,31.902
81.424,130.927,25.334,31.902
83.336,131.940,25.334,31.902
85.024,133.177,25.334,31.902
86.486,134.414,25.334,31.902
88.173,135.652,25.334,31.902
89.635,136.214,25.334,31.902
91.548,137.901,25.334,31.902
92.560,137.564,25.334,31.902
93.797,138.576,25.334,31.902
94.585,139.139,25.334,31.902
96.047,139.701,25.334,31.902
97.509,139.364,25.334,31.902
98.972,140.826,25.334,31.902
99.534,141.163,25.334,31.902
100.771,142.401,25.334,31.902
102.009,143.188,25.334,31.902
103.246,144.425,25.334,31.902
104.483,143.638,25.334,31.902
105.271,144.650,25.334,31.902
106.733,143.863,25.334,31.902
108.195,143.076,25.334,31.902
109.658,142.063,25.334,31.902
111.345,140.826,25.334,31.902
112.582,138.914,25.334,31.902
113.595,137.226,25.334,31.902
114.157,135.989,25.334,31.902
114.944,133.852,25.334,31.902
115.282,133.064,25.334,31.902
116.069,132.052,25.334,31.902
116.632,131.040,25.334,31.902
117.869,130.027,25.334,31.902
118.431,129.015,25.334,31.902
119.444,128.228,25.334,31.902
120.231,127.440,25.334,31.902
120.768,126.270,25.895,32.608
121.343,125.236,25.895,32.608
123.067,123.971,25.895,32.608
123.642,123.626,25.895,32.608
124.429,122.430,26.468,33.330
125.252,121.373,26.468,33.330
125.813,120.638,27.053,34.067
125.933,120.278,27.053,34.067
126.506,119.527,27.652,34.821
126.874,118.422,27.652,34.821
126.015,117.808,27.652,34.821
126.629,117.931,27.652,34.821
126.997,117.317,27.652,34.821
127.583,117.314,28.264,35.591
126.359,116.009,28.889,36.379
127.513,116.394,28.889,36.379
128.154,115.496,28.889,36.379
128.796,114.598,28.889,36.379
130.207,114.470,28.889,36.379
131.105,114.085,28.889,36.379
132.772,114.983,28.889,36.379
134.439,114.085,28.889,36.379
139.442,114.726,28.889,36.379
139.827,114.085,28.889,36.379
141.751,113.700,28.889,36.379
143.931,112.546,28.889,36.379
146.881,111.391,28.889,36.379
152.018,112.453,29.528,37.183
154.771,110.748,29.528,37.183
157.787,109.306,29.528,37.183
160.278,107.864,29.528,37.183
162.506,106.160,29.528,37.183
167.882,104.193,29.528,37.183
169.848,105.111,29.528,37.183
171.553,103.144,29.528,37.183
173.257,101.440,29.528,37.183
174.961,99.735,29.528,37.183
179.668,101.092,30.181,38.006
180.874,99.618,30.181,38.006
181.812,98.144,30.181,38.006
182.482,97.474,30.181,38.006
183.152,96.268,30.181,38.006
184.358,96.938,30.181,38.006
182.742,95.664,29.538,37.196
183.398,95.533,29.538,37.196
181.955,94.091,29.538,37.196
182.611,95.009,29.538,37.196
181.030,93.762,28.908,36.402
179.105,92.863,28.908,36.402
179.233,94.275,28.908,36.402
177.051,93.120,28.908,36.402
175.503,92.642,28.291,35.626
173.619,94.024,28.291,35.626
172.347,93.072,27.688,34.866
172.050,94.273,27.098,34.123
170.599,93.825,26.520,33.395
170.717,94.885,26.520,33.395
168.951,94.061,26.520,33.395
167.891,94.650,26.520,33.395
167.538,93.354,26.520,33.395
168.833,93.001,26.520,33.395
168.480,93.825,26.520,33.395
170.010,92.059,26.520,33.395
170.599,92.883,26.520,33.395
171.894,91.353,26.520,33.395
172.972,91.141,25.954,32.683
174.239,90.104,25.954,32.683
175.968,89.298,25.954,32.683
178.388,89.182,25.954,32.683
181.038,88.145,25.954,32.683
185.533,88.491,25.954,32.683
187.722,86.762,25.954,32.683
192.908,85.725,25.954,32.683
193.714,86.301,25.954,32.683
196.134,85.495,25.954,32.683
198.785,84.688,25.954,32.683
202.818,85.264,25.954,32.683
204.777,84.227,25.954,32.683
209.502,85.034,25.954,32.683
211.230,84.227,25.954,32.683
213.420,84.803,25.954,32.683
215.379,84.458,25.954,32.683
219.873,83.881,25.954,32.683
220.910,85.149,25.954,32.683
222.178,83.881,25.954,32.683
223.907,82.844,25.954,32.683
225.866,81.807,25.954,32.683
228.055,81.000,25.954,32.683
230.475,79.733,25.954,32.683
232.895,78.926,25.954,32.683
237.389,79.733,25.954,32.683
239.118,78.926,25.954,32.683
244.073,77.889,25.954,32.683
244.649,78.465,25.954,32.683
245.917,77.428,25.954,32.683
247.184,77.082,25.954,32.683
248.683,75.815,25.954,32.683
249.720,75.469,25.954,32.683
250.757,74.662,25.954,32.683
251.333,75.008,25.954,32.683
251.218,74.432,25.954,32.683
252.024,75.008,25.954,32.683
250.987,75.354,25.954,32.683
251.102,75.700,25.954,32.683
250.065,75.584,25.954,32.683
249.259,76.161,25.954,32.683
247.991,76.045,25.954,32.683
246.954,76.621,25.954,32.683
245.686,76.737,25.954,32.683
244.419,77.774,25.954,32.683
242.921,77.198,25.954,32.683
241.423,78.465,25.954,32.683
239.003,79.502,25.954,32.683
237.965,78.465,25.954,32.683
236.698,79.733,25.954,32.683
235.430,80.540,25.954,32.683
233.932,79.963,25.954,32.683
232.204,81.000,25.954,32.683
230.706,81.116,25.954,32.683
229.207,81.922,25.954,32.683
227.709,81.577,25.954,32.683
225.981,82.614,25.954,32.683
223.330,83.190,25.954,32.683
222.293,82.844,25.954,32.683
220.795,83.881,25.954,32.683
219.297,83.997,25.954,32.683
217.799,83.420,25.954,32.683
216.070,84.227,25.954,32.683
214.572,83.651,25.954,32.683
213.074,84.227,25.954,32.683
211.576,83.881,25.954,32.683
210.078,84.227,25.954,32.683
207.889,83.651,25.954,32.683
206.621,84.227,25.954,32.683
205.814,83.881,25.954,32.683
204.547,84.458,25.954,32.683
204.201,83.420,25.954,32.683
203.625,84.458,25.954,32.683
203.279,83.190,25.954,32.683
202.242,83.766,25.954,32.683
203.510,82.959,25.954,32.683
202.242,83.075,25.954,32.683
203.510,82.038,25.954,32.683
202.472,82.614,25.954,32.683
203.510,81.807,25.954,32.683
202.933,82.383,25.954,32.683
203.970,81.577,25.954,32.683
203.855,81.922,25.954,32.683
204.662,81.116,25.954,32.683
205.699,81.461,25.954,32.683
206.045,81.346,25.954,32.683
206.851,81.461,25.954,32.683
208.119,80.194,25.954,32.683
208.729,81.098,25.401,31.986
209.970,80.534,25.401,31.986
209.406,79.744,25.401,31.986
210.872,79.857,25.401,31.986
210.985,80.195,25.401,31.986
211.799,80.428,24.859,31.304
