129.000,80.000,64.000,78.000
119.170,75.754,64.000,78.000
113.307,71.566,64.000,78.000
106.886,66.820,64.000,78.000
100.464,61.515,64.000,78.000
95.160,57.327,64.000,78.000
93.206,57.048,64.000,78.000
91.810,58.444,64.000,78.000
89.855,63.749,64.000,78.000
87.901,70.170,64.000,78.000
85.947,76.033,64.000,78.000
82.876,80.221,64.000,78.000
78.129,82.175,64.000,78.000
72.267,80.779,64.000,78.000
66.404,78.825,64.000,78.000
60.541,74.637,64.000,78.000
60.261,70.449,64.000,78.000
61.099,66.261,64.000,78.000
63.053,65.982,64.000,78.000
67.241,66.261,64.000,78.000
71.987,70.449,64.000,78.000
74.500,74.079,64.000,78.000
75.896,76.591,64.000,78.000
79.525,78.546,64.000,78.000
84.782,80.723,62.635,76.337
89.427,81.543,62.635,76.337
94.072,77.991,62.635,76.337
98.717,73.346,62.635,76.337
103.909,65.422,62.635,76.337
113.472,59.137,62.635,76.337
122.489,54.492,62.635,76.337
129.320,53.126,62.635,76.337
134.511,58.318,62.635,76.337
137.517,61.870,62.635,76.337
140.522,64.875,62.635,76.337
142.981,65.149,62.635,76.337
145.440,68.154,62.635,76.337
144.621,67.881,62.635,76.337
142.708,65.422,62.635,76.337
145.714,63.509,62.635,76.337
145.987,61.050,62.635,76.337
144.074,59.684,62.635,76.337
144.894,58.864,62.635,76.337
142.981,61.870,62.635,76.337
142.708,63.236,62.635,76.337
142.981,63.509,62.635,76.337
141.069,63.782,62.635,76.337
141.342,65.149,62.635,76.337
141.069,64.875,62.635,76.337
143.528,62.963,62.635,76.337
145.440,59.411,62.635,76.337
147.899,54.766,62.635,76.337
152.544,51.760,62.635,76.337
156.097,50.940,62.635,76.337
159.102,56.132,62.635,76.337
158.829,63.509,62.635,76.337
156.916,69.247,62.635,76.337
157.736,73.892,62.635,76.337
156.034,76.549,61.299,74.709
152.557,73.073,61.299,74.709
151.922,67.942,59.992,73.116
155.324,63.493,59.992,73.116
160.820,59.567,59.992,73.116
165.748,61.608,58.713,71.556
166.004,64.938,58.713,71.556
165.748,68.779,58.713,71.556
162.177,72.258,57.461,70.030
156.750,73.729,56.235,68.537
151.911,73.278,55.036,67.075
145.429,73.998,55.036,67.075
136.066,69.917,55.036,67.075
132.256,66.235,53.863,65.645
129.671,60.361,53.863,65.645
133.642,58.570,52.714,64.245
135.712,61.099,52.714,64.245
134.102,63.169,52.714,64.245
134.792,65.239,52.714,64.245
134.102,67.768,52.714,64.245
132.953,68.458,52.714,64.245
130.423,70.068,52.714,64.245
127.894,70.757,52.714,64.245
125.824,67.768,52.714,64.245
128.813,64.319,52.714,64.245
132.257,62.122,51.590,62.875
136.083,60.547,51.590,62.875
145.760,64.823,51.590,62.875
150.036,68.199,51.590,62.875
155.662,69.324,51.590,62.875
164.889,66.398,51.590,62.875
168.715,63.923,51.590,62.875
172.541,61.897,51.590,62.875
174.566,61.222,51.590,62.875
176.142,60.997,51.590,62.875
175.016,57.621,51.590,62.875
177.042,54.246,51.590,62.875
176.367,52.670,51.590,62.875
175.832,51.822,50.490,61.534
176.053,54.245,50.490,61.534
178.916,61.073,50.490,61.534
176.053,67.901,50.490,61.534
172.982,72.590,49.413,60.222
168.886,75.393,49.413,60.222
162.557,74.580,48.359,58.938
158.127,72.260,48.359,58.938
156.650,67.830,48.359,58.938
160.658,62.978,48.359,58.938
162.979,61.501,48.359,58.938
164.456,63.400,48.359,58.938
162.979,66.564,48.359,58.938
165.300,70.150,48.359,58.938
166.776,70.783,48.359,58.938
166.987,73.104,48.359,58.938
169.333,76.375,47.328,57.681
169.952,75.756,47.328,57.681
172.636,77.201,47.328,57.681
174.932,74.035,46.319,56.451
171.901,71.004,46.319,56.451
174.932,70.398,46.319,56.451
177.154,74.641,46.319,56.451
176.548,78.885,46.319,56.451
174.121,82.018,45.331,55.247
171.364,84.704,44.364,54.069
167.920,85.467,43.418,52.916
164.700,84.520,43.418,52.916
163.753,83.194,43.418,52.916
161.477,80.655,42.492,51.787
158.893,78.170,41.586,50.683
154.965,75.738,40.699,49.602
152.302,74.140,40.699,49.602
149.284,70.056,40.699,49.602
147.331,63.132,40.699,49.602
145.378,62.245,40.699,49.602
143.425,66.683,40.699,49.602
144.668,68.636,40.699,49.602
143.425,71.654,40.699,49.602
141.977,75.435,39.831,48.544
140.065,77.693,39.831,48.544
139.197,79.257,39.831,48.544
137.633,78.736,39.831,48.544
141.282,77.867,39.831,48.544
147.016,77.346,39.831,48.544
154.487,78.910,39.831,48.544
161.959,80.126,39.831,48.544
164.913,78.562,39.831,48.544
167.519,77.693,39.831,48.544
169.778,79.952,39.831,48.544
166.994,75.629,40.713,49.618
168.947,74.031,40.713,49.618
171.966,72.788,40.713,49.618
170.723,71.900,40.713,49.618
169.125,72.433,40.713,49.618
165.395,72.255,40.713,49.618
158.113,66.749,40.713,49.618
160.067,64.441,40.713,49.618
157.758,66.394,40.713,49.618
159.001,68.703,40.713,49.618
159.841,69.444,41.613,50.716
157.118,71.441,41.613,50.716
161.743,71.821,42.534,51.838
163.784,72.749,42.534,51.838
165.825,73.677,42.534,51.838
166.752,75.718,42.534,51.838
168.422,77.388,42.534,51.838
167.266,74.900,41.627,50.733
167.085,76.898,41.627,50.733
165.087,75.627,41.627,50.733
162.727,77.261,41.627,50.733
159.640,75.627,41.627,50.733
156.553,74.719,41.627,50.733
154.371,73.684,40.739,49.651
150.994,74.573,40.739,49.651
146.552,71.907,40.739,49.651
143.175,71.730,40.739,49.651
140.154,69.775,40.739,49.651
138.554,70.308,40.739,49.651
136.244,68.353,40.739,49.651
137.488,69.597,40.739,49.651
138.732,66.931,40.739,49.651
141.042,63.910,40.739,49.651
144.063,69.064,40.739,49.651
145.663,66.753,40.739,49.651
146.907,62.311,40.739,49.651
147.440,59.289,40.739,49.651
145.485,60.178,40.739,49.651
142.109,61.067,40.739,49.651
141.001,58.684,39.870,48.592
143.262,66.859,39.870,48.592
142.045,61.467,39.870,48.592
141.423,57.862,40.753,49.667
143.023,55.195,40.753,49.667
143.912,58.217,40.753,49.667
146.579,55.906,40.753,49.667
149.245,60.350,40.753,49.667
150.845,59.106,40.753,49.667
143.557,53.595,40.753,49.667
142.312,51.639,40.753,49.667
140.712,55.728,40.753,49.667
137.335,55.195,40.753,49.667
135.379,57.862,40.753,49.667
132.712,60.173,40.753,49.667
136.090,62.128,40.753,49.667
137.690,60.173,40.753,49.667
143.912,59.284,40.753,49.667
147.290,56.617,40.753,49.667
150.312,52.884,40.753,49.667
154.757,53.062,40.753,49.667
159.912,55.017,40.753,49.667
162.579,56.617,40.753,49.667
165.956,57.506,40.753,49.667
168.979,56.262,40.753,49.667
168.090,52.528,40.753,49.667
170.045,49.151,40.753,49.667
172.356,46.484,40.753,49.667
176.090,47.728,40.753,49.667
173.778,51.106,40.753,49.667
172.890,57.328,40.753,49.667
169.867,61.417,40.753,49.667
162.579,64.795,40.753,49.667
155.645,67.106,40.753,49.667
149.068,67.995,40.753,49.667
141.423,65.684,40.753,49.667
140.890,66.928,40.753,49.667
138.223,63.906,40.753,49.667
136.268,59.817,40.753,49.667
138.935,61.062,40.753,49.667
141.246,62.662,40.753,49.667
143.912,63.550,40.753,49.667
148.357,65.150,40.753,49.667
150.668,68.173,40.753,49.667
153.690,71.195,40.753,49.667
158.134,74.217,40.753,49.667
160.819,76.065,41.654,50.766
163.908,74.066,41.654,50.766
165.543,68.433,41.654,50.766
166.402,63.913,42.576,51.889
166.588,61.498,42.576,51.889
167.851,62.659,43.518,53.037
168.355,65.420,44.481,54.211
167.661,65.827,45.465,55.410
167.066,63.249,45.465,55.410
165.678,60.274,45.465,55.410
163.323,55.751,46.471,56.636
162.715,51.899,46.471,56.636
161.296,48.048,46.471,56.636
157.206,42.584,47.499,57.889
154.513,44.449,47.499,57.889
150.576,48.386,47.499,57.889
146.224,50.250,47.499,57.889
142.702,51.286,47.499,57.889
142.909,51.908,47.499,57.889
143.531,51.701,47.499,57.889
142.080,53.566,47.499,57.889
139.801,53.773,47.499,57.889
138.351,52.323,47.499,57.889
140.630,50.458,47.499,57.889
142.909,52.323,47.499,57.889
144.360,55.431,47.499,57.889
145.810,59.367,47.499,57.889
145.188,64.548,47.499,57.889
144.567,68.070,47.499,57.889
147.260,70.764,47.499,57.889
144.152,69.728,47.499,57.889
146.017,64.962,47.499,57.889
148.711,56.052,47.499,57.889
152.648,50.458,47.499,57.889
155.341,52.737,47.499,57.889
158.035,56.674,47.499,57.889
156.999,61.854,47.499,57.889
155.134,63.719,47.499,57.889
153.684,65.584,47.499,57.889
152.233,67.448,47.499,57.889
151.197,68.070,47.499,57.889
152.233,66.205,47.499,57.889
154.098,65.998,47.499,57.889
155.603,66.815,46.486,56.655
150.534,65.395,46.486,56.655
145.464,66.004,46.486,56.655
142.017,67.018,46.486,56.655
137.758,67.221,46.486,56.655
132.283,65.801,46.486,56.655
127.619,64.787,46.486,56.655
122.955,63.773,46.486,56.655
118.696,63.976,46.486,56.655
121.733,63.212,45.495,55.447
123.519,61.029,45.495,55.447
124.908,56.464,45.495,55.447
128.679,56.266,45.495,55.447
131.656,60.036,45.495,55.447
134.236,66.189,45.495,55.447
137.610,70.753,45.495,55.447
143.365,72.540,45.495,55.447
151.105,69.563,45.495,55.447
154.876,66.189,45.495,55.447
159.044,62.021,45.495,55.447
162.814,59.044,45.495,55.447
164.997,56.861,45.495,55.447
166.784,55.075,45.495,55.447
167.379,56.067,45.495,55.447
166.387,56.663,45.495,55.447
166.585,58.449,45.495,55.447
165.593,61.029,45.495,55.447
162.219,63.212,45.495,55.447
159.452,63.612,44.524,54.264
160.423,64.583,44.524,54.264
155.956,63.612,44.524,54.264
153.819,61.475,44.524,54.264
154.791,59.339,44.524,54.264
154.985,59.145,44.524,54.264
154.014,60.504,44.524,54.264
154.208,61.087,44.524,54.264
154.014,61.669,44.524,54.264
156.150,63.418,44.524,54.264
159.064,64.389,44.524,54.264
159.646,64.583,44.524,54.264
158.675,65.943,44.524,54.264
161.200,66.525,44.524,54.264
159.064,69.439,44.524,54.264
154.985,74.294,44.524,54.264
153.237,78.373,44.524,54.264
155.762,82.064,44.524,54.264
155.179,85.365,44.524,54.264
153.043,87.502,44.524,54.264
149.741,86.142,44.524,54.264
148.770,83.617,44.524,54.264
151.294,82.258,44.524,54.264
148.770,79.733,44.524,54.264
150.518,76.431,44.524,54.264
153.431,74.683,44.524,54.264
156.344,75.266,44.524,54.264
159.646,75.460,44.524,54.264
162.948,76.819,44.524,54.264
164.696,77.014,44.524,54.264
167.221,76.819,44.524,54.264
169.358,76.237,44.524,54.264
169.552,72.158,44.524,54.264
168.581,70.021,44.524,54.264
166.056,67.885,44.524,54.264
161.589,65.748,44.524,54.264
157.898,66.719,44.524,54.264
151.100,69.633,44.524,54.264
147.021,72.158,44.524,54.264
143.565,74.047,43.575,53.107
139.953,76.138,43.575,53.107
135.201,77.088,43.575,53.107
130.069,78.039,43.575,53.107
129.498,77.469,43.575,53.107
126.267,74.997,43.575,53.107
126.457,71.006,43.575,53.107
128.928,69.295,43.575,53.107
131.779,71.006,43.575,53.107
133.870,74.997,43.575,53.107
137.102,79.369,43.575,53.107
141.854,84.882,43.575,53.107
146.899,88.563,42.646,51.974
154.705,88.579,41.736,50.866
157.801,86.941,41.736,50.866
164.537,83.845,41.736,50.866
172.528,82.106,40.846,49.781
175.557,82.997,40.846,49.781
178.586,85.314,40.846,49.781
181.259,89.056,40.846,49.781
181.793,92.085,40.846,49.781
178.764,93.688,40.846,49.781
175.379,92.441,40.846,49.781
171.637,90.481,40.846,49.781
169.677,87.452,40.846,49.781
167.361,87.274,40.846,49.781
164.331,87.452,40.846,49.781
162.728,86.917,40.846,49.781
164.366,86.589,39.975,48.720
161.750,86.764,39.975,48.720
160.180,87.636,39.975,48.720
157.565,88.856,39.975,48.720
155.298,88.333,39.975,48.720
153.728,88.159,39.975,48.720
153.903,87.985,39.975,48.720
153.031,87.810,39.975,48.720
152.856,85.892,39.975,48.720
154.774,83.974,39.975,48.720
156.344,83.102,39.975,48.720
158.262,82.579,39.975,48.720
162.971,84.497,39.975,48.720
169.074,87.113,39.975,48.720
172.387,89.728,39.975,48.720
175.003,91.995,39.975,48.720
177.270,92.867,39.975,48.720
178.839,92.344,39.975,48.720
181.106,91.472,39.975,48.720
181.281,88.856,39.975,48.720
180.409,86.241,39.975,48.720
180.932,86.066,39.975,48.720
181.455,85.543,39.975,48.720
182.327,85.020,39.975,48.720
181.455,79.265,39.975,48.720
184.420,76.301,39.975,48.720
187.733,76.126,39.975,48.720
190.349,79.440,39.975,48.720
192.965,82.753,39.975,48.720
194.883,71.767,39.975,48.720
194.132,70.774,39.123,47.681
192.460,88.130,39.988,48.736
190.541,91.444,39.988,48.736
187.576,94.410,39.988,48.736
184.959,94.235,39.988,48.736
180.598,93.712,39.988,48.736
177.633,92.491,39.988,48.736
179.572,92.506,39.135,47.696
179.316,90.384,40.001,48.752
174.710,82.784,40.886,49.830
170.742,79.827,41.791,50.933
165.929,77.562,42.716,52.060
162.557,74.473,43.661,53.211
162.271,69.734,44.627,54.389
162.788,66.911,45.614,55.592
159.405,65.120,45.614,55.592
163.981,64.125,45.614,55.592
167.762,68.304,45.614,55.592
171.543,72.084,45.614,55.592
175.721,75.467,45.614,55.592
179.502,76.462,45.614,55.592
182.885,76.661,45.614,55.592
185.864,76.295,44.641,54.407
184.501,76.489,44.641,54.407
181.580,75.516,44.641,54.407
179.241,74.031,43.689,53.246
180.575,71.935,43.689,53.246
177.335,72.125,43.689,53.246
174.476,74.603,43.689,53.246
172.761,77.843,43.689,53.246
171.045,81.845,43.689,53.246
168.568,83.179,43.689,53.246
164.566,81.464,43.689,53.246
157.514,79.368,43.689,53.246
155.036,77.271,43.689,53.246
152.559,75.556,43.689,53.246
149.700,74.222,43.689,53.246
147.985,73.269,43.689,53.246
145.695,73.653,42.758,52.111
144.173,74.029,41.846,51.000
146.203,76.860,40.953,49.912
147.454,78.468,40.953,49.912
149.776,77.574,40.953,49.912
153.528,77.396,40.953,49.912
158.709,77.932,40.953,49.912
163.532,77.753,40.953,49.912
168.356,76.503,40.953,49.912
171.393,75.967,40.953,49.912
174.430,74.716,40.953,49.912
176.752,75.609,40.953,49.912
178.003,78.289,40.953,49.912
177.467,81.683,40.953,49.912
176.574,85.435,40.953,49.912
174.251,88.472,40.953,49.912
172.286,90.795,40.953,49.912
170.321,92.045,40.953,49.912
168.356,91.867,40.953,49.912
164.961,88.830,40.953,49.912
162.996,84.721,40.953,49.912
159.602,82.398,40.953,49.912
156.565,82.577,40.953,49.912
152.098,85.971,40.953,49.912
149.061,87.936,40.953,49.912
147.454,87.400,40.953,49.912
146.560,85.435,40.953,49.912
144.595,84.899,40.953,49.912
144.059,85.078,40.953,49.912
141.737,84.185,40.953,49.912
139.057,82.934,40.953,49.912
137.449,82.755,40.953,49.912
134.769,82.577,40.953,49.912
132.089,80.612,40.953,49.912
