177.000,51.000,21.000,129.000
177.225,50.123,21.000,129.000
176.398,50.398,21.000,129.000
177.225,50.674,21.000,129.000
176.398,50.398,21.000,129.000
176.674,50.123,21.000,129.000
176.398,49.296,21.000,129.000
176.123,49.021,21.000,129.000
175.847,48.194,21.000,129.000
175.572,49.021,21.000,129.000
175.296,48.194,21.000,129.000
174.470,47.919,21.000,129.000
174.745,47.643,21.000,129.000
173.919,47.368,21.000,129.000
174.194,46.541,21.000,129.000
172.266,45.715,21.000,129.000
172.541,44.889,21.000,129.000
173.562,47.061,20.552,126.249
171.675,45.173,20.552,126.249
172.483,44.904,20.552,126.249
171.135,43.017,20.552,126.249
171.405,42.208,20.552,126.249
169.518,41.938,20.552,126.249
169.248,39.512,20.552,126.249
168.439,39.781,20.552,126.249
168.170,36.816,20.552,126.249
167.361,36.007,20.552,126.249
167.973,32.093,21.007,129.042
165.493,29.613,21.007,129.042
164.974,28.471,21.472,131.897
166.383,22.556,21.472,131.897
164.411,19.458,21.472,131.897
162.439,19.176,21.472,131.897
163.284,16.641,21.472,131.897
163.339,11.383,21.947,134.816
161.900,7.640,21.947,134.816
159.884,5.049,21.947,134.816
157.869,2.458,21.947,134.816
156.430,0.443,21.947,134.816
155.566,-2.148,21.947,134.816
155.278,-4.739,21.947,134.816
154.414,-7.906,21.947,134.816
154.702,-10.497,21.947,134.816
153.838,-12.512,21.947,134.816
152.975,-15.104,21.947,134.816
152.111,-17.695,21.947,134.816
152.975,-20.286,21.947,134.816
152.111,-22.301,21.947,134.816
151.247,-24.892,21.947,134.816
150.384,-27.483,21.947,134.816
150.672,-28.923,21.947,134.816
149.808,-30.362,21.947,134.816
148.944,-32.377,21.947,134.816
148.081,-34.393,21.947,134.816
148.368,-35.832,21.947,134.816
146.929,-37.272,21.947,134.816
148.180,-40.854,22.432,137.798
146.708,-41.148,22.432,137.798
148.180,-43.797,22.432,137.798
146.708,-46.445,22.432,137.798
146.097,-43.557,21.954,134.860
148.274,-46.283,21.486,131.984
145.737,-44.874,21.486,131.984
146.019,-48.538,21.486,131.984
144.046,-46.565,21.486,131.984
145.633,-43.799,21.028,129.169
147.013,-46.834,21.028,129.169
145.082,-44.351,21.028,129.169
143.977,-42.708,20.579,126.415
146.017,-43.181,20.140,123.719
144.696,-41.860,20.140,123.719
145.675,-40.796,19.711,121.081
144.899,-42.089,19.711,121.081
144.641,-40.279,19.711,121.081
143.865,-39.503,19.711,121.081
143.607,-38.210,19.711,121.081
142.831,-37.435,19.711,121.081
143.089,-35.625,19.711,121.081
142.831,-33.815,19.711,121.081
142.572,-32.522,19.711,121.081
141.797,-31.229,19.711,121.081
142.572,-30.453,19.711,121.081
140.476,-29.378,20.147,123.759
140.741,-27.000,20.147,123.759
139.147,-25.901,20.593,126.498
138.877,-24.550,20.593,126.498
138.607,-23.200,20.593,126.498
137.256,-20.769,20.593,126.498
135.905,-17.797,20.593,126.498
134.555,-15.366,20.593,126.498
132.664,-12.935,20.593,126.498
133.664,-8.722,20.153,123.800
131.814,-6.342,20.153,123.800
131.549,-2.377,20.153,123.800
132.342,1.060,20.153,123.800
131.549,3.968,20.153,123.800
131.285,6.347,20.153,123.800
131.549,7.669,20.153,123.800
131.052,8.768,20.599,126.539
127.539,12.822,20.599,126.539
123.486,16.335,20.599,126.539
124.297,18.767,20.599,126.539
122.945,20.658,20.599,126.539
122.135,22.009,20.599,126.539
119.703,24.441,20.599,126.539
120.704,28.656,20.160,123.841
118.853,29.978,20.160,123.841
117.001,31.829,20.160,123.841
116.208,33.680,20.160,123.841
114.886,34.474,20.160,123.841
113.563,36.325,20.160,123.841
113.299,37.647,20.160,123.841
111.448,39.498,20.160,123.841
110.654,40.292,20.160,123.841
109.861,41.085,20.160,123.841
108.539,42.407,20.160,123.841
107.745,43.730,20.160,123.841
106.952,44.523,20.160,123.841
106.687,45.317,20.160,123.841
106.423,45.581,20.160,123.841
104.043,46.374,20.160,123.841
103.778,46.110,20.160,123.841
103.514,46.374,20.160,123.841
101.370,45.279,20.606,126.581
100.559,46.090,20.606,126.581
99.748,45.279,20.606,126.581
98.937,46.090,20.606,126.581
97.586,44.738,20.606,126.581
96.234,45.549,20.606,126.581
94.883,45.819,20.606,126.581
93.531,45.549,20.606,126.581
95.423,44.738,20.606,126.581
92.991,45.008,20.606,126.581
92.720,43.657,20.606,126.581
90.529,42.537,21.062,129.381
90.487,42.052,20.613,126.622
89.676,42.864,20.613,126.622
89.406,40.971,20.613,126.622
87.214,40.412,21.069,129.424
87.490,37.924,21.069,129.424
86.108,38.201,21.069,129.424
85.279,38.477,21.069,129.424
85.003,36.542,21.069,129.424
83.621,36.819,21.069,129.424
82.792,35.437,21.069,129.424
82.515,33.502,21.069,129.424
80.849,32.357,21.535,132.287
80.566,30.945,21.535,132.287
79.154,29.532,21.535,132.287
78.306,29.815,21.535,132.287
78.024,27.272,21.535,132.287
76.611,27.555,21.535,132.287
75.764,25.012,21.535,132.287
74.916,24.165,21.535,132.287
75.764,22.752,21.535,132.287
73.786,21.905,21.535,132.287
72.939,19.927,21.535,132.287
71.235,16.998,22.012,135.214
69.494,13.406,22.499,138.206
68.608,12.520,22.499,138.206
68.313,9.864,22.499,138.206
66.247,8.979,22.499,138.206
66.542,6.913,22.499,138.206
65.657,4.847,22.499,138.206
64.771,2.781,22.499,138.206
63.296,0.715,22.499,138.206
61.820,-1.351,22.499,138.206
60.344,-4.007,22.499,138.206
60.049,-5.483,22.499,138.206
58.574,-9.320,22.499,138.206
57.688,-11.976,22.499,138.206
56.803,-13.452,22.499,138.206
54.737,-17.289,22.499,138.206
52.671,-19.945,22.499,138.206
51.195,-23.191,22.499,138.206
49.720,-26.438,22.499,138.206
48.244,-30.275,22.499,138.206
46.178,-32.931,22.499,138.206
44.398,-37.828,22.996,141.263
43.493,-39.336,22.996,141.263
42.866,-42.192,22.506,138.251
41.390,-46.030,22.506,138.251
39.323,-48.687,22.506,138.251
37.256,-45.439,22.506,138.251
34.009,-23.297,22.506,138.251
30.761,-21.820,22.506,138.251
29.009,-24.615,22.026,135.303
27.565,-27.215,22.026,135.303
25.542,-29.238,22.026,135.303
25.498,-30.858,21.556,132.417
23.820,-32.445,21.097,129.593
22.437,-36.042,21.097,129.593
21.053,-38.533,21.097,129.593
19.669,-41.577,21.097,129.593
16.625,-47.389,21.097,129.593
13.233,-54.278,21.563,132.461
10.940,-60.145,22.040,135.391
17.596,18.449,22.528,138.387
18.482,23.472,22.528,138.387
17.005,19.040,22.528,138.387
17.675,19.655,23.027,141.449
16.165,16.936,23.027,141.449
15.863,12.405,23.027,141.449
14.353,7.270,23.027,141.449
16.467,-2.698,23.027,141.449
13.749,-9.041,23.027,141.449
13.447,-16.592,23.027,141.449
12.540,-22.936,23.027,141.449
12.599,-29.828,23.536,144.578
11.673,-36.929,23.536,144.578
11.364,-42.178,23.536,144.578
11.055,-47.427,23.536,144.578
10.747,-48.353,23.536,144.578
11.055,-51.749,23.536,144.578
8.894,-55.763,23.536,144.578
