74.000,86.000,56.000,48.000
75.523,86.705,56.000,48.000
74.500,86.909,56.000,48.000
72.250,88.750,56.000,48.000
72.045,86.909,56.000,48.000
73.886,83.841,56.000,48.000
77.364,75.453,56.000,48.000
79.205,74.430,56.000,48.000
77.364,75.453,56.000,48.000
74.295,78.931,56.000,48.000
65.823,89.224,57.239,49.062
62.803,91.502,58.505,50.147
60.160,93.830,59.800,51.257
58.194,92.737,59.800,51.257
56.665,95.577,59.800,51.257
55.136,93.611,59.800,51.257
56.665,91.208,59.800,51.257
56.447,88.805,59.800,51.257
59.287,87.276,59.800,51.257
55.679,89.655,61.123,52.391
52.776,91.665,61.123,52.391
54.786,90.102,61.123,52.391
51.883,91.665,61.123,52.391
49.873,93.675,61.123,52.391
52.329,90.772,61.123,52.391
53.446,89.209,61.123,52.391
50.543,92.112,61.123,52.391
50.320,90.549,61.123,52.391
48.757,93.898,61.123,52.391
51.660,89.655,61.123,52.391
52.776,85.859,61.123,52.391
51.660,89.209,61.123,52.391
54.562,92.558,61.123,52.391
49.948,96.380,62.475,53.550
48.350,98.891,62.475,53.550
50.404,100.945,62.475,53.550
52.002,99.347,62.475,53.550
50.861,101.858,62.475,53.550
52.915,100.260,62.475,53.550
49.491,102.770,62.475,53.550
51.545,99.347,62.475,53.550
53.600,98.206,62.475,53.550
55.654,97.521,62.475,53.550
57.708,98.206,62.475,53.550
56.566,99.803,62.475,53.550
58.621,98.662,62.475,53.550
57.023,100.716,62.475,53.550
60.446,99.119,62.475,53.550
62.500,99.803,62.475,53.550
61.627,101.034,61.143,52.408
64.647,100.517,59.839,51.291
65.740,100.298,59.839,51.291
67.270,100.080,59.839,51.291
70.986,97.675,59.839,51.291
74.702,95.270,59.839,51.291
76.670,95.052,59.839,51.291
76.451,99.642,59.839,51.291
77.107,102.921,59.839,51.291
79.220,104.943,58.563,50.197
80.717,104.301,58.563,50.197
82.785,106.280,57.314,49.126
85.088,106.071,57.314,49.126
87.919,108.411,56.092,48.079
90.690,107.936,54.896,47.053
93.297,108.136,54.896,47.053
95.503,106.733,54.896,47.053
97.308,106.933,54.896,47.053
99.113,105.930,54.896,47.053
102.211,106.239,53.725,46.050
105.621,107.676,52.579,45.068
108.118,105.563,52.579,45.068
109.463,103.834,52.579,45.068
111.575,102.490,52.579,45.068
114.072,103.066,52.579,45.068
115.801,103.258,52.579,45.068
117.146,104.218,52.579,45.068
120.854,106.365,51.458,44.107
125.207,108.466,50.361,43.166
129.468,108.040,49.287,42.246
132.944,109.358,48.236,41.345
135.326,108.949,47.207,40.463
138.323,109.215,46.200,39.600
141.255,108.498,45.215,38.756
145.385,108.003,45.215,38.756
149.529,110.167,44.251,37.929
152.600,109.359,44.251,37.929
155.025,108.227,44.251,37.929
157.773,109.682,44.251,37.929
160.844,106.288,44.251,37.929
165.889,101.340,45.230,38.769
172.417,97.654,46.231,39.626
175.288,97.147,46.231,39.626
176.004,97.234,47.253,40.503
177.902,96.371,47.253,40.503
180.147,97.580,47.253,40.503
181.594,98.743,48.299,41.399
185.299,97.508,48.299,41.399
188.299,96.979,48.299,41.399
190.945,98.920,48.299,41.399
193.889,97.180,49.368,42.315
196.955,97.361,49.368,42.315
199.660,98.623,49.368,42.315
202.669,97.220,50.460,43.251
203.591,99.616,50.460,43.251
205.618,97.588,50.460,43.251
204.328,97.404,50.460,43.251
207.830,96.851,50.460,43.251
206.171,98.141,50.460,43.251
209.674,97.220,50.460,43.251
211.219,96.167,51.576,44.208
213.292,96.356,51.576,44.208
216.871,97.298,51.576,44.208
221.959,97.109,51.576,44.208
225.162,96.921,51.576,44.208
227.988,98.617,51.576,44.208
231.191,97.675,51.576,44.208
232.133,99.370,51.576,44.208
235.336,98.805,51.576,44.208
238.162,99.747,51.576,44.208
241.742,99.182,51.576,44.208
244.568,98.240,51.576,44.208
247.771,98.428,51.576,44.208
249.467,98.240,51.576,44.208
251.916,98.428,51.576,44.208
256.250,98.994,51.576,44.208
259.830,99.559,51.576,44.208
262.656,100.501,51.576,44.208
