160.000,83.000,56.000,65.000
168.831,82.310,56.000,65.000
175.163,81.856,54.806,63.614
176.328,81.623,54.806,63.614
180.754,76.731,54.806,63.614
186.578,74.634,54.806,63.614
189.606,64.618,54.806,63.614
175.396,52.737,54.806,63.614
167.709,49.243,54.806,63.614
162.511,56.515,56.018,65.021
156.209,70.370,57.258,66.460
153.046,76.455,57.258,66.460
148.625,81.022,58.525,67.930
146.386,85.748,58.525,67.930
148.127,96.445,58.525,67.930
151.859,102.166,58.525,67.930
168.525,106.395,58.525,67.930
196.137,110.624,58.525,67.930
200.366,107.887,58.525,67.930
196.634,104.654,58.525,67.930
192.116,99.515,59.819,69.433
186.442,96.373,61.143,70.970
173.632,91.543,62.496,72.540
162.744,87.709,63.878,74.145
131.520,85.808,63.878,74.145
142.109,92.053,63.878,74.145
172.790,84.179,63.878,74.145
186.637,82.279,63.878,74.145
189.623,82.007,63.878,74.145
201.841,87.709,63.878,74.145
198.855,89.610,63.878,74.145
193.696,80.650,63.878,74.145
190.709,70.604,63.878,74.145
209.987,67.617,63.878,74.145
216.232,64.631,63.878,74.145
221.933,69.246,63.878,74.145
220.576,83.636,63.878,74.145
225.191,88.252,63.878,74.145
230.350,100.470,63.878,74.145
228.450,96.940,63.878,74.145
207.543,69.518,63.878,74.145
219.761,98.569,63.878,74.145
211.283,107.473,62.516,72.563
205.171,105.081,62.516,72.563
203.843,106.410,62.516,72.563
147.187,133.451,63.899,74.169
166.471,122.316,63.899,74.169
170.545,86.193,63.899,74.169
174.619,67.996,63.899,74.169
155.666,26.639,62.537,72.587
169.912,25.620,61.203,71.039
181.618,35.245,61.203,71.039
207.372,56.837,61.203,71.039
205.030,66.982,61.203,71.039
195.405,78.168,61.203,71.039
196.186,77.908,61.203,71.039
221.419,64.121,61.203,71.039
241.450,68.023,61.203,71.039
248.474,72.445,61.203,71.039
252.896,77.908,61.203,71.039
243.791,75.567,61.203,71.039
197.747,88.314,61.203,71.039
186.040,102.101,61.203,71.039
175.895,138.260,61.203,71.039
173.033,149.446,61.203,71.039
168.848,131.657,62.557,72.611
165.391,130.328,62.557,72.611
146.512,109.322,62.557,72.611
125.507,65.449,62.557,72.611
121.518,55.611,62.557,72.611
132.420,65.449,62.557,72.611
150.767,75.287,62.557,72.611
153.692,78.744,62.557,72.611
156.616,66.779,62.557,72.611
160.605,56.409,62.557,72.611
173.317,38.987,61.223,71.063
202.202,60.065,61.223,71.063
211.310,73.336,61.223,71.063
204.284,80.363,61.223,71.063
225.883,72.816,61.223,71.063
274.545,41.329,61.223,71.063
229.526,20.771,61.223,71.063
260.493,26.236,61.223,71.063
255.028,19.730,61.223,71.063
262.054,28.318,61.223,71.063
291.459,32.741,61.223,71.063
316.442,37.261,59.918,69.547
329.109,34.321,58.640,68.064
316.397,60.492,58.640,68.064
297.563,20.137,57.389,66.613
362.692,71.606,57.389,66.613
328.298,84.047,57.389,66.613
325.386,95.204,58.659,68.086
315.197,127.411,57.408,66.634
318.359,128.953,58.678,68.109
384.951,62.361,58.678,68.109
380.711,56.624,58.678,68.109
378.467,55.377,58.678,68.109
367.208,52.295,59.977,69.616
362.875,51.020,59.977,69.616
356.657,55.804,61.304,71.156
363.171,36.783,61.304,71.156
366.559,25.058,61.304,71.156
386.101,53.459,61.304,71.156
403.559,81.861,61.304,71.156
405.854,100.809,62.660,72.730
412.427,119.810,61.324,71.179
401.202,140.927,62.680,72.754
404.102,144.269,64.067,74.364
405.371,142.033,65.485,76.009
407.823,138.593,66.934,77.691
412.101,136.405,65.506,76.034
416.825,135.338,64.109,74.412
