134.000,55.000,60.000,88.000
135.370,56.370,60.000,88.000
135.080,56.080,60.000,88.000
135.370,56.370,60.000,88.000
135.080,56.080,60.000,88.000
135.370,56.370,60.000,88.000
135.080,56.080,60.000,88.000
134.790,55.790,60.000,88.000
135.660,56.660,60.000,88.000
134.790,56.370,60.000,88.000
135.080,55.500,60.000,88.000
135.370,56.950,60.000,88.000
136.240,57.820,60.000,88.000
138.270,58.690,60.000,88.000
139.141,58.400,60.000,88.000
138.850,58.110,60.000,88.000
137.400,57.240,60.000,88.000
131.890,55.790,60.000,88.000
126.379,57.820,60.000,88.000
118.548,56.950,60.000,88.000
114.198,56.080,60.000,88.000
106.947,56.950,60.000,88.000
99.696,54.920,60.000,88.000
95.346,58.110,60.000,88.000
90.415,59.560,60.000,88.000
88.849,62.499,61.328,89.947
86.773,66.353,61.328,89.947
88.849,71.392,61.328,89.947
89.145,75.246,61.328,89.947
88.774,79.480,62.684,91.937
91.501,83.419,62.684,91.937
94.834,84.328,62.684,91.937
96.955,84.025,62.684,91.937
102.713,85.540,62.684,91.937
110.288,85.843,62.684,91.937
119.075,86.146,62.684,91.937
127.862,87.055,62.684,91.937
134.831,87.964,62.684,91.937
138.771,88.873,62.684,91.937
145.134,90.994,62.684,91.937
150.891,94.327,62.684,91.937
156.042,97.054,62.684,91.937
161.193,97.357,62.684,91.937
160.284,96.448,62.684,91.937
161.193,96.751,62.684,91.937
161.496,95.842,62.684,91.937
161.117,95.139,64.071,93.971
160.188,93.591,64.071,93.971
161.117,91.423,64.071,93.971
160.807,89.874,64.071,93.971
162.356,87.087,64.071,93.971
160.188,83.061,64.071,93.971
161.737,82.131,64.071,93.971
163.904,81.202,64.071,93.971
162.356,79.654,64.071,93.971
160.807,79.344,64.071,93.971
156.781,78.415,64.071,93.971
150.277,75.628,64.071,93.971
140.676,72.221,64.071,93.971
133.553,70.672,64.071,93.971
125.190,70.362,64.071,93.971
119.925,70.672,64.071,93.971
111.563,70.982,64.071,93.971
105.059,69.433,64.071,93.971
100.413,69.743,64.071,93.971
99.484,71.292,64.071,93.971
100.413,71.601,64.071,93.971
101.962,72.530,64.071,93.971
105.369,72.840,64.071,93.971
110.015,73.769,64.071,93.971
115.280,73.460,64.071,93.971
121.164,73.150,64.071,93.971
127.668,74.079,64.071,93.971
130.456,72.530,64.071,93.971
134.482,73.460,64.071,93.971
139.747,73.150,64.071,93.971
144.393,70.982,64.071,93.971
148.419,72.530,64.071,93.971
149.967,73.460,64.071,93.971
150.277,73.769,64.071,93.971
149.967,76.557,64.071,93.971
150.277,80.583,64.071,93.971
153.065,85.848,64.071,93.971
151.516,89.874,64.071,93.971
151.826,90.803,64.071,93.971
147.180,91.113,64.071,93.971
139.723,90.395,65.489,96.050
132.442,90.078,65.489,96.050
125.795,91.661,65.489,96.050
119.780,90.711,65.489,96.050
116.931,87.862,65.489,96.050
115.348,78.049,65.489,96.050
116.931,71.401,65.489,96.050
117.247,67.919,65.489,96.050
120.096,66.969,65.489,96.050
122.945,68.552,65.489,96.050
124.528,67.602,65.489,96.050
129.910,66.653,65.489,96.050
134.658,68.235,65.489,96.050
140.673,68.552,65.489,96.050
147.954,66.336,65.489,96.050
153.839,66.445,64.092,94.002
156.628,64.896,64.092,94.002
157.557,67.684,64.092,94.002
159.726,73.571,64.092,94.002
157.557,75.120,64.092,94.002
152.910,74.190,64.092,94.002
148.882,73.880,64.092,94.002
139.898,72.951,64.092,94.002
132.152,73.261,64.092,94.002
125.646,74.810,64.092,94.002
120.380,79.457,64.092,94.002
118.211,83.485,64.092,94.002
117.901,85.653,64.092,94.002
120.078,89.343,62.725,91.997
123.413,90.859,62.725,91.997
128.696,90.785,64.113,94.033
135.204,91.715,64.113,94.033
141.092,93.884,64.113,94.033
145.741,94.814,64.113,94.033
148.530,91.405,64.113,94.033
150.700,86.136,64.113,94.033
149.150,80.248,64.113,94.033
149.460,75.599,64.113,94.033
149.770,70.951,64.113,94.033
150.080,67.542,64.113,94.033
151.010,64.132,64.113,94.033
152.559,61.343,64.113,94.033
154.729,63.513,64.113,94.033
151.940,61.343,64.113,94.033
150.390,62.273,64.113,94.033
146.981,60.723,64.113,94.033
142.332,61.653,64.113,94.033
136.444,60.723,64.113,94.033
129.936,60.413,64.113,94.033
119.088,57.004,64.113,94.033
111.341,54.835,64.113,94.033
102.973,55.145,64.113,94.033
97.704,60.413,64.113,94.033
97.394,65.682,64.113,94.033
98.324,70.331,64.113,94.033
101.733,71.880,64.113,94.033
105.142,71.570,64.113,94.033
111.651,71.880,64.113,94.033
120.266,72.448,65.532,96.113
126.918,72.131,65.532,96.113
133.570,73.715,65.532,96.113
138.955,72.765,65.532,96.113
141.806,73.081,65.532,96.113
144.657,72.765,65.532,96.113
145.608,69.280,65.532,96.113
146.558,66.429,65.532,96.113
148.775,64.212,65.532,96.113
149.092,65.796,65.532,96.113
146.875,64.212,65.532,96.113
144.657,65.162,65.532,96.113
139.906,65.479,65.532,96.113
133.887,64.528,65.532,96.113
124.067,62.945,65.532,96.113
115.514,61.994,65.532,96.113
110.763,61.678,65.532,96.113
102.210,60.094,65.532,96.113
93.657,61.044,65.532,96.113
87.005,65.162,65.532,96.113
83.520,73.081,65.532,96.113
85.738,78.466,65.532,96.113
87.955,83.852,65.532,96.113
91.440,87.970,65.532,96.113
96.825,90.821,65.532,96.113
104.316,89.429,66.982,98.240
113.058,90.400,66.982,98.240
117.915,90.076,66.982,98.240
124.714,91.048,66.982,98.240
132.161,90.724,66.982,98.240
139.608,90.400,66.982,98.240
145.112,88.134,66.982,98.240
149.969,84.572,66.982,98.240
152.236,82.305,66.982,98.240
153.207,80.687,66.982,98.240
150.940,77.773,66.982,98.240
153.207,72.268,66.982,98.240
156.121,66.764,66.982,98.240
159.683,65.145,66.982,98.240
160.654,64.821,66.982,98.240
160.978,65.145,66.982,98.240
157.635,65.256,65.553,96.145
154.363,66.587,64.155,94.094
148.471,65.036,64.155,94.094
140.718,63.486,64.155,94.094
137.927,64.416,64.155,94.094
133.275,62.245,64.155,94.094
129.244,63.176,64.155,94.094
122.731,60.385,64.155,94.094
115.345,61.089,62.787,92.088
112.613,61.999,62.787,92.088
104.419,61.089,62.787,92.088
98.045,60.178,62.787,92.088
94.099,61.696,62.787,92.088
91.368,66.249,62.787,92.088
91.064,70.801,62.787,92.088
90.761,72.926,62.787,92.088
91.064,76.871,62.787,92.088
93.796,78.996,62.787,92.088
98.348,81.120,62.787,92.088
104.722,78.996,62.787,92.088
112.917,76.871,62.787,92.088
116.862,76.568,62.787,92.088
123.236,77.478,62.787,92.088
130.217,77.175,62.787,92.088
136.590,77.478,62.787,92.088
141.143,78.996,62.787,92.088
145.088,79.906,62.787,92.088
147.213,80.210,62.787,92.088
148.123,79.906,62.787,92.088
147.213,76.568,62.787,92.088
147.516,72.015,62.787,92.088
148.427,70.498,62.787,92.088
150.551,73.229,62.787,92.088
149.034,71.712,62.787,92.088
145.695,72.622,62.787,92.088
141.143,71.712,62.787,92.088
134.769,72.015,62.787,92.088
128.395,69.284,62.787,92.088
123.236,70.194,62.787,92.088
118.076,69.891,62.787,92.088
112.917,69.587,62.787,92.088
107.757,68.677,62.787,92.088
103.205,68.373,62.787,92.088
101.687,67.463,62.787,92.088
100.777,67.766,62.787,92.088
101.687,66.249,62.787,92.088
103.812,67.766,62.787,92.088
105.936,66.249,62.787,92.088
110.489,66.552,62.787,92.088
116.255,66.856,62.787,92.088
118.987,66.552,62.787,92.088
124.146,66.249,62.787,92.088
129.306,65.338,62.787,92.088
134.466,65.642,62.787,92.088
138.411,65.945,62.787,92.088
142.964,66.856,62.787,92.088
146.302,67.159,62.787,92.088
149.641,70.498,62.787,92.088
151.158,76.871,62.787,92.088
153.283,85.673,62.787,92.088
152.979,90.832,62.787,92.088
147.820,89.922,62.787,92.088
143.874,89.618,62.787,92.088
136.894,91.743,62.787,92.088
125.664,93.868,62.787,92.088
116.255,93.564,62.787,92.088
111.096,93.260,62.787,92.088
108.364,91.136,62.787,92.088
107.454,85.976,62.787,92.088
106.444,79.605,64.176,94.125
106.754,76.192,64.176,94.125
106.444,72.780,64.176,94.125
106.134,70.608,64.176,94.125
105.824,69.678,64.176,94.125
106.754,66.886,64.176,94.125
107.685,65.955,64.176,94.125
110.477,65.645,64.176,94.125
115.130,63.473,64.176,94.125
120.404,62.542,64.176,94.125
124.437,62.853,64.176,94.125
129.711,60.061,64.176,94.125
134.364,60.371,64.176,94.125
138.397,58.199,64.176,94.125
142.430,59.130,64.176,94.125
145.842,60.681,64.176,94.125
147.393,60.371,64.176,94.125
149.565,60.681,64.176,94.125
151.116,59.130,64.176,94.125
152.047,57.579,64.176,94.125
152.357,57.889,64.176,94.125
153.908,58.199,64.176,94.125
155.459,58.510,64.176,94.125
153.287,56.338,64.176,94.125
151.736,55.407,64.176,94.125
147.703,56.959,64.176,94.125
141.809,55.407,64.176,94.125
139.017,56.959,64.176,94.125
133.123,57.269,64.176,94.125
127.849,55.718,64.176,94.125
121.955,57.269,64.176,94.125
112.959,59.440,64.176,94.125
104.374,57.753,62.808,92.118
101.034,58.056,62.808,92.118
97.087,55.931,62.808,92.118
95.123,54.865,61.468,90.154
94.232,56.351,61.468,90.154
93.935,54.865,61.468,90.154
93.043,55.756,61.468,90.154
93.935,56.648,61.468,90.154
93.638,56.945,61.468,90.154
97.500,57.836,61.468,90.154
103.740,57.539,61.468,90.154
115.328,58.431,61.468,90.154
126.671,57.125,62.828,92.148
130.012,55.606,62.828,92.148
135.782,54.088,62.828,92.148
142.767,54.999,62.828,92.148
147.323,57.125,62.828,92.148
151.271,60.466,62.828,92.148
154.004,71.095,62.828,92.148
156.738,76.866,62.828,92.148
155.826,89.318,62.828,92.148
153.093,98.732,62.828,92.148
149.752,103.288,62.828,92.148
141.552,105.414,62.828,92.148
135.175,106.932,62.828,92.148
120.900,106.021,62.828,92.148
109.056,107.540,62.828,92.148
99.480,108.815,61.489,90.183
92.644,104.951,61.489,90.183
88.186,96.926,61.489,90.183
87.294,90.090,61.489,90.183
88.780,81.470,61.489,90.183
90.266,75.823,61.489,90.183
93.536,73.148,61.489,90.183
97.400,70.473,61.489,90.183
103.642,67.798,61.489,90.183
109.289,67.500,61.489,90.183
120.286,68.392,61.489,90.183
131.284,69.284,61.489,90.183
139.309,69.581,61.489,90.183
149.117,69.284,61.489,90.183
154.170,68.987,61.489,90.183
156.251,69.284,61.489,90.183
157.737,71.959,61.489,90.183
159.223,78.201,61.489,90.183
160.709,86.226,61.489,90.183
156.845,90.090,61.489,90.183
151.198,92.765,61.489,90.183
146.145,93.657,61.489,90.183
138.715,92.765,61.489,90.183
126.528,92.468,61.489,90.183
120.881,93.359,61.489,90.183
114.639,93.062,61.489,90.183
111.964,90.981,61.489,90.183
109.289,85.929,61.489,90.183
108.992,80.876,61.489,90.183
110.470,75.869,62.849,92.179
111.382,73.743,62.849,92.179
115.331,71.616,62.849,92.179
118.673,69.489,62.849,92.179
125.053,67.363,62.849,92.179
132.040,65.844,62.849,92.179
140.243,66.755,62.849,92.179
147.230,65.236,62.849,92.179
153.003,65.540,62.849,92.179
153.914,67.059,62.849,92.179
154.825,71.008,62.849,92.179
152.699,76.173,62.849,92.179
149.562,79.791,61.509,90.213
143.318,80.089,61.509,90.213
135.291,80.981,61.509,90.213
130.236,81.278,61.509,90.213
119.235,78.007,61.509,90.213
111.207,77.710,61.509,90.213
104.369,77.413,61.509,90.213
99.909,75.926,61.509,90.213
96.638,75.629,61.509,90.213
95.861,78.024,60.197,88.289
96.152,81.806,60.197,88.289
98.189,84.425,60.197,88.289
99.644,87.044,60.197,88.289
102.845,85.007,60.197,88.289
106.628,86.462,60.197,88.289
116.230,83.843,60.197,88.289
122.341,85.298,60.197,88.289
132.241,83.416,61.529,90.242
137.298,84.308,61.529,90.242
144.733,84.011,61.529,90.242
148.005,83.713,61.529,90.242
149.492,81.036,61.529,90.242
149.789,77.765,61.529,90.242
151.276,73.303,61.529,90.242
152.169,72.411,61.529,90.242
149.492,73.303,61.529,90.242
148.005,71.816,61.529,90.242
141.759,69.734,61.529,90.242
135.513,67.652,61.529,90.242
129.862,67.950,61.529,90.242
120.642,66.463,61.529,90.242
112.017,66.165,61.529,90.242
107.555,66.463,61.529,90.242
101.309,66.165,61.529,90.242
95.658,66.463,61.529,90.242
91.197,67.355,61.529,90.242
90.900,70.032,61.529,90.242
91.792,72.709,61.529,90.242
92.684,75.385,61.529,90.242
95.361,77.467,61.529,90.242
101.012,79.549,61.529,90.242
109.897,80.094,62.890,92.239
119.321,81.006,62.890,92.239
123.801,81.696,61.549,90.272
134.214,80.804,61.549,90.272
143.720,81.966,62.911,92.269
151.322,81.662,62.911,92.269
157.100,81.358,62.911,92.269
158.621,82.878,62.911,92.269
160.750,84.399,62.911,92.269
160.445,82.878,62.911,92.269
160.065,79.018,64.303,94.311
156.646,75.599,64.303,94.311
151.362,71.558,64.303,94.311
144.213,66.896,64.303,94.311
138.928,64.720,64.303,94.311
131.779,61.301,64.303,94.311
126.495,62.855,64.303,94.311
119.346,60.057,64.303,94.311
112.197,62.233,64.303,94.311
103.805,58.192,64.303,94.311
99.142,57.881,64.303,94.311
97.588,59.436,64.303,94.311
96.655,61.611,64.303,94.311
96.966,65.031,64.303,94.311
99.764,70.315,64.303,94.311
104.426,72.490,64.303,94.311
107.224,72.180,64.303,94.311
114.373,74.977,64.303,94.311
121.522,75.910,64.303,94.311
129.914,76.220,64.303,94.311
137.685,76.531,64.303,94.311
142.348,76.220,64.303,94.311
150.740,77.153,64.303,94.311
157.268,76.220,64.303,94.311
161.308,76.531,64.303,94.311
162.241,74.977,64.303,94.311
163.173,72.801,64.303,94.311
164.106,70.004,64.303,94.311
163.173,66.585,64.303,94.311
164.727,64.409,64.303,94.311
161.930,62.233,64.303,94.311
157.889,61.922,64.303,94.311
156.957,59.125,64.303,94.311
157.268,60.057,64.303,94.311
156.957,59.125,64.303,94.311
157.889,61.301,64.303,94.311
155.713,59.125,64.303,94.311
151.673,56.327,64.303,94.311
150.740,54.773,64.303,94.311
151.673,56.949,64.303,94.311
150.740,55.395,64.303,94.311
151.673,55.706,64.303,94.311
151.362,55.395,64.303,94.311
149.186,55.084,64.303,94.311
150.740,53.530,64.303,94.311
152.294,51.354,64.303,94.311
154.470,52.286,64.303,94.311
156.646,52.597,64.303,94.311
157.578,51.665,64.303,94.311
158.511,51.976,64.303,94.311
155.092,51.665,64.303,94.311
157.889,51.976,64.303,94.311
152.605,52.286,64.303,94.311
152.294,53.219,64.303,94.311
150.883,52.727,62.931,92.299
151.795,54.856,62.931,92.299
150.883,53.943,62.931,92.299
151.187,55.464,62.931,92.299
151.491,54.552,62.931,92.299
151.795,55.464,62.931,92.299
150.883,53.943,62.931,92.299
151.187,54.856,62.931,92.299
151.491,54.552,62.931,92.299
151.187,53.639,62.931,92.299
152.708,53.943,62.931,92.299
154.837,51.814,62.931,92.299
157.575,52.118,62.931,92.299
159.096,52.422,62.931,92.299
156.358,52.727,62.931,92.299
159.096,53.031,62.931,92.299
160.009,52.118,62.931,92.299
