253.000,66.000,23.000,28.000
251.996,67.402,23.000,28.000
249.890,68.104,23.000,28.000
246.581,68.806,23.000,28.000
243.473,69.508,23.000,28.000
240.565,69.608,23.000,28.000
239.061,69.709,23.000,28.000
237.356,69.608,23.000,28.000
235.852,69.308,23.000,28.000
233.746,68.205,23.000,28.000
232.443,67.302,23.000,28.000
232.944,66.801,23.000,28.000
232.643,66.099,23.000,28.000
231.941,65.397,23.000,28.000
231.440,65.096,23.000,28.000
230.738,65.598,23.000,28.000
231.039,65.497,23.000,28.000
231.540,64.996,23.000,28.000
231.841,65.096,23.000,28.000
231.540,64.795,23.000,28.000
231.440,65.096,23.000,28.000
230.939,64.595,23.000,28.000
230.638,64.093,23.000,28.000
230.337,63.392,23.000,28.000
229.434,61.887,23.000,28.000
228.131,60.784,23.000,28.000
226.827,60.083,23.000,28.000
224.922,58.980,23.000,28.000
223.017,58.077,23.000,28.000
220.994,56.623,23.509,28.619
219.252,56.520,23.509,28.619
217.714,56.828,23.509,28.619
215.562,57.340,23.509,28.619
213.205,57.853,23.509,28.619
211.872,58.570,23.509,28.619
211.360,59.083,23.509,28.619
209.822,59.185,23.509,28.619
208.285,59.903,23.509,28.619
206.953,60.415,23.509,28.619
205.620,60.723,23.509,28.619
203.978,59.449,24.029,29.253
201.987,58.506,24.029,29.253
199.368,57.354,24.029,29.253
197.378,56.411,24.029,29.253
195.482,55.327,24.561,29.900
193.766,53.774,25.104,30.561
193.657,52.351,25.104,30.561
192.890,50.709,25.104,30.561
192.343,49.068,25.104,30.561
191.358,47.645,25.104,30.561
192.124,47.316,25.104,30.561
192.672,47.645,25.104,30.561
191.687,47.316,25.104,30.561
192.015,48.301,25.104,30.561
191.905,49.286,25.104,30.561
193.109,50.272,25.104,30.561
193.875,51.038,25.104,30.561
194.860,51.585,25.104,30.561
194.242,52.496,25.659,31.238
195.003,52.963,26.227,31.929
196.032,53.534,26.227,31.929
195.460,53.420,26.227,31.929
196.947,53.992,26.227,31.929
196.375,52.963,26.227,31.929
197.175,52.391,26.227,31.929
196.832,51.133,26.227,31.929
195.949,50.187,26.807,32.635
194.804,48.735,27.401,33.357
193.967,47.659,27.401,33.357
193.131,47.062,27.401,33.357
192.295,48.137,27.401,33.357
189.547,46.823,27.401,33.357
187.517,46.943,27.401,33.357
185.247,46.584,27.401,33.357
183.216,46.704,27.401,33.357
181.054,47.202,28.007,34.095
179.222,47.813,28.007,34.095
177.391,46.470,28.007,34.095
175.688,46.979,28.626,34.850
173.947,45.428,29.260,35.621
171.373,44.902,29.907,36.409
169.417,43.207,29.907,36.409
167.722,41.512,29.907,36.409
165.362,40.162,30.569,37.214
162.950,39.612,31.245,38.038
160.484,40.181,31.937,38.879
157.675,40.762,32.643,39.739
153.328,40.765,33.365,40.619
147.073,42.074,33.365,40.619
141.422,43.285,34.104,41.517
136.262,45.140,34.858,42.436
131.304,47.351,35.629,43.375
126.559,49.288,36.418,44.335
121.002,51.352,36.418,44.335
114.834,53.003,37.223,45.315
108.829,54.788,37.223,45.315
102.500,55.924,37.223,45.315
96.171,57.060,37.223,45.315
90.167,57.872,37.223,45.315
84.487,57.709,37.223,45.315
80.754,58.521,37.223,45.315
77.346,57.709,37.223,45.315
76.210,56.573,37.223,45.315
74.425,58.683,37.223,45.315
68.096,60.793,37.223,45.315
65.338,61.929,37.223,45.315
63.877,64.038,37.223,45.315
64.364,66.148,37.223,45.315
65.824,66.959,37.223,45.315
67.610,69.394,37.223,45.315
67.850,72.223,36.430,44.349
69.922,74.992,35.653,43.403
71.321,77.013,35.653,43.403
73.653,78.723,35.653,43.403
75.984,79.811,35.653,43.403
75.615,78.626,34.892,42.478
78.810,79.690,34.892,42.478
81.700,78.626,34.892,42.478
85.151,78.932,34.148,41.572
88.816,80.380,33.420,40.685
104.016,81.895,34.160,41.586
107.441,80.852,34.160,41.586
111.165,81.895,34.160,41.586
113.696,81.448,34.160,41.586
117.122,83.086,34.160,41.586
119.653,85.618,34.160,41.586
123.079,86.958,34.160,41.586
121.440,85.022,34.160,41.586
124.866,87.554,34.160,41.586
127.993,89.490,34.160,41.586
122.516,83.004,34.915,42.506
122.060,84.678,34.915,42.506
122.872,86.159,34.171,41.599
124.529,84.735,33.442,40.712
126.712,83.062,32.729,39.844
128.282,78.924,32.729,39.844
130.422,75.071,32.729,39.844
129.616,71.522,33.453,40.725
131.512,69.334,33.453,40.725
116.490,63.354,33.453,40.725
112.770,61.961,32.740,39.857
110.780,62.524,32.041,39.007
108.685,62.384,32.041,39.007
107.545,64.281,31.358,38.175
107.956,63.871,31.358,38.175
107.819,65.648,31.358,38.175
106.479,64.516,32.052,39.020
103.545,65.215,32.052,39.020
99.492,64.796,32.052,39.020
94.643,63.059,32.761,39.883
89.073,64.059,32.761,39.883
83.789,64.488,32.761,39.883
79.075,65.773,32.761,39.883
76.361,66.773,32.761,39.883
75.076,66.345,32.761,39.883
74.362,65.059,32.761,39.883
75.362,66.630,32.761,39.883
78.075,65.059,32.761,39.883
81.316,67.825,32.062,39.033
84.531,67.126,32.062,39.033
88.025,66.706,32.062,39.033
91.520,68.244,32.062,39.033
95.294,67.266,32.062,39.033
99.627,65.728,32.062,39.033
105.638,63.072,32.062,39.033
109.692,64.889,32.062,39.033
114.863,63.072,32.062,39.033
118.917,65.169,32.062,39.033
123.530,63.631,32.062,39.033
127.025,62.094,32.062,39.033
129.960,60.276,32.062,39.033
133.734,58.180,32.062,39.033
136.670,57.201,32.062,39.033
139.605,56.782,32.062,39.033
141.716,55.045,32.772,39.896
144.430,52.902,32.772,39.896
146.859,53.045,32.772,39.896
149.002,53.473,32.772,39.896
151.431,53.902,32.772,39.896
154.717,54.902,32.772,39.896
157.432,56.188,32.772,39.896
160.432,56.045,32.772,39.896
162.575,57.331,32.772,39.896
163.576,57.759,32.772,39.896
165.140,57.466,33.497,40.779
166.454,57.320,33.497,40.779
168.053,57.021,34.238,41.681
170.293,56.274,34.238,41.681
172.830,54.334,34.238,41.681
175.368,52.393,34.238,41.681
177.905,50.751,34.238,41.681
184.025,49.110,34.238,41.681
185.350,46.325,34.996,42.603
187.333,43.427,34.996,42.603
189.317,41.443,34.996,42.603
191.304,39.231,35.770,43.546
193.955,38.451,35.770,43.546
196.606,38.607,35.770,43.546
199.284,40.229,36.561,44.509
202.022,41.886,37.370,45.494
205.118,44.330,37.370,45.494
208.213,47.425,37.370,45.494
211.309,50.195,37.370,45.494
214.078,53.291,37.370,45.494
217.826,56.060,37.370,45.494
221.247,58.504,37.370,45.494
224.017,59.319,37.370,45.494
226.786,60.459,37.370,45.494
228.578,60.622,37.370,45.494
229.719,61.111,37.370,45.494
230.533,60.948,37.370,45.494
230.045,60.459,37.370,45.494
229.882,59.645,37.370,45.494
229.067,60.133,37.370,45.494
228.253,61.274,37.370,45.494
227.764,61.763,37.370,45.494
227.601,63.555,37.370,45.494
228.415,65.021,37.370,45.494
228.253,67.465,37.370,45.494
229.719,69.257,37.370,45.494
229.882,71.375,37.370,45.494
229.719,72.841,37.370,45.494
228.904,74.633,37.370,45.494
228.415,74.796,37.370,45.494
226.949,73.982,37.370,45.494
226.135,72.841,37.370,45.494
223.691,71.375,37.370,45.494
220.921,69.257,37.370,45.494
217.826,67.791,37.370,45.494
214.404,66.324,37.370,45.494
210.983,64.858,37.370,45.494
207.236,63.718,37.370,45.494
202.837,63.881,37.370,45.494
198.112,65.021,37.370,45.494
194.365,66.161,37.370,45.494
190.617,67.954,37.370,45.494
186.870,69.746,37.370,45.494
183.449,72.190,37.370,45.494
179.376,74.633,37.370,45.494
175.954,76.751,37.370,45.494
172.207,78.218,37.370,45.494
168.786,79.358,37.370,45.494
164.713,78.869,37.370,45.494
161.617,80.010,37.370,45.494
159.499,78.869,37.370,45.494
157.707,77.729,37.370,45.494
157.870,76.263,37.370,45.494
160.938,75.334,36.573,44.524
164.248,74.426,35.793,43.574
167.525,74.582,35.793,43.574
171.114,74.114,35.793,43.574
174.391,73.334,35.793,43.574
177.931,73.648,35.030,42.645
180.222,74.106,35.030,42.645
182.804,75.886,34.283,41.736
185.644,77.530,34.283,41.736
188.782,78.277,34.283,41.736
191.622,78.725,34.283,41.736
194.761,80.071,34.283,41.736
198.198,81.117,34.283,41.736
203.131,81.266,34.283,41.736
208.538,82.720,33.552,40.846
213.951,81.988,33.552,40.846
219.948,80.964,33.552,40.846
225.495,82.485,34.294,41.749
231.924,82.635,34.294,41.749
235.662,82.784,34.294,41.749
238.204,83.831,34.294,41.749
239.849,83.083,34.294,41.749
242.091,82.037,34.294,41.749
244.349,81.420,35.053,42.673
246.339,80.789,35.828,43.617
248.050,80.469,36.621,44.582
248.804,80.473,37.431,45.569
247.335,80.636,37.431,45.569
246.752,80.978,38.260,46.577
221.928,126.669,39.106,47.607
225.167,128.885,39.106,47.607
227.725,130.078,39.106,47.607
228.577,130.249,39.106,47.607
230.144,130.921,38.272,46.592
229.105,130.614,37.456,45.599
230.248,129.471,37.456,45.599
230.175,130.429,36.657,44.626
230.931,128.443,37.468,45.614
228.991,127.769,38.297,46.623
274.818,92.088,39.145,47.654
276.354,90.894,39.145,47.654
275.160,90.040,39.145,47.654
273.965,88.505,39.145,47.654
272.770,89.358,39.145,47.654
271.049,87.399,38.310,46.638
269.546,88.568,38.310,46.638
268.043,87.399,38.310,46.638
266.540,88.902,38.310,46.638
266.143,87.306,37.493,45.643
264.999,88.777,37.493,45.643
264.509,89.268,37.493,45.643
266.012,88.336,36.693,44.670
267.482,86.808,35.911,43.717
268.921,88.029,35.145,42.785
269.739,87.451,34.396,41.873
271.407,87.464,33.662,40.980
273.039,87.477,32.944,40.106
275.190,87.489,32.242,39.251
276.455,86.786,32.242,39.251
277.747,86.257,31.554,38.414
277.334,85.844,31.554,38.414
279.398,84.881,31.554,38.414
280.085,85.569,31.554,38.414
282.676,84.255,30.881,37.594
285.471,82.709,30.223,36.793
286.682,81.958,29.578,36.008
286.295,83.119,29.578,36.008
286.166,82.990,29.578,36.008
285.522,82.861,29.578,36.008
284.877,82.474,29.578,36.008
284.748,82.861,29.578,36.008
283.587,81.958,29.578,36.008
282.427,81.829,29.578,36.008
282.040,80.927,29.578,36.008
280.363,81.056,29.578,36.008
279.461,80.411,29.578,36.008
278.042,80.282,29.578,36.008
276.624,79.637,29.578,36.008
274.432,80.282,29.578,36.008
