245.000,64.000,12.000,13.000
245.451,64.156,12.000,13.000
245.402,64.500,12.000,13.000
245.549,64.156,12.000,13.000
245.992,64.402,12.000,13.000
246.238,64.746,12.000,13.000
245.795,63.910,12.000,13.000
246.435,64.057,12.000,13.000
246.090,64.205,12.000,13.000
246.533,64.254,12.000,13.000
246.484,64.500,12.000,13.000
246.336,63.959,12.000,13.000
246.386,64.205,12.000,13.000
246.730,64.352,12.000,13.000
247.271,64.697,12.000,13.000
246.828,63.959,12.000,13.000
247.370,64.303,12.000,13.000
246.632,64.648,12.000,13.000
246.582,64.008,12.000,13.000
246.336,64.352,12.000,13.000
245.894,64.795,12.000,13.000
246.435,64.057,12.000,13.000
245.795,64.500,12.000,13.000
246.041,64.648,12.000,13.000
245.106,64.205,12.000,13.000
244.172,64.844,12.000,13.000
243.433,64.500,12.000,13.000
242.991,64.844,12.000,13.000
242.154,64.500,12.000,13.000
241.219,64.844,12.000,13.000
240.285,64.598,12.000,13.000
239.350,64.451,12.000,13.000
238.316,64.992,12.000,13.000
237.185,65.336,12.000,13.000
235.659,65.878,12.000,13.000
234.823,65.435,12.000,13.000
233.691,65.878,12.000,13.000
231.772,65.632,12.000,13.000
230.149,65.386,12.000,13.000
228.033,66.124,12.000,13.000
226.803,65.779,12.000,13.000
224.982,65.336,12.000,13.000
222.867,65.878,12.000,13.000
221.440,65.041,12.000,13.000
219.029,64.500,12.000,13.000
217.307,64.057,12.000,13.000
215.290,63.713,12.000,13.000
213.567,63.073,12.000,13.000
212.042,63.319,12.000,13.000
210.123,63.172,12.000,13.000
208.008,62.827,12.000,13.000
206.777,62.483,12.000,13.000
205.154,62.926,12.000,13.000
202.841,62.975,12.000,13.000
201.808,63.319,12.000,13.000
200.086,63.860,12.000,13.000
198.167,63.418,12.000,13.000
195.953,63.860,12.000,13.000
194.624,63.713,12.000,13.000
192.705,63.368,12.000,13.000
191.180,64.008,12.000,13.000
188.868,63.270,12.000,13.000
187.933,63.516,12.000,13.000
185.915,62.876,12.000,13.000
184.095,62.532,12.000,13.000
181.979,62.384,12.000,13.000
180.749,62.630,12.000,13.000
179.224,61.794,12.000,13.000
176.911,61.745,12.000,13.000
175.091,61.892,12.000,13.000
173.467,62.237,12.000,13.000
171.548,62.384,12.000,13.000
170.023,62.827,12.000,13.000
167.907,62.384,12.000,13.000
165.792,63.221,12.000,13.000
164.561,63.467,12.000,13.000
162.544,63.221,12.000,13.000
160.724,63.467,12.000,13.000
159.417,63.170,12.265,13.288
157.455,62.717,12.265,13.288
155.911,63.040,12.537,13.582
154.523,61.960,12.537,13.582
152.827,61.909,12.537,13.582
152.056,61.035,12.537,13.582
150.976,60.367,12.537,13.582
150.205,60.727,12.537,13.582
149.845,60.367,12.537,13.582
149.897,60.829,12.537,13.582
149.742,60.778,12.537,13.582
149.485,61.035,12.537,13.582
149.845,61.395,12.537,13.582
149.794,61.755,12.537,13.582
149.922,61.871,12.814,13.882
150.079,61.713,12.814,13.882
150.657,62.396,12.814,13.882
151.235,62.029,12.814,13.882
151.708,61.976,12.814,13.882
151.866,61.819,12.814,13.882
151.813,62.291,12.814,13.882
152.076,61.608,12.814,13.882
152.549,61.451,12.814,13.882
152.391,61.083,12.814,13.882
152.654,61.241,12.814,13.882
153.232,60.978,12.814,13.882
153.390,60.610,12.814,13.882
153.127,60.978,12.814,13.882
153.600,60.925,12.814,13.882
153.442,60.768,12.814,13.882
153.495,61.556,12.814,13.882
153.652,61.293,12.814,13.882
154.125,61.661,12.814,13.882
154.283,62.449,12.814,13.882
154.651,62.922,12.814,13.882
154.808,63.290,12.814,13.882
154.545,63.868,12.814,13.882
155.123,64.656,12.814,13.882
155.596,65.339,12.814,13.882
155.964,65.391,12.814,13.882
156.227,66.074,12.814,13.882
156.700,66.442,12.814,13.882
157.067,66.074,12.814,13.882
156.544,65.866,13.098,14.189
156.920,65.920,13.098,14.189
156.222,66.081,13.098,14.189
155.739,65.705,13.098,14.189
156.222,65.114,13.098,14.189
155.130,64.456,13.388,14.503
155.404,63.962,13.388,14.503
154.174,62.947,13.684,14.824
154.081,62.259,13.987,15.152
153.106,61.514,13.987,15.152
152.361,61.342,13.987,15.152
151.500,61.170,13.987,15.152
150.810,60.586,14.296,15.487
150.956,60.597,14.612,15.830
149.937,60.777,14.612,15.830
149.039,60.477,14.612,15.830
148.193,60.737,14.936,16.180
148.132,61.043,14.936,16.180
147.581,61.472,14.936,16.180
147.397,61.288,14.936,16.180
146.846,61.104,14.936,16.180
147.380,61.370,15.266,16.538
146.756,60.473,15.604,16.904
146.820,59.769,15.604,16.904
146.372,59.321,15.604,16.904
145.925,58.234,15.604,16.904
144.837,57.402,15.604,16.904
143.877,57.466,15.604,16.904
143.107,57.080,15.949,17.278
142.126,56.884,15.949,17.278
141.015,57.341,15.949,17.278
139.903,57.668,15.949,17.278
138.660,58.126,15.949,17.278
137.287,57.537,15.949,17.278
135.914,58.388,15.949,17.278
133.233,58.061,15.949,17.278
131.598,58.518,15.949,17.278
129.589,58.531,16.302,17.660
127.918,57.929,16.302,17.660
125.846,58.798,16.302,17.660
124.042,58.330,16.302,17.660
122.103,57.862,16.302,17.660
120.566,58.330,16.302,17.660
119.430,57.328,16.302,17.660
117.892,56.325,16.302,17.660
116.355,55.456,16.302,17.660
115.085,54.855,16.302,17.660
113.548,54.520,16.302,17.660
112.545,53.518,16.302,17.660
111.141,53.183,16.302,17.660
109.643,53.196,16.663,18.051
107.799,52.718,16.663,18.051
106.501,53.333,16.663,18.051
105.476,52.855,16.663,18.051
104.588,53.196,16.663,18.051
103.290,53.128,16.663,18.051
102.675,53.743,16.663,18.051
101.923,53.948,16.663,18.051
101.035,53.743,16.663,18.051
100.693,54.494,16.663,18.051
100.352,54.016,16.663,18.051
99.955,53.745,17.031,18.450
99.326,53.396,17.031,18.450
98.837,52.628,17.031,18.450
99.047,52.419,17.031,18.450
97.999,51.930,17.031,18.450
97.092,52.419,17.031,18.450
96.324,51.650,17.031,18.450
95.136,52.139,17.031,18.450
93.949,52.768,17.031,18.450
93.041,52.279,17.031,18.450
91.994,52.768,17.031,18.450
90.807,52.977,17.031,18.450
89.759,53.606,17.031,18.450
88.433,53.396,17.031,18.450
86.723,54.134,17.408,18.859
84.383,54.592,17.793,19.276
82.748,54.908,18.187,19.702
81.182,55.281,18.187,19.702
79.201,54.522,18.589,20.138
77.295,54.293,18.589,20.138
76.000,53.607,18.589,20.138
74.704,52.921,18.589,20.138
73.628,51.829,19.001,20.584
73.239,50.972,19.001,20.584
72.382,50.582,19.001,20.584
72.771,49.725,19.001,20.584
72.157,49.417,19.421,21.039
72.874,49.018,19.421,21.039
73.590,49.417,19.421,21.039
74.307,49.337,19.421,21.039
74.505,49.848,19.851,21.505
75.563,49.441,19.851,21.505
76.622,50.336,19.851,21.505
77.331,49.676,20.290,21.981
78.228,50.210,20.739,22.467
79.504,49.104,20.739,22.467
80.609,49.189,20.739,22.467
81.715,48.084,20.739,22.467
82.650,48.679,20.739,22.467
83.245,47.574,20.739,22.467
84.011,47.318,20.739,22.467
83.693,47.511,21.198,22.964
84.649,47.250,21.198,22.964
85.258,46.990,21.198,22.964
85.654,47.367,21.667,23.472
86.098,47.100,21.667,23.472
86.720,47.189,21.667,23.472
87.342,47.633,21.667,23.472
88.142,47.722,21.667,23.472
88.363,48.292,22.146,23.991
87.647,47.744,22.636,24.522
87.685,48.532,23.137,25.065
88.349,48.247,23.137,25.065
87.875,47.773,23.137,25.065
88.729,48.247,23.137,25.065
89.393,47.014,23.137,25.065
89.039,46.835,23.649,25.619
89.717,45.962,23.649,25.619
90.590,45.672,23.649,25.619
91.463,45.381,23.649,25.619
90.899,45.399,24.172,26.186
91.395,44.309,24.172,26.186
91.692,44.606,24.172,26.186
91.989,42.921,24.172,26.186
92.485,42.624,24.172,26.186
92.188,41.930,24.172,26.186
93.674,42.624,24.172,26.186
93.972,41.732,24.172,26.186
95.260,42.426,24.172,26.186
96.549,42.921,24.172,26.186
97.441,43.417,24.172,26.186
99.324,43.714,24.172,26.186
101.405,44.408,24.172,26.186
103.288,45.498,24.172,26.186
106.208,45.106,24.707,26.766
108.133,46.625,24.707,26.766
111.679,47.334,24.707,26.766
113.806,47.841,24.707,26.766
117.632,48.280,25.253,27.358
120.220,47.970,25.253,27.358
124.258,48.280,25.253,27.358
127.675,46.934,25.253,27.358
130.057,46.210,25.253,27.358
132.853,45.071,25.253,27.358
135.027,44.553,25.253,27.358
137.409,43.207,25.253,27.358
139.169,42.482,25.253,27.358
140.722,42.378,25.253,27.358
142.068,41.447,25.253,27.358
143.621,41.136,25.253,27.358
144.760,40.411,25.253,27.358
146.106,41.136,25.253,27.358
147.653,40.081,25.812,27.963
149.234,40.541,26.383,28.582
150.857,41.298,26.383,28.582
154.427,42.055,26.383,28.582
156.698,42.163,26.383,28.582
160.485,42.920,26.383,28.582
164.271,43.029,26.383,28.582
167.624,44.002,26.383,28.582
171.843,44.976,26.383,28.582
175.846,45.733,26.383,28.582
180.065,46.707,26.383,28.582
184.067,47.248,26.383,28.582
188.286,47.572,26.383,28.582
192.938,47.031,26.383,28.582
197.247,47.276,26.967,29.214
201.117,46.502,26.967,29.214
204.987,46.392,26.967,29.214
207.752,45.618,26.967,29.214
211.400,45.286,26.967,29.214
213.722,44.512,26.967,29.214
216.929,44.180,26.967,29.214
219.030,43.848,26.967,29.214
221.573,44.622,26.967,29.214
224.558,44.512,26.967,29.214
226.880,44.844,26.967,29.214
230.529,45.175,26.967,29.214
232.630,45.728,26.967,29.214
236.500,46.723,26.967,29.214
239.043,47.497,26.967,29.214
242.249,47.829,26.967,29.214
244.793,48.824,26.967,29.214
248.884,49.156,26.967,29.214
251.648,49.045,26.967,29.214
254.412,48.935,26.967,29.214
256.955,49.488,26.967,29.214
259.720,48.714,26.967,29.214
262.705,48.824,26.967,29.214
265.027,47.608,26.967,29.214
267.349,47.497,26.967,29.214
269.450,46.944,26.967,29.214
271.772,47.276,26.967,29.214
274.315,46.723,26.967,29.214
276.637,47.940,26.967,29.214
279.401,48.271,26.967,29.214
281.723,48.603,26.967,29.214
284.266,49.377,26.967,29.214
286.367,49.709,26.967,29.214
288.910,50.262,26.967,29.214
290.790,49.488,26.967,29.214
292.448,49.598,26.967,29.214
293.222,48.382,26.967,29.214
293.996,47.608,26.967,29.214
295.213,47.055,26.967,29.214
295.765,45.839,26.967,29.214
297.203,45.065,26.967,29.214
297.313,43.848,26.967,29.214
298.087,43.296,26.967,29.214
298.640,42.079,26.967,29.214
299.414,40.642,26.967,29.214
299.746,39.868,26.967,29.214
300.741,38.431,26.967,29.214
301.736,38.762,26.967,29.214
302.731,39.094,26.967,29.214
303.948,39.426,26.967,29.214
305.164,40.642,26.967,29.214
306.380,42.079,26.967,29.214
308.260,43.074,26.967,29.214
310.361,44.512,26.967,29.214
313.125,45.949,26.967,29.214
316.110,46.502,26.967,29.214
318.432,45.065,26.967,29.214
320.754,43.848,26.967,29.214
323.297,43.296,26.967,29.214
325.177,41.858,26.967,29.214
326.614,40.642,26.967,29.214
328.052,40.089,26.967,29.214
328.098,38.275,27.563,29.860
328.379,36.420,28.173,30.521
327.468,36.442,28.797,31.196
326.292,34.749,29.434,31.887
325.340,34.522,30.085,32.592
323.600,33.521,30.751,33.313
322.082,34.068,31.431,34.050
320.531,34.360,32.126,34.804
318.555,35.546,32.126,34.804
316.843,36.468,32.126,34.804
313.891,37.040,32.837,35.574
310.794,37.713,32.837,35.574
307.428,38.655,32.837,35.574
304.062,39.598,32.837,35.574
300.965,40.809,32.837,35.574
297.599,41.483,32.837,35.574
294.772,41.887,32.837,35.574
292.034,40.795,33.564,36.361
289.419,39.831,33.564,36.361
286.805,38.593,33.564,36.361
284.465,37.629,33.564,36.361
282.125,36.666,33.564,36.361
279.786,35.978,33.564,36.361
276.896,36.941,33.564,36.361
274.281,37.905,33.564,36.361
271.116,38.593,33.564,36.361
267.951,39.556,33.564,36.361
264.785,39.969,33.564,36.361
261.701,38.567,34.306,37.165
258.466,39.270,34.306,37.165
255.794,38.848,34.306,37.165
253.121,38.708,34.306,37.165
250.448,38.567,34.306,37.165
248.338,38.708,34.306,37.165
245.947,38.005,34.306,37.165
243.556,38.145,34.306,37.165
241.446,38.567,34.306,37.165
239.055,39.270,34.306,37.165
236.663,39.692,34.306,37.165
233.991,40.396,34.306,37.165
231.599,41.662,34.306,37.165
229.208,42.928,34.306,37.165
227.661,43.350,34.306,37.165
226.113,44.053,34.306,37.165
226.172,42.620,35.065,37.987
224.590,43.052,35.065,37.987
225.309,42.333,35.065,37.987
225.740,41.326,35.065,37.987
226.172,40.607,35.065,37.987
224.590,39.026,35.065,37.987
225.597,37.732,35.065,37.987
225.740,35.575,35.065,37.987
223.871,33.419,35.065,37.987
222.290,30.974,35.065,37.987
222.946,27.422,35.841,38.828
223.922,23.485,36.634,39.687
225.854,20.709,37.445,40.565
227.829,18.189,38.273,41.463
229.197,17.242,39.120,42.380
229.929,15.608,39.985,43.318
227.956,15.299,40.870,44.276
226.287,15.331,41.774,45.256
224.225,15.719,42.699,46.257
221.249,15.894,42.699,46.257
217.572,17.120,42.699,46.257
213.195,18.695,42.699,46.257
208.182,19.455,43.643,47.280
201.203,21.066,43.643,47.280
194.224,23.034,43.643,47.280
186.529,25.002,43.643,47.280
177.403,26.613,43.643,47.280
167.919,28.939,43.643,47.280
155.929,30.908,43.643,47.280
144.656,32.876,43.643,47.280
131.362,33.653,44.609,48.326
121.303,33.104,44.609,48.326
109.414,32.921,44.609,48.326
99.720,32.372,44.609,48.326
90.757,31.824,44.609,48.326
82.160,31.275,44.609,48.326
74.295,29.995,44.609,48.326
68.625,30.177,44.609,48.326
63.687,29.263,44.609,48.326
59.480,29.812,44.609,48.326
55.273,29.263,44.609,48.326
52.164,30.177,44.609,48.326
49.054,29.263,44.609,48.326
46.311,29.812,44.609,48.326
44.299,28.897,44.609,48.326
43.384,29.446,44.609,48.326
42.104,28.165,44.609,48.326
41.189,26.885,44.609,48.326
41.372,26.336,44.609,48.326
39.726,24.324,44.609,48.326
39.543,22.312,44.609,48.326
38.629,20.300,44.609,48.326
38.446,18.288,44.609,48.326
37.531,16.277,44.609,48.326
36.982,14.996,44.609,48.326
36.068,14.082,44.609,48.326
34.788,13.167,44.609,48.326
33.507,11.521,44.609,48.326
31.495,12.070,44.609,48.326
29.483,11.521,44.609,48.326
27.106,12.435,44.609,48.326
23.996,12.253,44.609,48.326
20.521,12.070,44.609,48.326
16.314,12.253,44.609,48.326
11.010,10.606,44.609,48.326
4.608,9.326,44.609,48.326
