57.000,21.000,31.000,45.000
57.649,21.351,31.000,45.000
57.798,21.798,31.000,45.000
59.437,21.053,31.000,45.000
62.267,20.308,31.000,45.000
65.395,19.563,31.000,45.000
67.928,17.925,31.000,45.000
70.831,18.200,31.686,45.996
73.724,18.656,31.686,45.996
77.530,17.895,31.686,45.996
79.814,18.047,31.686,45.996
80.880,18.504,31.686,45.996
81.033,19.570,31.686,45.996
77.530,20.636,31.686,45.996
71.287,19.875,31.686,45.996
64.435,18.504,31.686,45.996
58.193,19.266,31.686,45.996
54.690,17.895,31.686,45.996
48.752,18.047,31.686,45.996
41.900,18.809,31.686,45.996
36.571,20.788,31.686,45.996
30.304,22.306,31.010,45.015
25.608,20.631,30.349,44.055
22.837,20.777,30.349,44.055
19.774,21.215,30.349,44.055
18.170,22.819,30.349,44.055
20.649,22.382,30.349,44.055
20.503,21.361,30.349,44.055
20.066,20.923,30.349,44.055
20.503,21.652,30.349,44.055
18.607,22.090,30.349,44.055
17.295,23.111,30.349,44.055
17.441,24.423,30.349,44.055
19.337,23.694,30.349,44.055
21.524,23.257,30.349,44.055
22.545,25.444,30.349,44.055
23.274,25.298,30.349,44.055
25.170,26.319,30.349,44.055
29.400,27.048,30.349,44.055
33.046,28.069,30.349,44.055
37.275,29.965,30.349,44.055
40.921,31.570,30.349,44.055
43.984,33.174,30.349,44.055
46.171,34.778,30.349,44.055
46.609,36.091,30.349,44.055
46.755,37.987,30.349,44.055
48.651,36.966,30.349,44.055
49.963,36.820,30.349,44.055
49.779,33.760,31.020,45.030
50.822,27.648,31.020,45.030
52.164,21.537,31.020,45.030
53.207,19.599,31.020,45.030
53.953,17.363,31.020,45.030
54.400,16.021,31.020,45.030
56.338,14.978,31.020,45.030
57.381,17.512,31.020,45.030
59.005,20.434,30.359,44.069
60.026,23.206,30.359,44.069
61.334,23.817,29.711,43.129
62.064,23.313,29.078,42.210
63.586,23.629,28.458,41.310
65.603,23.674,27.851,40.429
67.319,24.492,27.257,39.566
69.251,24.283,26.676,38.723
71.389,24.572,26.107,37.897
70.821,25.097,25.550,37.089
68.734,23.992,25.550,37.089
65.811,25.689,25.005,36.298
61.329,27.582,24.472,35.524
59.889,27.621,23.950,34.766
59.590,28.768,23.439,34.025
60.604,28.430,23.439,34.025
61.167,29.669,23.439,34.025
62.177,29.055,22.939,33.299
63.169,30.267,22.939,33.299
64.370,29.453,22.450,32.589
64.046,30.424,22.450,32.589
63.291,30.532,22.450,32.589
62.752,30.209,22.450,32.589
61.565,29.885,22.450,32.589
60.162,29.346,22.450,32.589
58.113,30.317,22.450,32.589
56.279,29.561,22.450,32.589
54.229,30.317,22.450,32.589
52.301,29.844,22.947,33.310
50.560,30.048,23.455,34.047
49.248,29.554,23.974,34.800
47.981,28.517,23.974,34.800
45.792,27.480,23.974,34.800
44.755,28.056,23.974,34.800
43.949,26.789,23.974,34.800
44.295,25.752,23.974,34.800
45.101,25.407,23.974,34.800
46.599,26.674,23.974,34.800
48.327,27.480,23.974,34.800
47.981,26.444,23.974,34.800
48.557,25.637,23.974,34.800
48.036,24.787,23.462,34.058
47.525,24.606,22.962,33.332
48.297,25.820,22.962,33.332
50.138,25.644,22.472,32.621
52.189,25.104,22.472,32.621
56.697,24.307,21.993,31.926
58.493,23.990,21.993,31.926
60.924,24.307,21.993,31.926
63.778,23.356,21.993,31.926
67.811,23.551,22.480,32.632
71.808,25.171,22.480,32.632
70.403,26.791,22.480,32.632
67.801,28.336,22.977,33.354
69.953,29.914,23.485,34.092
68.405,30.591,24.005,34.846
67.541,30.804,24.536,35.617
64.211,29.798,25.079,36.405
61.921,30.401,25.079,36.405
61.560,28.834,25.079,36.405
61.921,28.955,25.079,36.405
63.006,28.834,25.079,36.405
62.885,27.990,25.079,36.405
64.693,27.870,25.079,36.405
65.537,27.267,25.079,36.405
66.139,26.665,25.079,36.405
60.957,26.062,25.079,36.405
57.554,25.784,25.634,37.211
55.706,24.429,25.634,37.211
54.844,23.321,25.634,37.211
53.981,22.459,25.634,37.211
53.119,21.104,25.634,37.211
53.981,19.995,25.634,37.211
53.826,24.823,26.201,38.034
53.448,27.971,26.201,38.034
54.581,30.363,26.201,38.034
55.714,32.252,26.201,38.034
55.337,33.889,26.201,38.034
56.973,35.525,26.201,38.034
59.114,36.659,26.201,38.034
61.003,37.540,26.201,38.034
62.891,38.170,26.201,38.034
63.773,39.555,26.201,38.034
63.647,40.184,26.201,38.034
63.269,40.562,26.201,38.034
58.358,40.688,26.201,38.034
56.470,42.325,26.201,38.034
55.085,38.673,26.201,38.034
54.272,34.588,25.642,37.223
56.327,32.491,25.096,36.429
57.895,30.682,25.096,36.429
59.462,31.526,25.096,36.429
59.342,31.647,25.096,36.429
58.980,32.732,25.096,36.429
58.434,28.355,24.560,35.652
57.900,24.071,24.037,34.892
57.154,25.668,23.524,34.148
57.041,25.103,23.524,34.148
57.154,26.120,23.524,34.148
57.949,25.721,23.022,33.420
57.396,26.496,23.022,33.420
56.843,27.049,23.022,33.420
56.069,26.275,23.022,33.420
54.630,27.049,23.022,33.420
54.077,26.938,23.022,33.420
52.418,27.491,23.022,33.420
51.643,27.602,23.022,33.420
50.648,27.713,23.022,33.420
49.431,27.823,23.022,33.420
48.435,27.049,23.022,33.420
47.218,26.717,23.022,33.420
46.001,26.606,23.022,33.420
44.784,26.938,23.022,33.420
43.567,25.943,23.022,33.420
42.129,25.168,23.022,33.420
40.469,24.836,23.022,33.420
41.686,25.832,23.022,33.420
44.811,25.015,22.531,32.707
47.518,25.773,22.531,32.707
48.925,25.448,22.531,32.707
49.900,26.639,22.531,32.707
49.410,25.840,22.051,32.009
48.668,26.794,22.051,32.009
48.986,26.476,22.051,32.009
48.456,26.370,22.051,32.009
49.198,25.628,22.051,32.009
49.092,24.887,22.051,32.009
50.681,24.781,22.051,32.009
53.118,24.039,22.051,32.009
55.344,22.661,22.051,32.009
57.357,24.887,22.051,32.009
59.642,25.522,22.539,32.718
61.483,24.547,22.539,32.718
63.324,22.922,22.539,32.718
64.516,20.648,22.539,32.718
63.974,20.323,22.539,32.718
64.736,21.422,23.037,33.441
63.518,20.647,23.037,33.441
61.636,20.315,23.037,33.441
59.429,20.519,23.547,34.181
55.059,22.372,24.068,34.938
52.513,23.545,24.601,35.711
50.740,24.373,24.601,35.711
49.439,23.309,24.601,35.711
47.903,23.190,24.601,35.711
47.075,24.964,24.601,35.711
46.248,23.900,24.601,35.711
45.420,23.072,24.601,35.711
45.302,24.136,24.601,35.711
44.001,23.782,24.601,35.711
40.663,24.736,25.145,36.501
42.234,24.373,25.145,36.501
45.255,23.769,25.145,36.501
49.114,23.741,25.701,37.308
48.496,22.136,25.701,37.308
46.802,21.851,26.270,38.134
45.919,22.230,26.270,38.134
45.540,24.123,26.270,38.134
45.414,25.765,26.270,38.134
47.307,26.901,26.270,38.134
48.948,27.027,26.270,38.134
50.842,27.406,26.270,38.134
52.231,25.260,26.270,38.134
54.377,23.871,26.270,38.134
57.533,24.250,26.270,38.134
58.921,22.861,26.270,38.134
60.540,21.686,25.710,37.321
61.652,20.574,25.710,37.321
62.517,19.709,25.710,37.321
62.640,18.844,25.710,37.321
63.253,19.841,26.279,38.146
64.642,18.957,26.279,38.146
63.758,20.094,26.279,38.146
65.905,19.715,26.279,38.146
64.263,20.094,26.279,38.146
63.127,20.978,26.279,38.146
65.063,21.735,26.860,38.990
67.774,21.090,26.860,38.990
65.321,22.251,26.860,38.990
61.062,21.864,26.860,38.990
56.544,22.510,26.860,38.990
57.706,21.606,26.860,38.990
59.126,18.895,26.860,38.990
61.320,16.185,26.860,38.990
64.289,13.216,26.860,38.990
66.483,10.764,26.860,38.990
68.419,9.860,26.860,38.990
66.483,11.280,26.860,38.990
64.547,12.958,26.860,38.990
62.869,13.861,26.860,38.990
63.529,15.397,26.287,38.159
59.360,15.523,26.287,38.159
57.327,16.782,25.727,37.345
54.860,16.823,25.178,36.549
52.562,17.186,25.178,36.549
54.113,19.558,24.641,35.769
54.946,21.423,24.116,35.006
55.989,22.698,24.116,35.006
55.911,22.290,23.601,34.260
57.386,22.403,23.601,34.260
58.406,21.836,23.601,34.260
60.298,21.655,23.098,33.529
61.519,22.210,23.098,33.529
63.406,20.989,23.098,33.529
64.405,20.212,23.098,33.529
64.330,20.248,22.605,32.814
62.266,18.836,22.605,32.814
62.592,19.162,22.605,32.814
64.873,20.574,22.605,32.814
67.372,22.855,22.605,32.814
69.870,25.571,22.605,32.814
68.893,26.114,22.605,32.814
67.046,25.137,22.605,32.814
62.592,25.680,22.605,32.814
59.876,24.485,22.605,32.814
57.812,25.245,22.605,32.814
56.617,24.485,22.605,32.814
54.771,25.680,22.605,32.814
53.576,25.788,22.605,32.814
53.033,25.897,22.605,32.814
53.793,25.354,22.605,32.814
54.553,23.942,22.605,32.814
54.879,24.485,22.605,32.814
56.943,23.290,22.605,32.814
58.790,22.312,22.605,32.814
59.985,21.769,22.605,32.814
60.963,22.747,22.605,32.814
62.157,26.766,22.605,32.814
63.598,29.446,23.106,33.540
64.819,28.891,23.106,33.540
65.819,29.446,23.106,33.540
67.040,29.779,23.106,33.540
68.261,28.780,23.106,33.540
65.930,29.335,23.106,33.540
64.486,29.668,23.106,33.540
66.152,29.113,23.106,33.540
67.373,29.668,23.106,33.540
66.374,28.891,23.106,33.540
67.595,29.224,23.106,33.540
66.152,28.891,23.106,33.540
64.264,27.892,23.106,33.540
62.377,29.113,23.106,33.540
60.489,29.890,23.106,33.540
61.488,30.001,23.106,33.540
62.932,30.778,23.106,33.540
63.487,31.334,23.106,33.540
63.820,31.889,23.106,33.540
64.819,30.889,23.106,33.540
64.264,32.333,23.106,33.540
61.932,32.000,23.106,33.540
59.823,32.555,23.106,33.540
58.601,33.998,23.106,33.540
59.823,32.111,23.106,33.540
60.822,30.223,23.106,33.540
61.599,31.223,23.106,33.540
60.156,29.113,23.106,33.540
60.933,24.561,23.106,33.540
59.712,23.561,23.106,33.540
58.268,21.896,23.106,33.540
56.159,18.898,23.106,33.540
52.939,17.676,23.106,33.540
50.607,18.454,23.106,33.540
48.942,20.563,23.106,33.540
46.388,24.449,23.106,33.540
42.724,25.227,23.106,33.540
40.170,25.338,23.106,33.540
37.394,26.559,23.106,33.540
35.951,27.114,23.106,33.540
37.394,28.336,23.106,33.540
39.060,30.001,23.106,33.540
41.169,30.778,23.106,33.540
43.333,31.214,23.617,34.282
44.127,30.419,23.617,34.282
43.787,31.441,23.617,34.282
44.581,30.873,23.617,34.282
45.376,30.760,23.617,34.282
47.759,27.696,23.617,34.282
51.504,25.993,23.617,34.282
54.795,24.972,23.617,34.282
58.767,25.085,23.617,34.282
60.016,25.426,23.617,34.282
61.491,25.539,23.617,34.282
62.513,24.518,23.617,34.282
61.718,24.858,23.617,34.282
62.740,23.156,23.617,34.282
61.491,22.362,23.617,34.282
60.016,23.156,23.617,34.282
58.540,21.681,23.617,34.282
54.114,19.978,23.617,34.282
51.504,18.276,23.617,34.282
46.624,18.162,23.617,34.282
41.063,18.957,23.617,34.282
35.503,20.815,24.139,35.041
31.907,19.771,24.139,35.041
29.353,20.707,24.673,35.816
29.709,19.166,24.673,35.816
31.488,20.233,24.673,35.816
33.060,21.190,25.219,36.609
34.878,22.038,25.219,36.609
33.787,20.705,25.219,36.609
33.885,21.180,25.777,37.419
35.743,21.056,25.777,37.419
37.129,20.257,26.348,38.246
38.545,20.490,26.930,39.093
39.993,19.387,27.526,39.958
40.654,18.990,27.526,39.958
40.257,17.270,27.526,39.958
39.331,16.873,27.526,39.958
40.522,17.006,27.526,39.958
42.770,18.461,27.526,39.958
42.638,21.503,27.526,39.958
43.035,23.487,27.526,39.958
42.638,24.942,27.526,39.958
44.622,25.868,27.526,39.958
45.813,26.000,27.526,39.958
46.739,26.926,27.526,39.958
48.988,27.323,27.526,39.958
50.972,28.249,27.526,39.958
52.691,28.117,27.526,39.958
54.675,27.985,27.526,39.958
56.395,26.530,27.526,39.958
58.115,25.868,27.526,39.958
59.834,25.207,27.526,39.958
62.348,24.545,27.526,39.958
64.651,23.143,28.135,40.842
68.301,20.844,28.135,40.842
68.691,18.569,28.758,41.745
65.075,11.082,29.394,42.669
62.109,4.160,29.394,42.669
59.143,0.911,29.394,42.669
57.024,1.618,29.394,42.669
55.470,8.539,29.394,42.669
53.634,20.828,29.394,42.669
53.210,32.552,29.394,42.669
53.634,39.191,29.394,42.669
52.645,40.745,29.394,42.669
53.069,39.473,29.394,42.669
54.058,38.485,29.394,42.669
55.329,35.518,29.394,42.669
55.234,33.114,28.767,41.759
55.096,29.658,28.767,41.759
55.787,27.308,28.767,41.759
53.990,26.340,28.767,41.759
52.746,27.032,28.767,41.759
51.225,26.064,28.767,41.759
50.257,26.755,28.767,41.759
49.842,26.617,28.767,41.759
50.534,27.861,28.767,41.759
49.842,26.893,28.767,41.759
49.981,27.861,28.767,41.759
50.119,28.276,28.767,41.759
49.704,28.414,28.767,41.759
49.566,29.105,28.767,41.759
49.428,28.137,28.767,41.759
49.013,28.829,28.767,41.759
48.875,28.137,28.767,41.759
48.460,29.105,28.767,41.759
48.045,28.414,28.767,41.759
47.686,28.193,28.154,40.868
48.092,29.411,28.154,40.868
47.145,29.275,28.154,40.868
48.358,28.538,27.553,39.997
47.696,28.935,27.553,39.997
47.298,29.332,27.553,39.997
47.960,28.405,27.553,39.997
48.892,27.938,26.966,39.144
48.504,28.586,26.966,39.144
49.665,28.629,26.391,38.309
50.069,28.671,25.828,37.492
50.441,29.043,25.828,37.492
51.310,28.422,25.828,37.492
52.676,29.539,25.828,37.492
53.793,28.919,25.828,37.492
54.165,29.043,25.828,37.492
53.493,27.984,26.399,38.322
53.069,28.482,26.983,39.170
51.291,28.990,27.580,40.036
50.023,29.235,28.191,40.922
48.446,26.955,28.814,41.827
40.514,42.151,29.452,42.753
40.922,45.937,30.104,43.699
42.803,47.817,30.104,43.699
44.683,50.855,30.104,43.699
46.853,53.893,30.104,43.699
49.023,56.931,30.104,43.699
48.647,25.188,29.462,42.767
49.916,26.326,28.833,41.855
49.224,27.019,28.833,41.855
49.085,26.049,28.833,41.855
48.669,26.742,28.833,41.855
48.808,26.326,28.833,41.855
49.224,27.019,28.833,41.855
49.085,26.049,28.833,41.855
49.224,26.742,28.833,41.855
49.639,24.940,28.833,41.855
49.501,23.970,28.833,41.855
50.743,24.016,28.218,40.962
51.692,23.609,28.218,40.962
52.913,25.101,28.218,40.962
51.897,25.633,28.843,41.869
51.146,26.751,29.481,42.795
50.155,27.743,29.481,42.795
49.682,28.592,30.133,43.742
50.400,26.756,30.800,44.710
49.906,27.644,31.481,45.699
52.175,25.677,31.481,45.699
52.326,26.131,31.481,45.699
52.175,25.072,31.481,45.699
53.240,25.997,30.810,44.724
53.140,25.475,30.153,43.770
52.416,25.619,30.153,43.770
53.435,25.388,29.510,42.837
53.861,26.097,29.510,42.837
52.868,27.090,29.510,42.837
53.294,26.948,29.510,42.837
53.719,27.090,29.510,42.837
53.577,27.515,29.510,42.837
53.719,26.806,29.510,42.837
53.861,27.231,29.510,42.837
54.286,27.090,29.510,42.837
53.577,26.948,29.510,42.837
53.435,26.522,29.510,42.837
53.861,27.231,29.510,42.837
53.435,27.090,29.510,42.837
53.010,27.231,29.510,42.837
52.585,26.806,29.510,42.837
52.443,27.515,29.510,42.837
53.152,26.522,29.510,42.837
52.443,27.231,29.510,42.837
52.868,26.806,29.510,42.837
52.159,27.515,29.510,42.837
52.301,26.522,29.510,42.837
52.159,26.948,29.510,42.837
52.017,26.522,29.510,42.837
51.876,27.231,29.510,42.837
52.868,26.806,29.510,42.837
52.443,27.515,29.510,42.837
53.152,26.522,29.510,42.837
52.726,26.948,29.510,42.837
53.719,26.239,29.510,42.837
53.294,26.948,29.510,42.837
54.003,26.522,29.510,42.837
53.577,26.948,29.510,42.837
54.286,26.522,29.510,42.837
