294.000,135.000,44.000,171.000
296.111,134.867,44.974,174.783
296.524,135.280,44.974,174.783
297.764,135.693,44.974,174.783
297.351,136.107,44.974,174.783
298.591,135.693,44.974,174.783
299.004,136.107,44.974,174.783
299.417,135.693,44.974,174.783
299.830,136.933,44.974,174.783
299.417,136.520,44.974,174.783
298.177,136.107,44.974,174.783
297.764,136.520,44.974,174.783
294.871,136.933,44.974,174.783
292.804,135.693,44.974,174.783
290.738,136.107,44.974,174.783
288.672,137.347,44.974,174.783
286.605,136.107,44.974,174.783
284.539,137.347,44.974,174.783
283.299,137.760,44.974,174.783
281.232,138.173,44.974,174.783
279.992,138.586,44.974,174.783
277.926,139.000,44.974,174.783
276.686,139.413,44.974,174.783
276.273,140.653,44.974,174.783
275.859,141.066,44.974,174.783
275.446,141.480,44.974,174.783
275.033,142.719,44.974,174.783
273.793,143.133,44.974,174.783
273.380,143.546,44.974,174.783
272.140,143.959,44.974,174.783
270.073,146.852,44.974,174.783
269.660,148.092,44.974,174.783
268.420,148.506,44.974,174.783
267.180,149.745,44.974,174.783
265.940,150.985,44.974,174.783
264.700,148.919,44.974,174.783
261.807,150.159,44.974,174.783
260.568,150.572,44.974,174.783
259.328,150.985,44.974,174.783
258.088,152.225,44.974,174.783
256.848,153.465,44.974,174.783
257.261,150.572,44.974,174.783
257.342,154.427,44.014,171.056
257.747,155.641,44.014,171.056
258.960,156.854,44.014,171.056
260.174,158.068,44.014,171.056
262.196,153.618,44.014,171.056
263.055,158.171,43.076,167.408
265.422,155.759,42.157,163.838
265.498,157.880,41.258,160.344
264.842,159.955,40.378,156.925
262.987,158.100,40.378,156.925
261.873,156.244,40.378,156.925
260.018,155.873,40.378,156.925
258.905,155.502,40.378,156.925
257.792,158.100,40.378,156.925
255.194,161.439,40.378,156.925
252.597,162.552,40.378,156.925
255.194,157.729,40.378,156.925
252.823,154.838,41.272,160.397
253.547,147.948,42.185,163.946
250.265,144.123,43.118,167.573
250.199,140.214,44.072,171.281
250.131,138.739,45.047,175.070
250.545,136.669,45.047,175.070
251.787,135.427,45.047,175.070
251.373,138.325,45.047,175.070
249.303,139.567,45.047,175.070
251.373,141.637,45.047,175.070
253.022,135.835,46.044,178.944
251.753,139.643,46.044,178.944
252.176,137.527,46.044,178.944
246.675,133.719,46.044,178.944
246.252,136.681,46.044,178.944
244.704,133.287,45.062,175.128
245.946,136.186,45.062,175.128
245.532,135.772,45.062,175.128
245.946,132.873,45.062,175.128
246.360,134.944,45.062,175.128
247.603,131.217,45.062,175.128
248.017,134.115,45.062,175.128
248.431,132.045,45.062,175.128
250.907,133.513,44.101,171.393
250.502,134.729,44.101,171.393
252.925,135.385,43.161,167.738
252.529,135.781,43.161,167.738
255.305,135.385,43.161,167.738
254.908,134.988,43.161,167.738
256.098,133.005,43.161,167.738
258.081,132.608,43.161,167.738
258.478,131.418,43.161,167.738
258.875,131.022,43.161,167.738
259.271,131.418,43.161,167.738
260.461,130.228,43.161,167.738
262.444,131.418,43.161,167.738
264.428,131.815,43.161,167.738
267.204,132.211,43.161,167.738
269.981,131.022,43.161,167.738
271.964,130.625,43.161,167.738
273.947,130.228,43.161,167.738
274.343,130.625,43.161,167.738
273.154,131.815,43.161,167.738
275.137,132.211,43.161,167.738
274.740,133.401,43.161,167.738
279.103,134.591,43.161,167.738
273.276,159.484,44.116,171.449
276.114,165.565,44.116,171.449
280.573,170.024,44.116,171.449
285.033,172.051,44.116,171.449
290.303,174.078,44.116,171.449
296.124,170.920,45.092,175.242
302.340,172.992,45.092,175.242
307.430,174.922,46.089,179.120
313.512,168.986,47.109,183.083
324.446,175.528,46.104,179.178
331.409,173.986,47.124,183.143
338.771,175.285,47.124,183.143
346.133,174.852,47.124,183.143
351.762,174.419,47.124,183.143
357.392,170.521,47.124,183.143
363.888,172.686,47.124,183.143
370.384,170.521,47.124,183.143
378.612,173.553,47.124,183.143
385.974,168.789,47.124,183.143
391.068,170.324,46.119,179.237
395.730,170.748,46.119,179.237
400.716,175.519,45.136,175.415
407.532,170.566,46.135,179.296
413.892,171.838,46.135,179.296
421.947,172.262,46.135,179.296
428.306,169.294,46.135,179.296
435.745,173.249,45.151,175.472
441.139,176.153,45.151,175.472
444.873,177.398,45.151,175.472
446.118,178.643,45.151,175.472
449.023,177.398,45.151,175.472
453.587,176.983,45.151,175.472
458.981,174.079,45.151,175.472
461.885,172.004,45.151,175.472
466.449,172.419,45.151,175.472
471.014,172.004,45.151,175.472
470.599,174.909,45.151,175.472
475.163,174.494,45.151,175.472
482.217,174.909,45.151,175.472
487.611,173.664,45.151,175.472
493.568,166.987,46.150,179.355
497.018,158.403,47.171,183.323
503.242,162.222,48.214,187.379
509.002,168.868,48.214,187.379
512.606,164.497,49.281,191.525
517.588,166.761,49.281,191.525
522.569,167.214,49.281,191.525
527.551,169.478,49.281,191.525
532.174,162.191,50.372,195.762
536.341,167.283,50.372,195.762
540.507,160.339,50.372,195.762
539.118,160.802,50.372,195.762
497.920,77.943,50.372,195.762
497.457,77.480,50.372,195.762
500.697,76.092,50.372,195.762
504.863,74.703,50.372,195.762
503.475,73.314,50.372,195.762
506.715,69.148,50.372,195.762
512.160,74.359,49.297,191.587
517.489,80.331,48.246,187.502
518.819,78.114,48.246,187.502
522.809,83.878,48.246,187.502
527.686,82.548,48.246,187.502
531.676,87.425,48.246,187.502
536.037,86.433,47.217,183.503
539.942,87.735,47.217,183.503
540.376,84.697,47.217,183.503
541.678,83.396,47.217,183.503
546.451,85.565,47.217,183.503
552.092,83.396,47.217,183.503
554.261,86.433,47.217,183.503
553.827,85.999,47.217,183.503
557.733,84.697,47.217,183.503
556.760,83.118,48.262,187.563
561.639,83.561,48.262,187.563
562.969,83.118,48.262,187.563
565.187,87.109,48.262,187.563
567.839,90.392,47.233,183.563
570.009,91.694,47.233,183.563
572.179,92.128,47.233,183.563
572.613,93.430,47.233,183.563
574.784,95.600,47.233,183.563
576.086,96.034,47.233,183.563
574.784,92.996,47.233,183.563
580.726,96.208,46.225,179.649
585.399,95.783,46.225,179.649
590.921,95.359,46.225,179.649
590.497,94.934,46.225,179.649
591.771,93.659,46.225,179.649
591.346,93.235,46.225,179.649
593.470,93.659,46.225,179.649
592.196,94.934,46.225,179.649
594.320,97.907,46.225,179.649
593.045,98.332,46.225,179.649
596.869,101.306,46.225,179.649
598.993,100.881,46.225,179.649
601.533,104.844,45.240,175.818
603.611,106.923,45.240,175.818
606.899,109.198,44.275,172.068
609.747,111.232,44.275,172.068
612.180,111.891,43.331,168.399
610.985,107.510,43.331,168.399
580.347,189.513,44.289,172.125
585.347,190.565,45.269,175.933
592.419,198.469,45.269,175.933
596.163,193.061,45.269,175.933
589.091,171.844,45.269,175.933
592.835,164.772,45.269,175.933
593.251,157.700,45.269,175.933
595.331,153.123,45.269,175.933
598.243,148.547,45.269,175.933
597.827,144.803,45.269,175.933
602.403,140.227,45.269,175.933
601.987,133.987,45.269,175.933
602.403,126.915,45.269,175.933
605.315,128.995,45.269,175.933
606.564,124.419,45.269,175.933
607.447,128.299,44.304,172.181
609.882,125.819,43.359,168.509
612.264,130.304,42.435,164.916
612.341,131.686,41.530,161.399
615.359,132.304,40.644,157.957
611.112,137.948,39.777,154.589
609.284,140.507,39.777,154.589
608.919,140.872,39.777,154.589
611.478,142.700,39.777,154.589
513.878,200.821,39.777,154.589
510.025,197.973,40.657,158.009
507.409,197.600,40.657,158.009
504.794,197.226,40.657,158.009
501.631,195.866,41.557,161.505
497.605,194.475,42.476,165.078
495.110,193.054,43.416,168.731
493.913,193.453,43.416,168.731
491.363,192.828,44.377,172.464
488.757,191.344,45.358,176.279
486.093,190.691,46.362,180.180
486.022,190.024,47.388,184.166
483.238,188.438,48.436,188.241
359.400,161.880,49.508,192.406
348.936,155.055,49.508,192.406
350.301,160.060,49.508,192.406
348.936,153.236,49.508,192.406
351.211,156.420,49.508,192.406
353.486,157.785,49.508,192.406
352.121,152.781,49.508,192.406
355.305,155.965,49.508,192.406
357.580,156.420,49.508,192.406
359.855,157.785,49.508,192.406
362.130,152.781,49.508,192.406
365.315,155.965,49.508,192.406
368.499,157.330,49.508,192.406
371.684,157.785,49.508,192.406
372.139,153.691,49.508,192.406
377.144,156.875,49.508,192.406
379.418,159.150,49.508,192.406
381.693,155.055,49.508,192.406
384.878,158.240,49.508,192.406
387.153,159.605,49.508,192.406
389.428,154.600,49.508,192.406
390.793,158.695,49.508,192.406
392.157,152.781,49.508,192.406
392.612,155.965,49.508,192.406
393.977,161.880,49.508,192.406
396.252,165.975,49.508,192.406
396.176,169.038,50.603,196.663
397.572,165.783,50.603,196.663
398.967,167.178,50.603,196.663
400.362,165.783,50.603,196.663
402.687,167.178,50.603,196.663
405.942,165.783,50.603,196.663
407.337,164.388,50.603,196.663
409.662,165.783,50.603,196.663
411.057,164.388,50.603,196.663
414.313,162.993,50.603,196.663
417.568,163.458,50.603,196.663
419.893,162.993,50.603,196.663
423.148,162.528,50.603,196.663
426.403,163.923,50.603,196.663
428.729,160.668,50.603,196.663
429.194,163.923,50.603,196.663
430.589,156.948,50.603,196.663
431.054,152.762,50.603,196.663
433.379,156.018,50.603,196.663
435.704,158.343,50.603,196.663
437.557,154.720,51.723,201.014
435.180,156.146,51.723,201.014
437.557,154.720,51.723,201.014
435.180,156.146,51.723,201.014
434.705,158.522,51.723,201.014
433.279,155.195,51.723,201.014
430.902,157.572,51.723,201.014
427.575,158.998,51.723,201.014
426.149,159.473,51.723,201.014
421.871,159.948,51.723,201.014
418.544,159.473,51.723,201.014
414.266,158.047,51.723,201.014
410.939,157.572,51.723,201.014
407.611,158.998,51.723,201.014
404.574,156.281,52.867,205.461
401.173,154.823,52.867,205.461
398.744,155.309,52.867,205.461
396.314,155.795,52.867,205.461
394.857,153.366,52.867,205.461
393.399,155.795,52.867,205.461
392.914,154.337,52.867,205.461
393.399,155.795,52.867,205.461
392.914,154.337,52.867,205.461
392.428,155.795,52.867,205.461
393.885,156.281,52.867,205.461
393.399,153.852,52.867,205.461
395.829,157.252,52.867,205.461
395.343,153.852,52.867,205.461
396.800,157.252,52.867,205.461
396.314,154.823,52.867,205.461
396.800,157.252,52.867,205.461
396.314,155.795,52.867,205.461
396.800,157.252,52.867,205.461
395.343,153.852,52.867,205.461
396.800,155.309,52.867,205.461
398.258,152.880,52.867,205.461
397.772,153.366,52.867,205.461
401.173,148.022,52.867,205.461
397.772,149.479,52.867,205.461
402.144,146.078,52.867,205.461
399.715,144.621,52.867,205.461
402.144,147.050,52.867,205.461
400.687,146.564,52.867,205.461
400.201,146.078,52.867,205.461
402.630,144.621,52.867,205.461
402.144,142.191,52.867,205.461
404.574,139.762,52.867,205.461
406.031,142.191,52.867,205.461
405.545,138.791,52.867,205.461
407.974,140.248,52.867,205.461
410.404,137.819,52.867,205.461
410.889,138.305,52.867,205.461
412.347,137.819,52.867,205.461
412.833,138.305,52.867,205.461
414.290,136.847,52.867,205.461
411.861,137.333,52.867,205.461
411.375,136.847,52.867,205.461
410.889,136.361,52.867,205.461
405.545,136.847,52.867,205.461
407.003,135.390,52.867,205.461
401.659,133.932,52.867,205.461
398.258,132.475,52.867,205.461
397.772,131.017,52.867,205.461
391.456,130.531,52.867,205.461
387.084,128.102,52.867,205.461
386.598,127.616,52.867,205.461
381.253,127.131,52.867,205.461
379.796,126.645,52.867,205.461
375.423,126.159,52.867,205.461
376.881,125.673,52.867,205.461
371.537,125.187,52.867,205.461
370.079,124.701,52.867,205.461
368.622,123.244,52.867,205.461
366.193,122.758,52.867,205.461
366.678,122.272,52.867,205.461
362.565,120.503,54.037,210.007
364.055,116.034,54.037,210.007
364.552,117.524,54.037,210.007
363.062,117.027,54.037,210.007
364.552,114.544,54.037,210.007
362.069,113.055,54.037,210.007
363.558,111.565,54.037,210.007
362.069,109.082,54.037,210.007
361.572,109.579,54.037,210.007
361.075,110.075,54.037,210.007
358.593,109.579,54.037,210.007
360.082,110.075,54.037,210.007
357.599,107.592,54.037,210.007
359.089,109.082,54.037,210.007
357.599,109.579,54.037,210.007
357.103,109.082,54.037,210.007
355.613,109.579,54.037,210.007
354.123,109.082,54.037,210.007
353.627,110.572,54.037,210.007
354.123,111.068,54.037,210.007
352.634,111.565,54.037,210.007
351.144,112.061,54.037,210.007
349.654,114.544,54.037,210.007
349.157,114.048,54.037,210.007
347.668,116.531,54.037,210.007
346.178,117.027,54.037,210.007
345.681,118.517,54.037,210.007
342.205,120.007,54.037,210.007
340.716,115.538,54.037,210.007
338.233,118.020,54.037,210.007
334.756,119.510,54.037,210.007
332.274,117.027,54.037,210.007
328.797,117.524,54.037,210.007
327.308,117.027,54.037,210.007
324.825,117.524,54.037,210.007
321.349,120.007,54.037,210.007
318.866,121.497,54.037,210.007
316.383,122.986,54.037,210.007
313.900,124.476,54.037,210.007
311.417,125.966,54.037,210.007
308.934,122.490,54.037,210.007
305.458,124.973,54.037,210.007
301.982,125.469,54.037,210.007
299.499,125.966,54.037,210.007
295.030,122.490,54.037,210.007
293.540,124.973,54.037,210.007
294.037,124.476,54.037,210.007
293.540,123.979,54.037,210.007
295.030,121.497,54.037,210.007
291.554,121.993,54.037,210.007
289.071,122.490,54.037,210.007
288.574,122.986,54.037,210.007
284.105,123.483,54.037,210.007
284.601,123.979,54.037,210.007
285.098,124.476,54.037,210.007
281.622,124.973,54.037,210.007
283.112,123.483,54.037,210.007
283.608,123.979,54.037,210.007
279.139,125.469,54.037,210.007
280.629,125.966,54.037,210.007
280.132,127.456,54.037,210.007
277.649,128.945,54.037,210.007
278.146,130.435,54.037,210.007
274.670,131.925,54.037,210.007
276.160,133.415,54.037,210.007
274.670,131.925,54.037,210.007
273.180,133.415,54.037,210.007
271.690,133.911,54.037,210.007
269.207,131.428,54.037,210.007
267.718,131.925,54.037,210.007
265.235,131.428,54.037,210.007
263.745,132.918,54.037,210.007
262.255,133.415,54.037,210.007
264.738,132.918,54.037,210.007
262.255,134.408,54.037,210.007
264.738,134.904,54.037,210.007
266.228,135.401,54.037,210.007
264.738,136.891,54.037,210.007
267.221,137.387,54.037,210.007
264.738,138.877,54.037,210.007
268.214,140.367,54.037,210.007
270.697,139.870,54.037,210.007
271.194,140.367,54.037,210.007
274.670,139.870,54.037,210.007
277.153,138.380,54.037,210.007
276.656,137.884,54.037,210.007
281.125,138.380,54.037,210.007
280.629,137.884,54.037,210.007
281.125,135.401,54.037,210.007
279.636,131.925,54.037,210.007
279.139,129.442,54.037,210.007
280.629,130.932,54.037,210.007
277.153,130.435,54.037,210.007
276.656,132.918,54.037,210.007
274.173,135.401,54.037,210.007
272.683,136.891,54.037,210.007
271.194,136.394,54.037,210.007
269.704,136.891,54.037,210.007
268.214,135.401,54.037,210.007
266.724,134.904,54.037,210.007
266.228,134.408,54.037,210.007
265.731,134.904,54.037,210.007
264.242,132.421,54.037,210.007
262.752,131.925,54.037,210.007
262.255,131.428,54.037,210.007
261.759,131.925,54.037,210.007
260.269,133.415,54.037,210.007
259.772,135.898,54.037,210.007
261.262,139.374,54.037,210.007
261.759,141.857,54.037,210.007
261.262,143.346,54.037,210.007
262.752,143.843,54.037,210.007
263.248,146.326,54.037,210.007
264.738,146.822,54.037,210.007
265.235,147.319,54.037,210.007
266.724,147.816,54.037,210.007
266.228,147.319,54.037,210.007
266.724,146.822,54.037,210.007
264.242,145.333,54.037,210.007
262.752,144.836,54.037,210.007
262.255,144.339,54.037,210.007
260.765,142.850,54.037,210.007
260.269,142.353,54.037,210.007
258.779,140.863,54.037,210.007
257.289,139.374,54.037,210.007
255.800,135.898,54.037,210.007
254.310,131.428,54.037,210.007
251.827,128.945,54.037,210.007
250.337,125.469,54.037,210.007
247.854,123.979,54.037,210.007
246.364,122.490,54.037,210.007
245.868,122.986,54.037,210.007
244.378,122.490,54.037,210.007
243.882,121.993,54.037,210.007
243.385,120.503,54.037,210.007
243.882,119.014,54.037,210.007
244.378,117.524,54.037,210.007
244.875,117.027,54.037,210.007
245.371,117.524,54.037,210.007
246.861,116.034,54.037,210.007
247.358,116.531,54.037,210.007
249.370,119.249,52.885,205.529
251.800,117.791,52.885,205.529
251.314,117.305,52.885,205.529
252.772,115.847,52.885,205.529
253.258,114.389,52.885,205.529
254.716,111.959,52.885,205.529
255.202,110.501,52.885,205.529
257.632,108.071,52.885,205.529
257.146,106.613,52.885,205.529
258.604,103.211,52.885,205.529
260.062,101.753,52.885,205.529
259.576,100.295,52.885,205.529
261.034,99.809,52.885,205.529
259.576,99.323,52.885,205.529
260.062,98.837,52.885,205.529
258.604,97.379,52.885,205.529
259.090,95.921,52.885,205.529
258.604,95.435,52.885,205.529
258.118,94.949,52.885,205.529
259.150,97.609,51.757,201.146
257.723,97.133,51.757,201.146
256.900,100.653,50.653,196.856
257.365,98.326,50.653,196.856
255.969,100.653,50.653,196.856
255.503,98.326,50.653,196.856
254.107,96.929,50.653,196.856
254.572,95.533,50.653,196.856
254.107,93.205,50.653,196.856
253.641,90.878,50.653,196.856
255.038,86.689,50.653,196.856
253.641,85.292,50.653,196.856
255.038,82.034,50.653,196.856
255.503,79.706,50.653,196.856
255.038,77.379,50.653,196.856
254.572,75.051,50.653,196.856
252.245,72.724,50.653,196.856
250.848,72.258,50.653,196.856
248.521,69.931,50.653,196.856
245.262,70.397,50.653,196.856
245.728,69.000,50.653,196.856
242.470,68.535,50.653,196.856
243.866,67.138,50.653,196.856
241.539,67.604,50.653,196.856
242.935,66.207,50.653,196.856
242.470,65.742,50.653,196.856
240.142,65.276,50.653,196.856
242.470,62.949,50.653,196.856
239.211,62.483,50.653,196.856
241.539,60.156,50.653,196.856
239.211,56.897,50.653,196.856
238.746,54.570,50.653,196.856
239.211,50.381,50.653,196.856
237.815,48.053,50.653,196.856
238.280,44.795,50.653,196.856
235.953,44.329,50.653,196.856
238.280,40.140,50.653,196.856
234.091,41.536,50.653,196.856
234.556,38.278,50.653,196.856
233.750,41.723,49.573,192.658
233.295,38.534,49.573,192.658
233.750,40.812,49.573,192.658
232.384,40.356,49.573,192.658
231.017,39.901,49.573,192.658
230.561,42.178,49.573,192.658
230.106,39.901,49.573,192.658
230.561,41.267,49.573,192.658
228.284,38.990,49.573,192.658
228.739,38.534,49.573,192.658
227.372,36.256,49.573,192.658
226.584,36.993,48.516,188.550
225.246,37.439,48.516,188.550
227.475,33.426,48.516,188.550
227.030,31.197,48.516,188.550
226.584,28.968,48.516,188.550
224.355,25.847,48.516,188.550
225.692,24.509,48.516,188.550
224.355,22.280,48.516,188.550
224.800,21.834,48.516,188.550
223.463,21.388,48.516,188.550
223.909,20.051,48.516,188.550
225.246,21.388,48.516,188.550
223.017,20.943,48.516,188.550
224.355,22.280,48.516,188.550
223.909,21.834,48.516,188.550
226.138,22.280,48.516,188.550
225.692,22.726,48.516,188.550
227.030,24.064,48.516,188.550
226.584,25.401,48.516,188.550
225.246,25.847,48.516,188.550
227.912,30.006,47.481,184.529
224.858,29.570,47.481,184.529
228.308,33.640,46.469,180.594
225.319,31.505,46.469,180.594
227.454,31.932,46.469,180.594
224.465,28.943,46.469,180.594
228.308,30.224,46.469,180.594
224.465,28.089,46.469,180.594
225.746,27.662,46.469,180.594
224.465,30.651,46.469,180.594
223.725,29.695,45.478,176.742
226.224,34.400,44.508,172.973
224.997,36.445,44.508,172.973
222.952,30.309,44.508,172.973
226.633,33.991,44.508,172.973
225.406,37.672,44.508,172.973
224.997,41.353,44.508,172.973
224.588,45.852,44.508,172.973
228.270,51.169,44.508,172.973
227.042,54.032,44.508,172.973
231.065,60.213,43.559,169.285
229.064,62.215,43.559,169.285
233.001,66.720,42.630,165.675
235.743,67.896,42.630,165.675
239.269,68.287,42.630,165.675
242.011,69.463,42.630,165.675
245.864,69.341,41.721,162.142
245.200,66.266,40.831,158.684
249.328,63.639,40.831,158.684
251.954,63.264,40.831,158.684
254.581,63.639,40.831,158.684
255.706,64.015,40.831,158.684
255.331,64.390,40.831,158.684
255.706,64.765,40.831,158.684
256.832,67.392,40.831,158.684
260.209,65.516,40.831,158.684
264.818,62.592,41.734,162.195
267.142,61.196,42.658,165.783
261.262,63.156,42.658,165.783
262.010,63.356,43.601,169.451
262.411,65.359,43.601,169.451
261.209,64.958,43.601,169.451
260.006,64.558,43.601,169.451
260.407,62.554,43.601,169.451
261.609,60.551,43.601,169.451
262.010,58.547,43.601,169.451
263.606,53.763,44.566,173.200
266.087,49.722,45.552,177.032
269.018,45.955,45.552,177.032
270.274,39.676,45.552,177.032
267.343,44.280,45.552,177.032
269.039,38.502,44.581,173.257
269.449,41.370,44.581,173.257
273.478,38.873,43.630,169.562
273.077,44.887,43.630,169.562
275.884,50.100,43.630,169.562
278.691,48.095,43.630,169.562
282.299,49.298,43.630,169.562
285.106,48.897,43.630,169.562
287.111,52.505,43.630,169.562
289.115,55.312,43.630,169.562
291.922,52.505,43.630,169.562
295.183,48.550,44.595,173.314
296.413,44.861,44.595,173.314
298.462,49.369,44.595,173.314
300.511,44.042,44.595,173.314
302.560,37.075,44.595,173.314
304.609,32.567,44.595,173.314
304.199,37.894,44.595,173.314
308.707,30.928,44.595,173.314
312.891,26.884,45.582,177.148
316.661,28.141,45.582,177.148
319.199,24.008,46.591,181.068
315.345,27.005,46.591,181.068
317.051,24.558,47.621,185.074
319.703,20.241,48.675,189.169
316.571,24.266,48.675,189.169
313.440,28.292,48.675,189.169
317.466,22.477,48.675,189.169
313.440,26.503,48.675,189.169
316.977,22.915,47.637,185.135
319.166,19.851,47.637,185.135
321.818,12.807,48.691,189.231
319.581,19.518,48.691,189.231
320.435,14.175,49.768,193.418
318.461,18.204,50.869,197.697
319.864,15.867,50.869,197.697
317.526,21.009,50.869,197.697
319.864,17.737,50.869,197.697
321.726,12.155,51.995,202.071
315.514,19.322,51.995,202.071
319.815,14.066,51.995,202.071
314.559,19.322,51.995,202.071
318.337,18.253,50.886,197.762
317.869,24.332,50.886,197.762
319.764,31.399,49.801,193.544
322.052,35.518,49.801,193.544
325.256,33.229,49.801,193.544
328.978,27.764,50.903,197.827
330.382,23.554,50.903,197.827
336.128,7.292,52.029,202.203
338.518,1.076,52.029,202.203
339.953,5.379,52.029,202.203
339.475,9.682,52.029,202.203
341.412,6.769,50.919,197.891
340.944,10.980,50.919,197.891
341.412,7.705,50.919,197.891
342.816,13.788,50.919,197.891
343.709,7.229,52.046,202.270
343.231,12.491,52.046,202.270
342.752,9.143,52.046,202.270
345.144,5.795,52.046,202.270
344.072,9.015,53.198,206.745
345.538,3.638,53.198,206.745
345.457,5.916,54.375,211.319
346.956,-1.580,54.375,211.319
347.910,1.785,55.578,215.995
346.765,3.105,56.807,220.774
348.331,-5.770,56.807,220.774
348.245,-4.421,58.064,225.658
348.156,-10.792,59.349,230.651
347.610,-11.338,59.349,230.651
348.651,-12.192,60.662,235.754
349.715,-18.848,62.004,240.970
350.285,-19.418,62.004,240.970
351.995,-18.848,62.004,240.970
351.425,-23.976,62.004,240.970
351.995,-24.546,62.004,240.970
352.107,-22.526,60.682,235.831
353.291,-21.624,59.388,230.802
353.837,-23.261,59.388,230.802
357.100,-17.118,58.121,225.880
356.566,-20.857,58.121,225.880
356.032,-19.255,58.121,225.880
357.634,-21.925,58.121,225.880
354.964,-22.459,58.121,225.880
358.158,-16.447,56.882,221.063
354.817,-23.774,58.140,225.954
356.420,-16.828,58.140,225.954
353.748,-21.636,58.140,225.954
355.351,-16.828,58.140,225.954
355.885,-20.568,58.140,225.954
354.960,-14.554,56.900,221.136
355.958,-20.798,58.159,226.028
355.424,-17.056,58.159,226.028
357.027,-18.660,58.159,226.028
355.424,-15.987,58.159,226.028
357.027,-15.453,58.159,226.028
357.562,-14.918,58.159,226.028
357.027,-13.315,58.159,226.028
359.700,-15.987,58.159,226.028
357.027,-10.108,58.159,226.028
359.700,-11.712,58.159,226.028
360.234,-10.108,58.159,226.028
359.700,-11.712,58.159,226.028
360.234,-10.108,58.159,226.028
358.631,-9.574,58.159,226.028
360.234,-10.108,58.159,226.028
359.700,-11.712,58.159,226.028
360.234,-10.108,58.159,226.028
360.145,-10.945,59.446,231.029
361.784,-12.584,59.446,231.029
360.145,-9.852,59.446,231.029
360.691,-11.491,59.446,231.029
360.145,-8.760,59.446,231.029
359.599,-10.399,59.446,231.029
359.053,-7.667,59.446,231.029
358.506,-9.306,59.446,231.029
360.145,-8.760,59.446,231.029
360.691,-8.214,59.446,231.029
361.238,-7.667,59.446,231.029
361.345,-5.730,58.178,226.102
362.949,-5.196,58.178,226.102
362.414,-7.869,58.178,226.102
360.810,-6.265,58.178,226.102
361.345,-6.800,58.178,226.102
360.810,-6.265,58.178,226.102
361.831,-9.321,59.466,231.105
358.006,-8.775,59.466,231.105
354.180,-8.228,59.466,231.105
359.099,-10.960,59.466,231.105
355.273,-8.228,59.466,231.105
351.167,-4.184,58.197,226.177
352.303,-2.288,56.956,221.353
345.343,1.586,55.742,216.633
347.904,-0.975,55.742,216.633
345.042,2.816,54.553,212.013
340.309,4.593,53.390,207.492
339.459,8.224,52.251,203.067
337.702,9.927,51.137,198.737
334.171,11.593,50.046,194.498
330.951,10.213,50.046,194.498
329.269,12.730,48.979,190.351
326.754,15.194,47.935,186.291
325.142,17.605,46.912,182.319
325.227,19.964,45.912,178.431
322.273,19.542,45.912,178.431
318.476,19.964,45.912,178.431
321.812,22.274,44.933,174.626
318.922,20.209,44.933,174.626
318.207,23.265,43.975,170.902
316.995,22.861,43.975,170.902
315.782,22.457,43.975,170.902
312.954,22.861,43.975,170.902
311.741,21.648,43.975,170.902
311.042,25.418,43.037,167.257
309.855,23.441,43.037,167.257
310.695,27.130,42.119,163.690
310.025,28.502,41.221,160.200
309.646,27.366,41.221,160.200
306.995,28.502,41.221,160.200
306.616,29.639,41.221,160.200
304.722,29.260,41.221,160.200
303.087,28.667,42.133,163.744
302.700,27.505,42.133,163.744
300.764,28.667,42.133,163.744
299.602,27.505,42.133,163.744
298.734,26.096,43.065,167.367
295.964,26.491,43.065,167.367
293.985,25.304,43.065,167.367
292.798,27.283,43.065,167.367
290.819,26.887,43.065,167.367
288.840,26.491,43.065,167.367
287.653,29.262,43.065,167.367
284.091,28.074,43.065,167.367
286.862,30.845,43.065,167.367
283.888,33.011,42.147,163.798
284.275,34.947,42.147,163.798
284.662,35.335,42.147,163.798
281.951,37.271,42.147,163.798
283.113,36.884,42.147,163.798
283.500,35.722,42.147,163.798
282.338,34.560,42.147,163.798
283.500,37.271,42.147,163.798
283.576,37.151,41.248,160.305
283.513,38.131,42.161,163.851
285.057,35.916,43.093,167.477
285.453,37.896,43.093,167.477
286.641,36.708,43.093,167.477
287.829,34.728,43.093,167.477
287.433,37.500,43.093,167.477
289.413,37.896,43.093,167.477
289.809,36.708,43.093,167.477
287.597,38.876,42.174,163.905
287.984,40.038,42.174,163.905
289.147,38.100,42.174,163.905
291.860,36.938,42.174,163.905
288.948,36.818,41.275,160.410
291.603,36.438,41.275,160.410
289.706,36.818,41.275,160.410
292.361,34.921,41.275,160.410
287.317,42.115,40.395,156.989
290.658,40.259,40.395,156.989
288.802,38.403,40.395,156.989
291.822,38.592,41.289,160.462
290.433,37.743,40.408,157.040
292.290,41.828,40.408,157.040
294.147,39.971,40.408,157.040
296.746,38.857,40.408,157.040
298.603,38.486,40.408,157.040
301.202,37.372,40.408,157.040
303.059,37.001,40.408,157.040
305.658,35.887,40.408,157.040
307.515,33.287,40.408,157.040
308.629,38.857,40.408,157.040
310.486,35.515,40.408,157.040
312.342,31.430,40.408,157.040
313.131,39.905,39.546,153.692
314.948,37.361,39.546,153.692
315.720,44.254,38.703,150.414
317.161,45.515,37.878,147.206
317.509,45.863,37.878,147.206
319.250,45.515,37.878,147.206
320.294,44.471,37.878,147.206
322.034,43.427,37.878,147.206
322.383,42.383,37.878,147.206
324.123,46.212,37.878,147.206
325.863,45.863,37.878,147.206
326.908,44.123,37.878,147.206
327.647,43.344,37.070,144.067
328.669,40.960,37.070,144.067
328.328,40.619,37.070,144.067
328.669,43.685,37.070,144.067
329.010,42.663,37.070,144.067
329.660,40.009,37.890,147.255
327.919,41.750,37.890,147.255
330.029,39.037,38.728,150.513
332.923,42.911,39.585,153.843
336.637,41.586,40.461,157.247
341.471,44.933,40.461,157.247
345.267,42.807,41.356,160.726
347.167,43.948,41.356,160.726
349.067,45.088,41.356,160.726
347.167,46.228,41.356,160.726
348.307,46.608,41.356,160.726
348.687,47.748,41.356,160.726
349.067,48.128,41.356,160.726
351.728,48.508,41.356,160.726
352.868,48.128,41.356,160.726
352.488,46.988,41.356,160.726
352.868,45.848,41.356,160.726
356.288,46.988,41.356,160.726
359.709,48.128,41.356,160.726
359.329,49.268,41.356,160.726
359.709,49.648,41.356,160.726
361.609,50.028,41.356,160.726
360.469,50.408,41.356,160.726
361.609,52.309,41.356,160.726
364.614,55.854,40.474,157.298
368.272,53.588,39.611,153.944
373.256,57.685,38.767,150.661
379.507,57.575,37.940,147.448
381.947,55.831,37.940,147.448
382.016,60.428,37.131,144.303
387.345,59.665,36.339,141.226
387.679,59.331,36.339,141.226
388.013,57.661,36.339,141.226
391.686,58.663,36.339,141.226
389.349,56.993,36.339,141.226
393.920,56.246,35.564,138.214
392.094,60.555,34.806,135.267
394.973,58.316,34.806,135.267
393.374,61.194,34.806,135.267
397.532,57.676,34.806,135.267
395.293,61.834,34.806,135.267
394.973,58.316,34.806,135.267
392.734,62.474,34.806,135.267
392.797,61.141,34.063,132.382
393.462,57.424,33.337,129.559
391.750,61.463,32.626,126.796
390.251,64.761,32.626,126.796
390.310,62.934,31.930,124.092
392.364,66.162,31.930,124.092
390.725,70.596,31.249,121.446
390.438,73.180,31.249,121.446
388.602,74.518,31.941,124.133
387.722,77.160,31.941,124.133
386.841,80.976,31.941,124.133
386.333,83.714,31.260,121.486
385.836,85.840,30.593,118.895
388.366,87.246,30.593,118.895
386.960,89.776,30.593,118.895
389.490,92.869,30.593,118.895
390.896,89.214,30.593,118.895
390.053,90.619,30.593,118.895
389.772,91.463,30.593,118.895
389.490,92.869,30.593,118.895
388.647,95.399,30.593,118.895
387.241,96.805,30.593,118.895
385.836,98.210,30.593,118.895
384.992,99.616,30.593,118.895
386.398,100.459,30.593,118.895
388.079,100.914,29.941,116.360
388.354,101.740,29.941,116.360
388.408,103.776,29.302,113.878
387.600,104.584,29.302,113.878
388.408,105.930,29.302,113.878
389.755,105.661,29.302,113.878
391.101,107.546,29.302,113.878
392.711,106.424,28.677,111.450
394.556,110.377,28.677,111.450
396.401,109.060,28.677,111.450
398.245,112.485,28.677,111.450
399.036,112.222,28.677,111.450
398.245,111.431,28.677,111.450
395.874,113.276,28.677,111.450
397.191,111.958,28.677,111.450
394.292,112.749,28.677,111.450
396.137,113.540,28.677,111.450
396.401,115.911,28.677,111.450
394.556,116.175,28.677,111.450
395.874,118.547,28.677,111.450
390.339,120.919,28.677,111.450
388.867,122.869,28.066,109.073
389.641,125.190,28.066,109.073
391.962,128.027,28.066,109.073
390.157,131.380,28.066,109.073
391.962,135.765,28.066,109.073
392.736,139.118,28.066,109.073
390.415,139.891,28.066,109.073
388.093,142.728,28.066,109.073
387.835,145.566,28.066,109.073
386.030,144.276,28.066,109.073
384.382,143.337,28.687,111.486
381.482,145.710,28.687,111.486
381.985,143.656,29.321,113.953
381.715,142.847,29.321,113.953
383.063,142.039,29.321,113.953
383.577,142.735,29.970,116.474
379.446,143.011,29.970,116.474
376.967,143.286,29.970,116.474
377.493,142.855,30.633,119.051
378.337,144.825,30.633,119.051
378.619,142.855,30.633,119.051
380.026,143.136,30.633,119.051
378.056,141.166,30.633,119.051
376.085,140.321,30.633,119.051
372.989,138.914,30.633,119.051
373.833,135.817,30.633,119.051
370.632,133.559,29.980,116.512
372.561,129.978,29.980,116.512
370.081,130.804,29.980,116.512
370.908,130.529,29.980,116.512
370.081,129.151,29.980,116.512
368.153,131.080,29.980,116.512
368.428,129.151,29.980,116.512
369.806,131.080,29.980,116.512
368.428,131.906,29.980,116.512
370.357,133.835,29.980,116.512
371.183,134.661,29.980,116.512
373.663,133.284,29.980,116.512
375.592,135.212,29.980,116.512
377.520,137.141,29.980,116.512
379.449,139.620,29.980,116.512
380.275,141.549,29.980,116.512
381.653,143.477,29.980,116.512
382.479,145.406,29.980,116.512
383.306,146.783,29.980,116.512
383.581,149.814,29.980,116.512
385.822,145.381,30.643,119.090
386.104,147.915,30.643,119.090
386.948,146.507,30.643,119.090
388.356,148.479,30.643,119.090
386.240,151.105,29.990,116.551
388.721,150.830,29.990,116.551
388.103,146.967,30.653,119.129
389.512,145.559,30.653,119.129
390.049,142.779,31.331,121.765
391.196,142.926,32.025,124.459
393.845,143.809,32.025,124.459
395.628,144.569,32.733,127.213
398.699,139.729,33.457,130.027
402.081,143.726,33.457,130.027
406.496,145.797,34.198,132.904
405.553,141.711,34.198,132.904
407.753,143.283,34.198,132.904
410.581,139.826,34.198,132.904
410.529,139.986,34.954,135.845
409.142,140.149,35.728,138.850
411.813,140.316,36.518,141.922
412.149,141.323,36.518,141.922
409.799,143.001,36.518,141.922
412.149,141.323,36.518,141.922
407.915,142.887,37.326,145.062
411.288,141.458,36.530,141.969
406.253,141.794,36.530,141.969
409.274,141.458,36.530,141.969
410.281,140.451,36.530,141.969
410.617,140.115,36.530,141.969
407.775,138.196,37.338,145.110
410.863,139.226,37.338,145.110
407.958,136.552,38.164,148.321
407.899,134.548,39.009,151.602
408.584,131.755,39.872,154.956
406.242,129.661,40.754,158.385
408.863,129.286,40.754,158.385
410.355,124.037,41.656,161.889
411.880,122.643,42.577,165.471
412.272,125.382,42.577,165.471
413.446,126.556,42.577,165.471
415.402,127.730,42.577,165.471
416.576,128.121,42.577,165.471
415.699,121.825,43.519,169.132
417.698,123.025,43.519,169.132
418.098,123.425,43.519,169.132
420.098,121.425,43.519,169.132
421.718,124.385,42.591,165.525
422.550,126.527,41.683,161.995
420.635,126.910,41.683,161.995
419.971,132.699,40.794,158.541
418.847,130.075,40.794,158.541
422.221,131.949,40.794,158.541
425.595,134.573,40.794,158.541
425.970,137.197,40.794,158.541
428.594,137.572,40.794,158.541
431.968,132.699,40.794,158.541
430.843,135.323,40.794,158.541
434.217,137.197,40.794,158.541
438.627,138.526,39.924,155.160
438.260,140.361,39.924,155.160
438.627,141.462,39.924,155.160
440.850,134.797,40.807,158.593
442.725,130.672,40.807,158.593
440.850,126.547,40.807,158.593
442.725,122.421,40.807,158.593
440.328,117.165,41.710,162.101
436.112,119.082,41.710,162.101
436.048,120.072,42.633,165.688
435.983,121.085,43.576,169.354
436.383,123.087,43.576,169.354
432.779,125.890,43.576,169.354
428.558,128.587,44.541,173.101
429.427,132.405,43.591,169.409
430.192,132.609,44.555,173.157
430.973,134.517,45.541,176.989
430.904,135.598,46.549,180.904
427.054,141.159,46.549,180.904
429.193,136.454,46.549,180.904
429.121,139.335,47.578,184.907
429.049,135.928,48.631,188.998
427.708,141.738,48.631,188.998
428.657,149.353,47.594,184.968
426.470,154.164,47.594,184.968
426.033,158.100,47.594,184.968
427.775,152.878,48.647,189.060
430.011,151.537,48.647,189.060
429.564,158.242,48.647,189.060
428.562,151.977,49.723,193.243
429.932,148.778,49.723,193.243
431.753,142.374,50.823,197.518
430.352,149.379,50.823,197.518
431.753,143.308,50.823,197.518
433.154,138.170,50.823,197.518
435.947,134.424,49.740,193.306
434.575,139.452,49.740,193.306
432.290,143.566,49.740,193.306
435.490,138.538,49.740,193.306
435.579,141.921,48.679,189.184
437.392,140.920,47.641,185.150
435.790,144.160,46.625,181.201
433.396,147.331,45.631,177.337
430.461,150.266,45.631,177.337
435.074,142.299,45.631,177.337
431.300,144.395,45.631,177.337
430.880,148.169,45.631,177.337
429.622,149.427,45.631,177.337
428.364,151.524,45.631,177.337
428.784,145.234,45.631,177.337
426.687,140.621,45.631,177.337
427.106,147.750,45.631,177.337
426.687,143.976,45.631,177.337
425.429,140.202,45.631,177.337
421.655,133.912,45.631,177.337
419.558,138.525,45.631,177.337
421.655,141.460,45.631,177.337
418.720,133.493,45.631,177.337
415.784,129.719,45.631,177.337
413.688,131.815,45.631,177.337
411.591,125.525,45.631,177.337
410.333,126.783,45.631,177.337
410.415,122.612,44.657,173.555
410.005,127.126,44.657,173.555
410.415,122.612,44.657,173.555
411.647,118.918,44.657,173.555
412.057,113.583,44.657,173.555
414.109,109.069,44.657,173.555
418.623,116.045,44.657,173.555
425.824,119.874,43.705,169.854
422.032,118.975,42.773,166.232
416.922,116.224,42.773,166.232
413.384,119.761,42.773,166.232
416.922,113.079,42.773,166.232
417.315,117.403,42.773,166.232
414.563,109.934,42.773,166.232
418.101,114.258,42.773,166.232
413.777,107.576,42.773,166.232
417.315,111.900,42.773,166.232
412.991,105.218,42.773,166.232
416.529,107.183,42.773,166.232
413.777,109.934,42.773,166.232
415.742,103.252,42.773,166.232
414.563,105.218,42.773,166.232
417.315,107.969,42.773,166.232
413.777,99.714,42.773,166.232
417.790,102.361,43.719,169.910
417.388,108.388,43.719,169.910
420.200,99.951,43.719,169.910
418.995,103.567,43.719,169.910
423.415,108.790,43.719,169.910
419.799,100.353,43.719,169.910
423.415,103.969,43.719,169.910
419.799,96.335,43.719,169.910
423.415,99.147,43.719,169.910
419.799,100.353,43.719,169.910
423.067,102.225,44.687,173.669
419.371,96.886,44.687,173.669
420.603,99.761,44.687,173.669
421.835,101.814,44.687,173.669
420.603,103.867,44.687,173.669
424.298,105.920,44.687,173.669
420.603,107.152,44.687,173.669
423.477,108.384,44.687,173.669
421.424,103.867,44.687,173.669
421.835,106.742,44.687,173.669
423.888,109.616,44.687,173.669
422.656,111.670,44.687,173.669
423.888,114.544,44.687,173.669
422.656,117.419,44.687,173.669
422.245,120.294,44.687,173.669
420.192,122.347,44.687,173.669
422.245,125.221,44.687,173.669
420.192,127.275,44.687,173.669
418.960,129.328,44.687,173.669
418.549,131.381,44.687,173.669
416.496,133.435,44.687,173.669
417.728,136.309,44.687,173.669
415.675,139.184,44.687,173.669
415.264,142.058,44.687,173.669
414.853,144.112,44.687,173.669
414.443,146.165,44.687,173.669
416.496,148.218,44.687,173.669
414.443,150.272,44.687,173.669
414.032,144.112,44.687,173.669
416.907,146.986,44.687,173.669
415.675,149.040,44.687,173.669
419.371,151.914,44.687,173.669
415.675,146.576,44.687,173.669
417.728,148.629,44.687,173.669
415.675,151.504,44.687,173.669
417.728,155.200,44.687,173.669
416.496,149.040,44.687,173.669
416.085,152.736,44.687,173.669
420.603,159.717,44.687,173.669
417.978,152.257,45.675,177.511
419.650,147.245,46.686,181.439
421.795,147.674,46.686,181.439
424.798,144.671,46.686,181.439
420.937,145.100,46.686,181.439
420.508,146.387,46.686,181.439
423.074,146.254,45.690,177.570
426.013,152.552,45.690,177.570
426.433,147.933,45.690,177.570
424.333,145.834,45.690,177.570
423.913,147.933,45.690,177.570
425.173,143.314,45.690,177.570
424.753,147.933,45.690,177.570
424.333,142.475,45.690,177.570
424.263,144.431,46.701,181.498
422.976,137.993,46.701,181.498
423.405,143.573,46.701,181.498
424.693,137.993,46.701,181.498
423.405,143.573,46.701,181.498
423.834,137.993,46.701,181.498
423.091,146.134,45.705,177.628
422.671,141.513,45.705,177.628
419.731,141.933,45.705,177.628
418.471,144.874,45.705,177.628
423.091,150.334,45.705,177.628
428.551,153.274,45.705,177.628
427.824,155.573,44.731,173.840
420.014,150.229,44.731,173.840
413.848,151.462,44.731,173.840
412.927,151.671,45.720,177.686
412.507,152.932,45.720,177.686
413.767,149.150,45.720,177.686
415.868,152.092,45.720,177.686
415.448,155.033,45.720,177.686
414.187,150.411,45.720,177.686
415.448,154.192,45.720,177.686
415.028,157.974,45.720,177.686
415.448,155.033,45.720,177.686
415.868,159.654,45.720,177.686
415.448,161.755,45.720,177.686
415.868,159.654,45.720,177.686
415.448,162.596,45.720,177.686
415.868,156.293,45.720,177.686
417.969,159.234,45.720,177.686
420.910,156.293,45.720,177.686
423.011,159.234,45.720,177.686
423.431,156.293,45.720,177.686
423.851,160.075,45.720,177.686
425.952,158.814,45.720,177.686
428.893,161.755,45.720,177.686
449.481,166.377,45.720,177.686
461.665,168.478,45.720,177.686
466.287,167.217,45.720,177.686
470.068,167.637,45.720,177.686
468.808,167.217,45.720,177.686
465.026,168.478,45.720,177.686
462.085,168.058,45.720,177.686
459.144,168.478,45.720,177.686
437.279,161.717,46.732,181.617
423.840,153.024,47.766,185.636
415.500,145.562,47.766,185.636
413.306,140.734,47.766,185.636
410.233,138.539,47.766,185.636
408.916,136.344,47.766,185.636
404.289,131.103,48.823,189.743
409.224,138.730,48.823,189.743
411.467,142.768,48.823,189.743
408.327,141.422,48.823,189.743
406.083,136.487,48.823,189.743
406.532,141.422,48.823,189.743
406.981,140.076,48.823,189.743
406.906,140.304,49.903,193.941
401.120,135.780,51.007,198.232
397.152,130.183,52.136,202.618
395.084,124.462,53.289,207.101
398.051,124.711,54.468,211.683
397.968,122.889,55.673,216.366
399.503,122.377,55.673,216.366
396.233,116.268,56.905,221.153
399.401,111.109,58.164,226.046
394.876,105.835,59.451,231.048
398.700,103.104,59.451,231.048
402.524,100.372,59.451,231.048
398.700,102.011,59.451,231.048
395.968,100.372,59.451,231.048
394.329,98.733,59.451,231.048
393.783,101.465,59.451,231.048
392.144,99.826,59.451,231.048
397.061,99.279,59.451,231.048
393.237,97.640,59.451,231.048
386.134,93.816,59.451,231.048
380.125,95.455,59.451,231.048
379.578,100.372,59.451,231.048
377.939,99.826,59.451,231.048
373.022,101.465,59.451,231.048
376.847,98.733,59.451,231.048
371.930,105.835,59.451,231.048
370.291,105.289,59.451,231.048
366.466,102.557,59.451,231.048
362.642,100.918,59.451,231.048
359.910,102.557,59.451,231.048
358.271,103.104,59.451,231.048
357.725,99.279,59.451,231.048
356.086,99.826,59.451,231.048
354.447,101.465,59.451,231.048
353.900,98.733,59.451,231.048
354.447,103.650,59.451,231.048
352.808,102.011,59.451,231.048
354.447,106.928,59.451,231.048
352.808,109.660,59.451,231.048
353.851,108.804,60.766,236.160
353.292,110.479,60.766,236.160
360.552,111.038,60.766,236.160
357.759,110.479,60.766,236.160
366.136,111.038,60.766,236.160
363.344,113.830,60.766,236.160
362.092,112.956,62.111,241.385
370.654,113.526,62.111,241.385
365.821,113.817,63.485,246.725
362.904,116.734,63.485,246.725
370.489,118.484,63.485,246.725
366.405,119.068,63.485,246.725
364.655,120.818,63.485,246.725
359.404,122.568,63.485,246.725
369.322,123.151,63.485,246.725
364.071,123.735,63.485,246.725
357.654,125.485,63.485,246.725
367.890,127.553,62.131,241.464
367.319,129.266,62.131,241.464
374.742,130.979,62.131,241.464
373.029,132.692,62.131,241.464
380.846,134.717,60.806,236.315
379.878,138.852,59.509,231.275
385.257,141.845,58.240,226.343
382.267,146.838,56.998,221.516
387.418,149.705,55.783,216.792
383.830,153.293,55.783,216.792
383.317,155.856,55.783,216.792
387.931,157.394,55.783,216.792
387.043,162.176,54.593,212.169
386.542,161.675,54.593,212.169
388.047,160.169,54.593,212.169
386.542,159.668,54.593,212.169
390.053,158.163,54.593,212.169
386.542,158.664,54.593,212.169
390.053,159.166,54.593,212.169
386.542,159.668,54.593,212.169
391.057,160.169,54.593,212.169
388.548,160.671,54.593,212.169
387.043,161.173,54.593,212.169
385.538,161.675,54.593,212.169
389.050,163.180,54.593,212.169
385.538,163.681,54.593,212.169
389.050,163.180,54.593,212.169
390.555,162.678,54.593,212.169
390.053,162.176,54.593,212.169
389.552,160.671,54.593,212.169
392.060,158.163,54.593,212.169
392.562,155.654,54.593,212.169
392.060,154.149,54.593,212.169
388.548,151.641,54.593,212.169
389.050,148.129,54.593,212.169
385.538,144.617,54.593,212.169
387.043,141.105,54.593,212.169
385.538,138.596,54.593,212.169
386.040,136.088,54.593,212.169
386.542,133.580,54.593,212.169
387.043,131.071,54.593,212.169
389.552,128.563,54.593,212.169
388.047,126.054,54.593,212.169
387.545,121.539,54.593,212.169
385.709,119.449,53.429,207.645
389.146,117.976,53.429,207.645
386.691,115.521,53.429,207.645
388.164,116.012,53.429,207.645
390.619,114.539,53.429,207.645
393.074,115.030,53.429,207.645
396.010,116.771,52.290,203.217
398.413,115.329,52.290,203.217
400.815,114.849,52.290,203.217
404.179,114.368,52.290,203.217
399.854,112.927,52.290,203.217
404.179,111.485,52.290,203.217
409.465,111.966,52.290,203.217
419.556,113.407,52.290,203.217
425.459,103.681,53.447,207.713
408.268,105.154,53.447,207.713
404.830,105.645,53.447,207.713
410.233,104.172,53.447,207.713
416.618,103.681,53.447,207.713
414.162,101.225,53.447,207.713
390.588,103.913,52.307,203.283
381.455,105.355,52.307,203.283
379.696,108.913,51.191,198.948
380.696,110.581,50.100,194.705
382.077,110.120,50.100,194.705
384.379,109.660,50.100,194.705
379.314,110.120,50.100,194.705
381.616,110.581,50.100,194.705
376.552,111.041,50.100,194.705
378.854,110.581,50.100,194.705
373.619,113.100,49.031,190.553
374.070,112.650,49.031,190.553
369.113,113.100,49.031,190.553
372.268,113.551,49.031,190.553
367.311,112.199,49.031,190.553
367.762,113.551,49.031,190.553
362.805,114.903,49.031,190.553
365.959,117.156,49.031,190.553
361.904,118.507,49.031,190.553
362.355,121.662,49.031,190.553
359.201,121.211,49.031,190.553
359.651,124.365,49.031,190.553
356.497,123.914,49.031,190.553
356.047,125.266,49.031,190.553
354.398,128.601,47.986,186.490
355.721,128.160,47.986,186.490
353.516,130.365,47.986,186.490
353.957,132.570,47.986,186.490
351.752,135.657,47.986,186.490
352.193,137.861,47.986,186.490
352.280,140.275,46.962,182.513
351.532,143.469,45.961,178.621
352.430,146.595,44.981,174.811
352.016,149.488,44.981,174.811
351.603,148.248,44.981,174.811
352.016,150.315,44.981,174.811
351.603,150.728,44.981,174.811
351.190,151.968,44.981,174.811
351.603,152.382,44.981,174.811
351.190,154.449,44.981,174.811
350.474,155.117,44.021,171.084
350.878,157.140,44.021,171.084
349.665,156.735,44.021,171.084
350.069,155.522,44.021,171.084
348.047,155.117,44.021,171.084
347.346,157.331,43.083,167.435
346.950,156.936,43.083,167.435
345.763,159.707,43.083,167.435
345.077,161.111,42.164,163.865
343.915,163.048,42.164,163.865
341.202,162.661,42.164,163.865
341.590,164.598,42.164,163.865
338.877,163.435,42.164,163.865
337.715,163.048,42.164,163.865
335.778,164.210,42.164,163.865
333.065,166.148,42.164,163.865
334.228,165.760,42.164,163.865
331.515,168.473,42.164,163.865
329.578,170.410,42.164,163.865
327.641,171.572,42.164,163.865
325.703,172.735,42.164,163.865
324.541,173.122,42.164,163.865
323.378,173.510,42.164,163.865
321.441,174.672,42.164,163.865
318.729,174.285,42.164,163.865
316.016,175.447,42.164,163.865
313.304,175.835,42.164,163.865
312.633,176.462,41.265,160.370
309.220,179.874,41.265,160.370
305.807,181.012,41.265,160.370
303.911,179.116,41.265,160.370
300.498,181.012,41.265,160.370
297.086,178.358,41.265,160.370
293.505,182.626,40.385,156.950
292.392,180.770,40.385,156.950
289.051,184.111,40.385,156.950
286.978,184.711,39.524,153.603
284.436,184.348,39.524,153.603
281.893,185.437,39.524,153.603
280.077,182.895,39.524,153.603
276.808,184.711,39.524,153.603
275.719,182.168,39.524,153.603
273.176,182.532,39.524,153.603
271.360,184.348,39.524,153.603
269.544,183.258,39.524,153.603
266.275,185.074,39.524,153.603
265.185,182.532,39.524,153.603
261.917,185.801,39.524,153.603
260.827,185.437,39.524,153.603
257.558,187.980,39.524,153.603
255.529,189.268,38.681,150.327
253.041,191.756,38.681,150.327
249.841,192.111,38.681,150.327
248.775,191.756,38.681,150.327
245.576,192.822,38.681,150.327
242.377,194.600,38.681,150.327
241.310,193.533,38.681,150.327
238.822,194.600,38.681,150.327
236.334,193.533,38.681,150.327
235.267,194.600,38.681,150.327
232.779,194.244,38.681,150.327
