340.000,358.000,18.000,55.000
339.527,358.083,18.000,55.000
339.110,359.056,18.000,55.000
337.581,360.307,18.000,55.000
336.052,360.724,18.000,55.000
334.801,359.751,18.000,55.000
333.271,360.446,18.000,55.000
330.352,359.473,18.000,55.000
327.155,357.944,18.000,55.000
323.402,357.527,18.000,55.000
321.595,358.500,18.000,55.000
319.510,359.195,18.000,55.000
317.424,359.890,18.000,55.000
314.783,360.029,18.000,55.000
312.698,361.280,18.000,55.000
312.281,362.809,18.000,55.000
310.196,363.226,18.000,55.000
307.833,364.477,18.000,55.000
305.748,366.285,18.000,55.000
303.940,367.536,18.000,55.000
303.523,368.231,18.000,55.000
303.940,369.760,18.000,55.000
303.245,370.733,18.000,55.000
302.272,371.984,18.000,55.000
301.855,373.235,18.000,55.000
300.604,372.540,18.000,55.000
299.075,372.401,18.000,55.000
297.824,373.930,18.000,55.000
297.129,374.903,18.000,55.000
296.156,376.154,18.000,55.000
296.295,376.849,18.000,55.000
295.600,377.266,18.000,55.000
294.905,379.351,18.000,55.000
295.600,379.768,18.000,55.000
296.573,379.073,18.000,55.000
296.712,379.768,18.000,55.000
296.573,379.351,18.000,55.000
297.268,380.603,18.000,55.000
297.685,381.020,18.000,55.000
297.546,381.159,18.000,55.000
295.461,379.351,18.000,55.000
294.210,378.378,18.000,55.000
293.237,378.795,18.000,55.000
293.098,376.988,18.000,55.000
292.681,376.571,18.000,55.000
290.874,376.710,18.000,55.000
291.569,376.849,18.000,55.000
290.596,376.432,18.000,55.000
289.900,374.625,18.000,55.000
290.596,375.598,18.000,55.000
290.457,375.737,18.000,55.000
290.318,375.320,18.000,55.000
290.178,377.405,18.000,55.000
289.483,378.656,18.000,55.000
289.066,377.961,18.000,55.000
289.205,379.212,18.000,55.000
287.954,380.742,18.000,55.000
287.537,380.603,18.000,55.000
286.842,382.132,18.000,55.000
285.313,382.549,18.000,55.000
283.228,382.688,18.000,55.000
281.699,384.217,18.000,55.000
280.170,385.468,18.000,55.000
278.363,386.163,18.000,55.000
277.112,387.692,18.000,55.000
275.304,387.831,18.000,55.000
274.609,386.024,18.000,55.000
273.080,385.607,18.000,55.000
272.385,384.356,18.000,55.000
271.690,384.495,18.000,55.000
270.439,382.132,18.000,55.000
270.578,380.881,18.000,55.000
272.107,379.907,18.000,55.000
270.856,377.266,18.000,55.000
270.161,375.459,18.000,55.000
267.798,373.096,18.000,55.000
267.103,372.123,18.000,55.000
265.574,371.428,18.000,55.000
264.601,370.455,18.000,55.000
265.574,370.316,18.000,55.000
264.879,369.899,18.000,55.000
265.574,371.706,18.000,55.000
264.601,371.845,18.000,55.000
264.462,373.096,18.000,55.000
262.933,374.069,18.000,55.000
261.403,372.818,18.000,55.000
259.318,372.123,18.000,55.000
258.345,370.872,18.000,55.000
256.816,368.787,18.000,55.000
256.399,369.204,18.000,55.000
255.148,370.733,18.000,55.000
252.507,369.760,18.000,55.000
252.368,370.455,18.000,55.000
251.117,368.926,18.000,55.000
250.144,367.397,18.000,55.000
248.337,365.868,18.000,55.000
248.198,366.563,18.000,55.000
248.337,365.311,18.000,55.000
248.476,363.782,18.000,55.000
247.224,362.809,18.000,55.000
247.642,364.060,18.000,55.000
246.668,365.033,18.000,55.000
246.251,364.060,18.000,55.000
244.444,362.531,18.000,55.000
243.749,362.392,18.000,55.000
243.610,363.921,18.000,55.000
242.359,364.894,18.000,55.000
240.830,363.643,18.000,55.000
240.135,364.060,18.000,55.000
238.884,365.868,18.000,55.000
238.189,364.616,18.000,55.000
237.494,362.253,18.000,55.000
239.301,361.836,18.000,55.000
241.108,360.585,18.000,55.000
245.417,358.500,18.000,55.000
248.059,352.523,18.000,55.000
250.144,349.603,18.000,55.000
249.449,347.796,18.000,55.000
249.032,349.325,18.000,55.000
248.893,350.298,18.000,55.000
250.144,348.491,18.000,55.000
251.117,349.742,18.000,55.000
252.646,351.271,18.000,55.000
254.731,352.523,18.000,55.000
257.372,352.662,18.000,55.000
257.511,351.411,18.000,55.000
259.596,352.106,18.000,55.000
260.291,351.411,18.000,55.000
260.986,350.715,18.000,55.000
260.013,351.689,18.000,55.000
259.040,352.384,18.000,55.000
260.291,353.357,18.000,55.000
259.874,352.662,18.000,55.000
261.682,352.523,18.000,55.000
262.099,353.496,18.000,55.000
261.960,351.411,18.000,55.000
260.708,349.047,18.000,55.000
260.847,348.908,18.000,55.000
260.430,347.379,18.000,55.000
261.403,347.518,18.000,55.000
260.708,345.989,18.000,55.000
261.403,346.406,18.000,55.000
259.040,347.101,18.000,55.000
258.067,347.796,18.000,55.000
257.650,348.491,18.000,55.000
258.901,347.796,18.000,55.000
259.874,347.935,18.000,55.000
259.735,349.464,18.000,55.000
258.206,352.662,18.000,55.000
256.121,355.303,18.000,55.000
254.036,356.832,18.000,55.000
251.395,356.137,18.000,55.000
247.642,357.388,18.000,55.000
244.722,358.361,18.000,55.000
242.637,357.666,18.000,55.000
241.942,355.581,18.000,55.000
241.525,356.554,18.000,55.000
241.386,356.693,18.000,55.000
240.135,355.998,18.000,55.000
238.884,357.805,18.000,55.000
237.911,359.890,18.000,55.000
236.382,361.697,18.000,55.000
234.575,363.226,18.000,55.000
234.992,364.199,18.000,55.000
233.741,362.392,18.000,55.000
233.046,363.643,18.000,55.000
231.516,365.450,18.000,55.000
230.019,363.544,18.398,56.217
228.741,361.981,18.398,56.217
226.326,360.327,18.805,57.461
225.063,358.336,19.221,58.732
222.848,355.376,19.647,60.031
222.788,352.036,20.081,61.360
220.153,347.978,20.526,62.717
218.446,345.475,20.980,64.105
216.987,347.581,20.980,64.105
215.205,349.040,20.980,64.105
212.788,346.817,21.444,65.523
214.440,345.921,21.918,66.973
212.969,346.058,22.403,68.455
211.105,346.557,22.899,69.969
209.514,349.917,22.899,69.969
210.398,351.155,22.899,69.969
208.806,352.393,22.899,69.969
208.370,352.536,23.406,71.517
206.020,351.994,23.406,71.517
203.698,352.891,23.923,73.100
201.708,353.807,24.453,74.717
199.253,354.752,24.453,74.717
196.436,352.162,24.994,76.370
193.926,353.899,24.994,76.370
191.447,354.055,25.547,78.060
188.882,356.225,25.547,78.060
186.348,353.520,26.112,79.787
184.176,354.520,26.690,81.552
181.529,358.109,27.280,83.356
178.822,362.214,27.884,85.201
177.746,363.291,27.884,85.201
175.426,362.572,28.501,87.086
173.446,362.792,28.501,87.086
171.075,362.057,29.131,89.012
170.519,363.639,29.776,90.982
168.997,366.689,30.435,92.995
165.471,365.984,30.435,92.995
163.428,366.174,31.108,95.052
164.629,369.297,31.108,95.052
162.042,371.984,31.796,97.155
159.397,371.164,32.500,99.305
155.652,368.764,33.219,101.502
154.370,372.612,33.219,101.502
152.061,376.973,33.219,101.502
150.265,376.204,33.219,101.502
148.567,373.750,33.954,103.748
145.743,375.595,34.705,106.043
142.300,375.812,35.473,108.389
139.286,370.607,35.473,108.389
135.199,365.145,36.258,110.788
132.764,361.304,37.060,113.239
133.839,355.004,37.880,115.744
134.331,348.564,38.718,118.305
137.620,347.667,38.718,118.305
141.507,349.162,38.718,118.305
146.973,345.061,39.575,120.922
158.267,344.674,40.450,123.598
167.867,339.094,41.345,126.333
179.681,334.943,41.345,126.333
185.748,337.178,41.345,126.333
193.572,342.737,42.260,129.128
200.215,348.419,43.195,131.985
204.237,354.227,44.151,134.905
208.347,355.919,45.127,137.889
213.271,352.585,46.126,140.940
216.826,355.831,47.146,144.059
216.683,358.392,48.190,147.246
218.852,361.783,49.256,150.504
216.334,366.038,50.346,153.834
216.987,366.353,51.459,157.237
220.564,370.724,51.459,157.237
224.141,373.506,51.459,157.237
228.932,375.478,52.598,160.716
235.837,380.758,52.598,160.716
241.577,374.345,53.762,164.272
243.653,368.947,53.762,164.272
241.577,366.041,53.762,164.272
235.382,356.039,54.951,167.906
229.931,345.816,56.167,171.621
225.259,336.267,57.410,175.418
225.703,323.410,57.410,175.418
231.047,312.729,58.680,179.300
226.969,305.025,58.680,179.300
233.372,307.273,59.978,183.267
231.056,300.325,59.978,183.267
237.078,293.378,59.978,183.267
242.173,296.620,59.978,183.267
245.835,299.879,61.305,187.321
250.096,299.405,61.305,187.321
255.303,293.251,61.305,187.321
263.352,292.777,61.305,187.321
266.666,298.932,61.305,187.321
269.980,294.671,61.305,187.321
274.241,302.719,61.305,187.321
270.927,309.821,61.305,187.321
270.454,316.923,61.305,187.321
268.086,318.343,61.305,187.321
262.879,310.295,61.305,187.321
258.762,305.766,62.662,191.466
254.407,307.218,62.662,191.466
249.084,299.959,62.662,191.466
246.664,293.668,62.662,191.466
241.341,291.249,62.662,191.466
244.728,293.668,62.662,191.466
248.116,288.345,62.662,191.466
258.278,293.668,62.662,191.466
265.537,285.442,62.662,191.466
270.860,276.247,62.662,191.466
273.280,270.924,62.662,191.466
276.667,265.601,62.662,191.466
284.894,261.246,62.662,191.466
286.345,255.923,62.662,191.466
288.765,261.246,62.662,191.466
286.345,268.504,62.662,191.466
292.636,272.860,62.662,191.466
298.927,273.344,62.662,191.466
301.347,277.699,62.662,191.466
300.863,281.086,62.662,191.466
296.508,274.795,62.662,191.466
301.831,270.440,62.662,191.466
299.411,269.956,62.662,191.466
294.088,274.312,62.662,191.466
285.862,271.892,62.662,191.466
281.506,276.247,62.662,191.466
276.183,274.795,62.662,191.466
273.764,269.472,62.662,191.466
270.376,263.181,62.662,191.466
267.956,266.569,62.662,191.466
259.730,270.924,62.662,191.466
254.407,275.279,62.662,191.466
251.987,271.892,62.662,191.466
250.535,276.247,62.662,191.466
248.116,280.602,62.662,191.466
249.567,275.279,62.662,191.466
251.987,279.635,62.662,191.466
247.632,276.247,62.662,191.466
245.212,280.602,62.662,191.466
242.793,272.376,62.662,191.466
237.469,267.053,62.662,191.466
231.179,261.730,62.662,191.466
237.469,265.117,62.662,191.466
242.793,269.472,62.662,191.466
251.019,274.795,62.662,191.466
257.310,278.183,62.662,191.466
264.569,282.538,62.662,191.466
269.892,288.829,62.662,191.466
277.151,306.734,62.662,191.466
284.410,325.607,62.662,191.466
288.765,332.866,62.662,191.466
293.120,338.189,62.662,191.466
289.733,332.866,62.662,191.466
294.088,340.125,62.662,191.466
294.572,344.480,62.662,191.466
298.927,347.867,62.662,191.466
295.540,348.351,62.662,191.466
296.992,347.867,62.662,191.466
298.443,352.223,62.662,191.466
301.831,359.481,62.662,191.466
297.476,366.740,62.662,191.466
293.120,373.031,62.662,191.466
287.797,376.419,62.662,191.466
286.345,379.806,62.662,191.466
283.926,383.194,62.662,191.466
279.571,388.517,62.662,191.466
274.247,396.743,62.662,191.466
274.731,395.292,62.662,191.466
277.151,390.936,62.662,191.466
274.731,391.420,62.662,191.466
273.280,385.129,62.662,191.466
270.860,377.870,62.662,191.466
269.408,370.612,62.662,191.466
266.989,363.353,62.662,191.466
268.440,355.126,62.662,191.466
270.860,348.835,62.662,191.466
274.247,341.576,62.662,191.466
272.796,343.996,62.662,191.466
270.596,346.397,64.048,195.702
273.480,348.850,65.465,200.032
269.941,351.378,65.465,200.032
272.469,347.839,65.465,200.032
270.952,354.411,65.465,200.032
271.458,357.950,65.465,200.032
270.209,360.458,66.913,204.458
264.644,363.022,68.394,208.981
254.608,370.945,68.394,208.981
255.136,371.473,68.394,208.981
251.439,375.170,68.394,208.981
251.967,379.924,68.394,208.981
253.552,385.734,68.394,208.981
253.023,392.600,68.394,208.981
252.495,401.580,68.394,208.981
255.136,398.939,68.394,208.981
262.003,391.016,68.394,208.981
267.813,379.924,68.394,208.981
273.623,368.832,68.394,208.981
278.376,358.796,68.394,208.981
288.779,351.352,66.935,204.525
300.668,342.564,66.935,204.525
312.557,345.149,66.935,204.525
322.379,346.699,66.935,204.525
330.566,342.403,65.508,200.163
344.430,337.223,64.111,195.895
362.749,339.699,64.111,195.895
380.078,345.145,64.111,195.895
389.486,348.611,64.111,195.895
396.912,342.174,64.111,195.895
414.241,340.689,64.111,195.895
427.609,333.262,64.111,195.895
435.036,328.806,64.111,195.895
440.969,334.235,62.744,191.717
443.392,337.627,62.744,191.717
447.753,341.988,62.744,191.717
443.392,344.411,62.744,191.717
450.132,340.384,61.406,187.629
445.864,345.600,61.406,187.629
442.545,347.971,61.406,187.629
437.328,343.703,61.406,187.629
431.163,346.074,61.406,187.629
422.153,349.394,61.406,187.629
401.762,353.662,61.406,187.629
386.112,357.930,61.406,187.629
373.308,354.610,61.406,187.629
359.556,355.085,61.406,187.629
348.649,358.404,61.406,187.629
338.690,358.878,61.406,187.629
328.732,361.249,61.406,187.629
320.670,366.466,61.406,187.629
316.402,365.992,61.406,187.629
311.185,365.517,61.406,187.629
305.020,367.889,61.406,187.629
298.856,369.311,61.406,187.629
295.536,365.992,61.406,187.629
289.371,364.569,61.406,187.629
282.258,365.992,61.406,187.629
277.990,369.311,61.406,187.629
277.516,372.631,61.406,187.629
272.299,372.157,61.406,187.629
274.670,371.682,61.406,187.629
271.351,375.002,61.406,187.629
272.773,378.321,61.406,187.629
275.144,379.744,61.406,187.629
275.619,381.167,61.406,187.629
276.093,378.796,61.406,187.629
279.412,382.115,61.406,187.629
280.835,383.538,61.406,187.629
282.258,376.425,61.406,187.629
284.629,370.260,61.406,187.629
282.258,368.837,61.406,187.629
282.732,366.466,61.406,187.629
279.412,365.043,61.406,187.629
276.093,360.775,61.406,187.629
277.516,358.404,61.406,187.629
274.057,356.291,60.096,183.627
272.664,354.899,60.096,183.627
269.415,357.219,60.096,183.627
266.343,349.891,61.426,187.690
266.817,344.673,61.426,187.690
267.292,349.891,61.426,187.690
264.920,357.007,61.426,187.690
262.764,363.297,62.785,191.843
262.279,370.570,62.785,191.843
258.885,373.965,62.785,191.843
257.430,368.631,62.785,191.843
259.855,372.995,62.785,191.843
258.400,365.722,62.785,191.843
260.824,358.449,62.785,191.843
262.279,350.206,62.785,191.843
259.069,350.599,64.174,196.087
257.582,345.147,64.174,196.087
257.087,340.687,64.174,196.087
252.626,345.147,64.174,196.087
248.166,345.643,64.174,196.087
243.706,346.138,64.174,196.087
236.272,349.608,64.174,196.087
229.829,349.112,64.174,196.087
225.368,340.687,64.174,196.087
223.882,330.279,64.174,196.087
225.368,319.872,64.174,196.087
231.811,308.473,64.174,196.087
240.236,297.074,64.174,196.087
249.653,282.701,64.174,196.087
258.458,265.207,62.806,191.906
274.464,253.081,62.806,191.906
285.620,240.956,62.806,191.906
293.865,241.441,62.806,191.906
298.742,248.629,61.466,187.813
301.116,251.952,61.466,187.813
301.590,255.275,61.466,187.813
303.014,258.598,61.466,187.813
299.692,261.921,61.466,187.813
297.318,270.940,61.466,187.813
295.894,284.706,61.466,187.813
292.571,290.877,61.466,187.813
291.147,286.604,61.466,187.813
296.369,290.877,61.466,187.813
299.692,289.452,61.466,187.813
303.964,282.332,61.466,187.813
305.388,279.009,61.466,187.813
303.964,275.687,61.466,187.813
308.236,279.009,61.466,187.813
305.863,276.636,61.466,187.813
311.084,279.959,61.466,187.813
314.407,284.231,61.466,187.813
320.578,279.009,61.466,187.813
331.496,277.585,61.466,187.813
341.464,275.212,61.466,187.813
350.483,277.585,61.466,187.813
357.604,279.009,61.466,187.813
363.775,280.433,61.466,187.813
369.946,279.009,61.466,187.813
376.116,281.383,61.466,187.813
382.287,288.503,61.466,187.813
380.863,291.826,61.466,187.813
373.743,294.199,61.466,187.813
367.572,298.472,61.466,187.813
371.430,300.932,60.155,183.808
376.540,305.113,60.155,183.808
381.651,313.010,60.155,183.808
391.407,316.262,60.155,183.808
396.517,313.940,60.155,183.808
399.769,317.191,60.155,183.808
404.879,324.160,60.155,183.808
409.989,327.412,60.155,183.808
409.525,320.443,60.155,183.808
407.202,318.121,60.155,183.808
398.375,320.443,60.155,183.808
374.682,318.121,60.155,183.808
357.493,326.018,60.155,183.808
344.021,331.128,60.155,183.808
321.257,324.160,60.155,183.808
310.572,318.121,60.155,183.808
293.383,322.302,60.155,183.808
278.982,328.341,60.155,183.808
270.155,332.522,60.155,183.808
263.186,339.491,60.155,183.808
256.218,342.743,60.155,183.808
257.612,348.782,60.155,183.808
249.714,353.892,60.155,183.808
251.108,360.861,60.155,183.808
255.289,365.042,60.155,183.808
253.895,359.931,60.155,183.808
263.651,353.892,60.155,183.808
268.761,332.987,60.155,183.808
263.651,321.373,60.155,183.808
253.895,315.333,60.155,183.808
234.848,307.436,60.155,183.808
216.730,304.184,60.155,183.808
212.549,301.861,60.155,183.808
211.155,292.105,60.155,183.808
217.194,286.995,60.155,183.808
222.305,282.814,60.155,183.808
226.486,277.703,60.155,183.808
236.242,270.735,60.155,183.808
252.501,263.766,60.155,183.808
264.116,256.798,60.155,183.808
274.801,251.688,60.155,183.808
284.556,249.365,60.155,183.808
298.029,255.404,60.155,183.808
305.926,257.727,60.155,183.808
314.753,260.050,60.155,183.808
319.863,267.948,60.155,183.808
315.682,275.845,60.155,183.808
313.360,285.601,60.155,183.808
315.682,291.640,60.155,183.808
312.430,289.318,60.155,183.808
308.249,291.640,60.155,183.808
310.572,293.963,60.155,183.808
316.611,286.066,60.155,183.808
324.509,277.239,60.155,183.808
330.548,272.129,60.155,183.808
346.808,278.168,60.155,183.808
358.422,274.916,60.155,183.808
369.107,278.168,60.155,183.808
380.722,284.207,60.155,183.808
391.407,282.814,60.155,183.808
406.737,273.987,60.155,183.808
415.564,268.877,60.155,183.808
422.922,265.015,58.873,179.888
421.558,266.379,58.873,179.888
427.469,265.925,58.873,179.888
426.105,271.835,58.873,179.888
431.553,277.697,57.617,176.052
427.548,279.922,57.617,176.052
431.553,278.587,57.617,176.052
432.888,286.152,57.617,176.052
429.642,297.035,56.388,172.298
424.852,297.471,56.388,172.298
420.062,305.745,56.388,172.298
410.917,311.406,56.388,172.298
401.772,318.809,56.388,172.298
383.917,325.341,56.388,172.298
368.676,327.519,56.388,172.298
361.273,331.438,56.388,172.298
351.257,333.615,56.388,172.298
339.499,329.696,56.388,172.298
332.096,326.648,56.388,172.298
324.693,330.567,56.388,172.298
319.903,331.873,56.388,172.298
315.112,334.922,56.388,172.298
309.451,337.970,56.388,172.298
307.274,341.018,56.388,172.298
306.838,336.228,56.388,172.298
302.048,327.954,56.388,172.298
302.484,322.293,56.388,172.298
306.403,322.728,56.388,172.298
303.355,317.938,56.388,172.298
306.403,312.277,56.388,172.298
302.484,309.229,56.388,172.298
295.952,314.019,56.388,172.298
290.290,316.196,56.388,172.298
282.887,311.406,56.388,172.298
276.355,308.358,56.388,172.298
267.210,311.406,56.388,172.298
255.453,316.196,56.388,172.298
246.400,316.774,55.186,168.623
237.540,321.448,54.009,165.028
222.942,316.025,54.009,165.028
214.183,310.603,54.009,165.028
203.100,317.589,52.857,161.508
187.180,311.466,52.857,161.508
180.241,306.976,52.857,161.508
174.118,311.466,52.857,161.508
159.014,314.323,52.857,161.508
152.891,311.466,52.857,161.508
145.951,313.507,52.857,161.508
138.196,313.915,52.857,161.508
131.256,310.241,52.857,161.508
123.500,306.568,52.857,161.508
114.112,307.792,52.857,161.508
108.805,304.118,52.857,161.508
104.315,300.444,52.857,161.508
99.824,297.587,52.857,161.508
96.967,298.812,52.857,161.508
94.926,302.485,52.857,161.508
98.600,307.792,52.857,161.508
97.375,310.650,52.857,161.508
100.233,312.691,52.857,161.508
103.090,313.915,52.857,161.508
110.030,317.589,52.857,161.508
116.969,318.814,52.857,161.508
123.908,320.038,52.857,161.508
131.664,316.364,52.857,161.508
137.787,318.405,52.857,161.508
143.910,315.548,52.857,161.508
150.034,313.507,52.857,161.508
154.524,314.732,52.857,161.508
159.014,315.140,52.857,161.508
163.504,312.282,52.857,161.508
159.830,311.058,52.857,161.508
163.504,307.384,52.857,161.508
164.729,302.894,52.857,161.508
165.953,300.853,52.857,161.508
166.362,296.362,52.857,161.508
171.668,300.036,52.857,161.508
175.342,299.628,52.857,161.508
179.832,302.485,52.857,161.508
177.791,306.159,52.857,161.508
177.383,305.751,52.857,161.508
181.873,305.343,52.857,161.508
179.832,309.017,52.857,161.508
181.057,308.609,52.857,161.508
186.364,305.751,52.857,161.508
192.487,309.425,52.857,161.508
196.161,312.282,52.857,161.508
199.018,314.323,52.857,161.508
201.875,311.466,52.857,161.508
203.916,310.241,52.857,161.508
205.141,317.181,52.857,161.508
203.916,321.671,52.857,161.508
205.141,319.630,52.857,161.508
208.815,321.671,52.857,161.508
211.672,322.896,52.857,161.508
212.081,329.019,52.857,161.508
210.856,326.978,52.857,161.508
212.897,329.835,52.857,161.508
214.938,335.958,52.857,161.508
217.795,336.366,52.857,161.508
219.836,329.427,52.857,161.508
222.694,324.937,52.857,161.508
226.368,327.794,52.857,161.508
228.409,324.937,52.857,161.508
230.450,316.364,52.857,161.508
233.307,308.609,52.857,161.508
238.614,305.751,52.857,161.508
242.288,307.792,52.857,161.508
239.430,311.466,52.857,161.508
244.737,309.425,52.857,161.508
247.594,308.200,52.857,161.508
243.920,311.058,52.857,161.508
245.961,314.732,52.857,161.508
243.104,314.323,52.857,161.508
241.879,309.833,52.857,161.508
243.104,308.609,52.857,161.508
240.247,309.017,52.857,161.508
237.389,304.526,52.857,161.508
236.165,297.587,52.857,161.508
233.307,300.444,52.857,161.508
230.450,303.302,52.857,161.508
233.307,297.995,52.857,161.508
232.899,297.587,52.857,161.508
237.389,299.628,52.857,161.508
244.329,297.587,52.857,161.508
251.268,302.894,52.857,161.508
256.575,309.017,52.857,161.508
264.331,311.058,52.857,161.508
275.352,305.751,52.857,161.508
287.190,301.261,52.857,161.508
296.579,297.587,52.857,161.508
305.967,297.179,52.857,161.508
312.907,290.239,52.857,161.508
319.846,285.749,52.857,161.508
324.337,289.423,52.857,161.508
324.745,290.648,52.857,161.508
323.520,287.790,52.857,161.508
321.479,284.933,52.857,161.508
322.704,282.075,52.857,161.508
321.479,284.933,52.857,161.508
316.173,288.607,52.857,161.508
310.049,284.933,52.857,161.508
304.743,286.157,52.857,161.508
296.987,284.933,52.857,161.508
290.047,277.993,52.857,161.508
283.924,271.870,52.857,161.508
276.985,277.993,52.857,161.508
270.045,282.483,52.857,161.508
267.188,273.911,52.857,161.508
267.596,271.870,52.857,161.508
263.922,276.360,52.857,161.508
261.881,275.952,52.857,161.508
261.473,280.442,52.857,161.508
259.283,287.279,51.730,158.064
264.840,291.660,50.627,154.693
266.795,288.141,50.627,154.693
264.058,294.006,50.627,154.693
264.449,300.653,50.627,154.693
264.840,308.081,50.627,154.693
265.231,313.164,50.627,154.693
264.840,316.683,50.627,154.693
261.321,320.984,50.627,154.693
259.366,325.284,50.627,154.693
262.885,318.638,50.627,154.693
258.584,315.119,50.627,154.693
255.847,315.510,50.627,154.693
255.456,308.863,50.627,154.693
256.629,302.999,50.627,154.693
256.238,298.698,50.627,154.693
256.084,288.468,51.747,158.116
254.885,284.871,51.747,158.116
256.084,282.074,51.747,158.116
257.283,282.474,51.747,158.116
260.880,282.873,51.747,158.116
266.075,278.477,51.747,158.116
265.675,275.680,51.747,158.116
266.874,280.875,51.747,158.116
263.189,288.339,50.643,154.744
263.580,286.383,50.643,154.744
267.882,280.517,50.643,154.744
272.184,273.086,50.643,154.744
275.704,269.566,50.643,154.744
279.224,273.086,50.643,154.744
277.269,271.130,50.643,154.744
278.442,267.610,50.643,154.744
282.744,264.090,50.643,154.744
282.353,264.481,50.643,154.744
282.744,264.872,50.643,154.744
288.611,269.957,50.643,154.744
284.309,272.695,50.643,154.744
289.393,270.739,50.643,154.744
281.962,266.437,50.643,154.744
266.292,267.710,49.564,151.444
256.122,282.975,48.507,148.214
242.261,289.343,48.507,148.214
238.141,288.969,48.507,148.214
223.224,286.940,49.580,151.494
212.886,288.089,49.580,151.494
202.548,282.346,49.580,151.494
195.273,291.152,49.580,151.494
187.232,293.067,49.580,151.494
173.831,290.387,49.580,151.494
162.727,288.472,49.580,151.494
156.218,294.215,49.580,151.494
148.943,287.706,49.580,151.494
146.150,281.571,48.522,148.263
149.522,275.201,48.522,148.263
152.145,277.075,48.522,148.263
150.272,269.955,48.522,148.263
153.644,266.582,48.522,148.263
154.019,271.454,48.522,148.263
155.143,268.081,48.522,148.263
158.911,267.856,47.488,145.101
162.945,268.956,47.488,145.101
158.911,264.922,47.488,145.101
162.212,260.155,47.488,145.101
164.046,262.722,47.488,145.101
168.080,259.421,47.488,145.101
166.980,264.189,47.488,145.101
168.813,268.956,47.488,145.101
167.713,263.455,47.488,145.101
165.879,268.223,47.488,145.101
168.446,271.524,47.488,145.101
162.212,276.291,47.488,145.101
157.444,281.792,47.488,145.101
161.478,288.027,47.488,145.101
158.178,289.127,47.488,145.101
160.745,293.895,47.488,145.101
163.312,300.863,47.488,145.101
157.078,306.364,47.488,145.101
160.378,311.865,47.488,145.101
162.212,313.698,47.488,145.101
166.246,316.265,47.488,145.101
165.879,313.698,47.488,145.101
166.980,316.999,47.488,145.101
168.813,315.165,47.488,145.101
170.951,307.853,48.538,148.312
173.575,305.229,48.538,148.312
177.699,299.606,48.538,148.312
183.636,300.104,47.503,145.149
189.139,296.068,47.503,145.149
191.707,290.565,47.503,145.149
195.742,287.997,47.503,145.149
199.044,288.364,47.503,145.149
201.612,284.329,47.503,145.149
199.777,279.560,47.503,145.149
202.345,273.323,47.503,145.149
207.449,269.567,46.490,142.054
