326.000,414.000,15.000,42.000
327.045,417.007,15.000,42.000
326.282,417.552,15.000,42.000
325.955,417.007,15.000,42.000
325.410,416.244,15.000,42.000
324.865,417.879,15.000,42.000
324.538,419.079,15.000,42.000
322.249,420.714,15.000,42.000
320.177,420.169,15.000,42.000
318.760,420.932,15.000,42.000
319.305,420.169,15.000,42.000
317.016,420.932,15.000,42.000
315.817,421.477,15.000,42.000
316.144,421.586,15.000,42.000
316.253,421.913,15.000,42.000
315.926,421.586,15.000,42.000
316.907,422.785,15.000,42.000
317.234,422.676,15.000,42.000
317.343,422.349,15.000,42.000
317.888,423.548,15.000,42.000
317.779,424.311,15.000,42.000
316.362,424.638,15.000,42.000
317.561,423.003,15.000,42.000
318.978,423.112,15.000,42.000
319.087,423.875,15.000,42.000
319.196,424.638,15.000,42.000
319.741,425.619,15.000,42.000
323.339,428.127,15.000,42.000
324.756,432.160,15.000,42.000
323.339,433.577,15.000,42.000
321.921,432.160,15.000,42.000
320.722,430.961,15.000,42.000
321.485,430.416,15.000,42.000
320.504,428.781,15.000,42.000
319.741,427.799,15.000,42.000
318.760,428.781,15.000,42.000
316.471,429.326,15.000,42.000
315.054,431.397,15.000,42.000
314.509,434.340,15.000,42.000
313.528,438.156,15.000,42.000
312.764,440.445,15.000,42.000
312.219,442.080,15.000,42.000
309.712,441.535,15.000,42.000
308.731,437.284,15.000,42.000
310.148,434.776,15.000,42.000
308.295,429.871,15.000,42.000
304.698,426.273,15.000,42.000
301.318,422.458,15.000,42.000
300.773,423.439,15.000,42.000
299.792,423.984,15.000,42.000
299.465,424.965,15.000,42.000
301.754,428.999,15.000,42.000
301.863,427.581,15.000,42.000
301.318,427.472,15.000,42.000
299.683,425.837,15.000,42.000
299.356,424.856,15.000,42.000
297.939,425.619,15.000,42.000
295.213,424.856,15.000,42.000
293.142,424.747,15.000,42.000
292.379,424.420,15.000,42.000
291.180,423.221,15.000,42.000
287.147,421.368,15.000,42.000
286.383,419.951,15.000,42.000
285.620,419.188,15.000,42.000
285.729,419.951,15.000,42.000
285.184,420.496,15.000,42.000
285.947,421.695,15.000,42.000
287.801,422.676,15.000,42.000
288.564,423.221,15.000,42.000
288.891,423.548,15.000,42.000
289.436,422.785,15.000,42.000
288.891,423.112,15.000,42.000
289.000,423.221,15.000,42.000
287.801,421.150,15.000,42.000
287.474,419.079,15.000,42.000
287.365,416.789,15.000,42.000
286.383,414.718,15.000,42.000
286.056,413.301,15.000,42.000
285.947,411.448,15.000,42.000
284.748,407.850,15.000,42.000
283.767,404.907,15.000,42.000
283.004,400.873,15.000,42.000
282.459,396.622,15.000,42.000
281.696,392.152,15.000,42.000
280.933,389.863,15.000,42.000
279.952,386.266,15.000,42.000
279.407,386.593,15.000,42.000
278.862,384.958,15.000,42.000
278.317,382.232,15.000,42.000
277.772,380.379,15.000,42.000
278.753,380.052,15.000,42.000
278.426,379.071,15.000,42.000
279.843,378.526,15.000,42.000
280.606,379.289,15.000,42.000
280.061,380.488,15.000,42.000
280.606,381.251,15.000,42.000
280.497,382.450,15.000,42.000
280.170,383.868,15.000,42.000
279.843,386.157,15.000,42.000
280.824,387.792,15.000,42.000
280.061,386.811,15.000,42.000
279.952,386.702,15.000,42.000
279.189,387.029,15.000,42.000
277.990,386.266,15.000,42.000
277.226,387.465,15.000,42.000
274.719,387.574,15.000,42.000
273.956,387.901,15.000,42.000
270.141,386.920,15.000,42.000
267.415,387.465,15.000,42.000
266.216,386.266,15.000,42.000
263.927,386.593,15.000,42.000
264.036,387.574,15.000,42.000
263.491,388.555,15.000,42.000
263.382,389.100,15.000,42.000
262.401,388.555,15.000,42.000
262.728,389.100,15.000,42.000
262.837,389.209,15.000,42.000
261.856,390.190,15.000,42.000
261.747,390.299,15.000,42.000
260.984,390.190,15.000,42.000
260.657,388.991,15.000,42.000
260.984,389.972,15.000,42.000
259.784,390.299,15.000,42.000
260.330,390.844,15.000,42.000
260.221,391.171,15.000,42.000
261.420,393.679,15.000,42.000
262.183,396.186,15.000,42.000
262.946,398.257,15.000,42.000
263.273,399.456,15.000,42.000
262.728,400.219,15.000,42.000
263.927,401.201,15.000,42.000
263.600,400.437,15.000,42.000
264.145,399.674,15.000,42.000
263.382,398.693,15.000,42.000
264.363,397.930,15.000,42.000
264.254,396.731,15.000,42.000
263.709,395.750,15.000,42.000
264.254,396.295,15.000,42.000
263.273,397.058,15.000,42.000
262.946,397.603,15.000,42.000
261.965,398.366,15.000,42.000
261.202,399.129,15.000,42.000
260.875,398.802,15.000,42.000
260.369,397.320,15.332,42.929
259.812,398.545,15.332,42.929
259.255,397.097,15.332,42.929
259.144,396.540,15.332,42.929
258.364,395.314,15.332,42.929
256.470,395.425,15.332,42.929
255.467,393.977,15.332,42.929
253.795,391.860,15.332,42.929
251.010,391.748,15.332,42.929
250.230,390.300,15.332,42.929
247.667,388.406,15.332,42.929
244.659,385.397,15.332,42.929
241.427,381.497,15.332,42.929
239.533,380.049,15.332,42.929
237.416,381.720,15.332,42.929
237.750,387.180,15.332,42.929
235.633,391.526,15.332,42.929
234.630,393.866,15.332,42.929
237.193,397.097,15.332,42.929
244.213,402.557,15.332,42.929
251.010,404.005,15.332,42.929
258.698,402.111,15.332,42.929
267.278,400.662,15.332,42.929
275.412,401.888,15.332,42.929
279.757,400.885,15.332,42.929
278.754,399.214,15.332,42.929
276.637,394.423,15.332,42.929
277.417,388.294,15.332,42.929
278.197,386.177,15.332,42.929
272.292,389.186,15.332,42.929
264.158,394.868,15.332,42.929
254.464,398.768,15.332,42.929
243.656,397.765,15.332,42.929
239.087,393.643,15.332,42.929
235.633,388.629,15.332,42.929
229.951,385.174,15.332,42.929
224.268,386.177,15.332,42.929
219.477,388.517,15.332,42.929
216.245,390.857,15.332,42.929
211.454,391.637,15.332,42.929
207.331,393.086,15.332,42.929
202.317,394.980,15.332,42.929
198.640,397.765,15.332,42.929
194.963,398.100,15.332,42.929
192.623,397.765,15.332,42.929
190.952,398.991,15.332,42.929
188.835,401.331,15.332,42.929
187.164,404.785,15.332,42.929
185.715,406.011,15.332,42.929
186.049,404.339,15.332,42.929
187.944,404.451,15.332,42.929
189.169,404.562,15.332,42.929
190.618,404.897,15.332,42.929
193.626,404.562,15.332,42.929
196.858,402.445,15.332,42.929
200.757,398.768,15.332,42.929
203.543,395.314,15.332,42.929
205.883,394.088,15.332,42.929
208.446,392.863,15.332,42.929
210.117,394.534,15.332,42.929
212.457,397.543,15.332,42.929
216.357,400.328,15.332,42.929
218.920,402.222,15.332,42.929
221.037,401.220,15.332,42.929
222.708,399.994,15.332,42.929
221.482,399.214,15.332,42.929
217.137,399.994,15.332,42.929
213.014,401.888,15.332,42.929
210.674,403.782,15.332,42.929
209.226,405.454,15.332,42.929
208.446,406.902,15.332,42.929
206.997,408.351,15.332,42.929
206.250,408.454,15.671,43.879
206.819,408.795,15.671,43.879
208.072,411.187,15.671,43.879
206.819,410.162,15.671,43.879
208.300,411.187,15.671,43.879
210.236,412.895,15.671,43.879
211.716,411.870,15.671,43.879
212.513,410.618,15.671,43.879
213.311,411.643,15.671,43.879
214.791,412.440,15.671,43.879
217.638,411.187,15.671,43.879
219.001,409.166,16.018,44.850
219.911,410.240,16.372,45.842
221.696,414.166,16.372,45.842
221.391,415.758,16.734,46.856
220.540,420.987,16.734,46.856
222.121,424.514,16.734,46.856
221.026,429.744,16.734,46.856
218.716,431.811,16.734,46.856
216.405,433.879,16.734,46.856
213.822,436.010,17.105,47.893
213.201,440.609,17.105,47.893
211.336,440.236,17.105,47.893
209.223,438.620,17.105,47.893
210.590,437.999,17.105,47.893
211.212,436.631,17.105,47.893
209.845,436.010,17.105,47.893
210.963,437.129,17.105,47.893
210.093,435.513,17.105,47.893
211.212,434.891,17.105,47.893
210.590,436.010,17.105,47.893
211.709,435.886,17.105,47.893
211.833,437.253,17.105,47.893
213.698,439.863,17.105,47.893
215.314,441.728,17.105,47.893
216.681,443.344,17.105,47.893
218.546,445.955,17.105,47.893
221.405,446.825,17.105,47.893
223.270,449.435,17.105,47.893
223.394,450.803,17.105,47.893
226.171,452.981,17.483,48.953
227.691,458.635,17.870,50.036
227.302,464.220,17.870,50.036
225.094,466.427,17.870,50.036
224.223,463.583,18.265,51.143
221.955,465.083,18.669,52.274
219.355,466.335,19.083,53.431
214.972,468.190,19.505,54.613
214.609,467.145,19.936,55.821
216.342,468.181,20.377,57.057
214.427,467.089,20.828,58.319
213.097,470.369,21.289,59.609
210.775,469.229,21.760,60.928
210.698,471.672,22.241,62.276
210.537,470.217,22.241,62.276
209.117,465.671,22.734,63.654
207.630,462.201,22.734,63.654
204.160,458.071,22.734,63.654
202.673,454.271,22.734,63.654
201.186,447.828,22.734,63.654
198.708,440.393,22.734,63.654
198.873,441.550,22.734,63.654
199.699,440.393,22.734,63.654
202.012,440.276,22.249,62.297
203.790,442.054,22.249,62.297
206.216,441.246,22.249,62.297
207.671,441.407,22.249,62.297
207.833,440.922,22.249,62.297
207.024,443.024,22.249,62.297
206.539,444.803,22.249,62.297
205.731,445.611,22.249,62.297
204.981,439.386,22.741,63.675
198.866,440.874,22.741,63.675
187.812,443.427,23.244,65.084
183.875,440.078,23.758,66.524
176.625,442.746,24.284,67.995
174.684,446.099,24.284,67.995
168.007,447.727,24.821,69.500
159.310,444.525,25.371,71.038
155.013,441.253,25.932,72.609
153.748,444.165,26.506,74.216
154.454,445.542,27.092,75.858
157.219,447.767,27.691,77.536
155.868,448.371,28.304,79.252
160.599,451.045,28.304,79.252
164.341,452.089,28.930,81.005
169.597,453.981,28.930,81.005
171.490,452.930,28.930,81.005
175.484,455.243,28.930,81.005
178.638,458.817,28.930,81.005
178.848,461.971,28.930,81.005
179.619,458.675,29.570,82.797
179.515,458.874,30.225,84.629
178.497,455.431,30.893,86.502
181.183,457.502,31.577,88.415
180.495,454.060,31.577,88.415
178.429,449.700,31.577,88.415
175.905,446.257,31.577,88.415
169.250,435.930,31.577,88.415
165.808,431.111,31.577,88.415
167.414,427.669,31.577,88.415
167.185,422.850,31.577,88.415
174.758,424.915,31.577,88.415
183.708,429.275,31.577,88.415
194.034,431.800,31.577,88.415
200.230,431.111,31.577,88.415
211.016,434.554,31.577,88.415
219.048,441.209,31.577,88.415
224.651,443.802,32.276,90.372
230.515,446.851,32.276,90.372
236.379,449.431,32.276,90.372
242.593,444.781,32.990,92.371
248.107,443.583,32.990,92.371
251.473,438.332,33.720,94.415
253.189,433.676,33.720,94.415
254.414,430.000,33.720,94.415
257.600,426.814,33.720,94.415
260.295,424.609,33.720,94.415
260.685,421.785,34.466,96.504
259.934,422.536,34.466,96.504
260.184,423.288,34.466,96.504
262.142,424.559,35.228,98.639
260.350,424.815,35.228,98.639
257.533,423.023,35.228,98.639
256.765,423.279,35.228,98.639
253.949,420.462,35.228,98.639
251.645,419.182,35.228,98.639
253.437,418.414,35.228,98.639
256.253,414.574,35.228,98.639
260.606,412.270,35.228,98.639
258.301,413.550,35.228,98.639
255.997,415.342,35.228,98.639
255.229,414.574,35.228,98.639
253.949,410.734,35.228,98.639
253.693,407.918,35.228,98.639
253.949,404.077,35.228,98.639
251.700,398.470,36.008,100.821
250.915,397.162,36.008,100.821
251.177,395.854,36.008,100.821
253.009,392.452,36.008,100.821
255.364,386.433,36.008,100.821
259.581,380.159,36.804,103.052
261.988,379.892,36.804,103.052
261.721,377.484,36.804,103.052
260.383,376.682,36.804,103.052
260.116,376.949,36.804,103.052
263.593,377.752,36.804,103.052
264.395,382.299,36.804,103.052
265.733,383.636,36.804,103.052
266.535,383.904,36.804,103.052
266.268,385.776,36.804,103.052
263.325,391.393,36.804,103.052
263.058,398.615,36.804,103.052
260.116,403.697,36.804,103.052
258.243,408.244,36.804,103.052
256.371,411.186,36.804,103.052
255.034,411.454,36.804,103.052
256.906,413.861,36.804,103.052
260.918,415.733,36.804,103.052
262.256,417.606,36.804,103.052
260.918,415.198,36.804,103.052
263.325,417.071,36.804,103.052
263.751,416.208,37.619,105.332
266.758,411.014,37.619,105.332
270.312,410.193,37.619,105.332
268.478,414.418,38.451,107.662
267.183,415.256,39.302,110.044
266.452,413.150,40.171,112.479
265.704,410.391,41.060,114.968
261.825,409.496,41.060,114.968
260.930,409.794,41.060,114.968
262.643,411.928,41.968,117.511
259.963,409.678,42.897,120.111
258.405,413.108,42.897,120.111
258.900,415.984,43.846,122.769
254.779,414.956,44.816,125.485
253.945,415.933,45.808,128.261
253.093,419.695,46.821,131.099
249.398,413.656,47.857,134.000
248.507,416.864,48.916,136.965
252.761,423.094,49.998,139.995
253.339,427.955,51.104,143.092
251.618,429.069,52.235,146.258
251.997,433.245,52.235,146.258
253.136,439.698,52.235,146.258
252.952,446.351,53.391,149.494
253.569,449.931,54.572,152.802
249.262,444.537,55.779,156.182
245.614,441.699,55.779,156.182
241.155,437.240,55.779,156.182
236.696,434.403,55.779,156.182
232.236,426.700,55.779,156.182
227.777,410.080,55.779,156.182
224.129,401.567,55.779,156.182
225.345,395.487,55.779,156.182
226.831,391.656,57.014,159.638
225.588,390.413,57.014,159.638
231.803,388.341,57.014,159.638
230.560,384.612,57.014,159.638
231.803,389.998,57.014,159.638
234.703,388.755,57.014,159.638
235.946,384.198,57.014,159.638
237.189,387.927,57.014,159.638
235.946,383.369,57.014,159.638
235.746,389.771,58.275,163.170
234.662,394.557,59.564,166.780
231.757,390.466,60.882,170.470
234.854,389.139,60.882,170.470
236.182,393.121,60.882,170.470
241.476,397.203,62.229,174.242
245.010,406.067,63.606,178.097
243.624,418.548,63.606,178.097
246.859,423.633,63.606,178.097
245.473,418.548,63.606,178.097
247.784,424.557,63.606,178.097
243.624,420.397,63.606,178.097
237.644,416.988,65.013,182.037
227.611,418.405,66.452,186.065
220.363,408.831,67.922,190.182
217.894,401.427,67.922,190.182
220.728,392.665,69.425,194.389
219.214,389.134,69.425,194.389
218.710,387.620,69.425,194.389
221.233,386.106,69.425,194.389
221.737,391.656,69.425,194.389
220.223,392.161,69.425,194.389
222.746,398.720,69.425,194.389
224.260,401.243,69.425,194.389
226.783,397.711,69.425,194.389
233.342,400.234,69.425,194.389
236.513,401.820,67.944,190.244
239.970,403.301,67.944,190.244
237.501,398.857,67.944,190.244
235.032,393.426,67.944,190.244
233.377,388.315,66.495,186.187
231.927,385.899,66.495,186.187
229.511,381.550,66.495,186.187
227.095,376.234,66.495,186.187
223.611,379.616,65.077,182.216
220.203,378.368,63.689,178.331
215.974,376.255,62.331,174.528
214.456,380.299,61.002,170.806
213.824,383.402,59.701,167.163
214.043,383.093,58.428,163.598
212.769,383.518,58.428,163.598
212.344,382.244,58.428,163.598
210.921,380.305,57.182,160.110
211.336,375.734,57.182,160.110
210.921,372.825,57.182,160.110
210.505,374.902,57.182,160.110
212.317,373.806,55.963,156.695
213.537,376.653,55.963,156.695
212.317,377.060,55.963,156.695
215.657,373.634,54.769,153.354
215.259,374.032,54.769,153.354
219.296,374.516,53.601,150.083
222.496,379.496,52.458,146.883
220.590,381.402,52.458,146.883
221.987,374.635,53.619,150.133
225.841,374.996,54.805,153.454
223.995,370.406,56.018,156.850
229.711,376.696,57.257,160.320
233.456,380.441,57.257,160.320
237.676,378.540,56.036,156.901
233.197,382.206,56.036,156.901
237.676,389.943,56.036,156.901
237.269,388.721,56.036,156.901
240.120,393.201,56.036,156.901
237.269,391.165,56.036,156.901
240.614,398.726,54.841,153.555
237.940,401.576,56.054,156.952
240.501,409.139,54.859,153.605
239.480,413.644,56.073,157.004
243.613,414.140,54.877,153.656
240.822,416.134,54.877,153.656
238.973,422.296,56.091,157.055
239.381,426.780,56.091,157.055
238.158,430.449,56.091,157.055
239.381,425.965,56.091,157.055
239.788,423.926,56.091,157.055
240.196,421.888,56.091,157.055
240.604,417.404,56.091,157.055
240.809,413.971,54.895,153.706
240.410,407.189,54.895,153.706
245.225,403.060,53.724,150.428
244.669,399.019,52.579,147.220
245.815,400.929,52.579,147.220
247.726,401.312,52.579,147.220
248.108,402.458,52.579,147.220
250.783,402.840,52.579,147.220
250.401,399.401,52.579,147.220
253.840,396.726,52.579,147.220
255.505,398.664,51.457,144.081
255.694,402.003,50.360,141.008
257.523,400.173,50.360,141.008
258.413,404.851,49.286,138.001
258.055,404.493,49.286,138.001
256.980,406.284,49.286,138.001
256.622,408.791,49.286,138.001
254.831,411.299,49.286,138.001
253.040,415.955,49.286,138.001
250.533,421.328,49.286,138.001
245.190,425.906,48.235,135.058
240.636,431.063,47.206,132.178
235.490,432.778,47.206,132.178
233.678,437.164,46.200,129.359
230.656,440.186,46.200,129.359
228.236,443.830,45.215,126.601
227.908,445.473,45.215,126.601
225.608,445.802,45.215,126.601
224.622,444.159,45.215,126.601
225.421,448.359,44.250,123.901
227.029,446.751,44.250,123.901
227.350,449.002,44.250,123.901
227.672,449.967,44.250,123.901
228.637,450.289,44.250,123.901
227.672,448.681,44.250,123.901
229.280,451.575,44.250,123.901
231.531,452.540,44.250,123.901
233.782,450.932,44.250,123.901
234.747,451.254,44.250,123.901
236.355,452.862,44.250,123.901
234.104,453.183,44.250,123.901
236.998,451.575,44.250,123.901
236.033,453.826,44.250,123.901
235.068,456.077,44.250,123.901
237.963,453.183,44.250,123.901
235.712,453.505,44.250,123.901
238.606,451.254,44.250,123.901
240.628,449.785,43.307,121.259
241.393,447.741,42.383,118.673
244.517,446.928,41.479,116.142
245.830,447.295,40.595,113.665
248.254,449.929,39.729,111.241
249.120,450.217,39.729,111.241
245.926,451.682,38.882,108.869
239.925,456.048,39.742,111.278
235.593,454.026,39.742,111.278
239.925,458.358,39.742,111.278
246.378,453.232,40.621,113.740
250.216,447.032,40.621,113.740
248.740,449.099,40.621,113.740
247.854,451.756,40.621,113.740
250.511,455.003,40.621,113.740
247.918,452.213,41.520,116.256
246.409,451.912,41.520,116.256
246.107,449.799,41.520,116.256
244.709,451.957,42.439,118.829
249.952,449.181,42.439,118.829
253.344,446.405,42.439,118.829
256.120,443.013,42.439,118.829
257.045,439.003,42.439,118.829
259.821,438.078,42.439,118.829
260.952,435.163,43.378,121.458
263.789,432.957,43.378,121.458
263.474,435.163,43.378,121.458
263.789,434.848,43.378,121.458
263.636,430.561,44.337,124.145
262.670,426.372,44.337,124.145
266.214,421.539,44.337,124.145
270.103,417.583,43.392,121.497
271.478,420.398,42.467,118.906
269.934,419.472,42.467,118.906
269.009,420.398,42.467,118.906
267.974,422.558,41.561,116.371
267.544,422.926,40.675,113.889
265.413,430.693,39.807,111.460
262.770,431.045,38.958,109.083
252.058,452.457,39.820,111.497
247.139,452.167,39.820,111.497
244.596,444.629,40.701,113.964
241.343,446.108,40.701,113.964
239.358,442.699,41.602,116.485
240.265,438.768,41.602,116.485
240.567,436.047,41.602,116.485
240.421,438.209,42.522,119.063
241.966,434.810,42.522,119.063
242.893,439.445,42.522,119.063
246.292,436.046,42.522,119.063
247.425,437.614,43.463,121.697
249.004,435.403,43.463,121.697
249.952,438.878,43.463,121.697
249.636,437.299,43.463,121.697
246.162,440.773,43.463,121.697
245.846,443.616,43.463,121.697
243.635,446.459,43.463,121.697
243.950,449.302,43.463,121.697
244.898,452.144,43.463,121.697
242.779,451.126,44.425,124.389
241.810,453.386,44.425,124.389
240.196,456.292,44.425,124.389
242.456,459.843,44.425,124.389
245.362,457.583,44.425,124.389
241.855,465.251,45.408,127.141
240.865,470.201,45.408,127.141
243.835,467.231,45.408,127.141
242.991,464.113,46.412,129.954
244.003,463.775,46.412,129.954
247.038,467.486,46.412,129.954
246.701,465.799,46.412,129.954
245.570,472.061,45.423,127.183
245.240,473.052,45.423,127.183
247.820,474.042,46.428,129.997
247.483,478.428,46.428,129.997
247.820,481.465,46.428,129.997
247.483,479.103,46.428,129.997
247.820,480.790,46.428,129.997
248.832,482.477,46.428,129.997
248.669,485.590,47.455,132.873
247.634,491.453,47.455,132.873
248.669,495.936,47.455,132.873
246.944,498.351,47.455,132.873
245.220,502.144,47.455,132.873
244.185,504.558,47.455,132.873
243.841,502.834,47.455,132.873
242.116,499.730,47.455,132.873
238.323,504.213,47.455,132.873
235.219,502.489,47.455,132.873
234.336,493.505,48.505,135.813
235.393,487.513,48.505,135.813
237.156,483.635,48.505,135.813
238.918,483.987,48.505,135.813
242.091,481.520,48.505,135.813
236.800,495.744,49.578,138.818
237.160,499.707,49.578,138.818
239.682,496.464,49.578,138.818
240.763,495.383,49.578,138.818
238.241,497.906,49.578,138.818
240.043,494.663,49.578,138.818
238.962,497.185,49.578,138.818
240.763,496.104,49.578,138.818
239.682,500.067,49.578,138.818
242.205,503.310,49.578,138.818
241.124,505.112,49.578,138.818
242.925,504.031,49.578,138.818
245.447,507.274,49.578,138.818
242.925,506.913,49.578,138.818
243.286,510.877,49.578,138.818
244.366,512.678,49.578,138.818
244.006,512.318,49.578,138.818
244.366,509.796,49.578,138.818
244.548,515.791,48.521,135.858
244.195,514.733,48.521,135.858
243.137,517.906,48.521,135.858
242.079,519.669,48.521,135.858
243.137,517.201,48.521,135.858
243.490,516.143,48.521,135.858
245.958,512.264,48.521,135.858
244.900,510.501,48.521,135.858
246.664,510.149,48.521,135.858
244.195,514.733,48.521,135.858
243.137,512.970,48.521,135.858
245.161,508.174,49.594,138.863
244.080,509.255,49.594,138.863
241.662,508.093,50.691,141.936
239.820,506.251,50.691,141.936
243.135,502.199,50.691,141.936
241.293,498.146,50.691,141.936
240.925,494.094,50.691,141.936
242.767,484.884,50.691,141.936
243.135,482.305,50.691,141.936
243.504,481.937,50.691,141.936
246.383,484.571,51.813,145.076
249.772,481.182,51.813,145.076
253.496,476.842,52.959,148.286
256.960,472.609,52.959,148.286
259.654,479.921,52.959,148.286
261.864,481.875,54.131,151.567
263.831,479.121,54.131,151.567
265.011,477.941,54.131,151.567
264.617,481.481,54.131,151.567
263.437,480.301,54.131,151.567
266.191,478.334,54.131,151.567
263.437,477.941,54.131,151.567
267.764,475.974,54.131,151.567
264.224,480.301,54.131,151.567
267.764,475.974,54.131,151.567
266.584,476.367,54.131,151.567
266.024,481.396,52.977,148.335
267.179,481.781,52.977,148.335
267.564,482.166,52.977,148.335
269.489,481.011,52.977,148.335
267.564,482.936,52.977,148.335
267.949,479.471,52.977,148.335
266.024,479.856,52.977,148.335
266.409,477.161,52.977,148.335
264.376,474.661,51.847,145.171
266.260,470.516,51.847,145.171
264.271,468.795,50.741,142.075
266.852,464.739,50.741,142.075
268.459,462.344,49.659,139.046
265.163,458.609,48.600,136.080
269.426,460.400,47.564,133.178
272.265,464.819,46.549,130.338
269.827,469.795,45.557,127.559
264.860,474.099,45.557,127.559
261.836,471.949,44.585,124.839
260.750,478.590,43.634,122.176
