180.000,79.000,37.000,114.000
179.638,82.087,37.000,114.000
179.350,86.973,37.000,114.000
179.638,90.709,37.000,114.000
179.925,92.721,37.000,114.000
179.638,93.584,37.000,114.000
178.201,95.596,37.000,114.000
176.189,94.733,37.000,114.000
173.096,94.963,37.819,116.522
171.039,95.844,37.819,116.522
167.808,99.076,37.819,116.522
163.988,101.720,37.819,116.522
161.344,101.426,37.819,116.522
158.700,99.957,37.819,116.522
157.819,97.313,37.819,116.522
158.700,95.257,37.819,116.522
157.819,93.200,37.819,116.522
158.113,91.732,37.819,116.522
158.994,92.025,37.819,116.522
160.463,92.907,37.819,116.522
162.520,96.138,37.819,116.522
163.988,94.669,37.819,116.522
167.220,96.138,37.819,116.522
167.514,95.257,37.819,116.522
167.808,93.788,37.819,116.522
168.689,92.907,37.819,116.522
169.570,94.376,37.819,116.522
169.864,92.319,37.819,116.522
171.920,90.263,37.819,116.522
171.627,88.794,37.819,116.522
171.333,89.675,37.819,116.522
169.864,90.556,37.819,116.522
170.158,89.675,37.819,116.522
169.864,87.619,37.819,116.522
169.418,86.313,37.012,114.037
170.280,86.600,37.012,114.037
169.418,86.313,37.012,114.037
169.705,86.025,37.012,114.037
168.268,86.888,37.012,114.037
169.705,89.475,37.012,114.037
171.143,92.638,37.012,114.037
166.830,90.050,37.012,114.037
167.316,87.894,37.831,116.560
167.812,86.909,38.668,119.139
166.449,84.033,39.524,121.775
162.458,83.112,39.524,121.775
157.238,82.805,39.524,121.775
152.633,82.498,39.524,121.775
148.642,84.033,39.524,121.775
145.216,86.811,38.681,119.178
143.022,90.689,37.856,116.637
142.908,93.975,38.693,119.217
143.209,88.865,38.693,119.217
143.509,86.160,38.693,119.217
145.614,86.460,38.693,119.217
147.116,83.755,38.693,119.217
150.423,87.061,38.693,119.217
156.134,91.570,38.693,119.217
160.642,90.067,38.693,119.217
164.550,87.963,38.693,119.217
167.255,87.663,38.693,119.217
169.960,86.160,38.693,119.217
168.457,85.258,38.693,119.217
174.168,81.952,38.693,119.217
176.873,81.050,38.693,119.217
179.578,80.148,38.693,119.217
178.076,81.050,38.693,119.217
178.977,83.154,38.693,119.217
178.677,85.258,38.693,119.217
178.376,83.154,38.693,119.217
178.677,81.651,38.693,119.217
177.775,80.148,38.693,119.217
177.474,80.449,38.693,119.217
177.174,81.351,38.693,119.217
177.474,81.050,38.693,119.217
177.775,83.755,38.693,119.217
179.278,85.258,38.693,119.217
176.573,87.963,38.693,119.217
164.850,90.067,38.693,119.217
163.347,92.171,38.693,119.217
165.451,88.865,38.693,119.217
161.544,85.559,38.693,119.217
163.047,83.455,38.693,119.217
162.746,81.351,38.693,119.217
165.451,81.651,38.693,119.217
166.353,82.553,38.693,119.217
168.794,82.955,37.868,116.675
170.853,82.661,37.868,116.675
174.677,83.543,37.868,116.675
174.971,81.484,37.868,116.675
178.207,78.837,37.868,116.675
181.443,77.366,37.868,116.675
184.090,77.072,37.868,116.675
184.973,77.954,37.868,116.675
187.032,80.602,37.868,116.675
189.091,83.837,37.868,116.675
187.620,83.543,37.868,116.675
186.738,86.191,37.868,116.675
187.620,85.308,37.868,116.675
184.384,84.426,37.868,116.675
185.267,82.955,37.868,116.675
182.031,81.484,37.868,116.675
182.325,80.013,37.868,116.675
180.266,79.131,37.868,116.675
181.149,80.013,37.868,116.675
180.266,80.307,37.868,116.675
181.737,78.837,37.868,116.675
178.501,75.012,37.868,116.675
175.265,69.423,37.868,116.675
173.795,66.187,37.868,116.675
171.735,62.952,37.868,116.675
167.911,60.304,37.868,116.675
165.264,58.245,37.868,116.675
162.028,59.128,37.868,116.675
159.380,64.128,37.868,116.675
157.910,69.129,37.868,116.675
158.204,71.777,37.868,116.675
155.556,73.836,37.868,116.675
152.909,77.660,37.868,116.675
150.850,78.542,37.868,116.675
154.674,80.602,37.868,116.675
159.086,82.072,37.868,116.675
160.557,82.367,37.868,116.675
163.793,83.837,37.868,116.675
167.029,83.543,37.868,116.675
169.676,80.896,37.868,116.675
172.324,79.425,37.868,116.675
173.206,84.426,37.868,116.675
174.677,81.778,37.868,116.675
177.324,80.307,37.868,116.675
178.795,84.132,37.868,116.675
180.854,87.956,37.868,116.675
182.325,91.780,37.868,116.675
183.796,93.839,37.868,116.675
186.444,97.663,37.868,116.675
184.973,100.899,37.868,116.675
188.797,104.723,37.868,116.675
186.738,103.252,37.868,116.675
185.855,104.723,37.868,116.675
184.384,104.429,37.868,116.675
182.325,107.665,37.868,116.675
183.796,108.547,37.868,116.675
185.267,110.018,37.868,116.675
183.208,106.194,37.868,116.675
184.090,102.370,37.868,116.675
183.208,102.076,37.868,116.675
181.149,98.840,37.868,116.675
182.619,96.192,37.868,116.675
184.090,97.075,37.868,116.675
184.384,99.134,37.868,116.675
185.855,97.663,37.868,116.675
189.091,94.427,37.868,116.675
188.797,94.133,37.868,116.675
187.914,92.074,37.868,116.675
185.199,90.766,37.061,114.187
182.699,86.815,37.881,116.713
181.974,81.555,38.719,119.296
181.072,78.848,38.719,119.296
178.966,80.953,38.719,119.296
178.064,83.660,38.719,119.296
179.568,85.766,38.719,119.296
183.478,83.059,38.719,119.296
186.185,78.547,38.719,119.296
187.087,78.246,38.719,119.296
187.990,76.743,38.719,119.296
188.290,80.653,38.719,119.296
188.591,81.555,38.719,119.296
190.095,84.262,38.719,119.296
192.200,80.953,38.719,119.296
194.306,88.473,38.719,119.296
190.997,91.781,38.719,119.296
193.704,91.480,38.719,119.296
190.997,89.977,38.719,119.296
188.892,86.668,38.719,119.296
186.185,88.773,38.719,119.296
184.080,92.082,38.719,119.296
187.388,95.390,38.719,119.296
184.775,94.383,39.575,121.935
182.623,94.075,39.575,121.935
183.546,90.694,39.575,121.935
183.238,89.771,39.575,121.935
184.775,88.234,39.575,121.935
185.698,87.927,39.575,121.935
182.931,88.849,39.575,121.935
176.475,92.231,39.575,121.935
178.627,90.079,39.575,121.935
174.015,91.001,39.575,121.935
171.863,87.005,39.575,121.935
170.804,88.008,38.731,119.335
169.901,84.097,38.731,119.335
172.609,83.194,38.731,119.335
175.919,80.487,38.731,119.335
180.432,82.593,38.731,119.335
178.927,84.699,38.731,119.335
182.237,88.008,38.731,119.335
185.547,85.902,38.731,119.335
188.254,81.389,38.731,119.335
190.962,79.283,38.731,119.335
191.865,76.575,38.731,119.335
190.360,74.469,38.731,119.335
188.254,77.779,38.731,119.335
189.759,81.088,38.731,119.335
194.272,80.787,38.731,119.335
198.785,87.106,38.731,119.335
202.696,94.026,38.731,119.335
205.077,90.521,39.588,121.975
202.309,90.828,39.588,121.975
202.002,89.290,39.588,121.975
204.435,91.451,40.464,124.674
203.492,95.537,40.464,124.674
206.950,98.995,40.464,124.674
209.779,100.566,40.464,124.674
204.435,103.395,40.464,124.674
204.121,102.452,40.464,124.674
200.035,99.623,40.464,124.674
195.948,103.710,40.464,124.674
193.119,108.425,40.464,124.674
190.919,109.996,40.464,124.674
185.580,109.595,41.360,127.432
185.901,113.130,41.360,127.432
186.865,117.306,41.360,127.432
189.114,114.415,41.360,127.432
187.507,115.379,41.360,127.432
185.258,110.559,41.360,127.432
183.009,105.740,41.360,127.432
183.331,102.206,41.360,127.432
180.439,97.387,41.360,127.432
176.262,94.495,41.360,127.432
175.299,94.816,41.360,127.432
174.191,97.723,40.478,124.715
173.248,96.151,40.478,124.715
167.903,93.950,40.478,124.715
168.217,89.863,40.478,124.715
168.095,88.157,41.373,127.474
169.060,85.907,41.373,127.474
166.167,81.729,41.373,127.474
160.703,75.622,41.373,127.474
157.811,70.802,41.373,127.474
160.703,69.195,41.373,127.474
168.738,72.730,41.373,127.474
173.559,79.479,41.373,127.474
178.380,81.086,41.373,127.474
183.591,78.009,42.289,130.294
182.605,76.366,42.289,130.294
180.963,74.724,42.289,130.294
181.948,75.052,42.289,130.294
180.306,76.695,42.289,130.294
183.262,78.994,42.289,130.294
181.620,83.265,42.289,130.294
183.919,85.564,42.289,130.294
185.562,84.579,42.289,130.294
187.204,86.878,42.289,130.294
190.818,87.207,42.289,130.294
192.054,86.106,43.224,133.177
191.718,88.457,43.224,133.177
188.025,88.121,43.224,133.177
190.375,90.471,43.224,133.177
190.711,89.464,43.224,133.177
193.733,95.172,43.224,133.177
196.083,96.851,43.224,133.177
197.762,99.873,43.224,133.177
196.083,98.194,43.224,133.177
199.105,98.530,43.224,133.177
193.397,96.851,43.224,133.177
185.603,101.300,44.180,136.124
179.769,107.820,44.180,136.124
180.799,113.655,44.180,136.124
177.023,108.507,44.180,136.124
178.053,104.732,44.180,136.124
172.935,104.294,45.158,139.135
170.616,101.663,46.157,142.214
170.975,98.436,46.157,142.214
174.202,95.926,46.157,142.214
170.892,90.185,45.173,139.181
166.330,89.132,45.173,139.181
161.769,86.676,45.173,139.181
159.312,91.940,45.173,139.181
158.961,93.694,45.173,139.181
155.101,92.641,45.173,139.181
152.645,92.290,45.173,139.181
150.189,90.536,45.173,139.181
147.031,88.080,45.173,139.181
145.978,86.325,45.173,139.181
154.751,89.483,45.173,139.181
159.312,93.343,45.173,139.181
159.663,88.080,45.173,139.181
160.716,88.430,45.173,139.181
158.830,84.841,44.209,136.213
154.422,85.828,45.188,139.227
153.888,80.885,44.224,136.258
156.016,83.993,43.281,133.352
157.449,87.035,42.358,130.508
159.487,90.013,41.455,127.725
158.377,91.685,40.571,125.001
158.062,92.630,40.571,125.001
157.583,91.837,39.705,122.335
156.658,93.379,39.705,122.335
159.434,90.603,39.705,122.335
161.593,88.444,39.705,122.335
159.434,89.369,39.705,122.335
157.891,90.911,39.705,122.335
159.207,91.324,38.859,119.727
157.002,90.564,38.030,117.173
154.344,90.859,38.030,117.173
151.094,89.973,38.030,117.173
147.844,85.542,38.030,117.173
143.979,83.090,37.219,114.675
