136.000,35.000,52.000,182.000
134.287,34.172,52.000,182.000
132.075,35.500,52.000,182.000
126.322,32.402,52.000,182.000
122.340,42.580,52.000,182.000
119.242,45.678,52.000,182.000
117.290,35.860,53.150,186.027
115.933,29.980,53.150,186.027
117.691,32.145,54.326,190.143
124.626,40.004,54.326,190.143
133.138,50.851,55.528,194.349
139.281,60.774,55.528,194.349
138.808,65.972,55.528,194.349
137.391,63.609,55.528,194.349
135.973,65.972,55.528,194.349
138.336,68.334,55.528,194.349
135.028,72.587,55.528,194.349
135.165,82.402,54.344,190.205
132.852,81.015,54.344,190.205
135.165,85.177,54.344,190.205
137.973,91.216,53.185,186.149
136.359,91.893,52.051,182.179
135.633,96.824,50.941,178.294
137.430,100.814,49.855,174.492
139.188,104.719,48.792,170.771
139.308,107.740,47.751,167.129
140.209,112.264,46.733,163.565
139.557,115.158,45.736,160.077
141.920,119.491,44.761,156.663
143.825,119.872,44.761,156.663
144.206,119.491,44.761,156.663
143.825,123.681,44.761,156.663
146.138,124.250,43.806,153.322
140.546,127.605,43.806,153.322
136.446,123.504,43.806,153.322
139.428,132.684,42.872,150.053
143.441,130.860,42.872,150.053
147.454,128.306,42.872,150.053
144.043,136.588,41.958,146.853
148.685,134.088,41.958,146.853
140.473,138.016,41.958,146.853
143.686,136.231,41.958,146.853
141.725,136.764,41.063,143.721
143.472,135.017,41.063,143.721
141.725,140.957,41.063,143.721
140.676,139.210,41.063,143.721
143.122,137.463,41.063,143.721
137.182,144.102,41.063,143.721
137.283,143.950,40.187,140.656
138.700,143.143,39.330,137.657
139.704,141.469,39.330,137.657
138.511,141.969,38.492,134.721
137.974,142.459,37.671,131.848
137.012,137.650,37.671,131.848
135.598,126.547,38.504,134.765
134.615,127.530,38.504,134.765
134.710,129.914,37.683,131.891
132.629,132.780,38.517,134.809
132.957,139.663,38.517,134.809
131.318,143.269,38.517,134.809
129.024,142.941,38.517,134.809
127.223,143.431,37.696,131.935
122.411,143.110,37.696,131.935
125.298,145.997,37.696,131.935
118.589,145.239,36.892,129.121
136.484,143.670,36.892,129.121
148.778,139.961,37.708,131.978
156.158,137.715,37.708,131.978
160.330,133.544,37.708,131.978
158.725,133.864,37.708,131.978
155.837,132.902,37.708,131.978
154.875,132.581,37.708,131.978
161.449,127.459,38.542,134.898
165.446,122.223,39.395,137.882
167.793,121.218,39.395,137.882
168.400,116.562,40.267,140.933
163.261,114.849,40.267,140.933
160.177,110.394,40.267,140.933
163.642,106.347,41.158,144.051
165.003,105.117,42.068,147.238
163.929,101.179,42.068,147.238
162.653,104.474,41.171,144.098
162.754,101.620,40.293,141.026
162.192,98.828,39.434,138.018
164.230,98.682,38.593,135.075
163.901,95.727,38.593,135.075
164.230,94.084,38.593,135.075
163.901,93.756,38.593,135.075
165.544,91.457,38.593,135.075
165.215,93.099,38.593,135.075
164.677,91.058,37.770,132.194
163.070,92.022,37.770,132.194
160.820,90.415,37.770,132.194
157.927,90.736,37.770,132.194
160.177,90.415,37.770,132.194
158.759,89.953,38.605,135.119
160.718,90.844,39.460,138.109
162.397,90.508,39.460,138.109
163.404,90.844,39.460,138.109
163.740,93.194,39.460,138.109
164.076,94.202,39.460,138.109
163.740,93.866,39.460,138.109
163.404,94.873,39.460,138.109
164.412,95.209,39.460,138.109
164.076,96.216,39.460,138.109
164.820,98.660,38.618,135.163
167.449,102.318,37.795,132.281
166.484,100.710,37.795,132.281
166.806,102.962,37.795,132.281
168.414,101.354,37.795,132.281
168.092,103.605,37.795,132.281
169.057,101.354,37.795,132.281
168.736,103.605,37.795,132.281
169.700,103.927,37.795,132.281
168.949,103.464,38.631,135.208
169.277,104.450,38.631,135.208
168.509,102.614,39.485,138.199
167.026,102.828,40.359,141.257
167.370,100.424,40.359,141.257
169.455,104.909,39.498,138.245
169.119,105.245,39.498,138.245
168.783,106.254,39.498,138.245
