40.000,199.000,61.000,103.000
39.539,197.259,61.000,103.000
39.219,196.298,61.000,103.000
38.899,195.978,61.000,103.000
38.579,196.298,61.000,103.000
38.899,194.057,61.000,103.000
37.939,195.018,61.000,103.000
37.618,193.417,61.000,103.000
37.298,193.737,61.000,103.000
36.338,192.136,61.000,103.000
36.018,190.535,61.000,103.000
35.697,187.653,61.000,103.000
36.018,184.772,61.000,103.000
35.057,181.250,61.000,103.000
35.377,176.447,61.000,103.000
35.057,171.004,61.000,103.000
36.018,163.000,61.000,103.000
36.338,153.715,61.000,103.000
37.298,145.710,61.000,103.000
38.899,138.987,61.000,103.000
40.500,131.622,61.000,103.000
43.382,124.258,61.000,103.000
46.263,118.175,61.000,103.000
49.785,112.732,61.000,103.000
53.947,107.929,61.000,103.000
58.750,101.846,61.000,103.000
63.553,96.403,61.000,103.000
68.996,91.600,61.000,103.000
75.719,86.798,61.000,103.000
82.021,82.004,62.350,105.279
87.584,76.441,62.350,105.279
94.456,70.223,62.350,105.279
103.947,65.968,62.350,105.279
112.129,61.714,62.350,105.279
120.965,58.114,62.350,105.279
129.801,58.441,62.350,105.279
139.291,56.151,62.350,105.279
148.127,53.205,62.350,105.279
155.247,48.985,63.729,107.608
164.606,45.365,65.139,109.989
173.154,44.339,65.139,109.989
180.592,46.315,66.580,112.423
188.919,48.335,68.053,114.910
203.565,44.405,68.053,114.910
213.209,39.047,68.053,114.910
217.274,41.112,69.559,117.452
224.211,38.556,69.559,117.452
231.148,37.461,69.559,117.452
238.085,39.286,69.559,117.452
243.755,40.638,71.098,120.051
249.352,42.504,71.098,120.051
256.443,43.624,71.098,120.051
261.294,46.236,71.098,120.051
266.728,50.034,69.582,117.491
270.746,51.860,69.582,117.491
274.033,55.147,69.582,117.491
277.320,58.434,69.582,117.491
280.607,62.451,69.582,117.491
285.354,65.738,69.582,117.491
289.372,69.025,69.582,117.491
292.659,72.312,69.582,117.491
295.215,76.330,69.582,117.491
299.830,81.455,68.098,114.985
303.761,85.387,68.098,114.985
307.693,90.033,68.098,114.985
312.340,94.680,68.098,114.985
318.416,100.756,68.098,114.985
323.778,106.833,68.098,114.985
329.139,112.194,68.098,114.985
335.033,118.588,66.646,112.533
340.127,126.194,65.225,110.133
344.577,132.699,65.225,110.133
348.343,138.519,65.225,110.133
352.109,144.339,65.225,110.133
355.875,151.528,65.225,110.133
359.641,158.717,65.225,110.133
362.722,163.853,65.225,110.133
365.197,168.672,66.668,112.570
366.947,174.621,66.668,112.570
368.696,180.570,66.668,112.570
369.046,185.819,66.668,112.570
369.396,189.668,66.668,112.570
367.647,194.217,66.668,112.570
369.369,197.104,65.246,110.169
367.657,199.501,65.246,110.169
367.314,198.474,65.246,110.169
365.602,201.556,65.246,110.169
365.260,199.158,65.246,110.169
364.232,198.131,65.246,110.169
363.205,195.734,65.246,110.169
362.862,193.337,65.246,110.169
363.890,191.624,65.246,110.169
364.917,188.542,65.246,110.169
365.945,186.145,65.246,110.169
367.657,183.063,65.246,110.169
368.684,179.981,65.246,110.169
370.397,176.213,65.246,110.169
370.739,172.446,65.246,110.169
371.767,167.994,65.246,110.169
372.109,164.227,65.246,110.169
371.767,160.460,65.246,110.169
372.109,154.638,65.246,110.169
371.082,148.816,65.246,110.169
370.739,142.995,65.246,110.169
369.027,138.542,65.246,110.169
367.999,134.090,65.246,110.169
364.917,129.638,65.246,110.169
361.150,125.871,65.246,110.169
356.013,121.419,65.246,110.169
351.561,116.282,65.246,110.169
347.794,113.200,65.246,110.169
341.972,114.228,65.246,110.169
335.465,115.255,65.246,110.169
327.589,112.173,65.246,110.169
319.712,112.515,65.246,110.169
311.835,110.118,65.246,110.169
303.274,112.515,65.246,110.169
296.767,110.803,65.246,110.169
290.260,114.570,65.246,110.169
283.069,117.652,65.246,110.169
275.877,117.310,65.246,110.169
269.370,117.652,65.246,110.169
262.178,113.885,65.246,110.169
254.987,114.913,65.246,110.169
248.480,113.200,65.246,110.169
242.658,114.228,65.246,110.169
236.836,115.255,65.246,110.169
231.014,114.228,65.246,110.169
227.419,111.111,63.855,107.820
224.402,114.798,63.855,107.820
222.056,109.771,63.855,107.820
220.380,112.787,63.855,107.820
220.738,115.552,62.493,105.521
221.722,117.192,62.493,105.521
222.050,120.144,62.493,105.521
223.690,123.752,62.493,105.521
224.674,128.016,62.493,105.521
226.314,132.937,62.493,105.521
229.922,137.201,62.493,105.521
233.531,141.465,62.493,105.521
238.451,146.385,62.493,105.521
244.683,151.305,62.493,105.521
249.603,152.945,62.493,105.521
253.867,150.649,62.493,105.521
258.788,155.569,62.493,105.521
265.020,158.522,62.493,105.521
269.433,159.736,63.876,107.855
273.792,160.742,63.876,107.855
278.821,161.077,63.876,107.855
285.191,158.731,63.876,107.855
290.398,156.494,65.289,110.242
294.167,158.893,65.289,110.242
298.622,159.921,65.289,110.242
302.392,161.634,65.289,110.242
306.161,164.033,65.289,110.242
311.302,164.376,65.289,110.242
315.757,164.718,65.289,110.242
319.526,167.803,65.289,110.242
321.925,169.516,65.289,110.242
322.268,172.600,65.289,110.242
325.352,170.887,65.289,110.242
323.638,173.971,65.289,110.242
326.723,171.572,65.289,110.242
326.380,173.286,65.289,110.242
328.779,171.572,65.289,110.242
331.177,170.544,65.289,110.242
332.891,170.201,65.289,110.242
335.290,169.859,65.289,110.242
338.374,168.831,65.289,110.242
341.458,167.117,65.289,110.242
345.228,165.404,65.289,110.242
348.997,164.376,65.289,110.242
353.452,163.348,65.289,110.242
359.278,161.634,65.289,110.242
364.418,161.977,65.289,110.242
371.615,159.578,65.289,110.242
376.070,158.550,65.289,110.242
378.468,158.893,65.289,110.242
378.102,159.451,66.733,112.681
381.254,156.999,66.733,112.681
385.107,156.649,66.733,112.681
388.960,154.897,66.733,112.681
393.514,153.146,66.733,112.681
397.367,149.994,66.733,112.681
401.220,149.643,66.733,112.681
406.474,148.593,66.733,112.681
410.327,146.841,66.733,112.681
414.179,145.790,66.733,112.681
418.032,143.338,66.733,112.681
420.484,140.887,66.733,112.681
423.637,140.536,66.733,112.681
426.089,140.887,66.733,112.681
428.541,139.135,66.733,112.681
430.292,138.785,66.733,112.681
431.343,140.536,66.733,112.681
433.795,139.485,66.733,112.681
436.246,141.237,66.733,112.681
437.998,143.689,66.733,112.681
440.450,144.039,66.733,112.681
442.201,145.090,66.733,112.681
445.354,146.841,66.733,112.681
447.105,147.892,66.733,112.681
450.855,146.055,65.310,110.278
450.560,149.544,63.917,107.926
454.250,145.182,63.917,107.926
454.586,142.163,63.917,107.926
456.263,137.802,63.917,107.926
454.586,134.111,63.917,107.926
455.592,128.408,63.917,107.926
454.586,122.034,63.917,107.926
452.908,116.330,63.917,107.926
450.560,110.627,63.917,107.926
447.541,104.924,63.917,107.926
443.850,98.549,63.917,107.926
439.489,88.820,63.917,107.926
433.786,80.433,63.917,107.926
427.411,75.400,63.917,107.926
419.024,72.381,63.917,107.926
407.953,68.020,63.917,107.926
398.224,63.658,63.917,107.926
384.469,57.284,63.917,107.926
370.042,52.252,63.917,107.926
355.616,49.232,63.917,107.926
341.861,47.555,63.917,107.926
322.706,41.140,65.332,110.314
305.904,37.368,65.332,110.314
290.473,34.281,65.332,110.314
273.670,31.195,65.332,110.314
258.239,31.538,65.332,110.314
235.814,24.981,66.777,112.755
218.640,28.136,66.777,112.755
202.867,22.177,66.777,112.755
182.188,16.219,66.777,112.755
167.817,13.765,66.777,112.755
154.148,12.714,66.777,112.755
141.179,13.765,66.777,112.755
134.520,16.219,66.777,112.755
120.149,17.270,66.777,112.755
110.686,18.322,66.777,112.755
97.717,14.466,66.777,112.755
90.357,16.920,66.777,112.755
80.527,20.400,68.254,115.249
72.710,23.957,69.765,117.799
65.752,30.182,69.765,117.799
58.063,36.407,69.765,117.799
52.570,43.364,69.765,117.799
46.345,50.322,69.765,117.799
40.852,56.547,69.765,117.799
36.824,62.772,69.765,117.799
33.528,67.532,69.765,117.799
29.500,73.025,69.765,117.799
26.205,79.250,69.765,117.799
24.374,86.208,69.765,117.799
21.078,92.433,69.765,117.799
18.515,97.925,69.765,117.799
15.219,104.150,69.765,117.799
12.787,110.701,68.277,115.287
10.278,115.359,68.277,115.287
7.053,120.018,68.277,115.287
6.745,125.047,66.821,112.829
7.119,128.617,65.396,110.423
6.824,132.110,64.001,108.068
9.125,135.529,62.636,105.763
8.842,140.142,61.301,103.508
9.808,143.681,61.301,103.508
10.129,146.577,61.301,103.508
12.382,149.473,61.301,103.508
13.966,153.988,59.993,101.300
16.123,159.014,58.714,99.140
19.422,163.932,57.462,97.026
20.930,170.869,57.462,97.026
23.042,175.997,57.462,97.026
26.359,179.918,57.462,97.026
28.470,184.442,57.462,97.026
31.185,189.569,57.462,97.026
33.899,194.093,57.462,97.026
36.614,198.617,57.462,97.026
38.122,201.935,57.462,97.026
40.233,204.046,57.462,97.026
41.741,204.348,57.462,97.026
43.249,205.856,57.462,97.026
45.964,204.348,57.462,97.026
46.868,207.062,57.462,97.026
48.980,205.554,57.462,97.026
48.678,208.269,57.462,97.026
49.583,210.983,57.462,97.026
49.281,209.475,57.462,97.026
51.393,213.396,57.462,97.026
52.297,216.110,57.462,97.026
53.202,217.618,57.462,97.026
54.107,219.126,57.462,97.026
53.202,219.428,57.462,97.026
55.917,222.143,57.462,97.026
55.012,223.047,57.462,97.026
58.933,226.365,57.462,97.026
57.425,227.873,57.462,97.026
62.979,233.268,56.237,94.957
62.094,235.334,56.237,94.957
64.750,235.039,56.237,94.957
65.635,238.043,55.037,92.932
67.057,240.426,53.864,90.950
68.994,242.214,52.715,89.011
69.270,243.597,52.715,89.011
71.166,243.746,51.591,87.112
71.455,245.458,50.491,85.255
72.780,247.843,50.491,85.255
73.063,247.475,49.414,83.437
72.804,250.847,49.414,83.437
74.080,249.986,48.360,81.657
75.350,253.286,48.360,81.657
75.621,253.423,47.329,79.916
76.366,256.156,47.329,79.916
76.117,258.391,47.329,79.916
76.861,257.567,46.320,78.212
75.646,260.728,46.320,78.212
76.843,260.390,45.332,76.544
77.097,263.270,44.365,74.911
76.864,264.900,44.365,74.911
78.010,265.924,43.419,73.314
78.254,265.607,42.493,71.751
78.477,266.276,42.493,71.751
78.285,265.966,41.587,70.220
79.376,267.058,41.587,70.220
80.030,268.858,40.700,68.723
80.670,271.033,39.832,67.257
81.296,273.160,38.983,65.823
81.909,274.848,38.151,64.419
83.667,274.184,37.338,63.046
85.009,275.423,36.541,61.701
85.954,278.114,35.762,60.385
85.766,279.804,35.762,60.385
86.329,281.118,35.762,60.385
86.141,282.056,35.762,60.385
85.578,282.619,35.762,60.385
84.640,279.804,35.762,60.385
82.491,277.773,36.553,61.721
78.305,274.900,37.362,63.087
76.060,267.895,38.189,64.483
77.510,264.062,39.034,65.909
74.846,265.087,39.034,65.909
71.363,272.667,39.034,65.909
70.339,274.921,39.034,65.909
69.269,276.105,39.897,67.368
68.176,279.488,40.780,68.858
70.103,283.126,40.780,68.858
67.653,281.698,41.682,70.382
67.419,279.785,42.605,71.939
67.642,277.772,42.605,71.939
66.475,280.921,43.547,73.531
67.618,280.235,43.547,73.531
66.932,279.092,43.547,73.531
66.704,282.063,43.547,73.531
65.036,279.116,44.511,75.157
66.671,281.686,44.511,75.157
64.482,277.703,45.496,76.820
64.227,274.128,46.502,78.520
63.459,276.045,47.531,80.257
61.121,272.828,48.583,82.033
60.319,274.301,49.657,83.848
38.407,219.020,50.756,85.703
39.739,216.622,50.756,85.703
39.454,214.292,51.879,87.599
40.293,211.346,53.027,89.537
40.571,210.511,53.027,89.537
41.428,207.499,54.200,91.518
42.305,203.830,55.399,93.543
42.597,200.683,56.625,95.613
43.512,197.467,57.878,97.728
43.816,195.948,57.878,97.728
43.491,196.443,59.158,99.890
43.801,194.269,59.158,99.890
43.469,196.708,60.467,102.101
43.788,198.542,61.805,104.360
44.787,203.782,63.173,106.668
47.108,206.103,63.173,106.668
48.103,203.119,63.173,106.668
48.435,199.472,63.173,106.668
48.103,197.814,63.173,106.668
51.750,192.840,63.173,106.668
55.398,187.866,63.173,106.668
55.066,179.577,63.173,106.668
57.387,171.951,63.173,106.668
56.392,161.008,63.173,106.668
60.040,155.372,63.173,106.668
61.698,148.408,63.173,106.668
63.356,140.119,63.173,106.668
68.184,134.545,61.825,104.394
71.754,128.379,61.825,104.394
75.972,123.511,61.825,104.394
80.191,118.644,61.825,104.394
85.058,114.425,61.825,104.394
90.575,110.207,61.825,104.394
97.390,106.637,61.825,104.394
105.503,103.716,61.825,104.394
118.158,100.796,61.825,104.394
125.622,103.067,61.825,104.394
133.086,104.041,61.825,104.394
145.093,101.769,61.825,104.394
155.153,104.041,61.825,104.394
169.106,106.961,61.825,104.394
181.113,107.935,61.825,104.394
193.769,108.908,61.825,104.394
207.723,110.531,61.825,104.394
217.783,104.365,61.825,104.394
227.194,104.690,61.825,104.394
240.499,106.961,61.825,104.394
253.803,111.180,61.825,104.394
262.565,115.399,61.825,104.394
274.572,119.617,61.825,104.394
282.036,123.836,61.825,104.394
287.552,128.704,61.825,104.394
292.420,133.571,61.825,104.394
295.440,138.140,63.193,106.703
298.425,144.442,63.193,106.703
300.747,151.407,63.193,106.703
301.768,155.389,64.591,109.064
300.702,159.459,66.021,111.477
298.276,163.963,66.021,111.477
295.157,167.082,66.021,111.477
292.732,169.508,66.021,111.477
288.920,172.627,66.021,111.477
285.108,174.359,66.021,111.477
280.603,177.478,66.021,111.477
280.950,177.132,66.021,111.477
276.445,177.478,66.021,111.477
274.019,177.825,66.021,111.477
271.717,178.011,64.613,109.100
268.665,181.063,64.613,109.100
270.334,179.939,63.235,106.773
266.020,182.262,63.235,106.773
267.015,182.594,63.235,106.773
262.701,185.581,63.235,106.773
261.135,187.679,61.886,104.496
262.110,190.603,61.886,104.496
258.700,193.282,60.567,102.268
260.289,196.143,60.567,102.268
257.564,198.153,59.275,100.087
258.498,200.953,59.275,100.087
255.231,202.320,58.011,97.953
257.363,204.452,58.011,97.953
254.753,206.964,56.774,95.864
255.647,207.262,56.774,95.864
253.561,209.348,56.774,95.864
255.051,210.242,56.774,95.864
253.646,213.274,55.563,93.820
252.271,215.118,54.378,91.819
253.126,216.922,53.219,89.861
251.808,218.688,52.084,87.944
250.441,219.508,52.084,87.944
250.168,220.328,52.084,87.944
248.801,220.055,52.084,87.944
247.434,219.782,52.084,87.944
246.614,218.961,52.084,87.944
245.325,218.582,50.973,86.069
245.095,216.663,49.886,84.234
244.833,214.306,49.886,84.234
243.524,211.426,49.886,84.234
243.262,206.451,49.886,84.234
244.571,199.381,49.886,84.234
243.262,191.788,49.886,84.234
244.571,180.005,49.886,84.234
243.262,170.841,49.886,84.234
246.142,158.534,49.886,84.234
245.880,147.275,49.886,84.234
247.190,138.634,49.886,84.234
249.023,132.088,49.886,84.234
250.855,127.637,49.886,84.234
253.736,122.662,49.886,84.234
256.616,116.639,49.886,84.234
260.020,112.188,49.886,84.234
263.424,109.308,49.886,84.234
267.351,106.428,49.886,84.234
271.803,103.547,49.886,84.234
276.778,103.809,49.886,84.234
281.753,103.547,49.886,84.234
286.728,104.333,49.886,84.234
290.655,106.166,49.886,84.234
295.107,103.286,49.886,84.234
299.034,105.118,49.886,84.234
301.914,107.999,49.886,84.234
303.224,111.926,49.886,84.234
303.486,116.378,49.886,84.234
301.653,122.400,49.886,84.234
298.772,132.088,49.886,84.234
291.429,142.838,50.990,86.097
282.597,154.346,50.990,86.097
279.534,165.333,52.118,88.002
266.186,184.511,53.271,89.949
259.505,195.990,54.449,91.939
246.644,205.992,54.449,91.939
241.594,216.539,55.654,93.973
234.007,226.107,56.886,96.053
220.058,227.833,58.144,98.178
212.765,230.229,59.431,100.350
204.664,233.327,60.745,102.570
199.030,233.184,62.089,104.840
195.445,229.600,62.089,104.840
193.816,223.408,62.089,104.840
192.186,216.564,62.089,104.840
193.190,208.980,63.463,107.159
193.523,199.986,63.463,107.159
195.189,189.660,63.463,107.159
198.187,178.667,63.463,107.159
202.517,168.341,63.463,107.159
206.181,162.012,63.463,107.159
208.589,154.951,64.867,109.530
213.016,148.482,64.867,109.530
218.123,142.694,64.867,109.530
222.549,136.225,64.867,109.530
227.656,131.118,64.867,109.530
234.357,127.433,66.303,111.953
245.841,131.262,66.303,111.953
258.021,133.698,66.303,111.953
270.898,138.222,66.303,111.953
282.382,141.354,66.303,111.953
292.474,142.398,66.303,111.953
305.100,146.575,67.769,114.430
321.107,151.911,67.769,114.430
335.691,158.669,67.769,114.430
351.548,164.415,69.269,116.962
366.455,169.142,69.269,116.962
374.090,169.505,69.269,116.962
385.361,169.142,69.269,116.962
398.086,168.051,69.269,116.962
406.449,168.415,69.269,116.962
416.265,167.324,69.269,116.962
423.173,164.052,69.269,116.962
427.900,161.507,69.269,116.962
431.899,158.235,69.269,116.962
432.990,154.235,69.269,116.962
429.718,148.781,69.269,116.962
428.627,143.328,69.269,116.962
423.900,140.056,69.269,116.962
417.719,137.511,69.269,116.962
408.630,134.966,69.269,116.962
393.723,130.966,69.269,116.962
378.089,126.967,69.269,116.962
361.857,122.278,70.801,119.550
345.134,118.190,70.801,119.550
318.749,117.818,70.801,119.550
295.218,121.508,72.368,122.195
267.489,124.927,72.368,122.195
236.344,116.876,73.969,124.899
207.225,118.817,73.969,124.899
176.196,132.339,75.606,127.662
156.009,125.574,77.278,130.486
119.909,125.980,77.278,130.486
93.544,120.707,77.278,130.486
62.311,117.868,77.278,130.486
39.191,121.518,77.278,130.486
19.315,122.735,77.278,130.486
0.251,113.406,77.278,130.486
-5.022,106.510,77.278,130.486
-9.280,102.819,75.630,127.704
-11.265,97.659,75.630,127.704
-10.074,92.498,75.630,127.704
-10.471,89.719,75.630,127.704
-5.311,83.765,75.630,127.704
-2.532,77.016,75.630,127.704
5.805,71.062,75.630,127.704
18.905,64.313,75.630,127.704
34.386,59.153,75.630,127.704
49.074,51.610,75.630,127.704
64.556,45.656,75.630,127.704
74.480,28.586,75.630,127.704
90.756,21.837,75.630,127.704
101.474,15.089,75.630,127.704
119.171,18.207,77.304,130.529
131.749,20.235,77.304,130.529
145.951,16.584,77.304,130.529
160.963,20.235,77.304,130.529
174.353,18.207,77.304,130.529
193.284,20.551,79.014,133.417
211.315,22.374,77.329,130.572
223.897,25.215,77.329,130.572
235.668,20.750,77.329,130.572
246.627,24.403,77.329,130.572
256.774,27.244,77.329,130.572
266.921,31.709,77.329,130.572
273.821,40.233,77.329,130.572
279.909,46.321,77.329,130.572
285.186,54.033,77.329,130.572
288.839,62.556,77.329,130.572
288.433,74.327,77.329,130.572
288.839,85.286,77.329,130.572
290.057,94.621,77.329,130.572
289.651,105.580,77.329,130.572
287.621,114.916,77.329,130.572
286.490,124.523,75.680,127.788
284.504,132.865,75.680,127.788
282.630,140.736,74.066,125.062
283.019,148.123,74.066,125.062
280.437,155.826,72.487,122.395
280.056,163.816,72.487,122.395
277.393,171.045,72.487,122.395
279.295,178.274,72.487,122.395
278.154,184.742,72.487,122.395
280.056,191.210,72.487,122.395
279.676,195.395,72.487,122.395
283.100,198.819,72.487,122.395
283.480,199.961,72.487,122.395
286.144,201.863,72.487,122.395
287.285,199.961,72.487,122.395
289.948,197.297,72.487,122.395
293.372,193.873,72.487,122.395
296.797,189.688,72.487,122.395
299.460,186.264,72.487,122.395
303.645,181.318,72.487,122.395
307.830,177.894,72.487,122.395
310.494,174.469,72.487,122.395
313.157,171.806,72.487,122.395
309.733,172.187,72.487,122.395
313.918,170.284,72.487,122.395
310.494,174.469,72.487,122.395
314.679,172.567,72.487,122.395
308.745,177.923,74.090,125.103
303.487,175.329,75.730,127.871
298.938,178.451,77.405,130.701
292.602,179.956,79.118,133.592
287.204,177.879,79.118,133.592
280.974,179.125,79.118,133.592
273.915,182.863,79.118,133.592
266.025,187.431,79.118,133.592
255.240,191.554,80.868,136.548
242.455,193.126,82.657,139.569
230.288,193.832,84.486,142.657
217.851,195.475,86.355,145.813
204.706,193.209,86.355,145.813
196.094,194.568,86.355,145.813
186.576,196.835,86.355,145.813
175.745,198.513,88.266,149.039
166.016,209.169,88.266,149.039
157.213,217.045,88.266,149.039
150.264,220.288,88.266,149.039
145.168,217.972,88.266,149.039
140.998,216.582,88.266,149.039
137.755,218.898,88.266,149.039
136.365,221.215,88.266,149.039
135.902,226.311,88.266,149.039
135.439,230.481,88.266,149.039
135.902,233.724,88.266,149.039
137.292,236.967,88.266,149.039
139.608,241.136,88.266,149.039
141.925,245.306,88.266,149.039
145.099,249.128,86.384,145.861
149.179,252.302,86.384,145.861
152.353,254.569,86.384,145.861
155.527,256.836,86.384,145.861
158.701,253.662,86.384,145.861
160.968,257.743,86.384,145.861
164.142,255.476,86.384,145.861
165.502,255.022,86.384,145.861
168.676,252.755,86.384,145.861
173.530,252.999,84.542,142.751
174.862,250.781,84.542,142.751
178.855,253.887,84.542,142.751
181.074,249.893,84.542,142.751
185.955,252.112,84.542,142.751
191.561,248.929,82.739,139.706
197.207,250.232,82.739,139.706
203.721,247.192,82.739,139.706
211.104,247.626,82.739,139.706
221.092,245.455,82.739,139.706
231.949,243.283,82.739,139.706
240.201,244.586,82.739,139.706
248.452,244.152,82.739,139.706
262.783,243.718,82.739,139.706
272.772,243.283,82.739,139.706
285.366,245.455,82.739,139.706
298.828,245.889,82.739,139.706
315.765,243.718,82.739,139.706
336.176,246.758,82.739,139.706
358.325,242.849,82.739,139.706
367.444,246.758,82.739,139.706
381.776,242.849,82.739,139.706
391.764,240.678,82.739,139.706
402.621,239.375,82.739,139.706
414.347,235.466,82.739,139.706
424.335,231.558,82.739,139.706
435.192,228.518,82.739,139.706
444.312,230.689,82.739,139.706
450.826,225.044,82.739,139.706
457.987,221.092,80.974,136.727
462.662,218.117,80.974,136.727
465.637,214.292,80.974,136.727
467.763,209.616,80.974,136.727
466.487,204.941,80.974,136.727
465.212,199.416,80.974,136.727
463.087,184.540,80.974,136.727
457.562,170.515,80.974,136.727
451.187,152.239,80.974,136.727
439.711,134.813,80.974,136.727
425.686,122.488,80.974,136.727
412.510,103.362,80.974,136.727
396.784,84.236,80.974,136.727
378.509,73.610,80.974,136.727
358.533,53.635,80.974,136.727
336.030,34.043,82.766,139.752
314.832,26.638,84.597,142.844
296.627,22.641,84.597,142.844
275.758,23.085,84.597,142.844
245.119,19.977,84.597,142.844
223.453,21.622,86.469,146.005
203.937,24.799,86.469,146.005
184.421,18.898,86.469,146.005
164.905,24.799,86.469,146.005
151.743,37.960,86.469,146.005
140.854,53.953,84.625,142.891
132.414,72.165,84.625,142.891
124.863,90.376,84.625,142.891
120.866,101.480,84.625,142.891
123.087,114.362,84.625,142.891
126.196,124.578,84.625,142.891
129.305,134.794,84.625,142.891
132.414,144.122,84.625,142.891
138.189,157.003,84.625,142.891
145.740,167.219,84.625,142.891
154.179,181.877,84.625,142.891
162.619,187.651,84.625,142.891
171.058,193.425,84.625,142.891
181.274,197.423,84.625,142.891
190.602,198.756,84.625,142.891
201.706,201.865,84.625,142.891
213.699,206.751,84.625,142.891
225.692,210.748,84.625,142.891
235.908,211.193,84.625,142.891
247.901,208.083,84.625,142.891
260.782,204.974,84.625,142.891
270.110,203.642,84.625,142.891
280.326,201.421,84.625,142.891
289.654,200.088,84.625,142.891
301.647,196.091,84.625,142.891
315.821,195.474,82.820,139.844
324.080,193.300,82.820,139.844
332.086,191.020,81.054,136.862
340.170,188.042,81.054,136.862
344.849,184.213,81.054,136.862
348.678,180.384,81.054,136.862
346.551,176.555,81.054,136.862
345.275,172.726,81.054,136.862
343.148,169.748,81.054,136.862
339.319,167.621,81.054,136.862
331.235,167.196,81.054,136.862
322.301,168.472,81.054,136.862
313.367,166.345,81.054,136.862
307.260,165.754,79.326,133.943
299.349,163.672,79.326,133.943
292.570,163.094,77.634,131.087
286.721,161.742,75.978,128.291
281.766,161.188,74.358,125.555
275.411,158.389,72.772,122.878
269.928,154.913,71.220,120.257
264.562,151.511,69.702,117.693
259.074,146.023,69.702,117.693
252.123,138.341,69.702,117.693
247.367,132.121,69.702,117.693
241.148,127.365,69.702,117.693
233.165,121.888,71.244,120.297
226.060,115.531,71.244,120.297
221.199,110.669,71.244,120.297
217.085,105.808,71.244,120.297
210.728,103.938,71.244,120.297
205.119,99.825,71.244,120.297
198.762,99.451,71.244,120.297
190.909,101.321,71.244,120.297
179.775,94.314,69.724,117.732
170.625,88.824,69.724,117.732
160.744,84.066,69.724,117.732
152.327,85.164,69.724,117.732
138.786,81.871,69.724,117.732
130.369,83.701,69.724,117.732
121.219,86.994,69.724,117.732
109.142,91.752,69.724,117.732
101.457,97.241,69.724,117.732
93.772,101.999,69.724,117.732
84.622,106.757,69.724,117.732
71.813,110.050,69.724,117.732
59.736,113.344,69.724,117.732
51.319,115.906,69.724,117.732
42.902,117.736,69.724,117.732
35.216,123.225,69.724,117.732
29.727,129.447,69.724,117.732
24.474,135.993,68.238,115.221
19.101,140.649,68.238,115.221
13.729,145.306,68.238,115.221
9.073,149.962,68.238,115.221
6.565,155.334,68.238,115.221
9.789,167.154,68.238,115.221
15.161,180.406,68.238,115.221
19.818,187.927,68.238,115.221
23.041,193.300,68.238,115.221
26.265,196.523,68.238,115.221
29.488,197.598,68.238,115.221
33.428,197.956,68.238,115.221
35.219,195.449,68.238,115.221
37.009,195.807,68.238,115.221
39.517,196.165,68.238,115.221
40.591,195.091,68.238,115.221
40.233,194.732,68.238,115.221
42.024,195.091,68.238,115.221
43.098,196.165,68.238,115.221
43.456,197.240,68.238,115.221
44.531,196.881,68.238,115.221
44.173,197.240,68.238,115.221
45.247,196.881,68.238,115.221
43.456,197.240,68.238,115.221
45.247,197.598,68.238,115.221
43.456,198.672,68.238,115.221
45.247,199.030,68.238,115.221
42.740,199.389,68.238,115.221
43.098,199.747,68.238,115.221
42.740,198.672,68.238,115.221
41.666,201.179,68.238,115.221
41.307,199.389,68.238,115.221
40.233,199.747,68.238,115.221
39.875,200.105,68.238,115.221
39.517,199.747,68.238,115.221
39.158,200.105,68.238,115.221
38.084,199.030,68.238,115.221
37.009,200.105,68.238,115.221
36.651,200.463,68.238,115.221
34.860,200.821,68.238,115.221
34.502,201.179,68.238,115.221
33.428,202.254,68.238,115.221
31.739,205.209,66.782,112.764
31.388,206.260,66.782,112.764
28.935,208.013,66.782,112.764
26.606,211.580,65.358,110.359
24.988,214.410,63.964,108.006
22.758,217.827,62.600,105.702
21.772,214.870,62.600,105.702
18.323,220.114,61.265,103.448
16.806,223.387,59.959,101.242
14.715,222.343,58.680,99.083
15.023,223.883,58.680,99.083
12.977,224.049,57.429,96.970
10.867,226.159,57.429,96.970
8.865,227.483,56.204,94.902
7.980,228.958,56.204,94.902
7.685,231.023,56.204,94.902
5.030,233.088,56.204,94.902
7.095,232.203,56.204,94.902
5.620,234.268,56.204,94.902
5.915,235.743,56.204,94.902
4.524,234.196,55.006,92.878
6.545,237.372,55.006,92.878
7.411,239.970,55.006,92.878
9.432,236.217,55.006,92.878
11.453,239.393,55.006,92.878
11.164,242.569,55.006,92.878
14.812,239.942,53.833,90.898
16.747,243.362,52.685,88.959
17.577,245.851,52.685,88.959
20.066,247.786,52.685,88.959
19.236,250.275,52.685,88.959
22.278,252.211,52.685,88.959
23.108,253.594,52.685,88.959
22.337,250.011,51.561,87.062
23.690,251.905,51.561,87.062
25.043,253.800,51.561,87.062
25.855,256.777,51.561,87.062
26.688,259.464,52.702,88.988
24.318,256.413,51.578,87.091
26.213,259.391,51.578,87.091
27.608,262.641,52.719,89.018
29.035,268.259,53.886,90.987
29.319,268.133,55.078,93.000
30.209,270.404,56.296,95.058
31.096,271.881,56.296,95.058
31.982,273.358,56.296,95.058
32.869,273.654,56.296,95.058
33.755,273.949,56.296,95.058
34.641,273.063,56.296,95.058
35.528,271.586,56.296,95.058
37.596,270.108,56.296,95.058
38.483,267.449,56.296,95.058
39.960,266.562,56.296,95.058
41.438,265.085,56.296,95.058
44.097,267.153,56.296,95.058
44.984,263.312,56.296,95.058
47.643,264.789,56.296,95.058
48.529,260.357,56.296,95.058
52.371,261.834,56.296,95.058
53.257,257.402,56.296,95.058
57.099,258.879,56.296,95.058
59.758,255.038,56.296,95.058
62.417,252.970,56.296,95.058
65.077,250.310,56.296,95.058
68.439,247.726,57.542,97.161
71.250,243.204,58.815,99.311
74.028,240.426,58.815,99.311
80.104,243.491,60.116,101.508
81.681,238.127,60.116,101.508
83.259,232.763,60.116,101.508
84.206,228.029,60.116,101.508
87.676,228.345,60.116,101.508
91.147,224.874,60.116,101.508
96.512,227.083,60.116,101.508
101.245,227.398,60.116,101.508
106.609,228.976,60.116,101.508
113.866,231.185,60.116,101.508
124.004,234.972,61.446,103.754
128.344,236.836,62.806,106.049
133.463,239.425,64.196,108.396
137.997,241.372,65.616,110.794
144.060,242.648,67.068,113.245
148.797,239.569,68.551,115.751
154.385,239.409,70.068,118.312
161.372,238.305,70.068,118.312
167.847,237.378,71.618,120.930
174.237,233.995,71.618,120.930
179.124,232.115,71.618,120.930
184.763,226.477,71.618,120.930
188.898,220.838,71.618,120.930
193.033,216.703,71.618,120.930
196.416,212.568,71.618,120.930
200.551,206.177,71.618,120.930
203.934,201.290,71.618,120.930
208.821,201.666,71.618,120.930
212.956,198.283,71.618,120.930
218.794,199.675,73.203,123.605
222.252,194.680,73.203,123.605
228.016,190.454,73.203,123.605
233.779,192.375,73.203,123.605
238.774,188.917,73.203,123.605
243.769,193.912,73.203,123.605
246.459,190.454,73.203,123.605
250.572,188.439,71.642,120.969
253.956,192.575,71.642,120.969
256.589,193.703,71.642,120.969
258.469,193.327,71.642,120.969
258.845,191.447,71.642,120.969
259.973,192.575,71.642,120.969
261.101,192.951,71.642,120.969
261.477,191.071,71.642,120.969
261.853,192.199,71.642,120.969
261.477,188.063,71.642,120.969
261.101,184.679,71.642,120.969
262.229,185.055,71.642,120.969
260.349,180.918,71.642,120.969
261.477,182.798,71.642,120.969
259.597,177.158,71.642,120.969
257.824,173.736,70.114,118.389
258.192,169.688,70.114,118.389
254.328,166.339,68.619,115.865
257.570,164.538,68.619,115.865
254.483,160.566,67.156,113.394
258.360,159.509,67.156,113.394
253.778,154.926,67.156,113.394
258.360,153.164,67.156,113.394
256.598,148.582,67.156,113.394
263.295,144.704,67.156,113.394
262.237,140.122,67.156,113.394
266.820,136.245,67.156,113.394
266.467,133.072,67.156,113.394
269.640,134.130,67.156,113.394
272.107,130.252,67.156,113.394
275.881,128.404,65.724,110.976
275.536,130.818,65.724,110.976
281.224,128.344,64.322,108.609
285.489,129.828,62.950,106.293
288.390,130.006,61.608,104.026
291.852,130.803,60.294,101.808
294.630,130.974,59.008,99.637
297.946,130.543,57.750,97.512
301.191,130.122,56.518,95.433
301.508,130.282,55.313,93.397
304.616,130.438,54.133,91.406
304.900,129.018,54.133,91.406
306.321,129.870,54.133,91.406
306.037,127.881,54.133,91.406
307.983,127.487,52.979,89.456
307.149,126.096,52.979,89.456
309.054,125.174,51.849,87.549
307.693,122.724,51.849,87.549
308.510,120.819,51.849,87.549
307.149,118.370,51.849,87.549
308.510,116.465,51.849,87.549
307.149,114.016,51.849,87.549
307.966,113.744,51.849,87.549
306.605,112.383,51.849,87.549
307.421,113.744,51.849,87.549
306.061,111.839,51.849,87.549
307.421,112.655,51.849,87.549
306.061,110.750,51.849,87.549
306.877,111.566,51.849,87.549
304.972,109.661,51.849,87.549
306.333,109.389,51.849,87.549
304.972,110.206,51.849,87.549
305.788,108.301,51.849,87.549
305.516,109.661,51.849,87.549
304.700,107.756,51.849,87.549
304.972,105.851,51.849,87.549
304.156,105.035,51.849,87.549
304.972,103.130,51.849,87.549
304.156,103.402,51.849,87.549
305.516,102.586,51.849,87.549
304.700,101.769,51.849,87.549
306.605,100.408,51.849,87.549
306.333,101.225,51.849,87.549
308.782,99.320,51.849,87.549
311.696,101.565,50.744,85.682
310.364,101.299,50.744,85.682
313.826,99.967,50.744,85.682
311.962,102.897,50.744,85.682
309.565,106.359,50.744,85.682
305.570,110.887,50.744,85.682
302.107,115.947,50.744,85.682
304.504,121.008,50.744,85.682
305.836,125.003,50.744,85.682
307.168,128.466,50.744,85.682
307.967,132.461,50.744,85.682
308.766,136.456,50.744,85.682
311.163,141.516,50.744,85.682
312.495,147.110,50.744,85.682
314.359,151.105,50.744,85.682
317.822,155.100,50.744,85.682
321.284,158.030,50.744,85.682
325.279,160.959,50.744,85.682
329.807,164.422,50.744,85.682
334.868,168.417,50.744,85.682
339.928,171.347,50.744,85.682
345.521,173.211,50.744,85.682
352.180,171.879,50.744,85.682
360.437,173.744,50.744,85.682
371.357,173.478,50.744,85.682
383.342,172.679,50.744,85.682
390.001,174.543,50.744,85.682
398.790,171.613,50.744,85.682
385.206,167.085,50.744,85.682
392.930,164.688,50.744,85.682
404.383,164.422,50.744,85.682
422.336,167.066,51.866,87.577
434.472,164.685,53.014,89.515
447.550,163.851,53.014,89.515
459.516,161.903,53.014,89.515
465.915,158.842,53.014,89.515
471.202,154.111,53.014,89.515
475.933,150.494,53.014,89.515
481.220,147.990,53.014,89.515
484.837,145.485,53.014,89.515
486.228,142.981,53.014,89.515
483.724,139.920,53.014,89.515
480.663,137.416,53.014,89.515
477.602,136.025,53.014,89.515
473.985,136.859,53.014,89.515
468.698,136.025,53.014,89.515
460.413,134.565,51.883,87.606
450.337,131.025,51.883,87.606
439.716,128.029,51.883,87.606
430.185,124.489,51.883,87.606
418.475,120.404,51.883,87.606
407.854,117.409,51.883,87.606
397.233,114.958,51.883,87.606
386.613,113.052,51.883,87.606
375.992,108.967,51.883,87.606
367.550,103.792,51.883,87.606
361.831,100.252,51.883,87.606
356.657,97.257,51.883,87.606
352.572,94.806,51.883,87.606
349.032,92.355,51.883,87.606
346.036,89.904,51.883,87.606
344.674,88.542,51.883,87.606
347.125,90.449,51.883,87.606
345.219,87.453,51.883,87.606
347.125,89.904,51.883,87.606
348.529,89.782,53.031,89.544
345.467,89.504,53.031,89.544
346.902,91.690,54.205,91.526
343.773,93.113,54.205,91.526
344.626,96.811,54.205,91.526
340.359,100.510,54.205,91.526
336.091,105.916,54.205,91.526
331.254,115.304,54.205,91.526
325.849,121.848,54.205,91.526
319.305,132.375,54.205,91.526
308.778,137.781,54.205,91.526
331.254,147.738,54.205,91.526
324.711,154.851,54.205,91.526
314.753,159.688,54.205,91.526
304.226,163.386,54.205,91.526
294.268,166.516,54.205,91.526
287.724,167.938,54.205,91.526
277.198,164.240,54.205,91.526
266.857,159.390,55.404,93.551
260.512,154.433,56.630,95.620
254.270,147.002,56.630,95.620
249.017,140.702,57.883,97.736
244.279,134.892,59.163,99.898
238.792,127.021,60.472,102.109
234.501,118.318,61.810,104.368
234.825,112.802,61.810,104.368
231.257,105.989,61.810,104.368
234.825,95.283,61.810,104.368
236.447,87.821,61.810,104.368
240.016,80.360,61.810,104.368
244.883,72.249,61.810,104.368
249.749,68.031,61.810,104.368
254.615,61.867,61.810,104.368
259.340,55.162,60.492,102.142
257.117,49.130,60.492,102.142
255.530,43.732,60.492,102.142
253.307,44.049,60.492,102.142
249.179,41.827,60.492,102.142
243.782,44.049,60.492,102.142
237.114,45.002,60.492,102.142
230.446,47.860,60.492,102.142
224.413,47.542,60.492,102.142
216.476,51.670,60.492,102.142
205.363,57.067,60.492,102.142
198.060,61.195,60.492,102.142
191.392,60.878,60.492,102.142
184.725,62.465,60.492,102.142
179.327,64.053,60.492,102.142
173.294,61.830,60.492,102.142
168.532,61.513,60.492,102.142
164.404,59.290,60.492,102.142
159.006,57.702,60.492,102.142
154.879,55.480,60.492,102.142
152.157,52.590,59.202,99.964
150.692,51.560,57.939,97.832
149.844,51.724,56.704,95.746
150.142,50.235,56.704,95.746
149.312,48.675,55.495,93.704
150.186,47.801,55.495,93.704
151.060,46.344,55.495,93.704
151.934,46.053,55.495,93.704
152.807,45.179,55.495,93.704
153.681,44.305,55.495,93.704
156.303,43.431,55.495,93.704
156.052,43.588,54.311,91.706
158.618,46.724,54.311,91.706
157.763,44.729,54.311,91.706
160.265,47.630,53.153,89.750
159.986,46.235,53.153,89.750
160.265,49.304,53.153,89.750
159.986,51.257,53.153,89.750
159.707,53.210,53.153,89.750
159.428,54.605,53.153,89.750
157.475,56.000,53.153,89.750
155.522,54.605,53.153,89.750
153.569,56.558,53.153,89.750
151.058,56.279,53.153,89.750
149.663,57.115,53.153,89.750
148.827,56.279,53.153,89.750
146.316,59.347,53.153,89.750
144.921,59.068,53.153,89.750
142.968,62.137,53.153,89.750
140.457,64.648,53.153,89.750
142.410,67.159,53.153,89.750
138.783,69.670,53.153,89.750
137.946,71.623,53.153,89.750
140.457,74.692,53.153,89.750
136.830,75.529,53.153,89.750
138.225,78.598,53.153,89.750
134.040,77.203,53.153,89.750
136.551,80.272,53.153,89.750
133.482,78.319,53.153,89.750
135.993,81.388,53.153,89.750
132.366,79.435,53.153,89.750
135.435,83.062,53.153,89.750
131.808,79.993,53.153,89.750
134.877,81.946,53.153,89.750
131.808,78.319,53.153,89.750
134.877,81.388,53.153,89.750
132.366,78.319,53.153,89.750
134.877,80.830,53.153,89.750
132.366,77.203,53.153,89.750
134.877,78.598,53.153,89.750
134.598,75.529,53.153,89.750
133.203,72.460,53.153,89.750
135.714,74.413,53.153,89.750
134.877,70.786,53.153,89.750
137.946,73.297,53.153,89.750
137.109,69.670,53.153,89.750
140.178,72.181,53.153,89.750
139.341,69.670,53.153,89.750
142.410,72.739,53.153,89.750
139.899,69.112,53.153,89.750
144.642,71.065,53.153,89.750
146.037,69.670,53.153,89.750
148.548,71.065,53.153,89.750
150.500,69.670,53.153,89.750
153.011,69.391,53.153,89.750
154.406,68.554,53.153,89.750
157.475,67.159,53.153,89.750
159.986,65.206,53.153,89.750
162.497,64.927,53.153,89.750
165.566,63.532,53.153,89.750
168.077,62.695,53.153,89.750
170.588,60.742,53.153,89.750
173.099,59.905,53.153,89.750
175.610,59.626,53.153,89.750
177.004,58.231,53.153,89.750
179.515,58.510,53.153,89.750
180.352,56.000,53.153,89.750
182.305,54.605,53.153,89.750
183.142,54.326,53.153,89.750
183.423,55.359,54.329,91.736
184.278,53.933,54.329,91.736
185.134,53.078,54.329,91.736
186.559,53.363,54.329,91.736
185.704,51.937,54.329,91.736
187.130,50.511,54.329,91.736
187.985,50.796,54.329,91.736
187.130,49.941,54.329,91.736
189.126,50.226,54.329,91.736
189.411,48.800,54.329,91.736
189.696,47.374,54.329,91.736
191.692,46.519,54.329,91.736
192.548,46.234,54.329,91.736
194.544,45.378,54.329,91.736
195.970,45.093,54.329,91.736
197.966,44.238,54.329,91.736
199.962,43.952,54.329,91.736
201.388,43.097,54.329,91.736
203.954,45.093,54.329,91.736
205.380,47.660,54.329,91.736
206.850,49.307,55.531,93.766
208.890,51.348,55.531,93.766
210.931,52.805,55.531,93.766
210.056,51.931,55.531,93.766
213.262,53.388,55.531,93.766
214.765,53.863,56.760,95.840
213.871,52.969,56.760,95.840
216.025,53.454,58.016,97.961
215.112,51.323,58.016,97.961
216.634,52.236,58.016,97.961
216.939,50.714,58.016,97.961
218.461,52.845,58.016,97.961
216.939,51.932,58.016,97.961
219.070,51.018,58.016,97.961
217.548,50.714,58.016,97.961
219.070,52.236,58.016,97.961
217.548,50.714,58.016,97.961
219.070,50.409,58.016,97.961
217.548,50.714,58.016,97.961
217.852,51.018,58.016,97.961
216.330,51.323,58.016,97.961
216.634,51.627,58.016,97.961
215.112,52.541,58.016,97.961
214.198,52.845,58.016,97.961
213.285,53.150,58.016,97.961
212.371,54.063,58.016,97.961
210.848,54.368,58.016,97.961
211.786,53.600,59.299,100.128
208.985,52.044,59.299,100.128
208.674,51.110,59.299,100.128
208.363,51.421,59.299,100.128
208.051,49.865,59.299,100.128
209.584,51.233,58.035,97.993
209.279,50.928,58.035,97.993
210.802,50.623,58.035,97.993
211.107,52.146,58.035,97.993
212.630,51.842,58.035,97.993
213.544,50.319,58.035,97.993
213.848,49.405,58.035,97.993
215.371,47.273,58.035,97.993
216.894,45.750,58.035,97.993
217.808,44.227,58.035,97.993
217.504,43.922,58.035,97.993
219.636,43.617,58.035,97.993
219.310,44.745,59.319,100.161
219.623,43.314,60.631,102.377
220.577,43.633,60.631,102.377
220.897,42.170,61.972,104.642
221.899,42.025,63.344,106.957
220.902,42.357,63.344,106.957
223.894,40.695,63.344,106.957
224.918,41.926,64.745,109.324
224.554,43.890,66.178,111.742
226.345,42.294,67.642,114.215
228.830,40.518,67.642,114.215
230.605,41.583,67.642,114.215
232.380,42.649,67.642,114.215
234.866,45.844,67.642,114.215
238.061,48.329,67.642,114.215
240.546,50.104,67.642,114.215
243.032,51.170,67.642,114.215
245.517,53.655,67.642,114.215
248.712,56.850,67.642,114.215
254.038,59.335,67.642,114.215
259.363,61.821,67.642,114.215
263.269,65.726,67.642,114.215
268.594,69.632,67.642,114.215
273.920,74.247,67.642,114.215
279.245,78.862,67.642,114.215
285.281,84.188,67.642,114.215
291.317,88.804,67.642,114.215
295.932,94.839,67.642,114.215
301.258,101.585,67.642,114.215
305.163,108.331,67.642,114.215
308.467,116.276,69.138,116.742
312.459,123.171,69.138,116.742
313.576,130.539,70.668,119.325
315.488,135.761,72.232,121.965
316.656,139.525,73.830,124.663
317.819,143.013,73.830,124.663
318.208,146.057,75.463,127.421
318.604,150.414,75.463,127.421
316.624,153.186,75.463,127.421
317.812,157.543,75.463,127.421
316.624,159.524,75.463,127.421
315.435,163.088,75.463,127.421
314.247,166.653,75.463,127.421
314.643,167.049,75.463,127.421
312.775,172.608,73.854,124.704
311.612,175.321,73.854,124.704
310.450,178.810,73.854,124.704
309.287,183.074,73.854,124.704
309.674,186.563,73.854,124.704
309.287,189.276,73.854,124.704
310.450,191.214,73.854,124.704
309.287,194.703,73.854,124.704
312.775,196.641,73.854,124.704
313.163,199.355,73.854,124.704
316.652,200.518,73.854,124.704
317.815,204.007,73.854,124.704
321.304,205.945,73.854,124.704
324.792,208.658,73.854,124.704
328.943,209.614,72.279,122.045
331.598,213.029,72.279,122.045
334.254,214.167,72.279,122.045
338.316,215.103,70.738,119.442
340.172,216.959,70.738,119.442
343.514,216.588,70.738,119.442
346.113,219.929,70.738,119.442
347.969,217.330,70.738,119.442
349.825,219.929,70.738,119.442
350.197,218.073,70.738,119.442
350.568,220.672,70.738,119.442
350.939,219.558,70.738,119.442
349.825,219.929,70.738,119.442
347.969,218.816,70.738,119.442
348.340,222.157,70.738,119.442
344.999,220.301,70.738,119.442
