117.000,68.000,122.000,125.000
112.152,61.207,122.000,125.000
107.776,54.886,122.000,125.000
109.234,48.565,122.000,125.000
105.363,41.634,124.699,127.766
108.624,43.829,127.458,130.592
110.903,37.642,130.278,133.482
117.541,32.394,133.161,136.435
123.226,24.828,136.107,139.454
128.108,13.437,136.107,139.454
132.990,6.386,136.107,139.454
137.675,12.159,139.118,142.539
145.991,18.258,139.118,142.539
153.081,23.009,142.196,145.693
157.047,26.975,142.196,145.693
160.766,31.831,145.342,148.916
162.504,38.203,145.342,148.916
166.558,44.574,145.342,148.916
171.772,49.788,145.342,148.916
170.034,55.001,145.342,148.916
175.247,59.055,145.342,148.916
176.985,58.476,145.342,148.916
171.772,63.689,145.342,148.916
176.985,60.793,145.342,148.916
169.455,66.006,145.342,148.916
173.796,64.803,142.243,145.741
182.416,65.810,139.209,142.633
178.018,72.144,136.241,139.591
173.131,77.030,136.241,139.591
167.158,72.144,136.241,139.591
162.854,67.875,133.335,136.614
161.715,63.698,130.492,133.701
160.155,56.937,130.492,133.701
162.755,46.016,130.492,133.701
166.396,38.215,130.492,133.701
167.956,41.856,130.492,133.701
212.161,99.582,130.492,133.701
200.199,110.503,130.492,133.701
190.318,119.344,130.492,133.701
184.191,120.268,127.709,130.850
176.556,116.706,127.709,130.850
172.994,113.143,127.709,130.850
179.610,108.562,127.709,130.850
192.455,103.418,130.535,133.745
199.107,97.081,133.423,136.704
195.384,105.057,133.423,136.704
188.943,96.373,136.375,139.728
185.139,102.352,136.375,139.728
179.160,111.591,136.375,139.728
175.356,118.657,136.375,139.728
179.160,122.461,136.375,139.728
175.960,125.990,139.392,142.820
182.071,133.212,139.392,142.820
187.071,139.323,139.392,142.820
193.376,155.303,136.420,139.774
200.444,171.069,136.420,139.774
207.512,181.399,136.420,139.774
216.754,190.642,136.420,139.774
227.084,199.884,136.420,139.774
234.303,209.235,133.510,136.793
234.835,205.510,133.510,136.793
242.816,210.299,133.510,136.793
252.958,203.039,130.663,133.876
277.986,196.696,133.554,136.838
285.970,190.841,133.554,136.838
286.502,184.986,133.554,136.838
287.413,175.672,130.706,133.920
281.683,165.775,130.706,133.920
290.538,148.585,130.706,133.920
300.467,137.461,127.919,131.064
308.219,127.557,125.191,128.269
317.699,116.081,125.191,128.269
337.157,92.632,125.191,128.269
342.645,54.214,125.191,128.269
334.163,31.762,125.191,128.269
331.170,33.611,122.521,125.534
348.260,30.193,122.521,125.534
356.561,25.798,122.521,125.534
365.839,17.497,122.521,125.534
342.889,-7.405,122.521,125.534
333.612,-3.987,122.521,125.534
335.077,1.384,122.521,125.534
375.605,1.872,122.521,125.534
382.929,-5.452,122.521,125.534
378.117,-10.232,119.908,122.857
372.486,-11.225,117.351,120.237
364.536,-6.080,117.351,120.237
354.714,-6.548,117.351,120.237
345.598,-0.307,114.849,117.673
337.817,2.897,114.849,117.673
320.881,7.016,114.849,117.673
314.016,12.051,114.849,117.673
296.165,18.916,114.849,117.673
280.145,23.036,114.849,117.673
271.449,28.071,114.849,117.673
262.752,32.190,114.849,117.673
254.056,35.394,114.849,117.673
246.275,34.936,114.849,117.673
238.493,33.563,114.849,117.673
232.543,38.598,114.849,117.673
226.593,35.394,114.849,117.673
221.558,34.936,114.849,117.673
217.439,35.394,114.849,117.673
212.928,34.443,112.399,115.163
208.001,33.995,112.399,115.163
202.177,35.339,112.399,115.163
195.172,36.135,110.002,112.707
187.472,39.449,107.657,110.304
180.762,43.520,105.361,107.952
171.105,45.620,105.361,107.952
175.724,46.880,105.361,107.952
169.425,51.498,105.361,107.952
150.398,57.710,107.692,110.340
142.244,63.290,107.692,110.340
125.505,70.586,107.692,110.340
122.930,77.968,105.395,107.987
105.709,85.948,105.395,107.987
87.647,79.648,105.395,107.987
71.266,69.147,105.395,107.987
68.326,62.846,105.395,107.987
76.332,63.593,103.148,105.684
54.055,21.532,100.948,103.430
51.641,9.838,98.795,101.225
54.592,5.984,96.689,99.066
61.913,-0.567,96.689,99.066
67.694,-14.054,96.689,99.066
76.556,-21.375,96.689,99.066
90.814,-26.384,96.689,99.066
105.336,-29.479,98.828,101.258
123.060,-32.236,98.828,101.258
140.783,-28.692,98.828,101.258
152.993,-25.147,98.828,101.258
125.029,80.014,98.828,101.258
137.239,74.894,98.828,101.258
146.265,67.242,96.720,99.099
154.359,59.919,96.720,99.099
163.225,55.679,96.720,99.099
178.258,58.377,96.720,99.099
184.040,63.388,96.720,99.099
184.700,82.649,94.658,96.985
184.618,92.047,92.639,94.917
188.809,101.955,90.663,92.893
194.999,110.259,88.730,90.912
199.013,117.023,86.838,88.973
198.938,120.973,84.986,87.076
196.567,124.699,84.986,87.076
194.196,127.070,84.986,87.076
194.776,124.407,83.174,85.219
197.899,130.748,81.400,83.402
200.331,138.203,79.664,81.623
202.710,143.664,77.965,79.882
204.264,147.703,77.965,79.882
203.953,151.121,77.965,79.882
202.400,154.539,77.965,79.882
203.332,158.578,77.965,79.882
204.463,162.125,76.303,78.179
207.914,166.183,74.675,76.512
212.439,169.007,73.083,74.880
215.643,171.628,73.083,74.880
217.682,173.084,73.083,74.880
214.478,166.968,73.083,74.880
215.934,163.764,73.083,74.880
216.808,165.220,73.083,74.880
220.676,163.492,71.524,73.283
