276.000,161.000,73.000,74.000
276.211,161.789,73.000,74.000
278.815,160.343,73.000,74.000
282.577,160.632,73.000,74.000
285.181,159.185,73.000,74.000
288.364,160.053,73.000,74.000
292.126,159.764,73.000,74.000
295.888,160.053,73.000,74.000
300.228,160.343,73.000,74.000
302.254,161.211,73.000,74.000
304.858,161.500,73.000,74.000
307.462,160.053,73.000,74.000
308.331,158.028,73.000,74.000
309.199,153.687,73.000,74.000
310.067,148.189,73.000,74.000
312.092,143.270,73.000,74.000
312.382,139.508,73.000,74.000
312.671,140.376,73.000,74.000
312.960,142.980,73.000,74.000
311.514,145.585,73.000,74.000
311.224,148.189,73.000,74.000
309.777,150.215,73.000,74.000
311.224,151.083,73.000,74.000
309.199,152.530,73.000,74.000
309.488,152.819,73.000,74.000
308.041,153.687,73.000,74.000
308.331,154.555,73.000,74.000
306.305,157.159,73.000,74.000
307.173,158.606,73.000,74.000
305.726,160.053,73.000,74.000
307.173,161.500,73.000,74.000
305.147,162.947,73.000,74.000
305.437,162.657,73.000,74.000
305.147,162.947,73.000,74.000
304.279,162.657,73.000,74.000
304.569,161.789,73.000,74.000
303.701,162.079,73.000,74.000
302.833,162.947,73.000,74.000
301.964,163.815,73.000,74.000
300.518,165.262,73.000,74.000
299.071,167.866,73.000,74.000
299.360,169.313,73.000,74.000
298.492,170.760,73.000,74.000
299.939,171.628,73.000,74.000
300.228,172.496,73.000,74.000
300.518,172.785,73.000,74.000
301.386,172.496,73.000,74.000
301.096,173.364,73.000,74.000
301.386,173.653,73.000,74.000
301.675,172.785,73.000,74.000
301.386,173.653,73.000,74.000
300.518,173.943,73.000,74.000
300.807,174.811,73.000,74.000
300.518,175.100,73.000,74.000
299.649,175.390,73.000,74.000
299.360,176.258,73.000,74.000
299.649,175.968,73.000,74.000
299.939,176.837,73.000,74.000
299.071,177.705,73.000,74.000
299.360,178.573,73.000,74.000
298.492,180.598,73.000,74.000
299.360,180.888,73.000,74.000
299.649,181.177,73.000,74.000
301.096,179.730,73.000,74.000
301.386,176.547,73.000,74.000
302.833,174.522,73.000,74.000
303.701,172.496,73.000,74.000
303.990,172.207,73.000,74.000
303.701,173.653,73.000,74.000
304.569,174.522,73.000,74.000
303.701,178.862,73.000,74.000
303.990,184.939,73.000,74.000
303.701,191.594,73.000,74.000
304.569,195.356,73.000,74.000
303.122,197.960,73.000,74.000
301.675,195.935,73.000,74.000
301.386,194.488,73.000,74.000
299.360,195.935,73.000,74.000
297.913,198.539,73.000,74.000
297.045,201.143,73.000,74.000
295.598,203.748,73.000,74.000
294.730,205.773,73.000,74.000
293.862,207.799,73.000,74.000
291.553,209.682,74.615,75.637
290.666,211.161,74.615,75.637
288.920,211.859,76.266,77.311
287.135,209.435,77.953,79.021
287.444,206.654,77.953,79.021
287.135,204.491,77.953,79.021
286.826,201.710,77.953,79.021
286.517,200.165,77.953,79.021
286.208,199.238,77.953,79.021
285.899,198.311,77.953,79.021
285.590,197.384,77.953,79.021
284.663,196.457,77.953,79.021
284.354,195.530,77.953,79.021
285.899,194.603,77.953,79.021
285.590,194.294,77.953,79.021
287.135,193.367,77.953,79.021
288.062,194.294,77.953,79.021
288.371,194.603,77.953,79.021
290.535,194.912,77.953,79.021
289.607,195.839,77.953,79.021
291.153,195.530,77.953,79.021
291.462,195.221,77.953,79.021
291.771,194.294,77.953,79.021
292.080,193.367,77.953,79.021
293.007,193.058,77.953,79.021
293.316,192.749,77.953,79.021
293.625,193.058,77.953,79.021
292.442,191.222,79.678,80.770
292.757,191.538,79.678,80.770
293.073,191.222,79.678,80.770
293.389,190.275,79.678,80.770
292.442,189.959,79.678,80.770
292.126,189.011,79.678,80.770
293.073,188.695,79.678,80.770
293.389,189.011,79.678,80.770
292.442,189.959,79.678,80.770
293.389,189.643,79.678,80.770
293.073,189.959,79.678,80.770
294.652,189.011,79.678,80.770
293.705,189.327,79.678,80.770
293.389,189.011,79.678,80.770
293.073,188.695,79.678,80.770
293.389,188.380,79.678,80.770
292.442,189.327,79.678,80.770
292.126,189.011,79.678,80.770
293.073,189.327,79.678,80.770
293.389,189.011,79.678,80.770
292.442,188.695,79.678,80.770
292.757,187.748,79.678,80.770
293.705,187.432,79.678,80.770
292.757,187.748,79.678,80.770
293.705,185.537,79.678,80.770
292.757,185.853,79.678,80.770
293.073,184.274,79.678,80.770
293.389,183.958,79.678,80.770
292.442,183.010,79.678,80.770
292.126,182.694,79.678,80.770
293.073,181.115,79.678,80.770
293.389,181.431,79.678,80.770
291.810,180.484,79.678,80.770
291.494,179.536,79.678,80.770
290.547,179.220,79.678,80.770
290.231,177.641,79.678,80.770
290.547,176.062,79.678,80.770
290.862,175.114,79.678,80.770
291.178,173.535,79.678,80.770
291.494,173.219,79.678,80.770
291.178,172.272,79.678,80.770
291.494,171.956,79.678,80.770
291.178,171.008,79.678,80.770
290.862,171.956,79.678,80.770
291.810,171.008,79.678,80.770
290.862,172.588,79.678,80.770
291.810,172.272,79.678,80.770
290.862,174.483,79.678,80.770
291.810,174.167,79.678,80.770
291.494,175.746,79.678,80.770
291.810,174.167,79.678,80.770
291.494,177.009,79.678,80.770
291.810,174.798,79.678,80.770
292.126,174.483,79.678,80.770
291.810,176.062,79.678,80.770
292.757,173.219,79.678,80.770
292.442,171.640,79.678,80.770
291.494,170.061,79.678,80.770
291.178,167.850,79.678,80.770
290.862,168.797,79.678,80.770
291.178,165.323,79.678,80.770
289.599,168.166,79.678,80.770
289.915,164.060,79.678,80.770
288.967,166.902,79.678,80.770
289.283,163.428,79.678,80.770
287.419,166.139,81.441,82.557
287.096,167.108,81.441,82.557
286.127,168.076,81.441,82.557
286.450,170.336,81.441,82.557
286.554,167.078,83.243,84.383
286.224,170.048,83.243,84.383
285.234,171.698,83.243,84.383
286.224,170.048,83.243,84.383
285.894,173.018,83.243,84.383
286.224,173.348,83.243,84.383
285.894,173.678,83.243,84.383
285.316,171.717,85.085,86.250
286.327,174.078,85.085,86.250
284.641,170.368,85.085,86.250
285.653,172.729,85.085,86.250
284.641,170.368,85.085,86.250
285.653,170.705,85.085,86.250
285.316,169.019,85.085,86.250
287.002,166.658,85.085,86.250
287.339,168.344,85.085,86.250
288.351,165.983,85.085,86.250
288.688,166.995,85.085,86.250
289.026,168.007,85.085,86.250
290.037,169.019,85.085,86.250
291.049,170.705,85.085,86.250
292.061,173.066,85.085,86.250
293.073,173.403,85.085,86.250
294.085,175.764,85.085,86.250
295.771,176.776,85.085,86.250
296.783,175.764,85.085,86.250
297.795,177.451,85.085,86.250
298.132,175.764,85.085,86.250
297.795,178.125,85.085,86.250
296.783,175.764,85.085,86.250
295.771,178.125,85.085,86.250
296.108,174.415,85.085,86.250
294.422,176.102,85.085,86.250
294.759,173.066,85.085,86.250
292.398,174.078,85.085,86.250
294.085,171.717,85.085,86.250
291.049,173.403,85.085,86.250
292.061,170.368,85.085,86.250
290.375,169.356,85.085,86.250
291.386,166.321,85.085,86.250
290.375,163.960,85.085,86.250
290.712,161.599,85.085,86.250
287.677,159.913,85.085,86.250
288.014,156.877,85.085,86.250
287.002,155.865,85.085,86.250
288.014,154.853,85.085,86.250
286.327,155.191,85.085,86.250
287.836,151.787,86.967,88.158
285.422,152.821,86.967,88.158
287.679,147.912,88.891,90.109
286.622,150.378,88.891,90.109
288.384,150.026,88.891,90.109
285.573,147.201,90.858,92.103
286.653,148.282,90.858,92.103
284.853,144.320,90.858,92.103
287.374,144.680,90.858,92.103
284.500,138.056,92.868,94.140
284.619,139.688,94.923,96.223
283.490,133.292,94.923,96.223
283.611,137.302,97.023,98.352
281.688,130.764,97.023,98.352
280.216,134.065,99.170,100.528
279.036,128.955,99.170,100.528
276.716,122.541,101.364,102.752
276.314,129.372,101.364,102.752
275.108,123.345,101.364,102.752
275.510,130.175,101.364,102.752
275.108,125.755,101.364,102.752
275.510,130.979,101.364,102.752
275.108,127.363,101.364,102.752
277.117,132.586,101.364,102.752
275.912,130.577,101.364,102.752
277.117,129.372,101.364,102.752
279.126,132.988,101.364,102.752
278.725,131.782,101.364,102.752
278.323,131.381,101.364,102.752
279.528,133.390,101.364,102.752
277.519,132.988,101.364,102.752
277.921,134.193,101.364,102.752
278.323,135.399,101.364,102.752
277.921,137.408,101.364,102.752
277.519,139.417,101.364,102.752
276.314,141.426,101.364,102.752
278.323,144.238,101.364,102.752
277.921,145.444,101.364,102.752
279.126,148.256,101.364,102.752
278.725,150.265,101.364,102.752
279.126,151.471,101.364,102.752
279.528,155.087,101.364,102.752
281.537,158.703,101.364,102.752
284.554,162.510,99.202,100.561
285.734,166.049,99.202,100.561
285.341,164.083,99.202,100.561
284.504,165.534,97.087,98.417
285.658,167.458,97.087,98.417
284.839,166.653,95.016,96.318
283.709,167.783,95.016,96.318
284.085,168.913,95.016,96.318
282.955,169.289,95.016,96.318
281.072,170.419,95.016,96.318
278.849,169.744,97.119,98.449
276.576,169.055,99.267,100.627
276.970,168.661,99.267,100.627
276.576,169.842,99.267,100.627
276.703,170.770,101.464,102.853
276.301,169.563,101.464,102.853
277.507,169.965,101.464,102.853
279.518,171.172,101.464,102.853
279.437,171.106,99.300,100.660
280.618,171.499,99.300,100.660
280.224,171.893,99.300,100.660
282.192,171.499,99.300,100.660
281.799,169.531,99.300,100.660
282.980,169.925,99.300,100.660
282.586,167.957,99.300,100.660
281.748,169.409,97.182,98.513
283.674,166.713,97.182,98.513
282.518,167.098,97.182,98.513
281.363,165.942,97.182,98.513
280.207,164.787,97.182,98.513
278.281,165.942,97.182,98.513
278.666,164.016,97.182,98.513
276.740,165.942,97.182,98.513
278.666,162.475,97.182,98.513
279.051,161.320,97.182,98.513
277.125,160.164,97.182,98.513
278.281,159.008,97.182,98.513
277.896,159.394,97.182,98.513
279.051,157.467,97.182,98.513
280.207,157.853,97.182,98.513
280.592,159.008,97.182,98.513
277.896,156.312,97.182,98.513
276.740,152.845,97.182,98.513
277.125,150.148,97.182,98.513
273.658,146.681,97.182,98.513
271.732,143.214,97.182,98.513
268.265,140.517,97.182,98.513
267.109,137.821,97.182,98.513
265.183,135.895,97.182,98.513
264.798,133.969,97.182,98.513
265.183,132.813,97.182,98.513
263.257,131.657,97.182,98.513
263.642,132.043,97.182,98.513
263.257,131.657,97.182,98.513
262.101,131.272,97.182,98.513
262.487,130.887,97.182,98.513
262.872,131.272,97.182,98.513
264.028,129.346,97.182,98.513
262.872,127.420,97.182,98.513
265.568,127.035,97.182,98.513
263.642,128.961,97.182,98.513
263.257,127.035,97.182,98.513
262.872,131.272,97.182,98.513
264.028,127.805,97.182,98.513
262.872,132.043,97.182,98.513
266.339,128.576,97.182,98.513
265.183,132.813,97.182,98.513
267.880,133.198,97.182,98.513
265.183,135.124,97.182,98.513
265.568,133.969,97.182,98.513
265.183,136.665,97.182,98.513
264.028,138.591,97.182,98.513
262.872,139.747,97.182,98.513
265.568,139.362,97.182,98.513
262.101,139.747,97.182,98.513
265.568,140.132,97.182,98.513
262.872,142.058,97.182,98.513
267.880,140.903,97.182,98.513
264.413,142.058,97.182,98.513
266.339,140.903,97.182,98.513
264.413,141.288,97.182,98.513
268.650,138.591,97.182,98.513
265.183,142.829,97.182,98.513
268.650,139.362,97.182,98.513
263.978,141.070,99.332,100.693
269.097,136.738,99.332,100.693
265.553,140.282,99.332,100.693
269.097,135.951,99.332,100.693
265.553,137.920,99.332,100.693
269.097,135.951,99.332,100.693
266.341,134.770,99.332,100.693
269.884,134.376,99.332,100.693
267.916,134.770,99.332,100.693
270.672,135.163,99.332,100.693
268.703,133.982,99.332,100.693
270.672,133.588,99.332,100.693
271.853,136.345,99.332,100.693
270.672,135.951,99.332,100.693
273.428,137.920,99.332,100.693
272.247,142.251,99.332,100.693
270.649,147.499,97.214,98.546
272.576,146.343,97.214,98.546
271.013,149.251,95.141,96.444
272.144,149.628,95.141,96.444
270.614,152.474,93.112,94.388
272.460,155.058,93.112,94.388
272.090,156.903,93.112,94.388
271.721,160.225,93.112,94.388
272.090,162.071,93.112,94.388
273.198,163.916,93.112,94.388
272.829,166.500,93.112,94.388
271.721,169.083,93.112,94.388
272.829,170.191,93.112,94.388
271.721,172.036,93.112,94.388
272.829,173.143,93.112,94.388
272.754,175.217,91.126,92.375
272.393,174.133,91.126,92.375
271.309,175.217,91.126,92.375
270.948,175.578,91.126,92.375
272.754,175.217,91.126,92.375
270.226,173.411,91.126,92.375
272.754,174.494,91.126,92.375
273.838,172.688,91.126,92.375
272.032,174.494,91.126,92.375
273.838,174.133,91.126,92.375
273.477,174.494,91.126,92.375
275.283,176.301,91.126,92.375
274.199,175.939,91.126,92.375
276.728,177.023,91.126,92.375
274.921,178.107,91.126,92.375
275.283,177.023,91.126,92.375
274.921,177.384,91.126,92.375
276.005,176.301,91.126,92.375
276.366,175.939,91.126,92.375
274.560,173.411,91.126,92.375
272.032,170.882,91.126,92.375
266.613,172.688,91.126,92.375
264.807,170.882,91.126,92.375
263.001,171.244,91.126,92.375
266.252,170.160,91.126,92.375
262.279,169.076,91.126,92.375
264.807,170.160,91.126,92.375
261.556,168.354,91.126,92.375
265.530,167.270,91.126,92.375
262.279,166.186,91.126,92.375
264.807,164.380,91.126,92.375
261.556,164.019,91.126,92.375
264.807,161.491,91.126,92.375
261.556,158.962,91.126,92.375
260.473,157.156,91.126,92.375
263.724,153.905,91.126,92.375
259.750,152.099,91.126,92.375
258.667,148.125,91.126,92.375
258.305,145.597,91.126,92.375
256.499,142.346,91.126,92.375
255.416,140.540,91.126,92.375
253.609,138.011,91.126,92.375
252.526,135.483,91.126,92.375
251.442,133.677,91.126,92.375
250.358,131.148,91.126,92.375
250.720,129.342,91.126,92.375
250.358,127.536,91.126,92.375
250.720,126.452,91.126,92.375
248.914,125.368,91.126,92.375
249.997,125.007,91.126,92.375
249.636,126.091,91.126,92.375
250.720,126.452,91.126,92.375
249.636,128.981,91.126,92.375
251.442,130.787,91.126,92.375
251.803,133.315,91.126,92.375
252.165,135.844,91.126,92.375
253.248,139.095,91.126,92.375
254.332,141.623,91.126,92.375
255.416,144.152,91.126,92.375
257.222,145.958,91.126,92.375
259.028,148.487,91.126,92.375
260.834,151.015,91.126,92.375
259.750,152.821,91.126,92.375
261.556,155.350,91.126,92.375
262.640,157.878,91.126,92.375
264.446,161.129,91.126,92.375
266.252,165.103,91.126,92.375
266.613,168.354,91.126,92.375
269.142,172.327,91.126,92.375
270.226,177.023,91.126,92.375
270.587,181.719,91.126,92.375
272.393,184.970,91.126,92.375
272.754,187.498,91.126,92.375
273.838,189.305,91.126,92.375
274.199,190.388,91.126,92.375
276.005,190.027,91.126,92.375
275.644,191.833,91.126,92.375
278.172,190.027,91.126,92.375
277.089,191.833,91.126,92.375
280.340,188.582,91.126,92.375
278.534,191.833,91.126,92.375
281.062,189.305,91.126,92.375
280.701,191.833,91.126,92.375
282.507,189.305,91.126,92.375
283.591,191.833,91.126,92.375
283.952,192.917,91.126,92.375
285.758,191.833,91.126,92.375
286.119,193.639,91.126,92.375
288.648,189.666,91.126,92.375
289.009,191.472,91.126,92.375
290.093,190.388,91.126,92.375
290.454,190.027,91.126,92.375
290.093,189.666,91.126,92.375
289.732,188.582,91.126,92.375
289.370,189.666,91.126,92.375
288.287,190.749,91.126,92.375
286.481,191.833,91.126,92.375
285.397,192.917,91.126,92.375
283.591,195.445,91.126,92.375
281.062,198.696,91.126,92.375
277.811,202.670,91.126,92.375
283.952,197.251,91.126,92.375
282.146,201.225,91.126,92.375
286.842,195.807,91.126,92.375
283.960,198.907,93.143,94.419
288.760,194.107,93.143,94.419
287.346,194.212,95.203,96.508
289.233,189.306,95.203,96.508
288.856,190.438,95.203,96.508
291.497,187.042,95.203,96.508
288.487,189.498,97.310,98.643
290.415,186.026,97.310,98.643
288.487,187.955,97.310,98.643
288.872,186.026,97.310,98.643
286.172,187.955,97.310,98.643
287.329,184.483,97.310,98.643
286.172,184.869,97.310,98.643
287.329,182.169,97.310,98.643
285.401,179.469,97.310,98.643
287.329,177.540,97.310,98.643
284.629,177.154,97.310,98.643
286.558,175.997,97.310,98.643
283.858,176.383,97.310,98.643
285.786,175.997,97.310,98.643
286.172,174.069,97.310,98.643
287.329,170.597,97.310,98.643
288.487,172.526,97.310,98.643
290.415,169.054,97.310,98.643
288.487,170.983,97.310,98.643
290.415,165.968,97.310,98.643
289.258,169.440,97.310,98.643
290.415,165.197,97.310,98.643
291.572,167.897,97.310,98.643
290.415,166.740,97.310,98.643
289.258,166.354,97.310,98.643
288.872,166.740,97.310,98.643
288.487,164.811,97.310,98.643
286.558,165.968,97.310,98.643
286.172,163.268,97.310,98.643
282.701,163.654,97.310,98.643
283.858,160.182,97.310,98.643
280.386,160.568,97.310,98.643
281.543,157.868,97.310,98.643
278.843,158.254,97.310,98.643
280.000,155.554,97.310,98.643
278.072,153.625,97.310,98.643
278.458,152.468,97.310,98.643
278.072,150.539,97.310,98.643
276.915,149.382,97.310,98.643
277.300,150.539,97.310,98.643
276.915,146.296,97.310,98.643
277.300,148.225,97.310,98.643
277.686,143.982,97.310,98.643
277.300,145.910,97.310,98.643
278.458,143.982,97.310,98.643
278.843,145.139,97.310,98.643
279.229,141.667,97.310,98.643
279.615,143.596,97.310,98.643
280.772,140.124,97.310,98.643
281.929,142.053,97.310,98.643
282.315,139.353,97.310,98.643
283.472,142.053,97.310,98.643
283.086,137.810,97.310,98.643
283.472,135.881,97.310,98.643
283.858,138.581,97.310,98.643
281.929,135.881,97.310,98.643
282.315,139.353,97.310,98.643
280.386,137.424,97.310,98.643
280.000,141.667,97.310,98.643
280.386,140.510,97.310,98.643
279.229,145.525,97.310,98.643
278.072,143.596,97.310,98.643
278.458,146.296,97.310,98.643
279.615,145.139,97.310,98.643
277.686,146.296,97.310,98.643
277.300,146.682,97.310,98.643
276.915,145.525,97.310,98.643
277.300,145.910,97.310,98.643
276.915,144.753,97.310,98.643
278.072,145.139,97.310,98.643
276.595,143.647,99.463,100.825
277.778,144.830,99.463,100.825
278.961,142.859,99.463,100.825
277.778,144.042,99.463,100.825
279.749,143.647,99.463,100.825
278.566,142.465,99.463,100.825
280.538,144.436,99.463,100.825
279.355,142.465,99.463,100.825
279.749,142.859,99.463,100.825
280.143,141.676,99.463,100.825
281.326,142.859,99.463,100.825
282.509,140.888,99.463,100.825
282.903,142.859,99.463,100.825
284.875,140.888,99.463,100.825
286.057,142.859,99.463,100.825
288.817,139.310,99.463,100.825
290.789,142.070,99.463,100.825
293.548,138.522,99.463,100.825
295.520,141.282,99.463,100.825
295.914,143.253,99.463,100.825
299.462,140.493,99.463,100.825
297.491,144.830,99.463,100.825
301.040,141.282,99.463,100.825
300.645,144.830,99.463,100.825
302.617,141.282,99.463,100.825
300.645,144.830,99.463,100.825
302.617,141.282,99.463,100.825
300.645,144.830,99.463,100.825
302.617,141.282,99.463,100.825
301.434,144.042,99.463,100.825
302.617,140.493,99.463,100.825
300.645,144.830,99.463,100.825
302.617,141.282,99.463,100.825
299.857,145.619,99.463,100.825
301.040,142.859,99.463,100.825
299.068,145.619,99.463,100.825
301.040,143.647,99.463,100.825
298.280,144.830,99.463,100.825
299.720,143.245,97.342,98.675
297.791,145.946,97.342,98.675
298.457,145.139,95.266,96.571
297.324,144.761,95.266,96.571
295.436,144.383,95.266,96.571
295.360,143.593,93.234,94.511
294.573,144.245,91.246,92.496
294.211,143.883,91.246,92.496
292.046,145.915,89.300,90.523
291.692,143.437,89.300,90.523
290.631,144.499,89.300,90.523
288.861,143.437,89.300,90.523
287.091,144.499,89.300,90.523
285.321,143.437,89.300,90.523
284.259,145.915,89.300,90.523
282.489,146.269,89.300,90.523
280.719,145.915,89.300,90.523
279.657,148.393,89.300,90.523
277.887,146.623,89.300,90.523
275.409,149.809,89.300,90.523
274.347,150.163,89.300,90.523
272.577,151.933,89.300,90.523
272.223,150.163,89.300,90.523
269.038,153.349,89.300,90.523
267.976,151.579,89.300,90.523
265.498,154.765,89.300,90.523
265.144,155.827,89.300,90.523
262.666,156.181,89.300,90.523
263.728,157.243,89.300,90.523
262.666,154.765,89.300,90.523
262.312,157.243,89.300,90.523
261.250,154.765,89.300,90.523
261.604,155.119,89.300,90.523
261.958,155.473,89.300,90.523
260.188,152.995,89.300,90.523
261.958,154.765,89.300,90.523
260.896,152.287,89.300,90.523
261.250,153.349,89.300,90.523
261.604,152.995,89.300,90.523
262.666,154.765,89.300,90.523
262.312,152.995,89.300,90.523
263.374,155.473,89.300,90.523
261.604,152.995,89.300,90.523
264.082,156.181,89.300,90.523
261.258,152.608,91.276,92.526
263.790,155.141,91.276,92.526
265.600,152.608,91.276,92.526
268.132,151.523,91.276,92.526
268.999,150.124,93.295,94.573
271.420,148.694,95.360,96.666
275.578,150.584,95.360,96.666
278.980,148.694,95.360,96.666
283.138,151.340,95.360,96.666
287.296,152.474,95.360,96.666
290.698,153.608,95.360,96.666
294.101,154.742,95.360,96.666
297.503,156.632,95.360,96.666
300.905,157.766,95.360,96.666
303.551,158.900,95.360,96.666
306.197,158.522,95.360,96.666
308.087,159.656,95.360,96.666
309.977,157.766,95.360,96.666
311.111,159.656,95.360,96.666
309.977,157.010,95.360,96.666
313.379,158.144,95.360,96.666
310.733,156.254,95.360,96.666
311.111,157.388,95.360,96.666
310.733,153.986,95.360,96.666
310.355,152.096,95.360,96.666
309.221,153.230,95.360,96.666
311.867,149.828,95.360,96.666
309.977,152.474,95.360,96.666
311.867,149.828,95.360,96.666
310.733,153.230,95.360,96.666
310.355,150.584,95.360,96.666
311.489,153.230,95.360,96.666
308.843,155.120,95.360,96.666
306.953,152.474,95.360,96.666
303.152,155.719,97.469,98.805
298.902,152.241,97.469,98.805
292.613,149.946,99.626,100.991
289.059,148.761,99.626,100.991
285.505,149.156,99.626,100.991
284.320,147.971,99.626,100.991
282.345,146.787,99.626,100.991
280.371,144.812,99.626,100.991
279.186,142.837,99.626,100.991
280.371,140.863,99.626,100.991
280.291,140.798,97.501,98.837
281.451,139.638,97.501,98.837
283.179,138.144,99.659,101.024
285.765,134.977,101.864,103.259
282.131,134.573,101.864,103.259
284.775,133.850,104.117,105.543
281.060,130.961,104.117,105.543
283.124,131.374,104.117,105.543
280.235,134.263,104.117,105.543
281.473,131.374,104.117,105.543
277.758,135.088,104.117,105.543
279.604,130.067,106.421,107.879
277.495,134.707,106.421,107.879
278.760,130.911,106.421,107.879
276.651,136.395,106.421,107.879
277.917,133.442,106.421,107.879
278.338,137.238,106.421,107.879
277.917,138.504,106.421,107.879
279.182,141.457,106.421,107.879
282.135,141.035,106.421,107.879
280.026,143.988,106.421,107.879
283.822,141.879,106.421,107.879
280.869,143.988,106.421,107.879
286.353,141.879,106.421,107.879
283.401,143.144,106.421,107.879
285.510,140.191,106.421,107.879
282.557,145.675,106.421,107.879
284.666,141.879,106.421,107.879
282.557,138.926,106.421,107.879
280.448,142.722,106.421,107.879
283.401,138.926,106.421,107.879
282.135,135.973,106.421,107.879
281.713,139.769,106.421,107.879
285.510,133.442,106.421,107.879
285.425,138.251,104.151,105.578
289.140,133.710,104.151,105.578
290.379,137.426,104.151,105.578
289.966,140.316,104.151,105.578
292.030,136.600,104.151,105.578
290.792,138.664,104.151,105.578
290.708,137.004,101.930,103.327
291.113,139.025,101.930,103.327
287.476,138.621,101.930,103.327
291.921,137.408,101.930,103.327
287.945,140.457,99.757,101.123
284.386,141.644,99.757,101.123
288.736,141.248,99.757,101.123
283.595,141.644,99.757,101.123
286.363,141.248,99.757,101.123
282.472,141.945,97.629,98.967
285.955,140.784,97.629,98.967
280.150,140.397,97.629,98.967
282.085,136.914,97.629,98.967
277.054,137.301,97.629,98.967
275.119,134.592,97.629,98.967
277.828,134.979,97.629,98.967
272.797,135.366,97.629,98.967
276.280,132.657,97.629,98.967
272.797,134.592,97.629,98.967
276.280,131.883,97.629,98.967
273.571,133.818,97.629,98.967
272.410,132.657,97.629,98.967
272.023,133.044,97.629,98.967
271.636,131.109,97.629,98.967
271.249,129.948,97.629,98.967
272.410,127.239,97.629,98.967
272.797,126.078,97.629,98.967
273.958,124.143,97.629,98.967
275.119,122.982,97.629,98.967
276.280,121.821,97.629,98.967
275.119,122.208,97.629,98.967
277.054,119.499,97.629,98.967
274.345,122.208,97.629,98.967
273.958,124.143,97.629,98.967
272.797,128.400,97.629,98.967
272.410,133.431,97.629,98.967
271.249,138.462,97.629,98.967
272.410,135.753,97.629,98.967
271.249,142.332,97.629,98.967
272.410,141.171,97.629,98.967
272.023,145.428,97.629,98.967
271.636,143.493,97.629,98.967
271.249,146.976,97.629,98.967
270.862,148.911,97.629,98.967
268.927,150.072,97.629,98.967
266.992,151.233,97.629,98.967
265.831,153.168,97.629,98.967
265.444,154.329,97.629,98.967
265.831,157.038,97.629,98.967
263.896,158.973,97.629,98.967
263.509,160.134,97.629,98.967
262.348,162.069,97.629,98.967
262.735,160.908,97.629,98.967
260.800,163.617,97.629,98.967
264.283,161.682,97.629,98.967
267.766,162.843,97.629,98.967
263.875,164.559,99.789,101.156
261.898,168.119,99.789,101.156
261.055,167.291,97.661,98.999
259.894,169.227,97.661,98.999
263.378,166.517,97.661,98.999
262.991,167.678,97.661,98.999
263.378,165.743,97.661,98.999
265.314,164.581,97.661,98.999
266.475,164.969,97.661,98.999
268.411,163.807,97.661,98.999
268.024,161.872,97.661,98.999
267.636,161.484,97.661,98.999
269.572,159.549,97.661,98.999
270.733,157.613,97.661,98.999
269.572,155.678,97.661,98.999
271.508,155.290,97.661,98.999
271.121,151.806,97.661,98.999
272.282,151.419,97.661,98.999
270.346,147.935,97.661,98.999
272.282,146.774,97.661,98.999
271.121,144.064,97.661,98.999
273.830,141.354,97.661,98.999
271.895,138.644,97.661,98.999
275.379,139.031,97.661,98.999
272.669,137.096,97.661,98.999
276.153,135.934,97.661,98.999
274.218,137.096,97.661,98.999
276.927,135.160,97.661,98.999
275.766,137.096,97.661,98.999
275.379,135.934,97.661,98.999
276.540,135.547,97.661,98.999
276.153,134.386,97.661,98.999
275.766,133.999,97.661,98.999
275.379,133.611,97.661,98.999
277.315,133.999,97.661,98.999
276.153,133.611,97.661,98.999
277.315,133.999,97.661,98.999
276.927,132.837,97.661,98.999
277.315,132.450,97.661,98.999
278.476,131.289,97.661,98.999
277.315,129.353,97.661,98.999
276.927,128.966,97.661,98.999
274.992,127.805,97.661,98.999
273.830,128.192,97.661,98.999
273.443,127.030,97.661,98.999
274.605,128.192,97.661,98.999
273.443,127.030,97.661,98.999
275.379,128.966,97.661,98.999
275.766,128.579,97.661,98.999
276.153,128.966,97.661,98.999
277.315,127.805,97.661,98.999
278.476,128.966,97.661,98.999
278.863,127.805,97.661,98.999
277.702,128.192,97.661,98.999
279.637,127.805,97.661,98.999
279.250,128.966,97.661,98.999
280.412,127.805,97.661,98.999
280.024,128.966,97.661,98.999
278.863,126.256,97.661,98.999
279.250,128.192,97.661,98.999
278.863,123.933,97.661,98.999
278.476,125.869,97.661,98.999
278.089,120.836,97.661,98.999
276.927,117.352,97.661,98.999
277.315,114.642,97.661,98.999
277.702,115.029,97.661,98.999
277.315,109.997,97.661,98.999
278.476,111.932,97.661,98.999
277.315,107.674,97.661,98.999
278.242,106.177,99.822,101.189
277.847,104.990,99.822,101.189
279.034,103.803,99.822,101.189
279.429,104.199,99.822,101.189
280.616,105.386,99.822,101.189
281.804,104.199,99.822,101.189
282.991,106.969,99.822,101.189
283.386,105.782,99.822,101.189
283.782,106.969,99.822,101.189
283.386,105.782,99.822,101.189
281.408,107.760,99.822,101.189
282.595,107.364,99.822,101.189
280.616,109.343,99.822,101.189
281.804,108.156,99.822,101.189
281.408,110.926,99.822,101.189
280.221,111.321,99.822,101.189
281.408,113.300,99.822,101.189
280.221,115.278,99.822,101.189
281.408,118.048,99.822,101.189
281.804,120.026,99.822,101.189
282.991,122.005,99.822,101.189
282.595,124.775,99.822,101.189
284.573,129.127,99.822,101.189
286.552,133.480,99.822,101.189
287.739,136.250,99.822,101.189
287.343,139.019,99.822,101.189
287.739,140.998,99.822,101.189
289.185,141.696,97.693,99.032
289.572,145.181,97.693,99.032
289.959,144.794,97.693,99.032
291.121,149.053,97.693,99.032
291.508,147.892,97.693,99.032
291.895,152.151,97.693,99.032
291.071,152.834,95.610,96.920
296.109,157.886,93.571,94.853
293.174,157.825,91.576,92.830
297.167,160.366,91.576,92.830
292.448,159.277,91.576,92.830
287.729,158.914,91.576,92.830
259.976,134.160,93.602,94.884
255.153,130.821,93.602,94.884
255.272,130.926,95.673,96.983
255.651,130.547,95.673,96.983
256.789,130.926,95.673,96.983
257.927,129.788,95.673,96.983
259.064,128.650,95.673,96.983
260.961,129.030,95.673,96.983
261.340,129.409,95.673,96.983
262.478,129.788,95.673,96.983
262.857,130.926,95.673,96.983
262.478,132.064,95.673,96.983
264.374,133.960,95.673,96.983
263.236,135.856,95.673,96.983
262.857,137.752,95.673,96.983
262.478,139.648,95.673,96.983
262.857,141.545,95.673,96.983
261.719,143.441,95.673,96.983
261.340,144.579,95.673,96.983
261.719,145.716,95.673,96.983
261.340,146.854,95.673,96.983
260.961,148.750,95.673,96.983
260.581,149.888,95.673,96.983
260.961,151.784,95.673,96.983
260.581,153.680,95.673,96.983
261.719,157.093,95.673,96.983
262.857,160.507,95.673,96.983
263.236,164.678,95.673,96.983
259.823,158.990,95.673,96.983
263.236,163.920,95.673,96.983
259.823,157.473,95.673,96.983
265.595,166.914,93.632,94.915
267.451,171.739,93.632,94.915
270.791,175.822,93.632,94.915
272.647,174.708,93.632,94.915
271.533,174.337,93.632,94.915
276.358,176.193,93.632,94.915
274.503,178.049,93.632,94.915
279.328,177.678,93.632,94.915
277.472,178.791,93.632,94.915
281.555,179.162,93.632,94.915
278.956,181.018,93.632,94.915
282.297,180.647,93.632,94.915
283.410,183.245,93.632,94.915
284.524,184.358,93.632,94.915
284.895,183.245,93.632,94.915
286.751,185.843,93.632,94.915
287.864,185.472,93.632,94.915
288.978,185.843,93.632,94.915
290.091,184.730,93.632,94.915
291.947,185.843,93.632,94.915
291.576,183.987,93.632,94.915
293.432,184.358,93.632,94.915
295.287,181.018,93.632,94.915
295.658,177.678,93.632,94.915
295.287,176.564,93.632,94.915
296.401,175.451,93.632,94.915
296.772,173.595,93.632,94.915
295.658,171.739,93.632,94.915
296.030,169.883,93.632,94.915
294.174,171.739,93.632,94.915
293.803,169.883,93.632,94.915
294.174,168.028,93.632,94.915
293.060,166.914,93.632,94.915
291.205,168.028,93.632,94.915
290.833,165.429,93.632,94.915
289.720,166.543,93.632,94.915
286.759,164.338,95.704,97.015
285.621,163.200,95.704,97.015
286.759,160.544,95.704,97.015
285.621,161.682,95.704,97.015
287.518,159.027,95.704,97.015
285.278,159.921,97.821,99.162
286.441,156.432,97.821,99.162
286.054,157.595,97.821,99.162
285.666,155.656,97.821,99.162
285.278,156.044,97.821,99.162
285.666,153.329,97.821,99.162
284.502,153.717,97.821,99.162
284.115,151.003,97.821,99.162
283.727,151.391,97.821,99.162
283.339,150.227,97.821,99.162
283.727,149.840,97.821,99.162
283.339,151.003,97.821,99.162
282.951,151.391,97.821,99.162
283.339,151.003,97.821,99.162
282.176,151.391,97.821,99.162
281.788,151.003,97.821,99.162
281.400,150.615,97.821,99.162
280.237,150.227,97.821,99.162
279.849,148.289,97.821,99.162
279.462,147.125,97.821,99.162
279.074,145.186,97.821,99.162
278.686,144.023,97.821,99.162
277.523,144.411,97.821,99.162
277.135,141.697,97.821,99.162
277.523,141.309,97.821,99.162
276.360,140.921,97.821,99.162
275.972,142.084,97.821,99.162
272.878,144.608,99.986,101.355
272.482,145.797,99.986,101.355
272.085,146.986,99.986,101.355
272.482,148.175,99.986,101.355
266.852,149.932,102.198,103.598
269.688,152.768,102.198,103.598
264.422,154.794,102.198,103.598
268.068,151.148,102.198,103.598
269.879,152.103,104.459,105.890
262.280,148.784,106.770,108.233
266.089,148.360,106.770,108.233
264.819,147.091,106.770,108.233
266.935,145.821,106.770,108.233
264.819,142.858,106.770,108.233
267.782,142.435,106.770,108.233
266.512,141.166,106.770,108.233
266.089,139.049,106.770,108.233
265.666,136.933,106.770,108.233
268.628,134.817,106.770,108.233
266.512,131.854,106.770,108.233
266.089,128.045,106.770,108.233
265.666,124.236,106.770,108.233
268.628,127.199,106.770,108.233
267.359,120.850,106.770,108.233
269.475,121.274,106.770,108.233
269.898,120.004,106.770,108.233
273.707,120.427,106.770,108.233
273.284,119.157,106.770,108.233
272.861,117.041,106.770,108.233
273.284,115.772,106.770,108.233
274.554,116.195,106.770,108.233
273.284,114.079,106.770,108.233
275.400,113.655,106.770,108.233
274.977,113.232,106.770,108.233
274.891,112.347,104.493,105.925
276.962,113.589,104.493,105.925
276.548,111.518,104.493,105.925
276.134,111.932,104.493,105.925
277.377,112.347,104.493,105.925
276.134,111.932,104.493,105.925
275.720,114.832,104.493,105.925
274.477,113.589,104.493,105.925
273.235,114.832,104.493,105.925
271.992,112.761,104.493,105.925
269.921,112.347,104.493,105.925
271.992,111.104,104.493,105.925
269.093,108.205,104.493,105.925
270.335,103.648,104.493,105.925
269.093,109.861,104.493,105.925
270.335,103.648,104.493,105.925
269.093,107.376,104.493,105.925
268.678,100.335,104.493,105.925
268.264,100.749,104.493,105.925
269.507,101.163,104.493,105.925
268.264,102.406,104.493,105.925
267.850,103.648,104.493,105.925
267.436,104.891,104.493,105.925
267.850,106.134,104.493,105.925
265.779,107.376,104.493,105.925
266.193,108.619,104.493,105.925
263.294,109.861,104.493,105.925
263.708,110.276,104.493,105.925
262.465,111.518,104.493,105.925
262.051,111.104,104.493,105.925
260.808,112.347,104.493,105.925
262.051,113.589,104.493,105.925
259.980,114.832,104.493,105.925
260.394,116.074,104.493,105.925
259.980,117.317,104.493,105.925
261.223,116.903,104.493,105.925
259.152,117.317,104.493,105.925
260.394,116.074,104.493,105.925
259.152,116.489,104.493,105.925
259.566,116.074,104.493,105.925
258.323,117.317,104.493,105.925
257.909,117.731,104.493,105.925
257.495,118.974,104.493,105.925
258.737,119.388,104.493,105.925
259.980,120.631,104.493,105.925
262.051,121.873,104.493,105.925
262.465,123.116,104.493,105.925
264.536,124.359,104.493,105.925
265.779,124.773,104.493,105.925
267.021,126.015,104.493,105.925
268.264,127.258,104.493,105.925
270.335,126.844,104.493,105.925
271.578,126.430,104.493,105.925
271.992,126.844,104.493,105.925
274.063,124.773,104.493,105.925
275.306,126.015,104.493,105.925
277.377,126.430,104.493,105.925
280.276,127.672,104.493,105.925
283.176,129.743,104.493,105.925
286.075,130.986,104.493,105.925
285.661,133.885,104.493,105.925
286.075,137.613,104.493,105.925
285.661,134.714,104.493,105.925
286.903,140.927,104.493,105.925
286.489,138.027,104.493,105.925
288.560,144.241,104.493,105.925
286.489,144.655,104.493,105.925
288.560,143.412,104.493,105.925
288.477,147.336,102.265,103.666
288.071,146.120,102.265,103.666
288.477,146.525,102.265,103.666
288.071,146.931,102.265,103.666
290.909,148.958,102.265,103.666
289.693,148.552,102.265,103.666
290.098,150.579,102.265,103.666
292.125,151.795,102.265,103.666
291.720,153.011,102.265,103.666
292.125,154.228,102.265,103.666
293.341,157.065,102.265,103.666
292.936,157.471,102.265,103.666
294.152,158.687,102.265,103.666
293.747,159.092,102.265,103.666
294.152,160.308,102.265,103.666
293.747,159.903,102.265,103.666
294.152,161.930,102.265,103.666
292.936,160.713,102.265,103.666
295.773,160.308,102.265,103.666
294.557,163.956,102.265,103.666
295.773,161.119,102.265,103.666
293.747,164.767,102.265,103.666
296.584,162.740,102.265,103.666
292.509,161.173,104.528,105.960
294.581,164.073,104.528,105.960
293.338,163.659,104.528,105.960
295.409,162.416,104.528,105.960
294.166,161.173,104.528,105.960
296.238,159.101,104.528,105.960
295.824,157.030,104.528,105.960
295.409,159.101,104.528,105.960
299.138,155.372,104.528,105.960
296.238,159.930,104.528,105.960
299.967,154.544,104.528,105.960
297.895,158.273,104.528,105.960
299.138,152.057,104.528,105.960
297.067,147.500,104.528,105.960
296.652,149.571,104.528,105.960
296.238,143.356,104.528,105.960
295.824,138.798,104.528,105.960
302.130,143.523,102.299,103.700
297.669,139.062,102.299,103.700
296.453,140.279,102.299,103.700
296.047,134.196,102.299,103.700
295.642,130.546,102.299,103.700
297.669,133.385,102.299,103.700
295.642,127.302,102.299,103.700
293.614,124.464,102.299,103.700
290.776,126.491,102.299,103.700
284.693,121.220,102.299,103.700
294.773,126.625,100.117,101.488
291.202,121.466,100.117,101.488
282.868,125.037,100.117,101.488
274.534,119.878,100.117,101.488
276.308,124.932,102.332,103.734
279.959,119.658,102.332,103.734
271.441,116.008,102.332,103.734
273.469,122.092,102.332,103.734
274.686,117.630,102.332,103.734
272.657,113.979,102.332,103.734
273.874,110.329,102.332,103.734
269.412,106.678,102.332,103.734
270.629,103.838,102.332,103.734
271.846,101.810,102.332,103.734
271.441,99.782,102.332,103.734
271.846,99.376,102.332,103.734
272.252,98.971,102.332,103.734
273.469,104.244,102.332,103.734
274.686,103.027,102.332,103.734
276.714,102.621,102.332,103.734
277.931,103.027,102.332,103.734
278.061,103.142,104.596,106.029
274.330,102.727,104.596,106.029
275.323,103.705,106.910,108.375
275.460,102.067,109.276,110.773
275.893,100.767,109.276,110.773
278.059,100.334,109.276,110.773
279.996,98.659,111.693,113.224
281.057,94.191,114.165,115.729
281.509,97.359,114.165,115.729
281.962,94.191,114.165,115.729
282.415,97.359,114.165,115.729
282.867,94.191,114.165,115.729
283.320,96.454,114.165,115.729
282.867,93.286,114.165,115.729
283.320,94.644,114.165,115.729
282.867,91.476,114.165,115.729
283.013,94.421,116.691,118.289
282.550,91.184,116.691,118.289
283.938,90.721,116.691,118.289
283.475,93.034,116.691,118.289
283.938,90.721,116.691,118.289
281.625,95.809,116.691,118.289
283.013,93.496,116.691,118.289
282.550,94.884,116.691,118.289
283.013,93.496,116.691,118.289
282.550,92.109,116.691,118.289
283.013,89.796,116.691,118.289
281.625,87.483,116.691,118.289
281.162,85.170,116.691,118.289
280.700,82.858,116.691,118.289
282.088,84.245,116.691,118.289
281.625,81.007,116.691,118.289
281.162,85.170,116.691,118.289
278.850,83.783,116.691,118.289
278.387,88.871,116.691,118.289
282.550,85.633,116.691,118.289
281.162,90.721,116.691,118.289
282.550,87.483,116.691,118.289
284.863,90.721,116.691,118.289
284.400,89.333,116.691,118.289
284.863,87.946,116.691,118.289
287.176,89.333,116.691,118.289
290.414,90.721,116.691,118.289
291.801,88.408,116.691,118.289
293.189,87.021,116.691,118.289
295.502,85.633,116.691,118.289
298.740,87.946,116.691,118.289
299.848,85.197,119.272,120.906
301.267,83.779,119.272,120.906
301.739,83.306,119.272,120.906
303.158,82.833,119.272,120.906
305.272,82.967,121.911,123.581
300.923,80.551,121.911,123.581
302.372,82.001,121.911,123.581
300.923,79.585,121.911,123.581
301.406,82.001,121.911,123.581
299.956,79.585,121.911,123.581
299.473,82.967,121.911,123.581
298.023,82.484,121.911,123.581
299.473,85.867,121.911,123.581
299.956,84.417,121.911,123.581
300.439,87.800,121.911,123.581
303.822,88.283,121.911,123.581
300.439,89.733,121.911,123.581
305.755,91.183,121.911,123.581
308.171,90.699,121.911,123.581
308.655,90.216,121.911,123.581
308.171,88.766,121.911,123.581
310.588,88.283,121.911,123.581
310.104,86.833,121.911,123.581
311.554,85.384,121.911,123.581
312.037,83.934,121.911,123.581
311.554,82.484,121.911,123.581
313.970,82.001,121.911,123.581
312.521,79.585,121.911,123.581
314.937,82.001,121.911,123.581
313.487,78.618,121.911,123.581
314.937,80.068,121.911,123.581
311.554,75.719,121.911,123.581
310.104,73.302,121.911,123.581
307.688,71.853,121.911,123.581
305.272,68.470,121.911,123.581
307.688,70.886,121.911,123.581
302.372,66.537,121.911,123.581
303.822,68.953,121.911,123.581
299.998,67.010,119.311,120.946
300.815,70.579,116.767,118.367
300.721,68.718,114.277,115.842
299.757,74.756,111.840,113.372
301.087,71.653,111.840,113.372
298.870,77.416,111.840,113.372
299.314,73.426,111.840,113.372
295.324,79.190,111.840,113.372
296.654,76.086,111.840,113.372
294.437,81.850,111.840,113.372
296.654,77.860,111.840,113.372
294.855,83.769,109.455,110.954
297.892,80.732,109.455,110.954
296.132,84.842,107.121,108.588
298.255,82.719,107.121,108.588
295.283,85.691,107.121,108.588
297.406,83.568,107.121,108.588
294.864,87.591,104.836,106.273
298.605,85.513,104.836,106.273
296.527,89.253,104.836,106.273
299.647,87.583,102.601,104.006
298.427,86.363,102.601,104.006
297.207,88.396,102.601,104.006
299.241,85.549,102.601,104.006
296.394,89.209,102.601,104.006
301.016,84.438,100.413,101.788
297.866,88.977,98.271,99.618
301.372,83.133,98.271,99.618
297.866,86.639,98.271,99.618
301.372,82.354,98.271,99.618
296.308,85.081,98.271,99.618
299.035,85.471,98.271,99.618
295.529,87.418,98.271,99.618
298.256,89.366,98.271,99.618
295.529,91.314,98.271,99.618
297.477,92.482,98.271,99.618
294.750,95.988,98.271,99.618
292.802,99.494,98.271,99.618
295.529,102.221,98.271,99.618
291.244,104.948,98.271,99.618
294.750,105.337,98.271,99.618
290.465,108.064,98.271,99.618
293.971,107.675,98.271,99.618
290.138,110.614,96.176,97.493
292.806,109.470,96.176,97.493
288.613,109.852,96.176,97.493
290.519,107.183,96.176,97.493
287.088,109.089,96.176,97.493
290.519,106.421,96.176,97.493
287.088,107.564,96.176,97.493
289.756,106.421,96.176,97.493
287.850,105.277,96.176,97.493
288.994,105.658,96.176,97.493
288.613,106.039,96.176,97.493
286.706,106.421,96.176,97.493
288.613,106.802,96.176,97.493
286.706,108.708,96.176,97.493
290.138,109.089,96.176,97.493
288.231,111.758,96.176,97.493
290.900,112.139,96.176,97.493
288.994,114.045,96.176,97.493
290.138,113.664,96.176,97.493
288.994,114.045,96.176,97.493
290.138,110.614,96.176,97.493
288.994,110.995,96.176,97.493
289.375,107.564,96.176,97.493
288.231,107.183,96.176,97.493
289.375,105.277,96.176,97.493
288.994,104.133,96.176,97.493
290.138,102.989,96.176,97.493
288.994,104.133,96.176,97.493
288.613,103.752,96.176,97.493
287.469,104.133,96.176,97.493
289.375,101.464,96.176,97.493
287.469,103.371,96.176,97.493
289.375,101.464,96.176,97.493
285.944,104.133,96.176,97.493
288.613,100.702,96.176,97.493
285.182,102.608,96.176,97.493
289.375,98.415,96.176,97.493
285.182,101.083,96.176,97.493
289.375,96.890,96.176,97.493
285.944,99.558,96.176,97.493
289.375,96.890,96.176,97.493
285.944,100.321,96.176,97.493
288.613,96.890,96.176,97.493
288.231,100.321,96.176,97.493
288.613,102.227,96.176,97.493
288.994,98.033,96.176,97.493
289.375,102.227,96.176,97.493
286.706,105.658,96.176,97.493
288.613,99.940,96.176,97.493
286.706,103.371,96.176,97.493
287.088,98.415,96.176,97.493
287.469,104.133,96.176,97.493
287.850,100.702,96.176,97.493
286.706,97.271,96.176,97.493
287.850,102.989,96.176,97.493
287.469,100.321,96.176,97.493
285.218,95.682,98.304,99.650
287.167,99.969,98.304,99.650
285.218,97.241,98.304,99.650
287.946,100.748,98.304,99.650
286.777,98.020,98.304,99.650
288.725,99.189,98.304,99.650
288.336,97.241,98.304,99.650
290.284,96.072,98.304,99.650
291.453,94.903,98.304,99.650
292.622,93.734,98.304,99.650
293.791,92.565,98.304,99.650
294.960,92.175,98.304,99.650
296.909,91.006,98.304,99.650
300.586,90.191,96.207,97.525
303.450,90.128,94.156,95.445
306.252,90.067,92.148,93.410
307.348,88.971,92.148,93.410
306.252,88.606,92.148,93.410
306.617,86.779,92.148,93.410
307.713,85.683,92.148,93.410
305.156,85.318,92.148,93.410
304.791,84.222,92.148,93.410
304.426,84.588,92.148,93.410
305.522,82.761,92.148,93.410
305.156,83.127,92.148,93.410
306.983,82.031,92.148,93.410
305.156,81.665,92.148,93.410
306.252,80.570,92.148,93.410
304.426,81.665,92.148,93.410
303.330,79.839,92.148,93.410
303.695,80.204,92.148,93.410
301.138,79.839,92.148,93.410
302.234,78.743,92.148,93.410
298.947,80.570,92.148,93.410
302.234,80.204,92.148,93.410
303.330,82.031,92.148,93.410
305.156,83.857,92.148,93.410
306.252,84.953,92.148,93.410
306.617,85.318,92.148,93.410
308.444,87.144,92.148,93.410
308.809,86.779,92.148,93.410
305.522,90.067,92.148,93.410
308.079,89.701,92.148,93.410
309.174,92.258,92.148,93.410
306.617,94.815,92.148,93.410
308.444,92.989,92.148,93.410
305.887,97.007,92.148,93.410
308.444,94.450,92.148,93.410
306.617,97.007,92.148,93.410
309.174,94.450,92.148,93.410
305.887,96.276,92.148,93.410
307.713,92.989,92.148,93.410
302.965,97.007,92.148,93.410
304.791,92.989,92.148,93.410
301.504,97.007,92.148,93.410
303.330,92.989,92.148,93.410
300.773,97.007,92.148,93.410
301.869,92.989,92.148,93.410
299.312,95.546,92.148,93.410
298.947,92.258,92.148,93.410
295.659,95.546,92.148,93.410
294.564,93.719,92.148,93.410
292.007,96.276,92.148,93.410
292.372,94.450,92.148,93.410
290.546,96.276,92.148,93.410
292.372,93.719,92.148,93.410
290.546,97.007,92.148,93.410
292.372,95.911,92.148,93.410
290.546,99.198,92.148,93.410
292.372,96.641,92.148,93.410
290.546,100.659,92.148,93.410
290.180,101.755,92.148,93.410
289.815,102.851,92.148,93.410
287.258,105.408,92.148,93.410
286.162,105.043,92.148,93.410
286.528,103.947,92.148,93.410
286.162,105.043,92.148,93.410
287.989,103.947,92.148,93.410
288.354,105.043,92.148,93.410
289.450,103.216,92.148,93.410
291.276,102.851,92.148,93.410
288.719,106.138,92.148,93.410
289.815,105.773,92.148,93.410
287.989,109.061,92.148,93.410
289.815,107.234,92.148,93.410
286.528,110.522,92.148,93.410
289.085,107.965,92.148,93.410
286.528,109.791,92.148,93.410
289.085,107.965,92.148,93.410
287.989,109.791,92.148,93.410
290.546,107.965,92.148,93.410
289.450,110.522,92.148,93.410
291.276,109.426,92.148,93.410
289.450,111.252,92.148,93.410
292.007,109.426,92.148,93.410
290.180,111.983,92.148,93.410
292.737,110.156,92.148,93.410
290.911,111.252,92.148,93.410
292.737,110.156,92.148,93.410
290.180,112.713,92.148,93.410
292.737,110.887,92.148,93.410
289.450,113.444,92.148,93.410
292.737,111.618,92.148,93.410
289.450,114.174,92.148,93.410
292.737,111.618,92.148,93.410
290.180,113.444,92.148,93.410
293.468,112.348,92.148,93.410
290.911,114.174,92.148,93.410
293.468,111.618,92.148,93.410
290.180,114.905,92.148,93.410
292.737,113.079,92.148,93.410
290.911,113.444,92.148,93.410
292.007,114.540,92.148,93.410
293.833,112.713,92.148,93.410
292.007,115.270,92.148,93.410
295.294,112.713,92.148,93.410
293.468,116.731,92.148,93.410
296.755,114.174,92.148,93.410
294.929,117.462,92.148,93.410
298.216,113.444,92.148,93.410
296.390,116.731,92.148,93.410
298.947,113.444,92.148,93.410
297.851,115.270,92.148,93.410
300.408,111.252,92.148,93.410
300.043,113.079,92.148,93.410
301.869,110.522,92.148,93.410
302.965,113.079,92.148,93.410
303.330,109.061,92.148,93.410
302.965,112.348,92.148,93.410
304.061,108.330,92.148,93.410
303.695,110.887,92.148,93.410
304.061,106.869,92.148,93.410
304.426,110.156,92.148,93.410
303.330,106.869,92.148,93.410
302.965,110.156,92.148,93.410
302.599,112.713,92.148,93.410
302.965,108.695,92.148,93.410
301.869,112.713,92.148,93.410
301.504,116.731,92.148,93.410
301.869,119.288,92.148,93.410
300.773,121.845,92.148,93.410
300.408,123.671,92.148,93.410
300.043,126.228,92.148,93.410
300.408,128.785,92.148,93.410
300.043,130.612,92.148,93.410
303.330,127.324,92.148,93.410
302.234,132.073,92.148,93.410
304.061,129.516,92.148,93.410
302.965,133.534,92.148,93.410
301.138,136.091,92.148,93.410
305.156,132.073,92.148,93.410
301.869,135.360,92.148,93.410
305.156,132.073,92.148,93.410
303.330,134.629,92.148,93.410
303.695,132.073,92.148,93.410
300.408,135.360,92.148,93.410
301.504,132.803,92.148,93.410
298.216,136.091,92.148,93.410
298.582,133.534,92.148,93.410
296.755,137.552,92.148,93.410
295.659,139.378,92.148,93.410
294.564,141.935,92.148,93.410
293.468,144.492,92.148,93.410
294.564,145.588,92.148,93.410
297.120,147.414,92.148,93.410
297.486,149.240,92.148,93.410
297.120,151.067,92.148,93.410
298.947,149.240,92.148,93.410
297.851,151.797,92.148,93.410
298.947,149.971,92.148,93.410
297.851,151.797,92.148,93.410
298.216,149.240,92.148,93.410
296.390,151.067,92.148,93.410
298.216,147.049,92.148,93.410
297.120,148.875,92.148,93.410
298.947,145.588,92.148,93.410
299.312,145.953,92.148,93.410
300.408,143.396,92.148,93.410
301.504,143.031,92.148,93.410
302.599,139.743,92.148,93.410
302.965,137.917,92.148,93.410
303.330,134.629,92.148,93.410
303.695,131.342,92.148,93.410
304.791,128.785,92.148,93.410
305.887,126.228,92.148,93.410
306.252,122.941,92.148,93.410
302.965,122.576,92.148,93.410
305.522,118.558,92.148,93.410
302.234,117.462,92.148,93.410
298.947,114.174,92.148,93.410
295.659,111.618,92.148,93.410
293.833,111.983,92.148,93.410
290.546,112.348,92.148,93.410
290.180,111.252,92.148,93.410
287.623,112.348,92.148,93.410
285.797,111.252,92.148,93.410
283.971,112.348,92.148,93.410
285.067,112.713,92.148,93.410
283.240,113.079,92.148,93.410
283.605,113.444,92.148,93.410
283.240,114.540,92.148,93.410
280.683,114.905,92.148,93.410
281.779,115.270,92.148,93.410
279.953,115.635,92.148,93.410
281.049,114.540,92.148,93.410
279.953,115.635,92.148,93.410
281.049,113.809,92.148,93.410
281.414,114.905,92.148,93.410
280.318,115.270,92.148,93.410
282.144,114.174,92.148,93.410
281.779,115.270,92.148,93.410
282.875,113.444,92.148,93.410
281.779,114.540,92.148,93.410
283.605,112.713,92.148,93.410
282.510,113.079,92.148,93.410
284.336,111.252,92.148,93.410
284.701,112.348,92.148,93.410
285.797,109.791,92.148,93.410
284.701,111.618,92.148,93.410
285.797,109.061,92.148,93.410
283.971,110.887,92.148,93.410
284.846,110.991,94.187,95.477
284.473,109.124,94.187,95.477
284.846,110.991,94.187,95.477
285.220,109.124,94.187,95.477
284.846,110.991,94.187,95.477
285.966,107.630,94.187,95.477
284.846,110.244,94.187,95.477
286.713,106.884,94.187,95.477
284.846,108.750,94.187,95.477
288.206,106.884,94.187,95.477
286.340,109.497,94.187,95.477
287.460,109.870,94.187,95.477
287.086,108.750,94.187,95.477
285.966,111.364,94.187,95.477
286.340,112.484,94.187,95.477
285.220,113.604,94.187,95.477
286.340,113.977,94.187,95.477
284.473,115.097,94.187,95.477
284.846,116.217,94.187,95.477
283.726,117.337,94.187,95.477
284.099,119.204,94.187,95.477
282.979,120.324,94.187,95.477
284.099,121.444,94.187,95.477
284.473,121.818,94.187,95.477
283.353,122.938,94.187,95.477
285.220,120.324,94.187,95.477
285.593,122.191,94.187,95.477
284.473,122.564,94.187,95.477
287.086,122.191,94.187,95.477
288.953,119.578,94.187,95.477
287.833,121.444,94.187,95.477
291.193,118.084,94.187,95.477
293.060,115.471,94.187,95.477
295.673,118.831,94.187,95.477
293.807,115.471,94.187,95.477
291.940,122.564,94.187,95.477
293.807,124.431,94.187,95.477
291.940,117.337,94.187,95.477
295.159,112.795,96.270,97.589
294.014,118.519,96.270,97.589
295.159,120.427,96.270,97.589
297.067,116.993,96.270,97.589
295.159,117.374,96.270,97.589
297.830,115.466,96.270,97.589
295.922,117.374,96.270,97.589
299.357,116.230,96.270,97.589
299.738,118.138,96.270,97.589
302.409,116.993,96.270,97.589
304.317,118.901,96.270,97.589
305.462,120.046,96.270,97.589
308.134,120.427,96.270,97.589
310.805,121.572,96.270,97.589
312.713,121.954,96.270,97.589
314.621,120.809,96.270,97.589
316.529,122.717,96.270,97.589
319.200,120.809,96.270,97.589
318.819,122.717,96.270,97.589
321.490,120.046,96.270,97.589
318.819,120.427,96.270,97.589
321.490,117.756,96.270,97.589
318.055,117.374,96.270,97.589
319.964,115.466,96.270,97.589
315.766,115.848,96.270,97.589
317.674,112.414,96.270,97.589
312.713,114.322,96.270,97.589
312.331,110.887,96.270,97.589
309.660,108.979,96.270,97.589
306.989,107.834,96.270,97.589
305.081,105.926,96.270,97.589
303.173,104.781,96.270,97.589
301.265,103.636,96.270,97.589
299.357,101.728,96.270,97.589
297.448,103.636,96.270,97.589
298.593,100.202,96.270,97.589
293.632,102.873,96.270,97.589
292.487,104.781,96.270,97.589
291.343,103.636,96.270,97.589
289.435,106.308,96.270,97.589
288.290,106.689,96.270,97.589
287.145,108.597,96.270,97.589
288.290,106.689,96.270,97.589
284.855,110.124,96.270,97.589
286.000,108.216,96.270,97.589
283.329,111.650,96.270,97.589
285.237,108.979,96.270,97.589
284.092,111.650,96.270,97.589
285.237,112.795,96.270,97.589
287.145,115.466,96.270,97.589
288.290,109.742,96.270,97.589
283.329,116.230,96.270,97.589
287.527,119.664,96.270,97.589
292.487,113.940,96.270,97.589
295.159,118.138,96.270,97.589
294.777,119.283,96.270,97.589
296.685,118.138,96.270,97.589
298.593,120.809,96.270,97.589
298.975,121.954,96.270,97.589
301.646,120.046,96.270,97.589
300.501,122.717,96.270,97.589
301.646,122.335,96.270,97.589
300.501,123.480,96.270,97.589
302.409,121.572,96.270,97.589
300.501,123.480,96.270,97.589
302.409,120.809,96.270,97.589
302.791,122.717,96.270,97.589
304.699,120.046,96.270,97.589
303.554,121.954,96.270,97.589
305.462,119.283,96.270,97.589
304.317,121.954,96.270,97.589
306.226,120.046,96.270,97.589
303.554,122.717,96.270,97.589
302.409,123.862,96.270,97.589
304.317,121.191,96.270,97.589
299.357,124.625,96.270,97.589
301.265,121.954,96.270,97.589
295.540,124.625,96.270,97.589
297.448,121.191,96.270,97.589
294.014,123.862,96.270,97.589
295.922,120.427,96.270,97.589
293.251,123.099,96.270,97.589
295.922,120.427,96.270,97.589
294.777,123.099,96.270,97.589
296.685,121.191,96.270,97.589
296.304,123.862,96.270,97.589
298.212,122.717,96.270,97.589
297.830,125.388,96.270,97.589
298.212,123.480,96.270,97.589
297.067,126.152,96.270,97.589
298.975,123.480,96.270,97.589
297.067,126.152,96.270,97.589
298.975,126.533,96.270,97.589
297.830,126.915,96.270,97.589
297.448,125.770,96.270,97.589
297.067,128.441,96.270,97.589
298.975,126.533,96.270,97.589
296.304,128.441,96.270,97.589
298.975,126.533,96.270,97.589
296.304,127.678,96.270,97.589
298.212,127.296,96.270,97.589
297.067,128.441,96.270,97.589
297.448,128.060,96.270,97.589
296.304,128.441,96.270,97.589
296.685,128.823,96.270,97.589
295.540,129.204,96.270,97.589
296.685,128.060,96.270,97.589
295.540,128.441,96.270,97.589
295.922,128.823,96.270,97.589
295.540,128.441,96.270,97.589
295.159,128.823,96.270,97.589
295.540,127.678,96.270,97.589
292.869,128.823,96.270,97.589
293.251,130.731,96.270,97.589
291.343,131.876,96.270,97.589
289.435,133.021,96.270,97.589
287.527,134.165,96.270,97.589
284.855,136.073,96.270,97.589
282.947,138.745,96.270,97.589
282.566,141.416,96.270,97.589
284.474,143.324,96.270,97.589
286.382,144.469,96.270,97.589
284.474,147.140,96.270,97.589
282.566,151.338,96.270,97.589
281.897,151.446,98.400,99.748
280.726,151.836,98.400,99.748
281.116,153.006,98.400,99.748
279.946,153.396,98.400,99.748
279.556,151.446,98.400,99.748
281.506,153.396,98.400,99.748
279.556,151.446,98.400,99.748
278.386,151.836,98.400,99.748
277.216,152.226,98.400,99.748
276.046,153.396,98.400,99.748
275.656,152.226,98.400,99.748
275.266,151.836,98.400,99.748
273.315,153.006,98.400,99.748
272.145,152.616,98.400,99.748
271.755,152.226,98.400,99.748
270.585,152.616,98.400,99.748
271.755,153.786,98.400,99.748
269.025,154.957,98.400,99.748
268.635,154.566,98.400,99.748
269.025,154.176,98.400,99.748
267.074,156.907,98.400,99.748
269.025,155.737,98.400,99.748
267.074,157.687,98.400,99.748
270.585,157.297,98.400,99.748
268.635,156.907,98.400,99.748
272.925,155.737,98.400,99.748
269.813,153.419,100.578,101.955
271.807,153.020,100.578,101.955
271.408,151.027,100.578,101.955
271.536,147.004,102.803,104.211
268.285,146.274,105.077,106.517
269.535,148.356,105.077,106.517
266.212,145.881,107.402,108.873
269.192,148.010,107.402,108.873
267.063,146.733,107.402,108.873
270.043,145.456,107.402,108.873
268.766,145.030,107.402,108.873
268.340,144.604,107.402,108.873
267.915,143.327,107.402,108.873
266.637,142.901,107.402,108.873
265.360,141.624,107.402,108.873
264.083,139.495,107.402,108.873
261.103,138.218,107.402,108.873
255.939,135.689,109.778,111.282
252.893,134.383,109.778,111.282
259.421,138.300,109.778,111.282
257.245,135.254,109.778,111.282
254.199,133.948,109.778,111.282
258.115,136.124,109.778,111.282
255.939,133.078,109.778,111.282
253.763,131.772,109.778,111.282
260.291,131.337,109.778,111.282
258.985,129.161,109.778,111.282
257.680,131.337,109.778,111.282
256.374,129.161,109.778,111.282
261.161,134.818,109.778,111.282
258.985,131.772,109.778,111.282
254.199,136.559,109.778,111.282
264.207,131.772,109.778,111.282
261.161,137.429,109.778,111.282
272.040,130.032,109.778,111.282
269.864,134.818,109.778,111.282
277.262,129.161,109.778,111.282
275.086,131.337,109.778,111.282
277.262,126.550,109.778,111.282
275.956,126.986,109.778,111.282
279.873,122.199,109.778,111.282
277.697,122.634,109.778,111.282
282.484,116.977,109.778,111.282
278.567,117.412,109.778,111.282
283.354,112.625,109.778,111.282
278.567,113.931,109.778,111.282
284.224,111.755,109.778,111.282
280.308,113.931,109.778,111.282
285.095,114.366,109.778,111.282
281.178,114.801,109.778,111.282
285.095,113.496,109.778,111.282
281.178,114.801,109.778,111.282
279.873,116.107,109.778,111.282
287.335,114.357,107.437,108.909
283.502,116.487,107.437,108.909
289.890,114.357,107.437,108.909
286.909,117.338,107.437,108.909
293.297,117.764,107.437,108.909
289.464,119.894,107.437,108.909
295.001,118.616,107.437,108.909
290.316,122.449,107.437,108.909
283.383,123.453,109.814,111.319
276.298,121.770,112.244,113.782
269.624,120.435,112.244,113.782
261.170,119.991,112.244,113.782
257.166,122.215,112.244,113.782
262.060,119.991,112.244,113.782
256.276,122.215,112.244,113.782
262.950,121.770,112.244,113.782
268.734,123.995,112.244,113.782
274.518,123.550,112.244,113.782
269.624,124.885,112.244,113.782
276.298,124.440,112.244,113.782
273.635,126.940,109.850,111.355
280.166,125.633,109.850,111.355
277.989,127.810,109.850,111.355
283.650,128.246,109.850,111.355
281.473,129.552,109.850,111.355
285.582,129.480,107.508,108.981
284.303,130.759,107.508,108.981
287.286,129.480,107.508,108.981
286.379,130.232,105.215,106.657
289.299,130.649,105.215,106.657
287.213,131.900,105.215,106.657
285.128,133.985,105.215,106.657
288.881,137.739,105.215,106.657
285.962,142.327,105.215,106.657
290.550,137.739,105.215,106.657
288.464,141.493,105.215,106.657
289.184,139.012,102.971,104.382
291.225,142.685,102.971,104.382
291.143,139.471,100.776,102.156
290.743,143.066,100.776,102.156
292.973,140.690,98.626,99.978
291.018,144.209,98.626,99.978
291.409,140.690,98.626,99.978
289.454,143.427,98.626,99.978
289.063,139.908,98.626,99.978
287.891,143.427,98.626,99.978
287.500,139.908,98.626,99.978
288.174,143.612,96.523,97.845
287.027,141.699,96.523,97.845
288.425,144.586,94.465,95.759
288.050,144.212,94.465,95.759
286.927,145.335,94.465,95.759
289.548,144.212,94.465,95.759
289.174,144.586,94.465,95.759
289.548,144.960,94.465,95.759
291.420,143.837,94.465,95.759
291.795,145.709,94.465,95.759
291.420,140.841,94.465,95.759
289.548,141.965,94.465,95.759
287.676,137.846,94.465,95.759
286.552,139.718,94.465,95.759
287.676,138.595,94.465,95.759
286.552,139.718,94.465,95.759
285.755,136.769,92.450,93.717
286.121,134.937,92.450,93.717
285.341,132.051,90.479,91.718
285.700,135.996,90.479,91.718
285.341,134.202,90.479,91.718
285.700,132.409,90.479,91.718
286.058,132.768,90.479,91.718
285.700,130.975,90.479,91.718
285.341,132.051,90.479,91.718
285.700,130.257,90.479,91.718
283.189,128.464,90.479,91.718
283.548,127.388,90.479,91.718
283.189,126.312,90.479,91.718
282.831,125.236,90.479,91.718
282.472,124.160,90.479,91.718
282.113,125.953,90.479,91.718
280.320,125.595,90.479,91.718
281.396,125.236,90.479,91.718
279.603,124.877,90.479,91.718
280.679,125.953,90.479,91.718
278.885,124.160,90.479,91.718
280.489,122.773,92.481,93.748
277.923,121.674,92.481,93.748
277.556,121.307,92.481,93.748
277.923,119.474,92.481,93.748
275.357,118.374,92.481,93.748
277.190,118.008,92.481,93.748
275.357,116.908,92.481,93.748
276.457,116.541,92.481,93.748
275.357,115.442,92.481,93.748
275.723,115.075,92.481,93.748
277.363,116.700,94.527,95.822
274.740,114.827,94.527,95.822
277.363,118.199,94.527,95.822
276.239,117.824,94.527,95.822
278.862,121.197,94.527,95.822
277.737,121.571,94.527,95.822
280.360,124.944,94.527,95.822
280.735,126.817,94.527,95.822
280.360,128.691,94.527,95.822
280.735,129.815,94.527,95.822
281.110,130.939,94.527,95.822
280.735,129.815,94.527,95.822
278.862,130.189,94.527,95.822
277.737,129.065,94.527,95.822
279.611,131.688,94.527,95.822
280.735,129.815,94.527,95.822
281.110,131.688,94.527,95.822
282.234,129.815,94.527,95.822
283.358,130.939,94.527,95.822
284.482,129.815,94.527,95.822
286.356,128.691,94.527,95.822
288.031,128.797,96.618,97.942
288.949,128.905,98.756,100.109
287.775,129.297,98.756,100.109
287.383,128.905,98.756,100.109
286.209,126.948,98.756,100.109
285.034,124.991,98.756,100.109
283.860,122.251,98.756,100.109
283.469,120.293,98.756,100.109
280.728,118.336,98.756,100.109
280.337,115.596,98.756,100.109
277.597,114.421,98.756,100.109
278.771,113.247,98.756,100.109
276.814,112.073,98.756,100.109
277.205,110.898,98.756,100.109
273.682,109.724,98.756,100.109
275.867,108.150,96.650,97.974
275.051,109.564,94.589,95.885
272.426,106.939,94.589,95.885
270.905,104.709,92.572,93.840
266.135,102.140,92.572,93.840
260.631,100.306,92.572,93.840
255.126,98.471,92.572,93.840
249.622,95.168,92.572,93.840
244.852,91.866,92.572,93.840
241.549,88.563,92.572,93.840
237.099,84.860,94.620,95.916
234.473,80.735,94.620,95.916
232.598,75.859,94.620,95.916
232.223,71.733,94.620,95.916
232.344,66.391,96.713,98.038
232.467,61.727,98.853,100.207
232.593,57.773,101.040,102.424
235.397,54.168,101.040,102.424
237.399,50.563,101.040,102.424
239.402,48.561,101.040,102.424
240.603,46.558,101.040,102.424
242.606,46.158,101.040,102.424
245.614,50.724,98.885,100.240
250.068,56.705,96.777,98.102
253.521,63.993,96.777,98.102
257.741,72.049,96.777,98.102
260.252,74.546,98.918,100.273
211.561,77.912,101.106,102.491
205.549,81.519,101.106,102.491
205.678,77.474,103.343,104.759
201.172,75.426,103.343,104.759
202.154,66.192,105.630,107.077
203.410,59.074,105.630,107.077
205.282,51.373,107.967,109.446
208.972,45.278,110.356,111.867
212.034,39.591,110.356,111.867
215.097,36.529,110.356,111.867
219.776,32.115,112.797,114.343
223.800,27.196,112.797,114.343
226.930,24.961,112.797,114.343
230.060,21.831,112.797,114.343
233.189,20.489,112.797,114.343
238.108,17.360,112.797,114.343
244.815,14.230,112.797,114.343
238.108,19.148,112.797,114.343
244.815,12.441,112.797,114.343
250.627,8.417,112.797,114.343
249.843,3.905,115.293,116.872
291.716,12.569,117.844,119.458
295.920,13.036,117.844,119.458
296.387,9.767,117.844,119.458
295.920,8.365,117.844,119.458
293.162,5.590,120.451,122.101
293.640,4.157,120.451,122.101
294.117,9.409,120.451,122.101
