138.000,57.000,39.000,137.000
138.167,59.164,39.000,137.000
138.500,58.166,39.000,137.000
138.167,59.164,39.000,137.000
137.834,59.497,39.000,137.000
137.502,59.164,39.000,137.000
137.169,60.828,39.000,137.000
138.167,61.160,39.000,137.000
138.500,63.490,39.000,137.000
137.502,65.819,39.000,137.000
139.166,68.148,39.000,137.000
137.502,68.481,39.000,137.000
139.831,70.810,39.000,137.000
137.502,74.471,39.000,137.000
139.831,77.466,39.000,137.000
137.502,80.460,39.000,137.000
141.162,82.790,39.000,137.000
139.333,85.213,38.168,134.078
140.961,86.190,38.168,134.078
141.287,86.515,38.168,134.078
143.566,88.795,38.168,134.078
142.589,89.772,38.168,134.078
143.566,88.795,38.168,134.078
142.589,89.772,38.168,134.078
144.869,88.795,38.168,134.078
143.241,89.772,38.168,134.078
144.869,88.795,38.168,134.078
143.892,89.772,38.168,134.078
144.869,87.492,38.168,134.078
144.543,87.818,38.168,134.078
144.459,86.673,39.013,137.045
142.991,86.883,39.876,140.077
143.332,83.821,39.876,140.077
143.672,82.800,39.876,140.077
141.971,82.460,39.876,140.077
144.352,81.440,39.876,140.077
145.373,79.738,39.876,140.077
146.394,75.996,39.876,140.077
145.373,76.336,39.876,140.077
146.394,74.635,39.876,140.077
147.414,72.253,39.876,140.077
146.394,75.315,39.876,140.077
147.012,68.471,40.758,143.176
147.359,66.037,40.758,143.176
145.621,64.993,40.758,143.176
143.882,64.646,40.758,143.176
141.447,64.993,40.758,143.176
141.357,63.049,41.660,146.344
138.869,64.826,41.660,146.344
136.381,63.760,41.660,146.344
132.471,64.826,41.660,146.344
129.272,63.049,41.660,146.344
128.206,61.271,41.660,146.344
128.561,60.916,41.660,146.344
125.362,63.404,41.660,146.344
122.874,65.181,41.660,146.344
121.096,65.537,41.660,146.344
118.608,64.470,41.660,146.344
118.964,64.115,41.660,146.344
118.608,63.049,41.660,146.344
118.253,61.271,41.660,146.344
117.186,60.916,41.660,146.344
115.409,59.139,41.660,146.344
115.054,56.650,41.660,146.344
113.276,54.873,41.660,146.344
114.343,56.650,41.660,146.344
112.566,57.717,41.660,146.344
114.343,60.205,41.660,146.344
117.542,57.717,41.660,146.344
121.452,58.072,41.660,146.344
126.073,60.560,41.660,146.344
125.006,55.940,41.660,146.344
130.338,59.850,41.660,146.344
136.381,63.760,41.660,146.344
140.291,61.982,41.660,146.344
140.646,66.603,41.660,146.344
139.580,66.959,41.660,146.344
139.936,67.314,41.660,146.344
143.135,66.959,41.660,146.344
144.201,65.181,41.660,146.344
141.713,61.982,41.660,146.344
140.646,59.494,41.660,146.344
138.869,56.295,41.660,146.344
136.381,55.229,41.660,146.344
136.736,57.006,41.660,146.344
133.537,54.518,41.660,146.344
129.627,54.162,41.660,146.344
125.717,52.385,41.660,146.344
122.518,54.162,41.660,146.344
117.897,53.807,41.660,146.344
118.964,54.873,41.660,146.344
114.343,54.518,41.660,146.344
111.144,57.717,41.660,146.344
107.234,55.940,41.660,146.344
106.167,58.428,41.660,146.344
101.546,55.940,41.660,146.344
103.324,57.717,41.660,146.344
100.125,55.940,41.660,146.344
97.820,52.477,42.582,149.582
95.277,51.387,42.582,149.582
97.093,53.203,42.582,149.582
92.370,50.660,42.582,149.582
97.093,53.203,42.582,149.582
93.097,49.933,42.582,149.582
95.640,46.664,42.582,149.582
91.643,45.574,42.582,149.582
88.374,42.304,42.582,149.582
86.557,38.307,42.582,149.582
86.194,40.850,42.582,149.582
84.377,41.214,42.582,149.582
86.194,40.124,42.582,149.582
88.010,40.487,42.582,149.582
92.007,41.577,42.582,149.582
95.277,42.667,42.582,149.582
94.913,43.030,42.582,149.582
99.636,40.487,42.582,149.582
102.906,43.757,42.582,149.582
107.629,45.574,42.582,149.582
113.079,41.577,42.582,149.582
117.802,43.394,42.582,149.582
117.439,44.484,42.582,149.582
121.436,43.394,42.582,149.582
124.705,43.757,42.582,149.582
127.249,39.761,42.582,149.582
127.612,41.577,42.582,149.582
127.975,40.487,42.582,149.582
127.612,41.577,42.582,149.582
127.975,41.214,42.582,149.582
129.065,40.124,42.582,149.582
128.702,39.761,42.582,149.582
129.065,39.397,42.582,149.582
129.429,41.214,42.582,149.582
129.065,39.397,42.582,149.582
129.429,39.761,42.582,149.582
127.073,39.990,43.524,152.891
120.042,34.832,44.487,156.274
121.939,36.729,44.487,156.274
125.356,32.554,44.487,156.274
124.217,32.934,44.487,156.274
129.910,25.722,44.487,156.274
134.845,33.693,44.487,156.274
139.020,34.832,44.487,156.274
140.159,35.211,44.487,156.274
142.057,34.072,44.487,156.274
141.677,35.211,44.487,156.274
142.816,35.591,44.487,156.274
144.714,34.452,44.487,156.274
145.093,35.591,44.487,156.274
147.750,39.007,44.487,156.274
148.889,42.423,44.487,156.274
149.269,38.248,44.487,156.274
151.167,43.182,44.487,156.274
153.064,44.321,44.487,156.274
152.685,43.182,44.487,156.274
153.064,44.321,44.487,156.274
153.444,40.905,44.487,156.274
153.064,43.562,44.487,156.274
154.962,43.182,44.487,156.274
155.342,46.598,44.487,156.274
155.721,48.496,44.487,156.274
