162.000,188.000,34.000,84.000
161.365,186.911,34.000,84.000
161.138,186.230,34.000,84.000
160.911,186.457,34.000,84.000
160.684,187.138,34.000,84.000
160.911,186.457,34.000,84.000
160.684,185.776,34.000,84.000
161.365,186.003,34.000,84.000
160.684,185.322,34.000,84.000
160.911,184.187,34.000,84.000
160.230,183.506,34.000,84.000
159.549,182.825,34.000,84.000
160.230,183.960,34.000,84.000
160.003,184.641,34.000,84.000
159.776,183.960,34.000,84.000
159.549,184.641,34.000,84.000
159.322,185.322,34.000,84.000
159.466,187.749,33.275,82.209
158.355,187.083,33.275,82.209
158.577,189.527,33.275,82.209
159.688,190.637,33.275,82.209
159.910,189.527,33.275,82.209
160.576,190.193,33.275,82.209
159.910,191.304,33.275,82.209
157.022,189.304,33.275,82.209
155.501,188.625,34.011,84.028
156.182,187.036,34.011,84.028
155.571,187.284,34.764,85.887
154.874,189.373,34.764,85.887
155.106,188.213,34.764,85.887
151.591,187.985,35.533,87.787
167.291,187.320,34.775,85.915
166.990,186.670,34.033,84.083
165.820,189.538,33.308,82.290
165.103,191.487,32.597,80.535
162.709,193.446,32.597,80.535
161.169,195.353,31.902,78.817
160.072,194.756,31.222,77.136
173.205,196.216,31.222,77.136
167.993,195.590,31.222,77.136
165.283,196.633,31.222,77.136
162.157,195.590,31.222,77.136
159.030,195.799,31.222,77.136
154.652,194.756,31.222,77.136
164.450,194.548,31.222,77.136
163.407,194.756,31.222,77.136
161.114,195.382,31.222,77.136
158.031,194.798,30.556,75.492
156.587,194.620,29.904,73.882
155.988,196.017,29.904,73.882
153.792,197.016,29.904,73.882
155.073,195.686,29.267,72.306
156.441,195.882,29.267,72.306
154.682,194.905,29.267,72.306
153.315,193.928,29.267,72.306
150.774,193.732,29.267,72.306
147.843,194.319,29.267,72.306
146.866,192.560,29.267,72.306
147.061,191.192,29.267,72.306
151.401,191.000,29.914,73.906
147.961,188.732,30.576,75.541
146.141,186.414,31.253,77.212
145.515,186.205,31.253,77.212
144.889,186.831,31.253,77.212
144.263,187.040,31.253,77.212
142.802,187.666,31.253,77.212
142.176,188.709,31.253,77.212
141.967,189.335,31.253,77.212
141.759,189.127,31.253,77.212
142.802,188.501,31.253,77.212
148.436,189.544,31.253,77.212
150.981,189.764,30.586,75.566
149.144,187.109,30.586,75.566
146.080,184.863,30.586,75.566
141.383,184.658,30.586,75.566
152.207,188.130,30.586,75.566
154.862,190.376,30.586,75.566
159.150,188.539,30.586,75.566
164.397,190.722,29.934,73.954
167.395,192.921,29.934,73.954
168.394,191.122,29.934,73.954
170.193,187.724,29.934,73.954
172.392,186.725,29.934,73.954
178.683,185.780,29.296,72.377
181.823,184.478,28.671,70.834
186.609,186.966,28.671,70.834
190.246,186.392,28.671,70.834
194.057,189.546,28.059,69.323
195.369,191.981,28.059,69.323
198.928,190.295,28.059,69.323
198.741,189.733,28.059,69.323
201.551,192.169,28.059,69.323
200.614,191.981,28.059,69.323
199.721,190.631,28.680,70.857
197.997,191.589,28.680,70.857
193.593,192.546,28.680,70.857
190.338,191.589,28.680,70.857
193.412,191.791,28.069,69.346
201.845,190.104,28.069,69.346
200.159,189.167,28.069,69.346
202.970,190.104,28.069,69.346
199.034,189.542,28.069,69.346
198.847,189.354,28.069,69.346
197.535,189.167,28.069,69.346
198.472,188.979,28.069,69.346
197.160,188.417,28.069,69.346
198.097,188.605,28.069,69.346
197.981,186.088,28.690,70.880
196.273,184.310,29.324,72.448
207.041,181.764,29.324,72.448
211.544,180.785,29.324,72.448
212.523,179.023,29.324,72.448
211.544,178.436,29.324,72.448
212.915,177.849,29.324,72.448
214.549,177.300,28.699,70.903
216.273,175.959,28.699,70.903
217.998,175.001,28.699,70.903
220.106,173.659,28.699,70.903
221.447,172.318,28.699,70.903
222.022,171.743,28.699,70.903
222.980,171.935,28.699,70.903
223.840,172.137,28.087,69.391
224.402,171.574,28.087,69.391
224.590,172.137,28.087,69.391
222.152,172.699,28.087,69.391
223.717,172.535,27.488,67.912
224.635,173.453,27.488,67.912
233.995,172.168,27.488,67.912
232.710,173.453,27.488,67.912
232.159,172.535,27.488,67.912
234.912,172.719,27.488,67.912
233.260,172.535,27.488,67.912
231.961,173.436,26.902,66.463
234.297,172.179,26.902,66.463
232.321,173.436,26.902,66.463
231.063,172.898,26.902,66.463
234.117,173.796,26.902,66.463
232.846,173.985,26.328,65.046
231.940,174.848,25.767,63.659
230.059,174.366,25.217,62.301
233.258,175.545,25.217,62.301
232.067,175.398,24.679,60.973
235.198,176.221,24.679,60.973
234.070,175.034,25.225,62.322
232.891,174.529,25.225,62.322
223.964,175.708,25.225,62.322
222.112,176.887,25.225,62.322
223.291,175.371,25.225,62.322
231.207,174.192,25.225,62.322
234.885,174.369,24.688,60.993
234.060,173.545,24.688,60.993
237.192,172.721,24.688,60.993
236.368,173.216,24.688,60.993
233.896,174.699,24.688,60.993
237.687,175.194,24.688,60.993
235.874,177.007,24.688,60.993
237.357,179.809,24.688,60.993
234.885,184.589,24.688,60.993
232.412,186.073,24.688,60.993
231.881,188.153,24.161,59.692
232.294,189.567,23.646,58.419
232.394,190.646,23.142,57.173
231.896,190.511,22.648,55.954
231.700,190.379,22.165,54.761
229.512,189.964,21.692,53.593
228.498,189.530,21.692,53.593
227.484,187.357,21.692,53.593
226.760,185.474,21.692,53.593
226.572,184.231,21.230,52.450
226.431,182.672,21.230,52.450
227.139,181.113,21.230,52.450
226.147,178.419,21.230,52.450
227.139,176.860,21.230,52.450
228.132,177.286,21.230,52.450
226.289,176.293,21.230,52.450
225.559,177.536,20.777,51.332
225.112,176.880,20.334,50.237
223.075,176.744,20.334,50.237
218.595,177.966,20.334,50.237
219.002,177.287,20.334,50.237
218.324,179.052,20.334,50.237
219.002,178.102,20.334,50.237
220.890,179.377,20.784,51.348
222.139,180.903,20.784,51.348
223.388,179.654,20.784,51.348
222.417,178.683,20.784,51.348
220.890,178.267,20.784,51.348
220.196,177.018,20.784,51.348
218.095,177.170,21.244,52.485
216.818,179.014,21.244,52.485
215.542,181.141,21.244,52.485
214.265,182.701,21.244,52.485
211.529,184.328,21.714,53.646
208.194,183.603,21.714,53.646
207.179,184.038,21.714,53.646
206.164,184.473,21.714,53.646
204.860,182.878,21.714,53.646
204.135,182.443,21.714,53.646
202.830,180.849,21.714,53.646
202.395,180.414,21.714,53.646
202.250,179.399,21.714,53.646
202.105,178.964,21.714,53.646
201.670,179.399,21.714,53.646
200.655,178.384,21.714,53.646
200.220,178.529,21.714,53.646
198.915,178.674,21.714,53.646
198.770,179.689,21.714,53.646
197.756,180.704,21.714,53.646
196.161,181.139,21.714,53.646
194.856,182.153,21.714,53.646
193.841,182.009,21.714,53.646
192.536,181.284,21.714,53.646
192.391,181.429,21.714,53.646
192.536,182.443,21.714,53.646
193.951,180.496,22.194,54.833
195.396,178.199,22.685,56.046
197.365,178.350,22.685,56.046
198.426,176.381,22.685,56.046
198.332,175.289,23.187,57.286
199.725,175.754,23.187,57.286
198.332,174.980,23.187,57.286
195.666,174.507,23.700,58.553
197.090,174.981,23.700,58.553
195.350,174.826,24.225,59.849
197.453,175.958,24.225,59.849
196.968,174.179,24.225,59.849
195.836,175.958,24.225,59.849
195.350,173.856,24.225,59.849
194.243,172.690,24.760,61.173
193.112,173.900,25.308,62.526
191.605,172.683,25.868,63.910
191.087,175.273,25.868,63.910
189.532,171.646,25.868,63.910
187.632,169.056,25.868,63.910
189.878,170.265,25.868,63.910
192.123,170.783,25.868,63.910
190.568,168.537,25.868,63.910
191.432,170.092,25.868,63.910
192.759,168.131,26.441,65.324
191.170,167.248,26.441,65.324
193.818,168.837,26.441,65.324
195.760,170.072,26.441,65.324
198.408,171.308,26.441,65.324
199.997,169.719,26.441,65.324
198.761,168.837,26.441,65.324
196.087,166.099,27.026,66.769
197.350,167.362,27.026,66.769
199.485,164.564,27.624,68.246
201.514,165.487,27.624,68.246
202.067,162.720,27.624,68.246
202.252,161.429,27.624,68.246
200.223,159.769,27.624,68.246
200.776,161.429,27.624,68.246
201.698,158.663,27.624,68.246
201.460,160.635,27.034,66.791
202.966,162.913,26.458,65.367
203.759,165.142,25.894,63.973
201.165,168.427,25.894,63.973
196.843,168.254,25.894,63.973
195.660,167.367,26.467,65.388
199.724,168.604,26.467,65.388
203.924,166.746,25.902,63.994
206.367,169.929,25.350,62.629
209.085,170.760,24.809,61.293
206.600,172.251,24.809,61.293
208.753,170.429,24.809,61.293
209.338,167.516,25.358,62.650
210.185,166.331,25.358,62.650
211.134,167.570,25.919,64.036
212.104,167.401,26.493,65.452
210.893,167.227,27.079,66.901
210.712,164.877,27.079,66.901
218.125,165.781,27.079,66.901
220.837,167.046,27.079,66.901
224.272,169.397,27.079,66.901
230.962,169.577,27.079,66.901
234.226,171.651,27.678,68.381
237.563,174.154,28.290,69.894
240.960,175.810,27.687,68.403
238.926,174.146,27.687,68.403
235.784,169.894,27.687,68.403
246.321,172.667,27.687,68.403
247.984,174.700,27.687,68.403
243.825,173.113,27.097,66.944
239.057,173.304,26.519,65.517
239.852,173.149,25.953,64.120
244.972,176.338,25.400,62.752
246.060,176.517,24.858,61.414
246.805,179.892,24.328,60.104
246.968,181.678,24.328,60.104
249.404,183.140,24.328,60.104
251.191,182.003,24.328,60.104
252.653,182.815,24.328,60.104
255.414,182.978,24.328,60.104
256.551,182.490,24.328,60.104
256.714,182.003,24.328,60.104
258.500,179.242,24.328,60.104
257.038,177.780,24.328,60.104
255.576,176.385,23.809,58.823
261.415,176.889,24.336,60.124
258.003,176.077,24.336,60.124
252.845,167.151,24.874,61.454
253.343,165.324,24.874,61.454
253.585,163.438,25.425,62.814
254.773,160.892,25.425,62.814
254.264,158.006,25.425,62.814
273.446,176.849,25.425,62.814
270.560,178.716,25.425,62.814
269.359,180.859,24.883,61.475
263.544,182.686,24.883,61.475
260.683,183.902,25.433,62.835
257.457,184.412,25.433,62.835
256.268,183.902,25.433,62.835
254.049,184.793,25.996,64.225
251.445,191.909,25.996,64.225
251.698,205.425,26.571,65.646
252.940,211.279,26.571,65.646
253.472,213.940,26.571,65.646
250.101,216.246,26.571,65.646
246.021,218.553,26.571,65.646
243.702,220.219,27.159,67.098
236.630,195.739,27.159,67.098
235.723,193.019,27.159,67.098
236.630,179.782,27.159,67.098
235.361,178.150,27.159,67.098
233.729,176.881,27.159,67.098
231.735,178.960,27.760,68.583
232.291,182.111,27.760,68.583
232.176,180.007,28.374,70.100
230.092,177.165,28.374,70.100
231.797,178.870,28.374,70.100
234.109,177.609,27.769,68.605
236.370,179.949,27.177,67.142
236.189,179.767,27.177,67.142
250.887,182.126,27.177,67.142
253.246,184.848,27.177,67.142
251.961,183.290,26.597,65.710
247.167,184.888,26.597,65.710
248.306,183.364,26.030,64.309
242.789,164.801,26.606,65.732
243.929,159.167,26.038,64.330
244.450,145.085,26.038,64.330
247.589,142.389,26.615,65.754
250.255,145.410,26.615,65.754
253.832,145.605,27.203,67.208
291.066,173.757,27.203,67.208
293.791,155.413,27.203,67.208
296.152,146.876,27.203,67.208
310.138,149.964,27.203,67.208
315.301,152.047,27.805,68.695
313.259,159.659,27.805,68.695
316.044,166.899,27.805,68.695
324.404,162.094,28.420,70.215
324.214,162.663,28.420,70.215
327.992,165.424,27.814,68.718
323.638,168.710,28.430,70.238
319.652,176.492,28.430,70.238
320.138,179.986,27.823,68.740
327.012,179.800,27.823,68.740
324.623,183.577,27.230,67.274
321.896,182.304,27.230,67.274
324.623,178.486,27.230,67.274
322.623,173.214,27.230,67.274
327.895,178.850,27.230,67.274
326.986,185.213,27.230,67.274
327.452,189.260,26.649,65.840
314.107,192.997,26.649,65.840
264.523,142.979,27.239,67.297
241.849,190.500,26.658,65.861
237.755,187.118,26.658,65.861
236.154,179.109,26.658,65.861
232.772,170.387,26.658,65.861
228.678,176.617,26.658,65.861
225.296,184.627,26.658,65.861
221.558,187.296,26.658,65.861
217.464,183.915,26.658,65.861
215.518,188.220,26.090,64.457
211.935,188.067,25.533,63.082
207.332,182.101,25.533,63.082
199.319,176.134,25.533,63.082
196.030,172.429,26.098,64.478
192.371,174.694,26.098,64.478
188.647,182.478,26.676,65.905
181.701,185.506,26.676,65.905
177.961,184.259,26.676,65.905
174.933,187.643,26.676,65.905
172.261,187.465,26.676,65.905
164.821,185.936,26.107,64.499
162.206,182.973,26.107,64.499
158.894,174.432,26.107,64.499
155.234,176.000,26.107,64.499
148.087,184.193,26.107,64.499
141.141,187.737,25.550,63.124
134.672,185.943,25.005,61.778
130.498,177.763,25.005,61.778
124.167,173.755,24.472,60.460
116.487,173.265,24.472,60.460
108.154,172.121,24.472,60.460
101.128,170.650,24.472,60.460
95.083,168.199,24.472,60.460
