139.000,90.000,45.000,59.000
139.704,90.296,45.000,59.000
138.683,90.091,45.000,59.000
138.887,89.070,45.000,59.000
137.049,86.415,45.000,59.000
136.028,85.802,45.000,59.000
134.598,82.330,45.000,59.000
134.393,80.083,45.000,59.000
133.372,81.513,45.000,59.000
131.534,82.942,45.000,59.000
130.513,84.781,45.000,59.000
129.491,85.802,45.000,59.000
126.427,86.006,45.000,59.000
121.729,84.985,45.000,59.000
119.074,83.964,45.000,59.000
120.095,82.125,45.000,59.000
121.525,83.555,45.000,59.000
123.363,87.028,45.000,59.000
125.610,90.909,45.000,59.000
129.083,92.338,45.000,59.000
132.964,92.134,45.000,59.000
136.845,90.704,45.000,59.000
140.317,88.866,45.000,59.000
142.972,86.211,45.000,59.000
142.360,84.781,45.000,59.000
141.338,84.985,45.000,59.000
140.317,88.049,45.000,59.000
142.972,89.887,45.000,59.000
145.219,92.951,45.000,59.000
145.781,93.782,45.996,60.305
145.572,96.078,45.996,60.305
146.147,95.195,47.013,61.640
148.062,92.963,48.053,63.003
145.494,90.682,49.117,64.397
143.933,92.243,49.117,64.397
145.934,93.149,50.203,65.822
148.452,101.169,51.314,67.278
151.026,103.083,52.449,68.767
152.669,107.015,53.610,70.288
155.358,112.549,54.796,71.844
169.461,115.109,56.008,73.433
171.742,117.726,57.248,75.058
166.526,117.165,58.514,76.719
161.745,114.387,59.809,78.416
156.859,107.042,61.132,80.151
152.696,101.214,61.132,80.151
147.979,97.607,61.132,80.151
142.409,97.008,62.485,81.924
138.154,96.725,62.485,81.924
135.602,99.277,62.485,81.924
133.616,100.128,62.485,81.924
132.198,100.412,62.485,81.924
134.231,101.012,61.152,80.177
134.509,99.624,61.152,80.177
135.897,97.681,61.152,80.177
138.422,98.268,59.848,78.467
140.893,96.749,58.572,76.794
143.823,92.699,57.323,75.156
142.522,83.592,57.323,75.156
146.895,81.634,56.100,73.554
153.262,80.871,56.100,73.554
163.193,82.144,56.100,73.554
174.143,84.436,56.100,73.554
183.564,88.255,56.100,73.554
186.875,91.056,56.100,73.554
183.055,90.802,56.100,73.554
176.689,88.510,56.100,73.554
169.814,86.727,56.100,73.554
165.994,88.001,56.100,73.554
165.230,86.218,56.100,73.554
171.087,88.510,56.100,73.554
176.944,86.727,56.100,73.554
182.291,88.510,56.100,73.554
186.620,88.255,56.100,73.554
189.931,91.566,56.100,73.554
192.222,92.839,56.100,73.554
192.477,96.149,56.100,73.554
193.750,100.988,56.100,73.554
194.005,106.844,56.100,73.554
189.676,115.757,56.100,73.554
184.328,119.067,56.100,73.554
181.330,114.291,57.341,75.181
185.286,98.067,58.610,76.844
171.113,96.389,59.907,78.545
151.548,98.623,61.232,80.282
139.625,95.716,62.587,82.059
133.659,94.296,62.587,82.059
128.261,90.603,62.587,82.059
124.000,86.910,62.587,82.059
119.170,84.353,62.587,82.059
114.341,82.932,62.587,82.059
107.807,80.944,62.587,82.059
101.273,78.387,62.587,82.059
97.011,76.966,62.587,82.059
93.886,78.387,62.587,82.059
89.625,79.807,62.587,82.059
81.386,84.069,62.587,82.059
74.284,86.626,62.587,82.059
66.046,89.182,62.587,82.059
59.512,92.307,62.587,82.059
55.818,96.569,62.587,82.059
53.652,98.903,63.972,83.874
51.438,100.687,65.387,85.730
49.954,105.732,65.387,85.730
50.771,102.628,66.834,87.627
54.123,103.233,68.313,89.565
58.836,101.920,69.824,91.547
72.203,104.524,71.369,93.572
80.488,110.547,72.948,95.643
89.644,116.704,74.562,97.759
96.193,120.187,76.212,99.922
102.887,120.876,77.898,102.133
99.457,119.379,79.621,104.392
105.601,119.741,79.621,104.392
109.577,115.765,79.621,104.392
108.492,110.344,79.621,104.392
109.486,102.815,81.383,106.702
110.595,98.013,81.383,106.702
109.486,90.994,81.383,106.702
110.595,82.498,81.383,106.702
113.955,76.870,79.647,104.426
117.243,71.363,77.949,102.200
118.415,67.337,76.287,100.020
118.069,61.451,76.287,100.020
112.875,55.564,76.287,100.020
107.681,49.677,76.287,100.020
101.794,44.483,76.287,100.020
97.601,47.886,74.660,97.887
93.196,46.192,74.660,97.887
91.052,50.175,73.068,95.800
90.233,52.156,71.509,93.757
88.610,53.779,71.509,93.757
88.285,54.752,71.509,93.757
86.662,57.024,71.509,93.757
90.233,59.946,71.509,93.757
93.154,64.165,71.509,93.757
93.479,67.736,71.509,93.757
93.154,75.201,71.509,93.757
92.026,79.889,73.091,95.831
95.676,84.866,73.091,95.831
101.316,83.870,73.091,95.831
105.671,76.270,74.709,97.951
110.079,71.184,74.709,97.951
118.557,68.132,74.709,97.951
124.322,68.471,74.709,97.951
126.017,68.810,74.709,97.951
125.678,67.792,74.709,97.951
126.017,67.453,74.709,97.951
127.035,69.827,74.709,97.951
128.052,73.557,74.709,97.951
129.747,78.644,74.709,97.951
131.443,83.731,74.709,97.951
134.495,88.139,74.709,97.951
138.225,91.869,74.709,97.951
142.634,96.956,74.709,97.951
145.686,100.686,74.709,97.951
148.059,100.347,74.709,97.951
146.364,97.973,74.709,97.951
144.668,95.600,74.709,97.951
140.938,95.260,74.709,97.951
134.495,97.634,74.709,97.951
129.408,103.399,74.709,97.951
125.678,107.808,74.709,97.951
123.983,112.216,74.709,97.951
119.223,117.510,73.115,95.862
124.201,117.178,73.115,95.862
127.188,116.846,73.115,95.862
130.175,113.859,73.115,95.862
127.188,109.544,73.115,95.862
123.969,104.696,74.733,97.983
119.559,102.322,74.733,97.983
122.612,104.018,74.733,97.983
118.880,105.036,74.733,97.983
116.506,105.375,74.733,97.983
100.562,108.428,74.733,97.983
94.795,112.159,74.733,97.983
96.492,115.891,74.733,97.983
98.188,120.301,74.733,97.983
106.505,124.942,73.139,95.894
114.140,127.266,73.139,95.894
121.640,131.168,71.580,93.849
125.864,132.143,71.580,93.849
122.940,125.320,71.580,93.849
123.914,121.096,71.580,93.849
125.539,116.872,71.580,93.849
129.113,115.248,71.580,93.849
143.084,113.623,71.580,93.849
151.050,114.937,70.053,91.848
160.072,115.610,68.559,89.889
164.702,112.069,67.097,87.972
164.908,101.932,68.582,89.918
166.410,88.988,70.099,91.908
160.365,81.669,70.099,91.908
149.228,77.533,70.099,91.908
144.821,72.885,71.650,93.941
138.967,70.158,73.235,96.020
132.984,67.372,74.856,98.144
128.278,65.228,76.512,100.316
124.742,67.302,74.880,98.176
121.937,69.332,73.283,96.083
121.115,74.525,71.721,94.034
119.683,79.606,70.191,92.028
118.728,81.837,70.191,92.028
115.860,83.430,70.191,92.028
117.453,85.660,70.191,92.028
119.046,86.616,70.191,92.028
123.188,89.483,70.191,92.028
129.242,93.625,70.191,92.028
133.384,105.413,70.191,92.028
146.446,110.830,70.191,92.028
155.686,114.972,70.191,92.028
167.801,110.979,71.744,94.065
180.502,105.442,71.744,94.065
186.689,100.558,71.744,94.065
188.969,96.975,71.744,94.065
186.038,95.998,71.744,94.065
181.153,96.324,71.744,94.065
176.919,97.952,71.744,94.065
174.640,102.837,71.744,94.065
176.268,108.373,71.744,94.065
175.291,110.653,71.744,94.065
175.511,106.571,73.331,96.146
178.507,98.250,73.331,96.146
180.837,87.931,73.331,96.146
182.501,80.941,73.331,96.146
182.834,75.283,73.331,96.146
185.164,71.621,73.331,96.146
184.831,69.291,73.331,96.146
181.835,68.958,73.331,96.146
178.174,70.623,73.331,96.146
174.945,67.832,74.954,98.273
173.925,70.214,74.954,98.273
174.265,68.513,74.954,98.273
169.842,67.492,74.954,98.273
166.780,69.874,74.954,98.273
167.801,70.214,74.954,98.273
171.543,71.234,74.954,98.273
171.773,69.088,76.612,100.447
175.598,71.523,76.612,100.447
180.119,72.566,76.612,100.447
183.944,74.305,76.612,100.447
187.778,73.700,74.979,98.305
190.160,75.401,74.979,98.305
189.820,75.742,74.979,98.305
196.967,78.124,74.979,98.305
196.626,81.868,74.979,98.305
192.619,77.602,76.637,100.480
189.245,79.017,78.333,102.703
186.045,78.662,78.333,102.703
180.000,78.306,78.333,102.703
164.009,77.539,80.066,104.976
153.697,75.246,81.838,107.298
145.153,74.875,81.838,107.298
138.095,73.018,81.838,107.298
132.523,69.674,81.838,107.298
129.457,66.880,80.092,105.010
125.458,62.154,80.092,105.010
120.732,59.609,80.092,105.010
116.330,63.882,78.384,102.771
111.704,66.373,78.384,102.771
108.768,71.927,76.713,100.579
105.894,74.677,75.077,98.434
102.827,73.655,75.077,98.434
100.442,71.951,75.077,98.434
101.464,70.929,75.077,98.434
98.397,72.633,75.077,98.434
93.967,75.700,75.077,98.434
88.173,76.041,75.077,98.434
76.928,75.700,75.077,98.434
64.319,78.085,75.077,98.434
60.570,79.789,75.077,98.434
