213.000,121.000,21.000,95.000
211.985,119.119,21.000,95.000
210.470,116.739,21.000,95.000
211.119,116.090,21.000,95.000
208.866,112.120,21.465,97.102
209.972,113.226,21.465,97.102
208.424,111.677,21.465,97.102
209.972,111.456,21.465,97.102
210.194,112.120,21.465,97.102
210.857,111.898,21.465,97.102
213.290,110.792,21.465,97.102
216.166,110.129,21.465,97.102
219.927,108.138,21.465,97.102
222.360,109.686,21.465,97.102
223.908,108.580,21.465,97.102
225.014,109.244,21.465,97.102
223.466,109.908,21.465,97.102
221.475,108.802,21.465,97.102
219.042,108.138,21.465,97.102
217.936,108.359,21.465,97.102
218.599,109.465,21.465,97.102
217.493,107.917,21.465,97.102
217.715,107.253,21.465,97.102
218.378,106.147,21.465,97.102
219.042,105.483,21.465,97.102
220.590,104.377,21.465,97.102
221.254,103.271,21.465,97.102
219.705,101.280,21.465,97.102
219.042,100.617,21.465,97.102
218.821,100.396,21.465,97.102
219.927,98.847,21.465,97.102
221.917,100.396,21.465,97.102
224.351,100.617,21.465,97.102
226.784,101.723,21.465,97.102
225.678,99.290,21.465,97.102
227.226,97.741,21.465,97.102
227.005,99.732,21.465,97.102
228.996,98.184,21.465,97.102
230.102,99.290,21.465,97.102
229.439,97.299,21.465,97.102
228.333,98.405,21.465,97.102
226.784,100.396,21.465,97.102
225.236,102.829,21.465,97.102
226.146,105.656,21.940,99.250
225.015,109.048,21.940,99.250
223.885,110.631,21.940,99.250
225.015,111.309,21.940,99.250
223.432,111.535,21.940,99.250
223.659,112.213,21.940,99.250
221.171,109.726,21.940,99.250
218.684,108.143,21.940,99.250
215.293,107.465,21.940,99.250
211.901,105.882,21.940,99.250
207.605,105.204,21.940,99.250
204.214,103.621,21.940,99.250
201.727,104.300,21.940,99.250
200.596,102.717,21.940,99.250
199.013,101.586,21.940,99.250
201.953,103.169,21.940,99.250
203.536,101.134,21.940,99.250
205.570,104.074,21.940,99.250
207.605,106.108,21.940,99.250
209.188,108.143,21.940,99.250
210.319,108.822,21.940,99.250
211.449,107.691,21.940,99.250
208.510,107.917,21.940,99.250
206.475,106.335,21.940,99.250
209.414,106.108,21.940,99.250
210.545,106.335,21.940,99.250
213.936,107.465,21.940,99.250
218.684,106.335,21.940,99.250
226.598,104.752,21.940,99.250
230.894,102.265,21.940,99.250
232.929,99.325,21.940,99.250
230.442,100.004,21.940,99.250
225.693,97.969,21.940,99.250
219.589,99.552,21.940,99.250
209.580,101.264,21.472,97.134
205.818,101.042,21.472,97.134
203.384,97.723,21.472,97.134
201.393,92.191,21.472,97.134
202.499,84.889,21.472,97.134
205.818,79.357,21.472,97.134
209.137,75.595,21.472,97.134
212.014,72.276,21.472,97.134
213.563,70.284,21.472,97.134
212.899,68.293,21.472,97.134
213.563,67.629,21.472,97.134
212.457,70.948,21.472,97.134
210.908,77.365,21.472,97.134
212.899,83.340,21.472,97.134
210.908,91.085,21.472,97.134
212.899,96.617,21.472,97.134
210.908,98.166,21.472,97.134
212.014,101.485,21.472,97.134
214.448,105.247,21.472,97.134
216.882,108.566,21.472,97.134
218.604,113.654,21.014,95.062
218.619,120.303,20.566,93.035
216.592,125.177,20.127,91.051
214.725,128.288,20.127,91.051
213.273,130.570,20.127,91.051
210.991,133.266,20.127,91.051
213.688,135.548,20.127,91.051
210.991,134.096,20.127,91.051
209.539,133.474,20.127,91.051
211.406,132.436,20.127,91.051
209.539,130.985,20.127,91.051
211.821,128.703,20.127,91.051
213.273,126.006,20.127,91.051
213.895,123.725,20.127,91.051
213.688,121.028,20.127,91.051
213.895,118.332,20.127,91.051
211.613,116.050,20.127,91.051
213.895,115.428,20.127,91.051
217.006,116.880,20.127,91.051
215.022,115.252,19.698,89.109
218.473,116.267,19.698,89.109
221.227,119.369,19.278,87.209
218.560,121.639,18.867,85.349
220.822,123.861,18.464,83.529
222.303,124.202,18.071,81.748
225.842,125.133,18.071,81.748
227.650,126.902,17.685,80.005
230.019,127.449,17.685,80.005
232.388,126.537,17.685,80.005
234.758,127.813,17.685,80.005
224.369,124.350,17.685,80.005
222.729,122.345,17.685,80.005
223.100,123.919,18.077,81.775
226.267,125.595,18.077,81.775
230.590,126.288,17.691,80.031
234.117,128.020,17.314,78.324
236.882,129.715,16.945,76.654
238.240,130.700,16.583,75.019
239.900,131.335,16.230,73.419
239.064,132.172,16.230,73.419
237.893,132.339,16.230,73.419
234.069,132.741,16.589,75.044
231.935,132.798,16.956,76.704
234.466,131.043,17.331,78.401
236.431,129.078,17.331,78.401
236.610,128.900,17.331,78.401
238.217,126.221,17.331,78.401
239.467,126.757,17.331,78.401
241.432,125.506,17.331,78.401
240.896,124.613,17.331,78.401
242.861,125.864,17.331,78.401
240.539,123.542,17.331,78.401
237.860,123.006,17.331,78.401
238.396,121.756,17.331,78.401
238.932,119.077,17.331,78.401
240.539,117.826,17.331,78.401
237.145,116.219,17.331,78.401
236.469,115.850,16.961,76.729
237.693,114.277,16.961,76.729
239.266,114.801,16.961,76.729
240.490,112.878,16.961,76.729
240.315,113.403,16.961,76.729
241.888,113.577,16.961,76.729
240.315,113.053,16.961,76.729
242.238,113.577,16.961,76.729
244.161,113.403,16.961,76.729
245.035,114.976,16.961,76.729
244.161,115.850,16.961,76.729
245.384,114.626,16.961,76.729
244.510,114.801,16.961,76.729
245.734,114.976,16.961,76.729
246.608,115.151,16.961,76.729
246.083,114.976,16.961,76.729
243.901,115.396,17.336,78.427
241.578,114.503,17.336,78.427
238.541,114.324,17.336,78.427
237.052,114.384,17.720,80.162
235.150,113.307,18.112,81.936
232.724,113.867,18.112,81.936
230.297,111.814,18.112,81.936
228.244,109.761,18.112,81.936
228.057,109.201,18.112,81.936
228.617,108.641,18.112,81.936
228.804,107.334,18.112,81.936
227.871,106.401,18.112,81.936
226.564,105.468,18.112,81.936
224.884,106.774,18.112,81.936
223.204,106.588,18.112,81.936
225.257,109.014,18.112,81.936
223.204,107.334,18.112,81.936
224.884,109.388,18.112,81.936
222.554,107.126,18.513,83.749
224.130,107.585,18.922,85.602
222.765,108.170,18.922,85.602
224.130,111.095,18.922,85.602
222.375,109.730,18.922,85.602
224.520,112.265,18.922,85.602
222.375,110.120,18.922,85.602
219.840,108.755,18.922,85.602
220.982,110.231,18.519,83.776
222.699,109.277,18.519,83.776
224.184,110.354,18.124,81.989
225.118,108.673,18.124,81.989
223.064,108.113,18.124,81.989
225.118,107.553,18.124,81.989
224.184,108.487,18.124,81.989
223.251,110.168,18.124,81.989
220.822,111.475,18.124,81.989
218.768,110.541,18.124,81.989
217.087,109.607,18.124,81.989
215.406,109.794,18.124,81.989
214.098,107.739,18.124,81.989
214.285,106.432,18.124,81.989
212.604,108.113,18.124,81.989
214.285,111.288,18.124,81.989
214.845,114.464,18.124,81.989
214.285,121.001,18.124,81.989
214.098,124.176,18.124,81.989
212.417,127.725,18.124,81.989
212.604,130.900,18.124,81.989
211.297,133.702,18.124,81.989
211.483,135.756,18.124,81.989
212.791,135.943,18.124,81.989
213.725,137.624,18.124,81.989
212.417,135.943,18.124,81.989
214.472,137.998,18.124,81.989
215.406,136.317,18.124,81.989
214.472,137.998,18.124,81.989
215.779,139.305,18.124,81.989
216.713,137.251,18.124,81.989
218.021,139.679,18.124,81.989
218.207,138.371,18.124,81.989
217.274,138.932,18.124,81.989
216.927,138.546,17.737,80.241
217.110,138.729,17.737,80.241
215.464,137.815,17.737,80.241
213.454,137.266,17.737,80.241
208.886,139.003,17.359,78.530
206.139,140.012,16.989,76.855
201.762,139.137,16.989,76.855
199.486,141.413,16.989,76.855
198.611,141.938,16.989,76.855
198.436,143.514,16.989,76.855
199.661,144.039,16.989,76.855
201.237,142.464,16.989,76.855
201.231,140.705,17.365,78.556
203.199,142.316,17.365,78.556
205.526,142.137,17.365,78.556
208.210,141.958,17.365,78.556
211.968,140.347,17.365,78.556
215.010,139.810,17.365,78.556
218.053,140.347,17.365,78.556
220.379,139.452,17.365,78.556
221.632,138.916,17.365,78.556
222.885,139.810,17.365,78.556
223.779,137.484,17.365,78.556
223.600,134.800,17.365,78.556
226.285,133.905,17.365,78.556
225.390,132.294,17.365,78.556
227.358,129.610,17.365,78.556
224.010,126.698,17.749,80.294
224.193,125.784,17.749,80.294
225.107,124.138,17.749,80.294
223.962,123.060,18.142,82.070
223.027,124.368,18.142,82.070
220.597,124.181,18.142,82.070
218.540,125.490,18.142,82.070
217.979,124.181,18.142,82.070
218.914,126.238,18.142,82.070
216.110,125.677,18.142,82.070
215.175,126.238,18.142,82.070
214.988,126.799,18.142,82.070
214.280,126.413,17.755,80.320
213.731,125.498,17.755,80.320
215.012,126.047,17.755,80.320
214.829,126.595,17.755,80.320
214.646,126.047,17.755,80.320
214.097,127.327,17.755,80.320
212.451,127.510,17.755,80.320
211.170,126.595,17.755,80.320
209.523,124.949,17.755,80.320
207.510,123.668,17.755,80.320
204.400,122.021,17.755,80.320
201.238,121.643,17.376,78.607
197.478,120.748,17.376,78.607
194.791,119.136,17.376,78.607
192.822,117.882,17.376,78.607
191.210,116.629,17.376,78.607
189.240,115.375,17.376,78.607
187.628,113.764,17.376,78.607
186.260,112.703,17.006,76.931
184.332,113.579,17.006,76.931
181.353,112.703,17.006,76.931
177.322,111.827,17.006,76.931
174.693,110.250,17.006,76.931
177.071,107.185,16.643,75.290
180.059,100.218,16.288,73.685
182.012,98.900,15.941,72.113
180.757,97.610,15.601,70.575
180.768,97.588,15.268,69.070
180.476,97.870,14.943,67.597
178.782,97.408,14.943,67.597
177.606,98.277,14.624,66.156
175.345,97.523,14.624,66.156
173.386,97.372,14.624,66.156
172.331,96.016,14.624,66.156
170.673,94.660,14.624,66.156
168.412,93.605,14.624,66.156
166.152,94.057,14.624,66.156
164.795,92.700,14.624,66.156
163.353,94.423,14.312,64.745
161.436,96.045,14.312,64.745
159.813,98.553,14.312,64.745
157.896,101.650,14.312,64.745
156.274,104.157,14.312,64.745
154.061,105.190,14.312,64.745
153.324,105.632,14.312,64.745
152.094,103.539,14.629,66.178
152.402,104.215,14.952,67.642
154.713,103.136,14.952,67.642
153.634,100.824,14.952,67.642
152.556,98.205,14.952,67.642
152.710,99.592,14.952,67.642
152.065,100.602,15.283,69.138
150.425,98.693,15.621,70.668
149.942,99.176,15.621,70.668
149.137,99.337,15.621,70.668
148.332,99.820,15.621,70.668
149.663,98.871,15.967,72.232
147.608,97.219,16.320,73.830
146.767,96.714,16.320,73.830
146.262,97.555,16.320,73.830
147.440,97.723,16.320,73.830
149.877,98.826,16.681,75.463
147.730,101.023,17.050,77.133
149.312,104.362,17.050,77.133
148.784,106.998,17.050,77.133
150.366,110.688,17.050,77.133
152.183,112.934,17.428,78.839
153.667,114.484,17.813,80.584
155.319,115.769,17.813,80.584
162.479,115.585,17.813,80.584
171.107,114.300,17.813,80.584
179.861,112.076,18.207,82.367
182.580,109.412,18.610,84.189
180.854,106.919,18.610,84.189
182.197,107.878,18.610,84.189
180.470,106.536,18.610,84.189
178.744,107.494,18.610,84.189
176.251,108.453,18.610,84.189
173.060,106.527,19.022,86.052
169.728,108.291,19.022,86.052
166.003,107.703,19.022,86.052
162.742,107.362,19.443,87.956
160.240,107.012,19.873,89.902
158.807,107.217,19.873,89.902
156.963,108.241,19.873,89.902
154.301,108.036,19.873,89.902
153.277,107.422,19.873,89.902
154.301,109.265,19.873,89.902
152.867,107.831,19.873,89.902
154.710,108.855,19.873,89.902
152.458,107.012,19.873,89.902
153.482,108.446,19.873,89.902
151.229,105.783,19.873,89.902
154.710,102.302,19.873,89.902
154.096,98.001,19.873,89.902
152.253,95.338,19.873,89.902
154.915,95.134,19.873,89.902
157.987,93.700,19.873,89.902
161.879,93.905,19.873,89.902
165.052,96.245,19.449,87.984
168.459,99.252,19.449,87.984
172.267,103.060,19.449,87.984
170.736,107.669,19.034,86.108
171.506,111.423,18.629,84.272
169.299,114.727,18.231,82.475
171.848,117.961,17.842,80.716
172.215,121.480,17.462,78.995
173.269,123.883,17.090,77.310
175.911,125.116,17.090,77.310
177.960,127.468,16.725,75.661
176.754,127.985,16.725,75.661
174.858,129.537,16.725,75.661
173.996,131.433,16.725,75.661
172.444,133.329,16.725,75.661
170.893,132.811,16.725,75.661
168.652,131.950,16.725,75.661
167.336,127.274,16.368,74.048
166.697,122.698,16.019,72.469
165.754,117.901,15.678,70.923
165.143,114.453,15.343,69.411
167.287,109.859,15.016,67.931
169.685,104.467,14.696,66.482
172.260,99.167,14.696,66.482
174.531,95.683,14.696,66.482
176.803,92.806,14.696,66.482
179.075,92.957,14.696,66.482
178.318,94.017,14.696,66.482
180.287,95.077,14.696,66.482
178.924,97.046,14.696,66.482
178.166,99.621,14.696,66.482
177.106,104.013,14.696,66.482
174.531,109.920,14.696,66.482
171.069,112.798,15.021,67.953
169.136,116.062,15.354,69.456
166.504,119.398,15.693,70.993
163.142,123.814,16.040,72.564
155.933,128.328,16.395,74.169
152.421,130.487,16.758,75.810
149.190,131.620,17.129,77.488
150.425,133.208,17.129,77.488
151.884,133.267,17.508,79.202
153.750,131.455,17.895,80.954
156.039,128.454,18.291,82.746
157.988,124.606,18.696,84.576
159.337,121.715,18.696,84.576
156.832,118.440,18.696,84.576
159.337,115.935,18.696,84.576
161.841,112.660,18.696,84.576
164.346,109.770,18.696,84.576
162.227,107.265,18.696,84.576
164.731,105.916,18.696,84.576
167.622,104.568,18.696,84.576
165.502,102.448,18.696,84.576
168.007,100.329,18.696,84.576
170.126,98.595,18.696,84.576
168.778,96.475,18.696,84.576
172.053,97.824,18.696,84.576
171.090,97.246,18.696,84.576
170.126,98.595,18.696,84.576
169.163,99.558,18.696,84.576
167.429,98.980,18.696,84.576
165.309,99.558,18.696,84.576
163.575,98.980,18.696,84.576
161.456,98.787,18.696,84.576
159.337,99.365,18.696,84.576
157.217,98.017,18.696,84.576
154.412,95.682,19.109,86.448
152.639,94.697,19.109,86.448
150.867,93.712,19.109,86.448
148.701,91.940,19.109,86.448
151.261,89.774,19.109,86.448
149.488,85.638,19.109,86.448
152.048,82.684,19.109,86.448
153.033,79.730,19.109,86.448
151.261,78.745,19.109,86.448
154.215,79.336,19.109,86.448
155.987,78.745,19.109,86.448
158.153,78.154,19.109,86.448
160.320,79.533,19.109,86.448
163.668,78.154,19.109,86.448
171.348,81.502,19.109,86.448
175.090,84.063,19.109,86.448
174.499,90.168,19.109,86.448
177.453,95.879,19.109,86.448
176.862,99.227,19.109,86.448
175.484,103.362,19.109,86.448
177.650,105.135,19.109,86.448
175.878,106.513,19.109,86.448
178.438,107.104,19.109,86.448
176.272,107.695,19.109,86.448
174.105,106.710,19.109,86.448
175.090,108.089,19.109,86.448
174.893,107.104,19.109,86.448
173.908,107.695,19.109,86.448
171.742,109.467,19.109,86.448
169.576,111.634,19.109,86.448
168.985,113.800,19.109,86.448
166.819,115.966,19.109,86.448
167.803,118.132,19.109,86.448
165.637,117.148,19.109,86.448
162.683,118.132,19.109,86.448
160.419,118.105,18.702,84.604
157.832,120.308,18.303,82.800
158.775,120.873,18.303,82.800
160.095,120.308,18.303,82.800
162.170,121.251,18.303,82.800
160.850,122.194,18.303,82.800
163.772,123.986,17.913,81.034
165.921,125.384,17.531,79.306
163.844,127.100,17.157,77.615
160.484,125.862,17.157,77.615
159.600,123.210,17.157,77.615
161.999,121.481,16.791,75.960
161.479,120.616,16.791,75.960
163.493,119.925,16.433,74.340
162.308,116.707,16.433,74.340
163.832,113.828,16.433,74.340
163.662,111.965,16.433,74.340
166.541,109.425,16.433,74.340
168.743,106.546,16.433,74.340
171.622,104.006,16.433,74.340
173.146,102.481,16.433,74.340
175.348,99.941,16.433,74.340
174.501,98.756,16.433,74.340
176.364,97.570,16.433,74.340
175.856,96.046,16.433,74.340
175.687,96.554,16.433,74.340
175.179,95.369,16.433,74.340
176.364,96.893,16.433,74.340
176.195,97.401,16.433,74.340
177.243,97.808,16.797,75.985
176.723,97.635,16.797,75.985
178.628,98.847,16.797,75.985
177.762,97.635,16.797,75.985
180.012,98.155,16.797,75.985
178.801,96.943,16.797,75.985
178.281,95.731,16.797,75.985
177.416,94.520,16.797,75.985
175.973,92.422,17.168,77.666
174.734,91.183,17.168,77.666
174.557,91.006,17.168,77.666
172.965,90.122,17.168,77.666
171.373,91.360,17.168,77.666
168.719,91.183,17.168,77.666
166.773,92.068,17.168,77.666
164.119,91.537,17.168,77.666
161.819,92.422,17.168,77.666
158.811,91.891,17.168,77.666
156.511,91.360,17.168,77.666
154.211,90.122,17.168,77.666
151.910,88.529,17.168,77.666
149.610,87.645,17.168,77.666
148.018,88.176,17.168,77.666
147.133,88.352,17.168,77.666
146.249,88.176,17.168,77.666
144.656,88.706,17.168,77.666
144.126,89.945,17.168,77.666
143.595,89.060,17.168,77.666
143.064,89.237,17.168,77.666
142.179,89.060,17.168,77.666
141.295,88.883,17.168,77.666
140.764,89.414,17.168,77.666
140.233,89.945,17.168,77.666
141.118,92.245,17.168,77.666
139.525,95.960,17.168,77.666
142.887,100.030,17.168,77.666
145.187,104.099,17.168,77.666
148.195,110.999,17.168,77.666
152.264,115.069,17.168,77.666
160.226,118.784,17.168,77.666
163.234,121.792,17.168,77.666
161.995,121.615,17.168,77.666
164.649,120.731,17.168,77.666
163.411,118.077,17.168,77.666
161.111,113.653,17.168,77.666
160.226,110.999,17.168,77.666
161.819,107.638,17.168,77.666
162.349,103.215,17.168,77.666
161.465,99.145,17.168,77.666
161.995,96.845,17.168,77.666
161.819,95.253,17.168,77.666
160.580,93.306,17.168,77.666
159.910,92.259,16.802,76.009
159.045,92.086,16.802,76.009
156.794,90.873,16.802,76.009
149.694,90.008,16.802,76.009
143.287,88.449,16.802,76.009
139.651,85.159,16.802,76.009
134.976,80.830,16.802,76.009
130.658,75.139,17.174,77.691
129.419,68.590,17.174,77.691
142.266,58.366,17.554,79.410
148.598,48.778,17.554,79.410
172.616,40.205,17.942,81.167
208.303,37.061,17.942,81.167
232.155,37.246,17.942,81.167
237.148,38.910,17.942,81.167
241.031,42.793,17.942,81.167
249.465,45.540,18.339,82.963
264.361,42.073,18.745,84.798
267.160,42.137,19.160,86.675
263.875,43.022,19.584,88.592
259.637,45.242,19.584,88.592
251.254,48.241,20.017,90.552
252.698,62.887,20.017,90.552
255.792,65.981,20.017,90.552
255.357,73.326,20.460,92.556
247.555,83.236,20.460,92.556
238.067,97.785,20.460,92.556
223.097,107.274,20.460,92.556
213.608,115.918,20.460,92.556
205.725,115.988,20.912,94.604
201.631,114.049,20.912,94.604
196.704,115.462,21.375,96.697
192.582,111.421,21.848,98.836
191.640,106.356,22.331,101.023
195.092,102.444,22.331,101.023
197.623,98.071,22.331,101.023
201.075,94.159,22.331,101.023
206.368,92.088,22.331,101.023
211.662,93.238,22.331,101.023
212.812,93.468,22.331,101.023
211.662,95.540,22.331,101.023
209.590,98.992,22.331,101.023
204.297,102.444,22.331,101.023
201.305,105.436,22.331,101.023
198.774,107.047,22.331,101.023
195.322,110.499,22.331,101.023
