262.000,94.000,16.000,26.000
262.254,92.940,16.000,26.000
261.515,91.873,16.000,26.000
260.940,90.806,16.000,26.000
259.873,89.903,16.000,26.000
258.806,89.000,16.000,26.000
257.082,87.933,16.000,26.000
255.194,86.373,16.000,26.000
253.963,84.813,16.000,26.000
252.896,82.433,16.000,26.000
252.157,80.052,16.000,26.000
251.090,78.985,16.000,26.000
249.530,77.097,16.000,26.000
248.366,75.553,16.140,26.227
245.965,74.476,16.140,26.227
244.888,73.234,16.140,26.227
243.480,71.330,16.140,26.227
242.404,70.088,16.140,26.227
240.831,68.514,16.140,26.227
239.423,67.603,16.140,26.227
237.353,66.693,16.140,26.227
235.779,65.947,16.140,26.227
233.047,64.871,16.140,26.227
232.136,63.794,16.140,26.227
231.556,60.896,16.140,26.227
231.970,60.316,16.140,26.227
232.053,58.577,16.140,26.227
231.473,57.667,16.140,26.227
231.059,55.265,16.140,26.227
229.983,53.692,16.140,26.227
228.409,51.953,16.140,26.227
226.836,50.379,16.140,26.227
225.428,48.309,16.140,26.227
224.021,46.736,16.140,26.227
222.944,44.831,16.140,26.227
221.868,42.761,16.140,26.227
220.626,41.188,16.140,26.227
219.383,38.786,16.140,26.227
217.810,37.047,16.140,26.227
216.899,35.474,16.140,26.227
215.823,34.232,16.140,26.227
214.912,32.659,16.140,26.227
213.835,32.410,16.140,26.227
213.256,32.162,16.140,26.227
212.676,31.085,16.140,26.227
212.924,29.843,16.140,26.227
213.173,28.767,16.140,26.227
213.918,28.518,16.140,26.227
214.829,28.601,16.140,26.227
215.906,28.850,16.140,26.227
217.644,29.760,16.140,26.227
218.390,30.174,16.140,26.227
219.083,30.484,16.281,26.457
220.169,30.233,16.281,26.457
214.238,21.630,16.281,26.457
212.540,20.743,16.424,26.688
218.860,17.289,16.424,26.688
215.574,12.486,16.424,26.688
215.658,11.053,16.424,26.688
216.753,9.958,16.424,26.688
219.871,8.694,16.424,26.688
220.798,9.789,16.424,26.688
220.882,13.918,16.424,26.688
228.670,36.862,16.567,26.922
227.055,59.387,16.567,26.922
238.530,71.712,16.567,26.922
229.605,77.577,16.567,26.922
244.310,89.562,16.567,26.922
247.461,92.319,16.712,27.158
247.890,101.837,16.712,27.158
246.850,107.958,16.859,27.395
247.801,110.294,16.859,27.395
247.196,109.688,16.859,27.395
248.320,109.948,16.859,27.395
248.061,109.688,16.859,27.395
247.801,109.429,16.859,27.395
247.715,110.207,16.859,27.395
247.974,110.640,16.859,27.395
248.061,110.553,16.859,27.395
248.147,110.467,16.859,27.395
248.407,110.380,16.859,27.395
248.493,110.467,16.859,27.395
248.061,110.207,16.859,27.395
248.320,110.467,16.859,27.395
248.580,110.034,16.859,27.395
248.147,110.640,16.859,27.395
248.234,110.207,16.859,27.395
248.897,110.915,16.715,27.161
248.639,110.829,16.715,27.161
248.382,111.086,16.715,27.161
247.953,111.172,16.715,27.161
247.868,110.572,16.715,27.161
249.154,111.344,16.715,27.161
248.554,111.086,16.715,27.161
248.217,111.407,16.861,27.399
249.555,110.764,16.717,27.165
249.126,111.536,16.717,27.165
248.261,111.154,16.863,27.403
249.768,112.030,16.719,27.169
249.339,111.773,16.719,27.169
249.425,112.030,16.719,27.169
249.511,112.459,16.719,27.169
249.425,111.859,16.719,27.169
249.511,112.288,16.719,27.169
249.768,111.859,16.719,27.169
250.197,112.459,16.719,27.169
250.283,112.202,16.719,27.169
250.369,111.944,16.719,27.169
250.626,112.545,16.719,27.169
250.540,112.288,16.719,27.169
250.455,111.859,16.719,27.169
250.540,112.116,16.719,27.169
250.626,112.545,16.719,27.169
250.540,112.116,16.719,27.169
250.626,112.545,16.719,27.169
250.540,111.773,16.719,27.169
250.455,111.516,16.719,27.169
250.540,112.288,16.719,27.169
250.455,111.687,16.719,27.169
250.197,111.430,16.719,27.169
250.283,112.030,16.719,27.169
250.197,111.601,16.719,27.169
250.283,112.373,16.719,27.169
250.197,111.601,16.719,27.169
249.768,112.202,16.719,27.169
249.511,111.601,16.719,27.169
249.425,112.202,16.719,27.169
249.168,111.601,16.719,27.169
249.254,112.030,16.719,27.169
248.996,111.773,16.719,27.169
248.739,111.344,16.719,27.169
250.233,112.046,16.577,26.937
249.978,112.471,16.577,26.937
249.553,112.046,16.577,26.937
249.468,112.301,16.577,26.937
249.212,112.046,16.577,26.937
249.808,112.641,16.577,26.937
249.125,112.087,16.722,27.173
249.039,112.345,16.722,27.173
248.526,111.610,16.868,27.410
249.865,112.318,16.724,27.176
249.176,111.936,16.870,27.414
