450.000,91.000,31.000,37.000
443.412,97.785,31.000,37.000
441.139,103.268,31.000,37.000
438.063,108.483,31.000,37.000
433.115,113.966,31.000,37.000
429.772,115.170,31.000,37.000
423.251,117.546,30.735,36.684
418.088,119.967,31.004,37.005
419.460,125.700,31.276,37.329
417.883,120.989,31.009,37.010
412.403,117.363,30.744,36.694
410.076,118.425,30.481,36.381
407.578,119.872,30.481,36.381
406.394,118.688,30.481,36.381
403.896,120.661,30.481,36.381
396.927,122.633,30.481,36.381
392.062,120.661,30.481,36.381
392.982,118.688,30.481,36.381
395.140,111.925,30.748,36.699
396.069,141.769,30.748,36.699
395.140,145.351,30.748,36.699
381.478,150.258,30.748,36.699
378.958,152.778,30.748,36.699
380.948,162.727,30.748,36.699
364.102,198.142,30.748,36.699
370.574,195.063,30.486,36.386
368.865,187.830,30.486,36.386
366.557,180.159,30.225,36.076
391.200,145.346,30.225,36.076
385.096,139.776,29.967,35.768
382.575,140.307,29.712,35.462
384.242,140.948,29.712,35.462
382.243,139.723,29.458,35.159
380.261,141.485,29.206,34.859
376.607,143.627,29.206,34.859
374.465,145.013,29.206,34.859
381.647,146.399,29.206,34.859
381.017,148.289,29.206,34.859
384.460,154.461,28.957,34.562
384.949,159.848,28.710,34.267
350.929,193.593,28.961,34.567
360.799,195.717,28.961,34.567
362.673,189.595,28.961,34.567
360.299,181.724,28.961,34.567
353.386,167.871,29.215,34.869
344.535,163.225,28.965,34.571
340.162,148.856,28.965,34.571
345.534,142.733,28.965,34.571
358.904,148.606,28.965,34.571
368.275,152.979,28.965,34.571
370.649,155.103,28.965,34.571
376.022,157.227,28.965,34.571
379.896,158.852,28.965,34.571
382.020,163.475,28.965,34.571
384.144,169.847,28.965,34.571
390.267,175.720,28.965,34.571
386.643,190.089,28.965,34.571
392.516,204.208,28.965,34.571
398.138,202.834,28.965,34.571
405.011,197.461,28.965,34.571
411.351,183.834,28.718,34.276
384.469,165.871,28.718,34.276
385.088,165.251,28.718,34.276
385.708,165.375,28.718,34.276
385.831,166.242,28.718,34.276
387.937,171.074,28.718,34.276
387.070,173.923,28.718,34.276
388.185,176.277,28.718,34.276
389.548,176.896,28.718,34.276
388.928,178.507,28.718,34.276
385.336,184.577,28.718,34.276
388.893,193.189,28.969,34.576
362.774,226.555,28.969,34.576
371.397,221.181,28.969,34.576
371.522,215.808,28.969,34.576
373.147,207.935,28.969,34.576
367.023,199.062,28.969,34.576
357.401,189.190,28.969,34.576
350.528,176.568,28.969,34.576
352.835,169.628,29.223,34.879
357.247,166.224,29.223,34.879
366.293,155.864,29.478,35.184
363.623,151.159,29.478,35.184
361.461,149.760,29.478,35.184
357.519,154.719,29.478,35.184
387.148,188.672,29.478,35.184
384.732,189.817,29.478,35.184
385.113,191.470,29.478,35.184
382.951,193.377,29.478,35.184
382.953,192.163,29.227,34.884
384.088,193.802,29.227,34.884
384.828,192.844,28.977,34.586
386.537,194.333,28.730,34.291
384.362,193.633,28.485,33.998
383.405,194.857,28.241,33.708
381.334,193.517,28.241,33.708
383.405,194.857,28.241,33.708
381.334,194.491,28.241,33.708
380.725,195.588,28.241,33.708
378.166,196.197,28.241,33.708
374.146,195.831,28.241,33.708
372.562,195.466,28.241,33.708
375.061,194.694,28.489,34.002
373.144,196.877,28.245,33.712
371.804,195.293,28.245,33.712
373.632,197.121,28.245,33.712
373.266,198.218,28.245,33.712
374.850,199.558,28.245,33.712
373.022,197.730,28.245,33.712
371.438,195.172,28.245,33.712
369.611,192.613,28.245,33.712
367.783,191.029,28.245,33.712
366.443,192.125,28.245,33.712
365.833,193.222,28.245,33.712
364.493,192.613,28.245,33.712
363.995,191.092,28.493,34.007
365.593,192.689,28.493,34.007
364.635,194.154,28.249,33.717
363.051,192.813,28.249,33.717
360.979,190.498,28.249,33.717
361.101,187.207,28.249,33.717
362.442,185.623,28.249,33.717
361.345,184.283,28.249,33.717
359.273,182.942,28.249,33.717
356.958,185.501,28.249,33.717
357.811,183.430,28.249,33.717
355.739,182.333,28.249,33.717
357.567,187.329,28.249,33.717
357.202,189.645,28.249,33.717
359.030,191.473,28.249,33.717
359.151,191.838,28.249,33.717
376.334,208.777,28.249,33.717
350.621,182.333,28.249,33.717
352.693,183.917,28.249,33.717
347.696,185.014,28.249,33.717
336.851,176.605,28.249,33.717
337.704,182.333,28.249,33.717
342.456,183.186,28.249,33.717
344.284,182.820,28.249,33.717
345.868,182.455,28.249,33.717
345.259,203.050,28.249,33.717
350.743,208.533,28.249,33.717
357.689,213.286,28.249,33.717
366.829,240.705,28.249,33.717
359.151,249.357,28.249,33.717
362.442,253.622,28.249,33.717
352.571,259.350,28.249,33.717
332.951,226.813,28.249,33.717
328.198,213.773,28.249,33.717
322.471,218.526,28.249,33.717
332.098,209.386,28.249,33.717
315.403,200.247,28.249,33.717
313.088,220.354,28.249,33.717
304.435,207.558,28.249,33.717
308.457,197.444,28.249,33.717
310.041,196.591,28.249,33.717
319.424,188.182,28.249,33.717
313.941,197.566,28.249,33.717
304.557,212.067,28.249,33.717
337.094,191.716,28.249,33.717
343.309,203.050,28.249,33.717
334.170,207.315,28.249,33.717
333.073,208.411,28.249,33.717
319.059,232.662,28.249,33.717
318.693,231.078,28.249,33.717
306.385,235.830,28.249,33.717
307.482,233.028,28.249,33.717
305.898,227.544,28.249,33.717
310.650,215.479,28.249,33.717
312.235,214.870,28.249,33.717
310.163,214.505,28.249,33.717
308.335,215.601,28.249,33.717
307.238,216.942,28.249,33.717
305.898,216.332,28.249,33.717
304.557,216.211,28.249,33.717
302.242,218.526,28.249,33.717
300.170,218.404,28.249,33.717
298.586,219.501,28.249,33.717
297.002,220.110,28.249,33.717
297.855,224.132,28.249,33.717
299.926,233.028,28.249,33.717
302.729,242.411,28.249,33.717
298.708,248.382,28.249,33.717
303.217,246.067,28.249,33.717
335.754,220.354,28.249,33.717
341.238,223.644,28.249,33.717
345.486,228.618,28.496,34.012
344.871,229.233,28.496,34.012
346.223,230.339,28.496,34.012
345.117,229.724,28.496,34.012
346.469,230.585,28.496,34.012
346.592,231.937,28.496,34.012
347.207,232.552,28.496,34.012
347.084,233.166,28.496,34.012
345.486,233.535,28.496,34.012
345.609,232.675,28.496,34.012
346.223,233.535,28.496,34.012
346.101,233.166,28.496,34.012
346.469,233.781,28.496,34.012
345.609,233.166,28.496,34.012
346.223,234.273,28.496,34.012
346.225,233.494,28.746,34.310
346.597,232.626,28.746,34.310
346.969,231.758,28.746,34.310
344.861,230.642,28.746,34.310
342.257,228.782,28.746,34.310
339.901,225.930,28.746,34.310
338.041,224.318,28.746,34.310
336.262,221.244,28.997,34.610
330.633,215.365,28.997,34.610
329.007,213.739,28.997,34.610
327.381,211.112,28.997,34.610
325.755,209.235,28.997,34.610
326.631,210.111,28.997,34.610
326.005,208.235,28.997,34.610
326.881,208.860,28.997,34.610
326.255,207.234,28.997,34.610
327.631,208.610,28.997,34.610
326.255,206.484,28.997,34.610
327.631,207.609,28.997,34.610
326.005,205.233,28.997,34.610
325.880,204.107,28.997,34.610
325.255,202.981,28.997,34.610
325.880,201.855,28.997,34.610
325.255,200.980,28.997,34.610
326.380,201.605,28.997,34.610
325.004,199.228,28.997,34.610
325.630,199.604,28.997,34.610
324.504,197.227,28.997,34.610
325.630,197.602,28.997,34.610
324.004,195.726,28.997,34.610
324.879,196.101,28.997,34.610
324.504,193.975,28.997,34.610
324.879,192.348,28.997,34.610
323.503,191.473,28.997,34.610
324.879,191.598,28.997,34.610
323.754,189.471,28.997,34.610
325.380,190.097,28.997,34.610
324.004,187.720,28.997,34.610
324.629,186.344,28.997,34.610
323.503,185.218,28.997,34.610
324.879,185.594,28.997,34.610
323.503,182.967,28.997,34.610
323.128,181.591,28.997,34.610
324.504,180.965,28.997,34.610
323.128,178.589,28.997,34.610
322.252,177.213,28.997,34.610
323.628,176.087,28.997,34.610
321.752,174.211,28.997,34.610
322.878,173.835,28.997,34.610
321.252,171.959,28.997,34.610
322.378,170.583,28.997,34.610
320.501,168.957,28.997,34.610
321.627,167.581,28.997,34.610
320.501,166.455,28.997,34.610
321.877,166.580,28.997,34.610
320.501,164.203,28.997,34.610
321.627,164.329,28.997,34.610
320.251,162.202,28.997,34.610
320.376,160.576,28.997,34.610
319.000,158.700,28.997,34.610
320.126,158.074,28.997,34.610
320.251,156.698,28.997,34.610
318.875,155.072,28.997,34.610
317.499,153.946,28.997,34.610
318.125,153.821,28.997,34.610
317.499,152.445,28.997,34.610
316.373,151.569,28.997,34.610
317.249,150.694,28.997,34.610
317.624,149.568,28.997,34.610
316.498,148.442,28.997,34.610
315.373,147.316,28.997,34.610
316.248,147.942,28.997,34.610
315.873,146.066,28.997,34.610
314.497,144.690,28.997,34.610
315.623,144.815,28.997,34.610
314.747,143.439,28.997,34.610
315.623,144.064,28.997,34.610
314.247,142.438,28.997,34.610
312.871,141.312,28.997,34.610
313.746,141.938,28.997,34.610
312.871,140.311,28.997,34.610
311.995,139.186,28.997,34.610
313.371,140.562,28.997,34.610
311.745,138.685,28.997,34.610
310.619,137.560,28.997,34.610
311.995,138.685,28.997,34.610
310.869,136.559,28.997,34.610
312.245,137.685,28.997,34.610
310.869,136.058,28.997,34.610
312.496,137.184,28.997,34.610
310.869,135.558,28.997,34.610
312.245,137.434,28.997,34.610
310.619,136.309,28.997,34.610
309.744,134.682,28.997,34.610
311.120,137.560,28.997,34.610
311.995,137.935,28.997,34.610
310.869,136.559,28.997,34.610
309.744,135.183,28.997,34.610
308.618,134.057,28.997,34.610
309.744,135.183,28.997,34.610
308.368,134.057,28.997,34.610
307.492,132.681,28.997,34.610
308.117,134.307,28.997,34.610
307.242,132.431,28.997,34.610
305.866,131.305,28.997,34.610
305.240,132.181,28.997,34.610
304.365,130.805,28.997,34.610
304.740,131.430,28.997,34.610
303.114,130.805,28.997,34.610
303.739,130.179,28.997,34.610
302.113,129.804,28.997,34.610
303.489,131.180,28.997,34.610
302.113,130.054,28.997,34.610
302.739,130.930,28.997,34.610
300.362,130.054,28.997,34.610
300.620,131.057,29.251,34.913
298.979,131.435,29.251,34.913
297.844,130.047,29.251,34.913
296.708,131.940,29.251,34.913
296.329,133.076,29.251,34.913
294.689,131.688,29.251,34.913
293.806,132.571,29.251,34.913
292.165,131.435,29.251,34.913
291.429,133.431,29.001,34.615
290.803,135.558,29.001,34.615
289.677,137.935,29.001,34.615
302.313,146.067,29.001,34.615
302.438,147.693,29.001,34.615
301.062,148.569,29.001,34.615
299.686,148.444,29.001,34.615
298.309,148.569,29.001,34.615
296.933,147.693,29.001,34.615
296.558,147.818,29.001,34.615
295.182,146.442,29.001,34.615
293.806,147.318,29.001,34.615
290.678,148.694,29.001,34.615
288.051,147.818,29.001,34.615
292.668,150.103,29.255,34.917
293.446,149.821,29.511,35.223
292.046,148.675,29.511,35.223
289.118,142.947,29.511,35.223
286.635,142.227,29.259,34.922
281.460,140.334,29.259,34.922
279.819,140.460,29.259,34.922
271.363,136.800,29.259,34.922
269.470,135.412,29.259,34.922
265.304,137.305,29.259,34.922
238.672,171.005,29.259,34.922
236.022,175.170,29.259,34.922
233.119,177.569,29.259,34.922
231.225,176.938,29.259,34.922
197.525,200.036,29.259,34.922
190.078,194.103,29.259,34.922
191.467,191.705,29.259,34.922
194.117,190.317,29.259,34.922
196.010,190.695,29.259,34.922
197.904,191.579,29.259,34.922
202.321,193.472,29.259,34.922
204.467,191.326,29.259,34.922
205.855,189.938,29.259,34.922
204.215,188.297,29.259,34.922
206.108,188.423,29.259,34.922
205.477,188.802,29.259,34.922
203.584,189.938,29.259,34.922
202.448,188.802,29.259,34.922
200.554,193.725,29.259,34.922
197.904,196.123,29.259,34.922
196.010,199.278,29.259,34.922
230.425,164.583,29.515,35.228
231.317,166.238,29.515,35.228
228.897,167.384,29.515,35.228
226.224,168.275,29.515,35.228
223.550,169.675,29.515,35.228
218.075,168.784,29.515,35.228
213.873,167.893,29.515,35.228
212.570,168.130,29.773,35.536
210.643,166.461,29.773,35.536
207.175,165.305,29.773,35.536
203.754,166.597,30.034,35.847
200.302,165.245,30.297,36.161
196.774,165.376,30.297,36.161
191.677,163.416,30.297,36.161
188.932,164.592,30.297,36.161
186.972,163.938,30.297,36.161
184.294,165.522,30.562,36.477
180.782,166.578,30.829,36.796
177.784,165.463,31.099,37.118
172.835,166.263,31.371,37.443
169.181,166.669,31.371,37.443
166.131,167.476,31.646,37.771
159.976,167.171,31.923,38.101
156.533,168.962,31.923,38.101
151.438,169.925,31.923,38.101
147.995,171.440,31.923,38.101
141.799,172.129,31.923,38.101
135.602,172.266,31.923,38.101
129.129,172.680,31.923,38.101
122.657,172.266,31.923,38.101
117.011,173.230,31.923,38.101
109.713,174.194,31.923,38.101
102.139,174.883,31.923,38.101
91.811,174.745,31.923,38.101
80.932,175.985,31.923,38.101
69.227,177.224,31.923,38.101
54.492,176.535,31.923,38.101
35.579,177.639,32.202,38.435
21.271,179.167,32.202,38.435
