352.000,197.000,56.000,100.000
354.020,194.764,56.000,100.000
355.540,193.852,56.000,100.000
357.060,193.548,56.000,100.000
357.972,193.852,56.000,100.000
358.276,194.764,56.000,100.000
357.364,193.852,56.000,100.000
358.276,194.156,56.000,100.000
357.364,192.028,56.000,100.000
356.452,191.116,56.000,100.000
355.540,188.988,56.000,100.000
355.844,187.467,56.000,100.000
356.148,185.947,56.000,100.000
355.236,184.427,56.000,100.000
355.540,181.691,56.000,100.000
357.060,179.563,56.000,100.000
357.972,175.611,56.000,100.000
360.100,171.050,56.000,100.000
362.837,167.706,56.000,100.000
365.573,170.442,56.000,100.000
365.877,176.827,56.000,100.000
369.221,197.804,56.000,100.000
368.917,222.429,56.000,100.000
370.437,245.231,56.000,100.000
368.917,260.128,56.000,100.000
368.613,264.080,56.000,100.000
366.485,250.399,56.000,100.000
366.789,226.990,56.000,100.000
366.485,204.188,56.000,100.000
364.357,185.035,56.000,100.000
361.621,170.138,56.000,100.000
359.492,161.930,56.000,100.000
356.756,164.666,56.000,100.000
353.412,177.131,56.000,100.000
343.379,193.852,56.000,100.000
327.875,208.749,56.000,100.000
308.721,215.133,56.000,100.000
299.297,209.965,56.000,100.000
306.289,202.972,56.000,100.000
326.050,191.116,56.000,100.000
345.812,166.490,56.000,100.000
347.940,135.176,56.000,100.000
335.475,110.551,56.000,100.000
327.267,113.895,56.000,100.000
330.611,139.737,56.000,100.000
346.116,188.683,56.000,100.000
364.053,244.927,56.000,100.000
375.909,278.673,56.000,100.000
384.726,289.313,56.000,100.000
385.638,268.336,56.000,100.000
376.821,218.173,56.000,100.000
380.166,177.131,56.000,100.000
389.590,156.762,56.000,100.000
392.326,169.226,56.000,100.000
379.254,204.188,56.000,100.000
354.628,247.663,56.000,100.000
337.299,263.168,56.000,100.000
340.643,252.527,56.000,100.000
350.676,219.389,56.000,100.000
356.452,175.307,56.000,100.000
353.716,143.993,56.000,100.000
339.427,141.257,56.000,100.000
322.706,174.395,56.000,100.000
311.458,226.990,56.000,100.000
308.721,262.560,56.000,100.000
312.674,268.336,56.000,100.000
314.802,230.942,56.000,100.000
308.417,169.834,56.000,100.000
308.113,135.480,56.000,100.000
308.417,136.392,56.000,100.000
300.209,169.530,56.000,100.000
294.433,222.125,56.000,100.000
299.601,241.279,56.000,100.000
341.251,245.231,56.000,100.000
351.892,227.902,56.000,100.000
336.995,203.276,56.000,100.000
282.576,158.586,56.000,100.000
284.096,166.794,56.000,100.000
302.033,202.972,56.000,100.000
309.634,244.623,56.000,100.000
318.450,268.032,56.000,100.000
331.523,265.296,56.000,100.000
333.651,224.254,56.000,100.000
317.538,173.483,56.000,100.000
297.777,145.209,56.000,100.000
289.568,158.282,56.000,100.000
277.712,199.324,56.000,100.000
270.111,240.366,56.000,100.000
275.280,252.223,56.000,100.000
289.568,236.718,56.000,100.000
292.305,182.907,56.000,100.000
277.408,127.880,56.000,100.000
269.199,107.511,56.000,100.000
266.463,126.056,56.000,100.000
261.903,182.907,56.000,100.000
263.423,243.407,56.000,100.000
267.375,259.520,56.000,100.000
271.327,247.055,56.000,100.000
269.199,203.580,56.000,100.000
261.599,160.714,56.000,100.000
258.863,147.033,56.000,100.000
247.614,161.930,56.000,100.000
236.365,196.284,56.000,100.000
242.142,222.733,56.000,100.000
278.928,235.806,56.000,100.000
335.779,233.678,56.000,100.000
348.852,216.349,56.000,100.000
346.724,200.236,56.000,100.000
342.163,198.108,56.000,100.000
346.116,202.668,56.000,100.000
356.756,210.877,56.000,100.000
366.181,224.558,56.000,100.000
370.741,233.982,56.000,100.000
366.181,228.206,56.000,100.000
350.068,206.621,56.000,100.000
316.930,186.251,56.000,100.000
253.998,162.234,56.000,100.000
234.237,176.523,56.000,100.000
235.149,191.420,56.000,100.000
250.046,205.100,56.000,100.000
272.847,210.877,56.000,100.000
298.081,212.397,56.000,100.000
325.746,209.661,56.000,100.000
343.075,199.020,56.000,100.000
343.379,188.988,56.000,100.000
334.563,192.332,56.000,100.000
325.746,195.676,56.000,100.000
317.538,196.588,56.000,100.000
317.842,193.852,56.000,100.000
326.634,198.089,56.490,100.875
325.101,202.689,56.490,100.875
303.326,198.702,56.490,100.875
285.232,195.942,56.490,100.875
282.472,188.888,56.490,100.875
288.299,177.541,56.490,100.875
286.152,172.328,56.490,100.875
286.459,162.821,56.490,100.875
292.286,152.700,56.490,100.875
296.886,146.260,56.490,100.875
296.953,144.247,56.984,101.758
304.069,151.362,56.984,101.758
304.997,157.859,56.984,101.758
299.738,155.075,56.984,101.758
308.090,142.391,56.984,101.758
335.624,137.132,56.984,101.758
339.026,139.916,56.984,101.758
336.861,151.362,56.984,101.758
334.695,159.096,56.984,101.758
312.731,157.550,56.984,101.758
262.305,154.765,56.984,101.758
221.160,154.456,56.984,101.758
209.714,165.902,56.984,101.758
213.735,165.593,56.984,101.758
256.736,168.377,56.984,101.758
339.336,162.499,56.984,101.758
395.330,156.621,56.984,101.758
406.777,156.931,56.984,101.758
414.511,167.140,56.984,101.758
410.489,173.018,56.984,101.758
380.481,178.277,56.984,101.758
329.436,183.536,56.984,101.758
278.392,180.133,56.984,101.758
271.276,187.248,56.984,101.758
259.211,194.363,56.984,101.758
257.665,190.342,56.984,101.758
280.248,175.183,56.984,101.758
313.968,163.118,56.984,101.758
347.070,157.240,56.984,101.758
388.215,156.312,56.984,101.758
430.597,164.046,56.984,101.758
446.994,176.111,56.984,101.758
436.785,173.946,56.984,101.758
416.676,172.399,56.984,101.758
418.842,173.327,56.984,101.758
437.094,173.018,56.984,101.758
458.440,172.708,56.984,101.758
481.642,169.305,56.984,101.758
509.794,166.521,56.984,101.758
524.953,172.399,56.984,101.758
525.881,177.658,56.984,101.758
524.334,186.011,56.984,101.758
515.362,187.558,56.984,101.758
485.354,184.155,56.984,101.758
462.152,185.701,56.984,101.758
449.468,187.867,56.984,101.758
449.159,189.414,56.984,101.758
468.030,184.155,56.984,101.758
495.563,183.226,56.984,101.758
484.117,181.061,56.984,101.758
442.353,188.795,56.984,101.758
398.114,190.342,56.984,101.758
381.718,191.889,56.984,101.758
374.603,189.723,56.984,101.758
366.869,192.507,56.984,101.758
355.423,199.004,56.984,101.758
358.826,203.026,56.984,101.758
376.459,199.623,56.984,101.758
401.517,195.601,56.984,101.758
400.589,184.155,56.984,101.758
376.150,177.658,56.984,101.758
351.092,176.730,56.984,101.758
334.036,178.504,57.483,102.648
321.866,179.441,57.483,102.648
310.319,184.746,57.483,102.648
308.135,190.051,57.483,102.648
315.312,193.484,57.483,102.648
328.107,191.299,57.483,102.648
333.412,185.370,57.483,102.648
326.235,179.441,57.483,102.648
314.688,182.249,57.483,102.648
295.028,180.065,57.483,102.648
275.367,177.880,57.483,102.648
259.442,173.273,57.986,103.546
256.609,177.365,57.986,103.546
261.331,181.458,57.986,103.546
274.867,181.772,57.986,103.546
300.996,178.310,57.986,103.546
329.642,174.847,57.986,103.546
336.253,175.791,57.986,103.546
325.865,179.254,57.986,103.546
303.514,184.606,57.986,103.546
285.571,187.439,57.986,103.546
259.442,182.717,57.986,103.546
242.758,178.624,57.986,103.546
239.295,175.791,57.986,103.546
236.462,160.366,57.986,103.546
221.037,134.867,57.986,103.546
229.536,119.442,57.986,103.546
253.146,144.311,57.986,103.546
265.424,188.698,57.986,103.546
282.108,238.121,57.986,103.546
296.274,270.546,57.986,103.546
294.700,268.342,57.986,103.546
294.385,242.214,57.986,103.546
307.292,197.198,57.986,103.546
316.421,166.662,57.986,103.546
328.068,161.310,57.986,103.546
340.346,187.439,57.986,103.546
339.401,234.344,57.986,103.546
346.642,288.804,57.986,103.546
359.548,321.858,57.986,103.546
363.641,326.580,57.986,103.546
357.660,299.822,57.986,103.546
349.790,248.510,57.986,103.546
345.068,207.901,57.986,103.546
325.235,183.661,57.986,103.546
313.588,197.827,57.986,103.546
320.198,232.140,57.986,103.546
338.772,277.786,57.986,103.546
351.678,306.433,57.986,103.546
352.623,311.784,57.986,103.546
344.123,287.545,57.986,103.546
327.439,242.529,57.986,103.546
301.940,193.735,57.986,103.546
302.885,161.940,57.986,103.546
312.014,166.662,57.986,103.546
316.868,208.565,57.491,102.662
315.932,263.185,57.491,102.662
323.734,304.071,57.491,102.662
323.422,316.868,57.491,102.662
308.753,295.332,57.491,102.662
295.957,242.585,57.491,102.662
301.262,194.832,57.491,102.662
317.804,161.437,57.491,102.662
325.607,175.482,57.491,102.662
322.174,220.738,57.491,102.662
318.741,274.733,57.491,102.662
311.562,308.129,57.491,102.662
301.887,304.696,57.491,102.662
302.199,270.675,57.491,102.662
310.626,225.419,57.491,102.662
325.295,192.648,57.491,102.662
339.964,211.062,57.491,102.662
345.270,263.185,57.491,102.662
339.340,318.429,57.491,102.662
333.410,335.595,57.491,102.662
328.104,311.562,57.491,102.662
312.811,251.325,57.491,102.662
299.390,192.960,57.491,102.662
299.702,167.055,57.491,102.662
308.129,181.724,57.491,102.662
319.053,234.471,57.491,102.662
327.480,289.090,57.491,102.662
330.913,318.116,57.491,102.662
326.231,314.059,57.491,102.662
314.683,272.548,57.491,102.662
309.752,212.391,57.000,101.786
310.680,158.857,57.000,101.786
306.658,138.743,57.000,101.786
301.397,152.049,57.000,101.786
297.993,192.586,57.000,101.786
307.586,255.404,57.000,101.786
325.843,290.991,57.000,101.786
334.198,303.059,57.000,101.786
325.224,279.851,57.000,101.786
311.299,233.124,57.000,101.786
296.136,175.876,57.000,101.786
297.684,143.384,57.000,101.786
305.420,144.313,57.000,101.786
303.254,177.424,57.000,101.786
294.280,239.004,57.000,101.786
298.921,286.968,57.000,101.786
308.514,308.320,57.000,101.786
318.107,297.489,57.000,101.786
327.081,262.521,57.000,101.786
326.772,210.225,57.000,101.786
314.084,167.212,57.000,101.786
308.824,153.287,57.000,101.786
306.658,168.450,57.000,101.786
303.254,204.655,57.000,101.786
308.514,256.333,57.000,101.786
315.013,285.111,57.000,101.786
320.892,287.896,57.000,101.786
330.485,256.642,57.000,101.786
336.983,208.678,57.000,101.786
329.247,171.854,57.000,101.786
318.417,149.883,57.000,101.786
317.488,153.906,57.000,101.786
315.941,179.590,57.000,101.786
314.394,221.984,57.000,101.786
317.798,263.759,57.000,101.786
325.534,288.206,57.000,101.786
329.557,286.658,57.000,101.786
332.342,260.974,57.000,101.786
332.651,217.342,57.000,101.786
328.628,171.854,57.000,101.786
321.511,144.932,57.000,101.786
317.488,142.147,57.000,101.786
315.322,157.310,57.000,101.786
315.013,189.183,57.000,101.786
327.081,242.098,57.000,101.786
326.772,276.447,57.000,101.786
314.703,282.945,57.000,101.786
313.775,261.593,57.000,101.786
319.654,219.818,57.000,101.786
320.583,184.231,57.000,101.786
315.941,157.928,57.000,101.786
311.918,152.668,57.000,101.786
309.133,170.925,57.000,101.786
297.684,205.274,57.000,101.786
286.853,237.766,57.000,101.786
280.974,263.450,57.000,101.786
278.807,276.137,57.000,101.786
289.638,272.114,57.000,101.786
325.843,257.570,57.000,101.786
352.765,241.789,57.000,101.786
378.449,236.528,57.000,101.786
409.085,243.026,57.000,101.786
435.388,251.381,57.000,101.786
444.980,258.499,57.000,101.786
432.293,256.333,57.000,101.786
400.420,260.355,57.000,101.786
357.407,257.570,57.000,101.786
312.537,253.548,57.000,101.786
297.374,253.857,57.000,101.786
298.921,248.596,57.000,101.786
312.847,237.147,57.000,101.786
357.098,225.078,57.000,101.786
376.593,212.391,57.000,101.786
381.853,205.893,57.000,101.786
382.782,200.632,57.000,101.786
384.948,194.753,57.000,101.786
375.974,195.681,57.000,101.786
343.482,209.606,57.000,101.786
301.088,224.150,57.000,101.786
269.215,235.600,57.000,101.786
261.478,240.860,57.000,101.786
276.022,236.218,57.000,101.786
312.847,224.769,57.000,101.786
376.902,203.417,57.000,101.786
410.632,181.446,57.000,101.786
423.319,168.759,57.000,101.786
424.248,160.404,57.000,101.786
407.847,149.573,57.000,101.786
367.309,145.551,57.000,101.786
331.104,153.906,57.000,101.786
288.091,171.544,57.000,101.786
232.700,187.945,57.000,101.786
197.732,203.108,57.000,101.786
162.765,207.749,57.000,101.786
155.648,204.964,57.000,101.786
178.856,194.134,57.000,101.786
260.860,190.111,57.000,101.786
311.299,158.238,57.000,101.786
355.550,145.551,57.000,101.786
366.381,142.765,57.000,101.786
384.019,154.834,57.000,101.786
392.993,162.570,57.000,101.786
382.163,151.739,57.000,101.786
356.479,145.241,57.000,101.786
274.475,118.319,57.000,101.786
251.886,118.629,57.000,101.786
209.491,115.844,57.000,101.786
173.286,116.772,57.000,101.786
159.980,115.844,57.000,101.786
175.143,103.775,57.000,101.786
208.254,92.326,57.000,101.786
234.557,87.684,57.000,101.786
257.765,92.945,57.000,101.786
267.977,101.300,57.000,101.786
262.716,107.179,57.000,101.786
241.364,113.059,57.000,101.786
226.201,119.557,57.000,101.786
230.224,126.674,57.000,101.786
247.863,133.792,57.000,101.786
266.120,139.052,57.000,101.786
293.042,134.410,57.000,101.786
321.821,123.580,57.000,101.786
332.651,120.176,57.000,101.786
339.150,122.961,57.000,101.786
335.127,127.603,57.000,101.786
323.677,133.482,57.000,101.786
301.088,136.267,57.000,101.786
269.833,135.958,57.000,101.786
255.908,142.456,57.000,101.786
254.361,138.433,57.000,101.786
263.335,123.270,57.000,101.786
279.117,90.160,57.000,101.786
321.511,75.615,57.000,101.786
360.811,87.684,57.000,101.786
375.974,100.990,57.000,101.786
384.329,118.629,57.000,101.786
379.068,131.316,57.000,101.786
357.716,136.577,57.000,101.786
326.462,143.075,57.000,101.786
311.940,148.022,57.499,102.677
315.373,142.091,57.499,102.677
325.050,127.420,57.499,102.677
328.484,104.008,57.499,102.677
334.415,96.828,57.499,102.677
350.959,110.251,57.499,102.677
374.995,138.657,57.499,102.677
384.672,165.815,57.499,102.677
364.382,179.862,57.499,102.677
321.616,188.290,57.499,102.677
248.884,172.994,57.499,102.677
232.340,163.317,57.499,102.677
231.404,149.270,57.499,102.677
225.473,134.599,57.499,102.677
215.172,119.928,57.499,102.677
213.611,111.500,57.499,102.677
230.155,114.933,57.499,102.677
274.793,148.334,57.499,102.677
316.934,183.607,57.499,102.677
342.219,214.511,57.499,102.677
338.785,225.436,57.499,102.677
312.252,219.505,57.499,102.677
291.337,194.845,57.499,102.677
297.268,160.820,57.499,102.677
323.802,123.674,57.499,102.677
352.832,90.897,57.499,102.677
379.365,78.099,57.499,102.677
391.539,95.268,57.499,102.677
400.592,128.668,57.499,102.677
405.274,163.942,57.499,102.677
402.465,194.221,57.499,102.677
378.429,202.649,57.499,102.677
336.288,204.834,57.499,102.677
294.147,182.047,57.499,102.677
287.592,157.386,57.499,102.677
291.650,123.986,57.499,102.677
303.824,95.580,57.499,102.677
324.114,84.030,57.499,102.677
349.398,105.569,57.499,102.677
373.434,138.969,57.499,102.677
393.100,176.116,57.499,102.677
392.163,201.400,57.499,102.677
360.011,207.331,57.499,102.677
326.611,195.781,57.499,102.677
291.962,162.381,57.499,102.677
237.959,109.627,57.499,102.677
235.774,76.226,57.499,102.677
257.937,50.942,57.499,102.677
290.089,65.613,57.499,102.677
307.257,97.765,57.499,102.677
326.299,131.165,57.499,102.677
350.959,165.190,57.499,102.677
341.907,181.110,57.499,102.677
317.246,183.920,57.499,102.677
305.072,168.624,57.499,102.677
305.384,142.715,57.499,102.677
308.818,118.679,57.499,102.677
319.744,111.500,57.499,102.677
335.663,124.298,57.499,102.677
342.219,146.461,57.499,102.677
331.293,164.254,57.499,102.677
318.495,178.301,57.499,102.677
313.813,185.480,57.499,102.677
317.246,180.174,57.499,102.677
325.050,158.011,57.499,102.677
333.478,130.853,57.499,102.677
315.061,108.690,57.499,102.677
284.782,116.494,57.499,102.677
278.227,149.270,57.499,102.677
292.274,182.671,57.499,102.677
305.072,198.591,57.499,102.677
312.252,190.163,57.499,102.677
331.293,162.381,57.499,102.677
345.965,131.478,57.499,102.677
342.531,113.685,57.499,102.677
330.357,119.616,57.499,102.677
317.558,148.022,57.499,102.677
322.865,184.544,57.499,102.677
316.310,203.585,57.499,102.677
284.158,206.395,57.499,102.677
279.476,184.232,57.499,102.677
297.268,149.583,57.499,102.677
305.697,130.541,57.499,102.677
298.517,132.102,57.499,102.677
300.702,160.508,57.499,102.677
325.362,199.527,57.499,102.677
329.420,216.696,57.499,102.677
318.495,211.389,57.499,102.677
321.304,184.856,57.499,102.677
326.611,176.428,57.499,102.677
325.050,199.215,57.499,102.677
301.639,242.605,57.499,102.677
287.592,263.519,57.499,102.677
292.898,246.350,57.499,102.677
293.210,195.469,57.499,102.677
301.639,160.196,57.499,102.677
319.431,156.138,57.499,102.677
327.860,187.041,57.499,102.677
322.553,251.657,57.499,102.677
311.628,296.295,57.499,102.677
298.829,294.734,57.499,102.677
291.650,250.721,57.499,102.677
298.205,193.596,57.499,102.677
312.252,168.312,57.499,102.677
325.050,189.226,57.499,102.677
324.114,236.362,57.499,102.677
312.564,281.624,57.499,102.677
296.020,280.063,57.499,102.677
286.967,242.917,57.499,102.677
293.523,192.036,57.499,102.677
316.934,171.121,57.499,102.677
332.854,195.157,57.499,102.677
333.166,246.663,57.499,102.677
327.235,284.433,57.499,102.677
302.575,282.248,57.499,102.677
276.666,238.859,57.499,102.677
276.978,186.105,57.499,102.677
300.390,172.682,57.499,102.677
308.818,204.210,57.499,102.677
299.141,277.566,57.499,102.677
302.575,328.447,57.499,102.677
312.876,328.135,57.499,102.677
322.553,293.486,57.499,102.677
323.489,248.223,57.499,102.677
321.929,226.060,57.499,102.677
315.373,243.229,57.499,102.677
307.569,286.618,57.499,102.677
312.252,318.770,57.499,102.677
318.183,307.221,57.499,102.677
318.495,261.334,57.499,102.677
308.818,216.696,57.499,102.677
298.517,200.152,57.499,102.677
293.210,221.690,57.499,102.677
282.285,263.831,57.499,102.677
270.111,276.005,57.499,102.677
262.931,250.096,57.499,102.677
273.857,202.961,57.499,102.677
295.395,171.433,57.499,102.677
311.315,189.850,57.499,102.677
309.755,236.986,57.499,102.677
286.967,283.497,57.499,102.677
276.042,283.185,57.499,102.677
281.349,239.171,57.499,102.677
286.031,167.687,57.499,102.677
286.967,134.287,57.499,102.677
279.163,130.229,57.499,102.677
268.238,163.629,57.499,102.677
271.047,225.124,57.499,102.677
265.741,252.281,57.499,102.677
256.064,238.859,57.499,102.677
268.238,194.221,57.499,102.677
292.274,157.699,57.499,102.677
298.205,154.265,57.499,102.677
290.401,178.301,57.499,102.677
275.730,211.077,57.499,102.677
259.810,229.494,57.499,102.677
243.266,236.674,57.499,102.677
226.721,233.240,57.499,102.677
228.907,226.060,57.499,102.677
251.694,222.002,57.499,102.677
267.614,228.558,57.499,102.677
271.672,228.245,57.499,102.677
283.221,221.690,57.499,102.677
291.650,207.019,57.499,102.677
296.332,193.596,57.499,102.677
302.887,192.036,57.499,102.677
301.951,196.718,57.499,102.677
294.147,201.400,57.499,102.677
283.846,202.337,57.499,102.677
270.423,200.152,57.499,102.677
264.492,199.215,57.499,102.677
278.539,190.163,57.499,102.677
300.702,174.867,57.499,102.677
312.252,157.074,57.499,102.677
328.796,147.397,57.499,102.677
348.462,153.953,57.499,102.677
344.404,156.762,57.499,102.677
322.865,155.201,57.499,102.677
300.702,158.635,57.499,102.677
295.395,161.444,57.499,102.677
289.465,159.259,57.499,102.677
277.915,153.953,57.499,102.677
273.857,142.403,57.499,102.677
282.909,130.229,57.499,102.677
294.459,126.171,57.499,102.677
301.639,128.356,57.499,102.677
304.448,134.911,57.499,102.677
306.436,139.261,58.002,103.575
313.606,141.713,58.509,104.481
323.453,149.019,58.509,104.481
320.594,153.148,58.509,104.481
308.206,159.183,58.509,104.481
298.994,165.219,58.509,104.481
298.677,168.713,58.509,104.481
306.618,172.842,58.509,104.481
318.370,183.959,58.509,104.481
323.135,195.077,58.509,104.481
319.641,203.018,58.509,104.481
316.147,211.594,58.509,104.481
316.465,218.265,58.509,104.481
320.594,222.394,58.509,104.481
319.641,223.347,58.509,104.481
312.335,225.570,58.509,104.481
307.571,229.064,58.509,104.481
309.159,231.923,58.509,104.481
309.476,235.417,58.509,104.481
