197.000,203.000,170.000,149.000
193.107,209.149,170.000,149.000
197.500,211.031,170.000,149.000
214.446,211.659,170.000,149.000
230.136,207.266,170.000,149.000
239.550,210.404,170.000,149.000
252.730,206.010,170.000,149.000
267.165,207.893,170.000,149.000
264.027,197.224,170.000,149.000
232.019,185.299,170.000,149.000
191.224,178.396,170.000,149.000
162.981,182.789,170.000,149.000
154.822,174.630,170.000,149.000
165.492,170.237,170.000,149.000
196.245,177.140,170.000,149.000
243.316,186.554,170.000,149.000
292.897,192.203,170.000,149.000
314.864,197.851,170.000,149.000
291.604,202.989,171.488,150.304
239.057,204.889,171.488,150.304
185.243,201.723,171.488,150.304
164.350,194.759,171.488,150.304
161.185,183.996,171.488,150.304
164.350,174.500,171.488,150.304
180.178,171.334,171.488,150.304
193.473,175.766,171.488,150.304
200.437,173.867,171.488,150.304
214.999,180.831,171.488,150.304
221.963,196.658,171.488,150.304
222.596,225.148,171.488,150.304
232.092,253.638,171.488,150.304
240.323,265.667,171.488,150.304
235.891,253.638,171.488,150.304
221.330,241.609,171.488,150.304
204.236,224.515,171.488,150.304
193.473,197.291,171.488,150.304
196.639,180.198,171.488,150.304
207.401,184.629,171.488,150.304
227.028,211.853,171.488,150.304
249.186,235.278,171.488,150.304
257.417,244.774,171.488,150.304
258.050,235.278,171.488,150.304
244.754,204.256,171.488,150.304
212.466,178.298,171.488,150.304
170.048,171.334,171.488,150.304
136.494,177.032,171.488,150.304
125.731,189.061,171.488,150.304
130.163,202.356,171.488,150.304
142.192,201.723,171.488,150.304
164.350,199.824,171.488,150.304
189.041,200.457,171.488,150.304
212.466,204.889,171.488,150.304
234.625,218.184,171.488,150.304
259.316,237.810,171.488,150.304
281.475,248.573,171.488,150.304
287.172,247.940,171.488,150.304
271.345,237.177,171.488,150.304
222.596,212.486,171.488,150.304
168.782,189.061,171.488,150.304
175.746,190.960,171.488,150.304
210.567,186.529,171.488,150.304
236.524,184.629,171.488,150.304
257.417,195.392,171.488,150.304
269.446,203.622,171.488,150.304
272.611,219.450,171.488,150.304
265.647,242.875,171.488,150.304
251.086,258.702,171.488,150.304
250.452,263.134,171.488,150.304
251.086,252.371,171.488,150.304
235.258,242.875,171.488,150.304
213.099,237.177,171.488,150.304
199.804,232.745,171.488,150.304
206.768,224.515,171.488,150.304
218.797,215.018,171.488,150.304
225.761,201.723,171.488,150.304
225.876,174.570,170.024,149.021
234.036,153.856,170.024,149.021
248.473,153.228,170.024,149.021
261.655,176.453,170.024,149.021
264.793,210.976,170.024,149.021
263.682,244.069,168.572,147.749
253.102,269.585,168.572,147.749
225.096,261.495,168.572,147.749
194.602,235.979,168.572,147.749
170.330,209.218,168.572,147.749
158.506,183.702,168.572,147.749
164.107,170.633,168.572,147.749
178.421,174.989,168.572,147.749
187.756,201.750,168.572,147.749
192.112,234.734,168.572,147.749
191.490,262.739,168.572,147.749
188.378,260.872,168.572,147.749
196.469,250.293,168.572,147.749
209.538,227.266,168.572,147.749
223.008,209.075,167.133,146.487
226.093,213.394,167.133,146.487
213.135,221.415,167.133,146.487
210.050,210.926,167.133,146.487
199.561,196.734,167.133,146.487
177.965,181.308,167.133,146.487
163.773,175.755,167.133,146.487
171.794,181.308,167.133,146.487
203.263,195.500,167.133,146.487
233.497,208.458,167.133,146.487
237.816,220.181,167.133,146.487
214.986,240.543,167.133,146.487
171.177,252.267,167.133,146.487
137.241,241.777,167.133,146.487
125.517,211.543,167.133,146.487
132.305,187.479,167.133,146.487
160.071,181.925,167.133,146.487
201.412,192.415,167.133,146.487
230.412,201.670,167.133,146.487
237.199,196.117,167.133,146.487
232.880,184.393,167.133,146.487
219.923,172.670,167.133,146.487
187.220,162.180,167.133,146.487
164.390,167.734,167.133,146.487
158.837,162.180,167.133,146.487
180.433,147.989,167.133,146.487
227.944,139.967,167.133,146.487
275.455,131.946,167.133,146.487
288.413,130.095,167.133,146.487
280.097,131.322,165.706,145.237
255.014,138.052,165.706,145.237
222.591,160.687,165.706,145.237
192.615,188.216,165.706,145.237
182.215,207.181,165.706,145.237
186.497,209.016,165.706,145.237
192.003,192.498,165.706,145.237
210.968,172.310,165.706,145.237
227.485,160.687,165.706,145.237
230.544,160.075,165.706,145.237
233.603,169.251,165.706,145.237
218.309,179.651,165.706,145.237
188.332,165.581,165.706,145.237
171.815,145.393,165.706,145.237
155.297,136.216,165.706,145.237
128.992,135.604,165.706,145.237
118.592,153.346,165.706,145.237
141.227,168.640,165.706,145.237
169.980,165.581,165.706,145.237
210.968,158.851,165.706,145.237
243.391,160.687,165.706,145.237
266.026,173.534,165.706,145.237
267.861,188.828,165.706,145.237
252.567,198.004,165.706,145.237
229.932,197.392,165.706,145.237
202.403,196.781,165.706,145.237
169.980,202.286,165.706,145.237
144.897,196.781,165.706,145.237
162.638,190.051,165.706,145.237
188.944,177.204,165.706,145.237
211.579,149.675,165.706,145.237
214.638,122.146,165.706,145.237
226.262,111.746,165.706,145.237
246.450,118.475,165.706,145.237
254.403,141.110,165.706,145.237
261.132,158.851,165.706,145.237
267.861,166.804,165.706,145.237
272.144,169.863,165.706,145.237
264.191,168.028,165.706,145.237
253.791,174.757,165.706,145.237
237.273,190.051,165.706,145.237
219.532,211.463,165.706,145.237
214.026,220.639,165.706,145.237
221.979,206.569,165.706,145.237
228.709,183.934,165.706,145.237
234.214,169.863,165.706,145.237
242.167,161.910,165.706,145.237
252.567,164.969,165.706,145.237
256.850,176.592,165.706,145.237
244.003,188.216,165.706,145.237
222.591,203.510,165.706,145.237
207.297,216.357,165.706,145.237
196.897,223.086,165.706,145.237
188.944,224.922,165.706,145.237
193.226,214.522,165.706,145.237
209.744,191.886,165.706,145.237
244.614,175.369,165.706,145.237
286.826,166.193,165.706,145.237
305.790,161.910,165.706,145.237
292.944,167.416,165.706,145.237
262.967,175.369,165.706,145.237
217.085,182.098,165.706,145.237
171.203,186.381,165.706,145.237
154.685,195.557,165.706,145.237
158.968,201.063,165.706,145.237
182.826,191.886,165.706,145.237
209.132,171.698,165.706,145.237
234.214,158.851,165.706,145.237
260.520,157.016,165.706,145.237
292.944,162.522,165.706,145.237
315.579,169.251,165.706,145.237
310.073,178.428,165.706,145.237
266.638,172.922,165.706,145.237
202.403,166.193,165.706,145.237
167.532,165.581,165.706,145.237
174.262,160.075,165.706,145.237
201.791,154.569,165.706,145.237
208.520,146.616,165.706,145.237
200.568,148.451,165.706,145.237
206.073,175.981,165.706,145.237
223.814,224.310,165.706,145.237
239.109,266.521,165.706,145.237
244.614,291.604,165.706,145.237
241.556,288.545,165.706,145.237
229.932,261.016,165.706,145.237
215.862,229.816,165.706,145.237
204.238,202.286,165.706,145.237
209.744,189.439,165.706,145.237
234.826,183.934,165.706,145.237
263.579,184.545,165.706,145.237
287.438,191.275,165.706,145.237
291.720,201.675,165.706,145.237
281.320,208.404,165.706,145.237
264.802,218.804,165.706,145.237
250.732,229.204,165.706,145.237
241.556,218.804,165.706,145.237
229.932,205.957,165.706,145.237
217.085,194.334,165.706,145.237
204.238,172.922,165.706,145.237
195.062,153.957,165.706,145.237
206.685,152.122,165.706,145.237
234.214,160.075,165.706,145.237
248.285,174.145,165.706,145.237
257.461,201.675,165.706,145.237
269.085,226.757,165.706,145.237
268.473,248.169,165.706,145.237
245.838,262.239,165.706,145.237
224.426,266.521,165.706,145.237
207.909,256.121,165.706,145.237
195.062,240.827,165.706,145.237
195.673,212.075,165.706,145.237
202.403,180.875,165.706,145.237
215.250,146.004,165.706,145.237
242.779,118.475,165.706,145.237
267.861,117.863,165.706,145.237
278.261,127.040,165.706,145.237
286.214,136.216,165.706,145.237
291.720,151.510,165.706,145.237
281.320,168.028,165.706,145.237
269.697,190.663,165.706,145.237
254.403,210.851,165.706,145.237
230.544,226.145,165.706,145.237
215.250,234.098,165.706,145.237
188.944,223.698,165.706,145.237
158.968,204.733,165.706,145.237
149.791,186.992,165.706,145.237
177.321,172.922,165.706,145.237
208.520,155.181,165.706,145.237
226.262,150.898,165.706,145.237
237.885,160.075,165.706,145.237
239.720,175.369,165.706,145.237
224.426,189.439,165.706,145.237
209.132,196.169,165.706,145.237
206.073,195.557,165.706,145.237
233.603,194.945,165.706,145.237
259.908,186.992,165.706,145.237
277.649,174.145,165.706,145.237
285.602,161.298,165.706,145.237
303.062,151.257,167.156,146.508
311.084,148.172,167.156,146.508
295.657,156.194,167.156,146.508
259.247,172.856,167.156,146.508
235.179,190.752,167.156,146.508
237.031,200.009,167.156,146.508
231.477,198.158,167.156,146.508
208.606,196.884,168.619,147.790
195.534,203.732,168.619,147.790
204.871,200.619,168.619,147.790
237.865,192.527,168.619,147.790
293.916,183.585,170.094,149.083
351.060,177.934,170.094,149.083
394.389,182.329,170.094,149.083
388.738,185.469,170.094,149.083
342.897,189.865,170.094,149.083
279.473,187.981,170.094,149.083
238.178,198.271,171.583,150.387
213.473,206.506,171.583,150.387
210.306,207.139,171.583,150.387
210.939,202.705,171.583,150.387
205.644,193.606,173.084,151.703
206.283,190.411,173.084,151.703
220.980,184.660,173.084,151.703
248.457,187.855,173.084,151.703
281.103,193.086,174.599,153.030
297.218,189.863,174.599,153.030
287.549,186.641,174.599,153.030
258.542,184.707,174.599,153.030
212.776,175.038,174.599,153.030
167.011,156.345,174.599,153.030
144.450,140.230,174.599,153.030
148.962,113.802,174.599,153.030
158.631,98.976,174.599,153.030
145.095,109.934,174.599,153.030
127.691,154.411,174.599,153.030
120.600,200.177,174.599,153.030
122.534,230.473,174.599,153.030
134.781,245.298,174.599,153.030
136.715,240.786,174.599,153.030
138.649,241.431,174.599,153.030
149.607,236.918,174.599,153.030
164.432,211.780,174.599,153.030
179.258,181.484,174.599,153.030
185.059,157.634,174.599,153.030
193.439,154.411,174.599,153.030
206.975,169.237,174.599,153.030
217.933,193.086,174.599,153.030
212.132,196.309,174.599,153.030
203.752,175.038,174.599,153.030
201.818,149.899,174.599,153.030
216.644,135.073,174.599,153.030
227.602,121.537,174.599,153.030
217.933,110.579,174.599,153.030
213.421,111.224,174.599,153.030
216.644,100.266,174.599,153.030
221.791,92.743,173.108,151.724
212.518,109.766,174.623,153.052
206.716,178.747,174.623,153.052
204.782,221.940,174.623,153.052
210.584,232.900,174.623,153.052
207.361,223.230,174.623,153.052
202.848,210.981,174.623,153.052
204.222,194.652,173.132,151.745
202.305,165.890,173.132,151.745
201.665,139.683,173.132,151.745
212.531,130.096,173.132,151.745
227.233,129.457,173.132,151.745
254.717,130.096,173.132,151.745
278.367,128.178,173.132,151.745
281.562,126.261,173.132,151.745
275.810,134.570,173.132,151.745
273.087,145.044,174.647,153.073
260.836,150.847,174.647,153.073
234.401,155.360,174.647,153.073
201.518,179.216,174.647,153.073
180.240,205.652,174.647,153.073
175.727,219.192,174.647,153.073
178.951,223.705,174.647,153.073
171.858,215.323,174.647,153.073
167.345,201.783,174.647,153.073
173.148,195.980,174.647,153.073
181.530,199.204,174.647,153.073
202.807,205.007,174.647,153.073
230.532,196.625,174.647,153.073
270.082,186.042,176.175,154.412
311.058,180.188,176.175,154.412
336.424,173.034,176.175,154.412
325.367,163.278,176.175,154.412
297.400,156.123,176.175,154.412
257.295,158.781,177.717,155.763
218.585,154.188,177.717,155.763
199.558,156.157,177.717,155.763
189.717,159.437,177.717,155.763
179.875,157.469,177.717,155.763
169.010,164.185,179.272,157.126
167.025,172.789,179.272,157.126
182.247,168.156,179.272,157.126
209.383,159.552,179.272,157.126
235.194,153.595,179.272,157.126
262.330,147.639,179.272,157.126
290.789,136.388,179.272,157.126
295.422,122.489,179.272,157.126
278.876,119.180,179.272,157.126
266.301,129.107,179.272,157.126
265.639,148.301,179.272,157.126
266.301,180.731,179.272,157.126
255.050,217.132,179.272,157.126
244.090,244.259,180.840,158.501
231.404,238.250,180.840,158.501
221.717,225.923,182.423,159.888
215.656,214.474,182.423,159.888
213.635,203.025,182.423,159.888
214.908,189.210,184.019,161.287
207.435,177.660,184.019,161.287
199.962,166.111,184.019,161.287
193.848,161.355,184.019,161.287
199.962,181.057,184.019,161.287
211.511,204.835,184.019,161.287
