57.000,156.000,198.000,173.000
53.850,152.850,198.000,173.000
56.040,155.040,198.000,173.000
58.230,154.310,198.000,173.000
61.879,153.580,198.000,173.000
64.069,155.770,198.000,173.000
69.178,156.500,198.000,173.000
62.609,154.310,198.000,173.000
73.558,157.960,198.000,173.000
66.989,160.150,198.000,173.000
79.397,162.339,198.000,173.000
75.748,165.989,198.000,173.000
88.156,165.259,198.000,173.000
84.506,167.449,198.000,173.000
80.857,163.799,198.000,173.000
61.287,162.294,199.733,174.514
45.825,161.558,199.733,174.514
48.034,166.712,199.733,174.514
50.243,170.393,199.733,174.514
50.979,166.712,199.733,174.514
53.878,166.703,201.480,176.041
52.236,160.604,203.243,177.581
47.507,155.987,205.021,179.135
46.751,158.254,205.021,179.135
44.484,154.475,205.021,179.135
46.751,159.766,205.021,179.135
42.972,159.010,205.021,179.135
34.262,153.139,203.271,177.606
36.510,156.885,203.271,177.606
30.798,149.602,201.536,176.090
34.512,153.316,201.536,176.090
35.255,148.116,201.536,176.090
35.998,147.373,201.536,176.090
38.227,149.602,201.536,176.090
35.998,145.887,201.536,176.090
38.227,149.602,201.536,176.090
35.998,145.887,201.536,176.090
38.227,148.116,201.536,176.090
37.484,145.887,201.536,176.090
35.255,146.630,201.536,176.090
35.998,147.373,201.536,176.090
36.741,146.630,201.536,176.090
35.998,147.373,201.536,176.090
36.741,146.630,201.536,176.090
35.998,145.887,201.536,176.090
38.227,148.116,201.536,176.090
35.998,144.401,201.536,176.090
38.227,148.116,201.536,176.090
35.998,144.401,201.536,176.090
36.741,146.630,201.536,176.090
35.998,144.401,201.536,176.090
36.741,145.144,201.536,176.090
34.512,144.401,201.536,176.090
35.255,143.658,201.536,176.090
35.998,145.887,201.536,176.090
36.741,145.144,201.536,176.090
34.512,142.915,201.536,176.090
35.255,145.144,201.536,176.090
35.998,144.401,201.536,176.090
36.741,145.144,201.536,176.090
34.512,144.401,201.536,176.090
33.769,143.658,201.536,176.090
33.026,142.915,201.536,176.090
35.255,143.658,201.536,176.090
34.512,144.401,201.536,176.090
33.769,143.658,201.536,176.090
33.026,142.915,201.536,176.090
36.741,145.144,201.536,176.090
34.512,144.401,201.536,176.090
33.769,143.658,201.536,176.090
34.512,144.401,201.536,176.090
33.769,143.658,201.536,176.090
34.512,144.401,201.536,176.090
33.769,143.658,201.536,176.090
33.026,142.915,201.536,176.090
36.741,145.144,201.536,176.090
34.512,144.401,201.536,176.090
33.769,143.658,201.536,176.090
34.512,144.401,201.536,176.090
33.769,143.658,201.536,176.090
34.512,144.401,201.536,176.090
33.769,143.658,201.536,176.090
35.172,143.649,203.300,177.630
34.423,144.399,203.300,177.630
33.673,143.649,203.300,177.630
34.423,142.900,203.300,177.630
35.172,145.148,203.300,177.630
34.423,144.399,203.300,177.630
33.673,143.649,203.300,177.630
34.423,142.900,203.300,177.630
35.172,145.148,203.300,177.630
35.922,144.399,203.300,177.630
35.172,143.649,203.300,177.630
35.922,145.898,203.300,177.630
35.172,143.649,203.300,177.630
35.922,145.898,203.300,177.630
35.172,143.649,203.300,177.630
35.922,145.898,203.300,177.630
35.172,143.649,203.300,177.630
35.922,145.898,203.300,177.630
35.172,143.649,203.300,177.630
35.922,145.898,203.300,177.630
35.172,143.649,203.300,177.630
35.922,145.898,203.300,177.630
35.172,143.649,203.300,177.630
35.922,145.898,203.300,177.630
35.172,143.649,203.300,177.630
35.922,145.898,203.300,177.630
35.172,143.649,203.300,177.630
35.922,145.898,203.300,177.630
35.172,143.649,203.300,177.630
35.922,145.898,203.300,177.630
35.172,143.649,203.300,177.630
35.922,145.898,203.300,177.630
35.172,143.649,203.300,177.630
35.922,145.898,203.300,177.630
35.172,145.148,203.300,177.630
35.922,145.898,203.300,177.630
35.172,143.649,203.300,177.630
35.922,145.898,203.300,177.630
35.172,145.148,203.300,177.630
35.922,145.898,203.300,177.630
35.172,145.148,203.300,177.630
35.922,147.396,203.300,177.630
35.172,143.649,203.300,177.630
35.922,145.898,203.300,177.630
35.172,145.148,203.300,177.630
35.922,145.898,203.300,177.630
35.172,143.649,203.300,177.630
35.922,145.898,203.300,177.630
35.172,145.148,203.300,177.630
34.423,145.898,203.300,177.630
33.673,145.148,203.300,177.630
34.423,144.399,203.300,177.630
33.673,145.148,203.300,177.630
34.423,144.399,203.300,177.630
33.673,145.148,203.300,177.630
34.423,144.399,203.300,177.630
33.673,145.148,203.300,177.630
34.423,144.399,203.300,177.630
33.673,145.148,203.300,177.630
34.423,144.399,203.300,177.630
33.673,145.148,203.300,177.630
34.423,144.399,203.300,177.630
33.673,145.148,203.300,177.630
34.423,144.399,203.300,177.630
33.673,145.148,203.300,177.630
34.423,144.399,203.300,177.630
33.673,145.148,203.300,177.630
34.423,144.399,203.300,177.630
33.673,145.148,203.300,177.630
34.423,144.399,203.300,177.630
33.673,145.148,203.300,177.630
34.423,144.399,203.300,177.630
33.673,145.148,203.300,177.630
34.423,144.399,203.300,177.630
33.673,145.148,203.300,177.630
34.423,144.399,203.300,177.630
33.673,145.148,203.300,177.630
32.924,144.399,203.300,177.630
33.673,142.150,203.300,177.630
35.088,145.214,205.078,179.185
32.820,142.946,205.078,179.185
33.576,142.190,205.078,179.185
34.332,144.458,205.078,179.185
32.064,143.702,205.078,179.185
32.820,142.946,205.078,179.185
32.064,142.190,205.078,179.185
32.820,142.946,205.078,179.185
32.064,142.190,205.078,179.185
32.820,142.946,205.078,179.185
32.064,142.190,205.078,179.185
32.820,142.946,205.078,179.185
33.576,142.190,205.078,179.185
35.844,144.458,205.078,179.185
33.576,142.190,205.078,179.185
35.844,144.458,205.078,179.185
33.576,142.190,205.078,179.185
35.844,144.458,205.078,179.185
35.088,143.702,205.078,179.185
34.332,142.946,205.078,179.185
35.088,145.214,205.078,179.185
34.332,142.946,205.078,179.185
35.088,145.214,205.078,179.185
34.332,142.946,205.078,179.185
35.088,145.214,205.078,179.185
34.332,142.946,205.078,179.185
35.088,143.702,205.078,179.185
34.332,142.946,205.078,179.185
35.088,145.214,205.078,179.185
34.332,142.946,205.078,179.185
35.088,143.702,205.078,179.185
34.332,142.946,205.078,179.185
35.088,143.702,205.078,179.185
34.332,142.946,205.078,179.185
33.576,143.702,205.078,179.185
35.844,144.458,205.078,179.185
33.576,142.190,205.078,179.185
35.844,144.458,205.078,179.185
33.576,142.190,205.078,179.185
37.356,144.458,205.078,179.185
35.088,142.190,205.078,179.185
34.332,141.434,205.078,179.185
35.088,145.214,205.078,179.185
34.332,142.946,205.078,179.185
35.088,143.702,205.078,179.185
34.332,142.946,205.078,179.185
33.576,142.190,205.078,179.185
37.356,144.458,205.078,179.185
35.088,142.190,205.078,179.185
34.332,141.434,205.078,179.185
35.088,145.214,205.078,179.185
34.332,142.946,205.078,179.185
35.088,143.702,205.078,179.185
34.332,142.946,205.078,179.185
35.088,143.702,205.078,179.185
34.332,142.946,205.078,179.185
35.088,143.702,205.078,179.185
34.332,142.946,205.078,179.185
35.088,143.702,205.078,179.185
34.332,142.946,205.078,179.185
35.088,145.214,205.078,179.185
34.332,142.946,205.078,179.185
35.088,145.214,205.078,179.185
34.332,142.946,205.078,179.185
35.088,145.214,205.078,179.185
34.332,142.946,205.078,179.185
35.088,145.214,205.078,179.185
34.332,142.946,205.078,179.185
35.088,145.214,205.078,179.185
34.332,142.946,205.078,179.185
36.600,145.214,205.078,179.185
35.844,142.946,205.078,179.185
35.088,142.190,205.078,179.185
34.332,141.434,205.078,179.185
35.088,145.214,205.078,179.185
34.332,142.946,205.078,179.185
35.088,143.702,205.078,179.185
34.332,142.946,205.078,179.185
35.088,143.702,205.078,179.185
34.332,142.946,205.078,179.185
35.088,143.702,205.078,179.185
34.332,142.946,205.078,179.185
35.088,143.702,205.078,179.185
34.332,141.434,205.078,179.185
36.600,145.214,205.078,179.185
35.844,142.946,205.078,179.185
35.088,142.190,205.078,179.185
34.332,141.434,205.078,179.185
35.088,145.214,205.078,179.185
34.332,142.946,205.078,179.185
33.576,142.190,205.078,179.185
37.356,144.458,205.078,179.185
35.088,142.190,205.078,179.185
34.332,141.434,205.078,179.185
35.088,145.214,205.078,179.185
34.332,142.946,205.078,179.185
33.576,142.190,205.078,179.185
37.356,144.458,205.078,179.185
35.088,142.190,205.078,179.185
34.332,142.946,205.078,179.185
33.576,142.190,205.078,179.185
37.356,144.458,205.078,179.185
33.576,142.190,205.078,179.185
37.356,144.458,205.078,179.185
35.088,143.702,205.078,179.185
34.332,142.946,205.078,179.185
35.088,143.702,205.078,179.185
34.332,142.946,205.078,179.185
35.088,143.702,205.078,179.185
34.332,142.946,205.078,179.185
35.088,143.702,205.078,179.185
34.332,142.946,205.078,179.185
35.088,145.214,205.078,179.185
34.332,142.946,205.078,179.185
35.088,145.214,205.078,179.185
34.332,142.946,205.078,179.185
35.088,143.702,205.078,179.185
34.332,142.946,205.078,179.185
35.088,145.214,205.078,179.185
34.332,142.946,205.078,179.185
33.576,143.702,205.078,179.185
37.356,145.970,205.078,179.185
33.576,142.190,205.078,179.185
37.356,144.458,205.078,179.185
33.576,142.190,205.078,179.185
35.844,144.458,205.078,179.185
33.576,142.190,205.078,179.185
35.844,144.458,205.078,179.185
33.576,142.190,205.078,179.185
35.844,142.946,205.078,179.185
33.576,142.190,205.078,179.185
35.844,144.458,205.078,179.185
33.576,142.190,205.078,179.185
35.844,142.946,205.078,179.185
35.088,142.190,205.078,179.185
34.332,142.946,205.078,179.185
33.576,142.190,205.078,179.185
37.356,144.458,205.078,179.185
35.088,142.190,205.078,179.185
34.332,141.434,205.078,179.185
35.088,143.702,205.078,179.185
34.332,141.434,205.078,179.185
35.088,143.702,205.078,179.185
34.332,142.946,205.078,179.185
35.088,143.702,205.078,179.185
34.966,142.143,206.873,180.753
33.279,140.571,208.683,182.334
34.049,141.340,208.683,182.334
34.818,140.571,208.683,182.334
34.049,141.340,208.683,182.334
33.279,140.571,208.683,182.334
34.049,141.340,208.683,182.334
33.279,140.571,208.683,182.334
34.049,141.340,208.683,182.334
33.279,140.571,208.683,182.334
34.049,141.340,208.683,182.334
34.818,140.571,208.683,182.334
35.587,141.340,208.683,182.334
34.818,142.109,208.683,182.334
34.049,141.340,208.683,182.334
37.078,144.485,210.509,183.930
33.198,142.157,210.509,183.930
33.974,141.381,210.509,183.930
33.198,142.157,210.509,183.930
33.974,144.485,210.509,183.930
31.646,142.157,210.509,183.930
33.974,144.485,210.509,183.930
31.646,142.157,210.509,183.930
33.974,146.037,210.509,183.930
31.646,143.709,210.509,183.930
35.526,149.141,210.509,183.930
33.198,145.261,210.509,183.930
37.078,150.693,210.509,183.930
39.406,149.917,210.509,183.930
40.182,152.245,210.509,183.930
43.238,155.417,212.351,185.539
40.890,153.069,212.351,185.539
43.973,157.874,214.209,187.162
41.604,153.926,214.209,187.162
43.973,159.453,214.209,187.162
43.183,153.926,214.209,187.162
43.973,157.874,214.209,187.162
40.025,150.767,214.209,187.162
43.134,155.614,216.083,188.800
37.558,148.445,216.083,188.800
35.169,144.462,216.083,188.800
32.779,145.259,216.083,188.800
27.203,141.276,216.083,188.800
28.000,138.886,216.083,188.800
28.796,138.090,216.083,188.800
29.593,137.293,216.083,188.800
31.982,141.276,216.083,188.800
28.000,137.293,216.083,188.800
33.576,142.869,216.083,188.800
29.593,138.886,216.083,188.800
27.203,136.497,216.083,188.800
32.779,142.072,216.083,188.800
29.816,138.993,214.239,187.188
29.026,139.782,214.239,187.188
32.975,140.572,214.239,187.188
30.605,138.203,214.239,187.188
29.816,140.572,214.239,187.188
29.026,138.203,214.239,187.188
34.554,143.731,214.239,187.188
30.605,139.782,214.239,187.188
29.816,137.413,214.239,187.188
30.605,141.362,214.239,187.188
29.816,138.993,214.239,187.188
30.605,141.362,214.239,187.188
28.236,138.993,214.239,187.188
33.764,142.941,214.239,187.188
31.395,140.572,214.239,187.188
29.026,138.203,214.239,187.188
32.975,142.152,214.239,187.188
31.578,140.639,212.410,185.590
30.795,139.856,212.410,185.590
30.012,140.639,212.410,185.590
30.795,141.422,212.410,185.590
30.012,139.073,212.410,185.590
32.361,142.988,212.410,185.590
30.012,139.073,212.410,185.590
32.361,142.988,212.410,185.590
31.578,140.639,212.410,185.590
32.361,139.856,212.410,185.590
31.578,139.073,212.410,185.590
32.361,139.856,212.410,185.590
31.578,139.073,212.410,185.590
30.795,138.290,212.410,185.590
33.144,142.205,212.410,185.590
33.927,142.988,212.410,185.590
33.144,142.205,212.410,185.590
30.795,139.856,212.410,185.590
31.578,143.771,212.410,185.590
29.229,141.422,212.410,185.590
34.710,146.903,212.410,185.590
41.757,152.384,212.410,185.590
43.235,145.954,214.268,187.214
44.025,142.005,214.268,187.214
44.815,141.215,214.268,187.214
42.446,140.425,214.268,187.214
41.656,138.056,214.268,187.214
53.504,134.106,214.268,187.214
51.134,136.476,214.268,187.214
50.344,132.527,214.268,187.214
49.554,136.476,214.268,187.214
48.765,137.266,214.268,187.214
47.975,138.056,214.268,187.214
47.185,140.425,214.268,187.214
47.975,138.056,214.268,187.214
48.765,140.425,214.268,187.214
47.975,138.056,214.268,187.214
50.344,140.425,214.268,187.214
51.134,138.056,214.268,187.214
50.344,140.425,214.268,187.214
49.554,141.215,214.268,187.214
48.765,142.005,214.268,187.214
46.395,141.215,214.268,187.214
50.344,140.425,214.268,187.214
49.554,136.476,214.268,187.214
47.185,138.845,214.268,187.214
46.395,136.476,214.268,187.214
47.185,138.845,214.268,187.214
49.554,133.316,214.268,187.214
48.765,137.266,214.268,187.214
49.554,133.316,214.268,187.214
50.344,135.686,214.268,187.214
53.455,134.057,216.143,188.852
44.690,138.041,216.143,188.852
43.894,142.025,216.143,188.852
43.097,139.635,216.143,188.852
43.894,140.432,216.143,188.852
43.097,139.635,216.143,188.852
43.894,145.212,216.143,188.852
41.503,149.196,216.143,188.852
37.519,145.212,216.143,188.852
31.942,146.009,216.143,188.852
29.551,142.025,216.143,188.852
27.161,139.635,216.143,188.852
35.926,145.212,216.143,188.852
31.942,142.822,216.143,188.852
35.926,146.806,216.143,188.852
33.535,142.822,216.143,188.852
32.739,142.025,216.143,188.852
31.329,140.499,214.298,187.240
30.539,138.129,214.298,187.240
31.329,138.919,214.298,187.240
30.539,136.549,214.298,187.240
32.909,140.499,214.298,187.240
33.699,139.709,214.298,187.240
32.909,138.919,214.298,187.240
32.119,139.709,214.298,187.240
31.329,137.339,214.298,187.240
33.699,141.289,214.298,187.240
32.909,140.499,214.298,187.240
32.119,139.709,214.298,187.240
31.329,138.919,214.298,187.240
30.539,139.709,214.298,187.240
29.749,138.919,214.298,187.240
30.539,141.289,214.298,187.240
28.169,138.919,214.298,187.240
33.699,142.869,214.298,187.240
31.329,138.919,214.298,187.240
28.959,138.129,214.298,187.240
32.909,142.079,214.298,187.240
30.539,139.709,214.298,187.240
29.749,138.919,214.298,187.240
30.539,141.289,214.298,187.240
28.169,138.919,214.298,187.240
33.699,142.869,214.298,187.240
31.329,140.499,214.298,187.240
30.539,138.129,214.298,187.240
31.329,142.079,214.298,187.240
28.959,139.709,214.298,187.240
32.909,142.079,214.298,187.240
30.539,139.709,214.298,187.240
29.749,138.919,214.298,187.240
28.959,141.289,214.298,187.240
31.329,140.499,214.298,187.240
28.959,138.129,214.298,187.240
32.909,142.079,214.298,187.240
30.539,139.709,214.298,187.240
28.169,137.339,214.298,187.240
33.699,142.869,214.298,187.240
31.329,140.499,214.298,187.240
28.959,138.129,214.298,187.240
34.489,143.659,214.298,187.240
30.539,139.709,214.298,187.240
29.749,137.339,214.298,187.240
28.959,141.289,214.298,187.240
31.329,140.499,214.298,187.240
28.959,138.129,214.298,187.240
32.909,142.079,214.298,187.240
30.539,139.709,214.298,187.240
29.749,137.339,214.298,187.240
32.119,141.289,214.298,187.240
29.749,138.919,214.298,187.240
32.119,141.289,214.298,187.240
29.749,138.919,214.298,187.240
32.119,141.289,214.298,187.240
29.749,138.919,214.298,187.240
30.539,141.289,214.298,187.240
28.169,137.339,214.298,187.240
33.699,141.289,214.298,187.240
31.329,138.919,214.298,187.240
28.959,138.129,214.298,187.240
32.909,142.079,214.298,187.240
30.539,139.709,214.298,187.240
29.749,137.339,214.298,187.240
30.539,141.289,214.298,187.240
28.169,137.339,214.298,187.240
35.279,142.869,214.298,187.240
32.340,139.815,212.469,185.642
31.557,139.032,212.469,185.642
32.340,141.381,212.469,185.642
31.557,139.032,212.469,185.642
30.774,139.815,212.469,185.642
33.123,140.598,212.469,185.642
32.340,139.815,212.469,185.642
31.557,139.032,212.469,185.642
32.340,141.381,212.469,185.642
31.557,140.598,212.469,185.642
32.340,139.815,212.469,185.642
31.557,139.032,212.469,185.642
32.340,141.381,212.469,185.642
31.557,139.032,212.469,185.642
32.340,141.381,212.469,185.642
31.557,140.598,212.469,185.642
32.340,141.381,212.469,185.642
31.557,140.598,212.469,185.642
30.774,139.815,212.469,185.642
33.123,140.598,212.469,185.642
32.340,139.815,212.469,185.642
31.557,139.032,212.469,185.642
30.774,139.815,212.469,185.642
34.690,142.164,212.469,185.642
33.907,141.381,212.469,185.642
33.123,139.032,212.469,185.642
32.340,139.815,212.469,185.642
31.557,139.032,212.469,185.642
32.340,141.381,212.469,185.642
33.123,140.598,212.469,185.642
32.340,139.815,212.469,185.642
31.557,139.032,212.469,185.642
32.340,141.381,212.469,185.642
33.123,140.598,212.469,185.642
32.340,139.815,212.469,185.642
31.557,139.032,212.469,185.642
32.340,141.381,212.469,185.642
31.557,140.598,212.469,185.642
33.907,141.381,212.469,185.642
33.123,140.598,212.469,185.642
32.340,139.815,212.469,185.642
31.557,139.032,212.469,185.642
32.340,141.381,212.469,185.642
31.557,139.032,212.469,185.642
32.340,141.381,212.469,185.642
33.123,140.598,212.469,185.642
32.340,139.815,212.469,185.642
31.557,139.032,212.469,185.642
32.340,141.381,212.469,185.642
31.557,140.598,212.469,185.642
33.907,141.381,212.469,185.642
33.123,140.598,212.469,185.642
32.340,139.815,212.469,185.642
31.557,139.032,212.469,185.642
32.340,141.381,212.469,185.642
31.557,140.598,212.469,185.642
33.907,141.381,212.469,185.642
33.123,140.598,212.469,185.642
32.340,139.815,212.469,185.642
31.557,139.032,212.469,185.642
32.340,141.381,212.469,185.642
31.557,140.598,212.469,185.642
32.340,141.381,212.469,185.642
31.557,140.598,212.469,185.642
32.340,141.381,212.469,185.642
31.557,140.598,212.469,185.642
32.340,141.381,212.469,185.642
31.557,140.598,212.469,185.642
32.340,139.815,212.469,185.642
31.557,139.032,212.469,185.642
30.774,139.815,212.469,185.642
33.123,142.164,212.469,185.642
32.340,139.815,212.469,185.642
31.557,139.032,212.469,185.642
32.340,141.381,212.469,185.642
31.557,140.598,212.469,185.642
32.340,141.381,212.469,185.642
31.557,140.598,212.469,185.642
33.907,141.381,212.469,185.642
33.123,139.032,212.469,185.642
32.340,139.815,212.469,185.642
31.557,139.032,212.469,185.642
30.774,139.815,212.469,185.642
29.990,139.032,212.469,185.642
32.340,142.948,212.469,185.642
29.990,139.032,212.469,185.642
32.340,142.948,212.469,185.642
31.557,140.598,212.469,185.642
33.907,141.381,212.469,185.642
34.690,140.598,212.469,185.642
35.473,141.381,212.469,185.642
33.123,142.164,212.469,185.642
33.907,141.381,212.469,185.642
34.690,140.598,212.469,185.642
35.473,142.948,212.469,185.642
33.123,142.164,212.469,185.642
33.907,141.381,212.469,185.642
36.256,143.731,212.469,185.642
33.907,142.948,212.469,185.642
36.256,143.731,212.469,185.642
33.907,142.948,212.469,185.642
34.690,142.164,212.469,185.642
35.473,146.081,212.469,185.642
31.557,142.164,212.469,185.642
30.774,139.815,212.469,185.642
31.557,139.032,212.469,185.642
32.340,139.815,212.469,185.642
31.557,137.465,212.469,185.642
30.774,139.815,212.469,185.642
31.557,137.465,212.469,185.642
30.774,139.815,212.469,185.642
29.990,137.465,212.469,185.642
33.907,141.381,212.469,185.642
33.123,139.032,212.469,185.642
30.774,136.682,212.469,185.642
33.123,140.598,212.469,185.642
32.340,138.248,212.469,185.642
33.123,142.164,212.469,185.642
33.907,141.381,212.469,185.642
36.256,142.164,212.469,185.642
33.907,144.514,212.469,185.642
34.690,143.731,212.469,185.642
35.473,142.948,212.469,185.642
34.690,146.864,212.469,185.642
33.907,142.948,212.469,185.642
37.823,146.864,212.469,185.642
35.473,142.948,212.469,185.642
34.690,143.731,212.469,185.642
35.473,142.948,212.469,185.642
33.123,145.297,212.469,185.642
33.907,144.514,212.469,185.642
36.256,148.430,212.469,185.642
33.907,147.647,212.469,185.642
40.956,154.696,212.469,185.642
43.305,158.612,212.469,185.642
42.522,162.529,212.469,185.642
44.872,166.445,212.469,185.642
47.222,170.361,212.469,185.642
46.438,163.312,212.469,185.642
48.788,167.228,212.469,185.642
48.005,163.312,212.469,185.642
49.484,163.303,214.328,187.266
48.694,159.352,214.328,187.266
50.186,162.582,216.203,188.905
50.983,163.379,216.203,188.905
51.780,157.800,216.203,188.905
50.983,163.379,216.203,188.905
50.186,159.394,216.203,188.905
47.794,161.785,216.203,188.905
50.186,157.800,216.203,188.905
50.983,158.597,216.203,188.905
53.374,154.612,216.203,188.905
54.878,152.969,218.095,190.558
54.074,152.165,218.095,190.558
50.055,152.969,218.095,190.558
47.643,150.557,218.095,190.558
45.231,151.361,218.095,190.558
42.819,150.557,218.095,190.558
40.407,149.753,218.095,190.558
36.387,147.341,218.095,190.558
33.975,146.537,218.095,190.558
33.171,148.949,218.095,190.558
32.367,148.145,218.095,190.558
33.171,148.949,218.095,190.558
32.367,149.753,218.095,190.558
33.171,152.165,218.095,190.558
32.367,151.361,218.095,190.558
34.779,156.988,218.095,190.558
33.975,151.361,218.095,190.558
34.779,155.380,218.095,190.558
33.975,152.969,218.095,190.558
34.779,153.773,218.095,190.558
33.975,151.361,218.095,190.558
34.779,156.988,218.095,190.558
35.583,151.361,218.095,190.558
36.387,156.988,218.095,190.558
35.583,152.969,218.095,190.558
37.995,158.596,218.095,190.558
37.191,156.184,218.095,190.558
37.995,158.596,218.095,190.558
38.799,156.184,218.095,190.558
41.211,161.812,218.095,190.558
38.799,154.577,218.095,190.558
41.211,163.420,218.095,190.558
40.407,156.184,218.095,190.558
42.819,163.420,218.095,190.558
