478.000,143.000,80.000,111.000
475.877,142.376,80.000,111.000
476.252,141.252,80.000,111.000
474.378,138.628,80.000,111.000
473.254,135.256,80.000,111.000
472.129,133.382,80.000,111.000
471.005,130.759,80.000,111.000
471.380,129.634,80.000,111.000
469.506,127.761,80.000,111.000
469.881,126.637,80.000,111.000
468.757,125.512,80.000,111.000
469.881,125.138,80.000,111.000
467.258,124.763,80.000,111.000
468.382,124.388,80.000,111.000
467.258,123.264,80.000,111.000
465.384,121.390,80.000,111.000
468.007,122.514,80.000,111.000
463.135,120.641,80.000,111.000
465.009,123.264,80.000,111.000
460.138,122.140,80.000,111.000
459.763,124.763,80.000,111.000
455.641,122.889,80.000,111.000
453.017,125.512,80.000,111.000
448.895,125.887,80.000,111.000
444.773,127.761,80.000,111.000
440.198,131.500,80.700,111.971
433.015,131.122,80.700,111.971
427.625,136.445,81.406,112.951
420.624,135.560,82.118,113.939
407.161,138.252,82.118,113.939
397.544,142.484,82.118,113.939
388.697,148.254,82.118,113.939
380.619,152.485,82.118,113.939
371.772,155.947,82.118,113.939
362.344,158.208,82.837,114.936
349.447,159.835,82.130,113.955
340.599,160.989,82.130,113.955
331.750,163.682,82.130,113.955
316.012,169.098,82.848,114.952
298.548,173.367,82.848,114.952
284.263,177.240,83.573,115.958
275.259,176.066,83.573,115.958
268.603,175.674,83.573,115.958
264.626,177.173,84.305,116.973
259.492,174.409,84.305,116.973
258.308,177.173,84.305,116.973
259.153,180.305,85.042,117.996
257.556,178.563,85.786,119.029
260.064,180.102,86.537,120.070
259.659,176.454,86.537,120.070
262.189,174.682,87.294,121.121
264.741,172.056,88.058,122.181
266.803,168.344,88.058,122.181
268.532,165.695,88.829,123.250
270.276,159.612,89.606,124.328
272.035,152.614,90.390,125.416
274.678,143.820,91.181,126.513
272.090,127.943,91.979,127.620
273.382,108.555,91.979,127.620
272.951,96.060,91.979,127.620
273.382,84.427,91.979,127.620
272.090,74.517,91.979,127.620
270.797,65.469,91.979,127.620
270.366,59.006,91.979,127.620
269.935,53.405,91.979,127.620
271.228,47.804,91.979,127.620
269.935,43.065,91.979,127.620
272.624,38.532,92.783,128.737
273.059,33.751,92.783,128.737
274.363,31.578,92.783,128.737
277.405,30.274,92.783,128.737
281.317,29.839,92.783,128.737
284.359,29.404,92.783,128.737
287.402,28.970,92.783,128.737
293.678,28.852,93.595,129.863
298.501,29.291,93.595,129.863
304.461,29.417,92.796,128.755
310.370,32.935,92.004,127.656
317.070,32.219,91.219,126.566
323.712,39.012,90.440,125.486
331.951,42.441,89.668,124.414
339.092,39.501,89.668,124.414
348.080,39.622,88.903,123.352
356.991,39.742,88.144,122.299
368.140,42.632,88.144,122.299
384.226,45.168,87.391,121.255
394.583,45.287,86.645,120.220
404.852,45.404,85.906,119.194
415.717,49.025,85.906,119.194
429.825,52.282,85.172,118.176
440.597,56.671,85.172,118.176
452.167,56.272,85.172,118.176
469.268,63.394,84.445,117.168
477.733,68.139,83.724,116.167
485.185,72.453,83.724,116.167
492.636,77.551,83.724,116.167
500.088,81.081,83.724,116.167
506.755,83.826,83.724,116.167
513.422,88.925,83.724,116.167
516.168,93.239,83.724,116.167
514.991,96.769,83.724,116.167
513.814,101.083,83.724,116.167
511.853,105.397,83.724,116.167
507.065,109.311,84.457,117.184
499.802,114.070,85.196,118.209
492.219,119.258,85.196,118.209
484.637,122.849,85.196,118.209
478.651,125.643,85.196,118.209
474.261,130.033,85.196,118.209
469.073,132.826,85.196,118.209
463.086,135.620,85.196,118.209
454.942,138.784,85.941,119.244
447.293,141.602,85.941,119.244
438.839,143.615,85.941,119.244
429.797,145.157,86.693,120.287
421.509,148.377,87.452,121.339
409.789,152.465,88.217,122.401
401.111,155.357,88.217,122.401
394.913,159.076,88.217,122.401
388.714,164.449,88.217,122.401
382.516,168.994,88.217,122.401
376.624,176.506,88.989,123.472
369.825,183.230,89.768,124.553
363.829,188.288,90.553,125.642
355.770,187.864,90.553,125.642
347.113,192.966,91.345,126.742
338.127,191.683,91.345,126.742
330.853,196.389,91.345,126.742
324.435,193.394,91.345,126.742
318.872,192.966,91.345,126.742
316.733,191.683,91.345,126.742
320.280,195.075,92.145,127.851
314.669,191.191,92.145,127.851
320.280,190.759,92.145,127.851
325.892,194.644,92.145,127.851
331.503,194.212,92.145,127.851
341.430,198.097,92.145,127.851
349.631,197.665,92.145,127.851
360.422,203.276,92.145,127.851
375.529,208.888,92.145,127.851
384.594,211.909,92.145,127.851
393.658,214.931,92.145,127.851
402.722,218.815,92.145,127.851
412.650,221.837,92.145,127.851
422.577,224.858,92.145,127.851
432.505,230.469,92.145,127.851
440.706,235.217,92.145,127.851
448.044,241.692,92.145,127.851
454.518,248.166,92.145,127.851
459.266,252.051,92.145,127.851
461.424,250.756,92.145,127.851
458.403,249.461,92.145,127.851
456.245,246.440,92.145,127.851
451.497,241.692,92.145,127.851
449.339,236.081,92.145,127.851
447.181,229.606,92.145,127.851
442.433,225.721,92.145,127.851
439.411,225.290,92.145,127.851
438.116,223.132,92.145,127.851
439.411,221.837,92.145,127.851
438.980,218.815,92.145,127.851
438.134,214.274,92.951,128.969
440.311,211.226,92.951,128.969
438.134,207.308,92.951,128.969
440.851,205.404,93.764,130.098
437.290,207.086,94.585,131.236
432.789,206.058,95.412,132.385
428.248,206.853,96.247,133.543
422.744,203.958,97.089,134.711
415.327,201.038,97.939,135.890
409.725,199.033,98.796,137.079
403.127,198.907,99.660,138.279
396.124,201.242,99.660,138.279
387.553,197.287,100.532,139.489
376.011,196.194,101.412,140.709
356.535,191.919,101.412,140.709
340.858,188.593,101.412,140.709
328.032,185.268,101.412,140.709
313.468,182.218,102.299,141.940
295.737,179.822,102.299,141.940
281.840,176.468,102.299,141.940
270.819,173.113,102.299,141.940
260.755,171.676,102.299,141.940
250.692,169.280,102.299,141.940
240.629,166.884,102.299,141.940
234.053,167.022,101.426,140.729
227.877,168.447,101.426,140.729
221.700,170.823,101.426,140.729
214.573,174.148,101.426,140.729
208.397,178.424,101.426,140.729
200.320,181.750,101.426,140.729
194.144,186.026,101.426,140.729
187.967,188.402,101.426,140.729
183.691,190.777,101.426,140.729
178.465,192.203,101.426,140.729
175.139,195.528,101.426,140.729
169.913,195.053,101.426,140.729
166.587,197.429,101.426,140.729
167.605,199.248,102.313,141.960
161.374,197.810,102.313,141.960
162.812,198.290,102.313,141.960
160.416,198.769,102.313,141.960
161.853,199.248,102.313,141.960
156.581,197.810,102.313,141.960
158.019,196.373,102.313,141.960
153.706,193.018,102.313,141.960
155.714,187.975,103.209,143.202
149.429,181.690,103.209,143.202
147.979,176.372,103.209,143.202
145.050,167.321,104.112,144.455
137.734,157.080,104.112,144.455
131.394,146.838,104.112,144.455
125.054,135.622,104.112,144.455
119.690,124.405,104.112,144.455
118.227,111.237,104.112,144.455
112.486,96.152,103.223,143.222
114.903,86.965,103.223,143.222
116.354,76.811,103.223,143.222
119.739,66.657,103.223,143.222
121.189,55.536,103.223,143.222
125.198,44.501,104.126,144.475
129.588,34.258,104.126,144.475
134.953,24.016,104.126,144.475
143.245,15.724,104.126,144.475
152.513,10.358,104.126,144.475
162.756,5.968,104.126,144.475
171.048,2.554,104.126,144.475
176.413,-0.860,104.126,144.475
183.044,-1.671,103.237,143.242
192.448,-0.588,102.356,142.019
209.257,-0.450,101.482,140.807
220.357,-2.167,100.616,139.605
230.443,-2.031,99.757,138.413
241.355,-0.985,98.905,137.231
249.461,0.957,98.061,136.060
253.595,1.416,98.061,136.060
253.136,0.957,98.061,136.060
257.270,3.254,98.061,136.060
257.240,6.075,97.224,134.898
257.695,9.263,97.224,134.898
256.777,11.172,96.394,133.747
255.867,12.183,95.571,132.605
254.965,14.933,94.755,131.473
253.204,17.660,93.946,130.351
251.459,22.080,93.145,129.238
251.430,23.057,92.349,128.135
251.403,25.714,91.561,127.041
250.116,28.717,91.561,127.041
249.251,31.351,90.779,125.956
249.224,34.793,90.004,124.881
252.487,38.205,89.236,123.815
254.092,38.326,88.474,122.758
257.300,40.871,87.719,121.710
260.176,41.282,87.719,121.710
262.231,44.981,87.719,121.710
261.402,45.099,86.970,120.671
265.069,49.580,86.970,120.671
268.222,48.903,86.228,119.641
267.408,45.867,85.492,118.620
272.852,43.639,84.762,117.607
278.250,43.753,84.038,116.603
276.688,44.635,83.321,115.608
281.232,47.032,82.610,114.621
281.207,47.144,81.904,113.642
281.183,47.255,81.205,112.672
283.385,48.849,80.512,111.711
279.991,49.226,80.512,111.711
283.646,52.279,79.825,110.757
279.533,54.896,79.825,110.757
279.159,58.261,79.825,110.757
278.785,61.627,79.825,110.757
278.031,63.194,79.143,109.811
276.560,66.194,78.468,108.874
277.254,68.452,77.798,107.945
275.432,70.274,77.798,107.945
279.675,73.935,77.134,107.023
278.591,77.187,77.134,107.023
279.675,80.439,77.134,107.023
281.481,85.136,77.134,107.023
282.565,87.665,77.134,107.023
282.204,88.749,77.134,107.023
281.120,92.001,77.134,107.023
282.204,94.530,77.134,107.023
280.397,96.337,77.134,107.023
282.204,99.588,77.134,107.023
282.565,101.395,77.134,107.023
283.649,103.202,77.134,107.023
282.565,106.453,77.134,107.023
283.952,107.968,76.475,106.109
286.026,111.566,75.822,105.204
288.082,116.520,75.175,104.306
288.747,119.370,74.533,103.415
291.449,122.196,73.897,102.532
296.155,124.997,73.266,101.657
300.151,127.775,72.641,100.789
303.448,130.529,72.021,99.929
303.427,133.918,71.406,99.076
306.016,137.278,70.796,98.230
308.337,140.926,70.796,98.230
309.332,143.910,70.796,98.230
310.042,147.900,71.416,99.090
356.542,150.910,71.416,99.090
356.521,148.396,70.806,98.244
355.526,150.054,70.806,98.244
353.204,148.396,70.806,98.244
357.713,148.492,70.202,97.405
360.258,148.587,69.603,96.574
363.418,147.408,69.008,95.749
364.028,151.286,68.419,94.932
365.884,148.877,67.835,94.121
365.863,148.969,67.256,93.318
365.228,150.289,66.682,92.521
363.989,148.551,66.113,91.731
363.365,151.058,65.548,90.948
363.944,148.750,64.989,90.172
363.924,151.214,64.434,89.402
364.494,149.534,63.884,88.639
363.596,151.629,63.884,88.639
364.494,148.935,63.884,88.639
363.596,152.227,63.884,88.639
367.080,148.810,63.339,87.882
368.798,151.212,62.798,87.132
369.680,152.094,62.798,87.132
370.563,149.447,62.798,87.132
372.034,151.506,62.798,87.132
369.719,150.443,62.262,86.388
371.976,152.234,61.730,85.651
370.531,150.788,61.730,85.651
372.555,153.391,61.730,85.651
371.109,153.102,61.730,85.651
369.950,153.023,62.270,86.400
368.491,149.231,62.270,86.400
368.472,148.177,61.739,85.663
369.918,146.153,61.739,85.663
370.208,148.177,61.739,85.663
370.827,148.099,62.279,86.412
371.947,151.029,61.747,85.675
373.057,153.370,61.220,84.943
371.919,151.215,60.698,84.218
372.456,152.961,60.180,83.499
372.437,152.492,59.666,82.786
371.874,153.664,59.157,82.080
372.151,151.170,59.157,82.080
371.874,152.555,59.157,82.080
372.705,152.833,59.157,82.080
372.687,153.453,58.652,81.379
373.206,154.069,58.151,80.684
372.389,153.251,58.151,80.684
373.751,154.069,58.151,80.684
373.202,154.147,57.654,79.996
373.472,154.417,57.654,79.996
372.661,153.067,57.654,79.996
373.472,153.877,57.654,79.996
373.202,153.607,57.654,79.996
373.184,154.212,57.162,79.313
373.988,154.480,57.162,79.313
373.184,154.748,57.162,79.313
373.988,155.551,57.162,79.313
372.649,153.677,57.162,79.313
373.988,154.480,57.162,79.313
373.184,154.748,57.162,79.313
373.988,155.015,57.162,79.313
373.184,153.141,57.162,79.313
373.988,153.944,57.162,79.313
373.184,153.677,57.162,79.313
373.452,154.480,57.162,79.313
373.184,153.677,57.162,79.313
372.916,153.944,57.162,79.313
373.184,153.141,57.162,79.313
372.916,153.409,57.162,79.313
373.720,153.677,57.162,79.313
373.703,154.276,56.674,78.636
374.721,155.389,56.191,77.964
373.932,154.073,56.191,77.964
375.456,155.690,55.711,77.299
374.673,154.907,55.711,77.299
375.978,156.212,55.711,77.299
374.942,155.268,55.235,76.639
376.236,156.562,55.235,76.639
375.210,156.132,54.764,75.985
375.979,157.415,54.764,75.985
375.210,156.132,54.764,75.985
375.979,157.415,54.764,75.985
375.210,156.132,54.764,75.985
376.492,157.415,54.764,75.985
374.697,155.619,54.764,75.985
375.979,156.902,54.764,75.985
374.697,155.619,54.764,75.985
375.979,156.902,54.764,75.985
374.697,155.619,54.764,75.985
376.492,157.415,54.764,75.985
374.697,155.619,54.764,75.985
375.979,156.902,54.764,75.985
375.210,155.619,54.764,75.985
375.466,156.902,54.764,75.985
375.950,156.976,54.296,75.336
375.438,157.049,53.833,74.693
376.698,157.301,53.833,74.693
374.933,156.040,53.833,74.693
376.194,158.310,53.833,74.693
375.942,156.545,53.833,74.693
375.690,157.301,53.833,74.693
375.438,156.545,53.833,74.693
376.698,157.301,53.833,74.693
374.933,155.536,53.833,74.693
375.185,157.301,53.833,74.693
375.942,156.545,53.833,74.693
375.185,157.301,53.833,74.693
375.942,156.545,53.833,74.693
375.185,157.301,53.833,74.693
376.446,157.553,53.833,74.693
375.690,157.301,53.833,74.693
375.942,157.553,53.833,74.693
375.690,157.301,53.833,74.693
375.438,157.049,53.833,74.693
375.690,156.797,53.833,74.693
374.429,156.545,53.833,74.693
374.177,155.788,53.833,74.693
373.924,156.545,53.833,74.693
373.168,155.788,53.833,74.693
374.933,157.049,53.833,74.693
374.177,156.293,53.833,74.693
374.933,156.545,53.833,74.693
375.185,157.301,53.833,74.693
374.933,156.040,53.833,74.693
375.185,157.806,53.833,74.693
374.933,156.545,53.833,74.693
375.185,157.301,53.833,74.693
374.933,156.040,53.833,74.693
375.185,157.806,53.833,74.693
375.942,157.553,53.833,74.693
374.681,156.797,53.833,74.693
375.438,157.553,53.833,74.693
375.690,156.797,53.833,74.693
374.933,157.553,53.833,74.693
375.690,157.301,53.833,74.693
374.933,157.049,53.833,74.693
375.185,157.301,53.833,74.693
375.438,156.545,53.833,74.693
375.690,157.301,53.833,74.693
374.933,156.545,53.833,74.693
375.690,157.301,53.833,74.693
374.933,157.049,53.833,74.693
375.185,157.301,53.833,74.693
374.933,156.545,53.833,74.693
375.185,157.301,53.833,74.693
374.933,156.545,53.833,74.693
375.185,157.301,53.833,74.693
375.438,156.545,53.833,74.693
375.690,157.301,53.833,74.693
374.933,156.545,53.833,74.693
375.690,157.301,53.833,74.693
374.933,156.545,53.833,74.693
375.185,157.301,53.833,74.693
374.933,156.545,53.833,74.693
375.690,157.301,53.833,74.693
374.933,156.545,53.833,74.693
375.185,157.301,53.833,74.693
374.933,156.040,53.833,74.693
375.185,157.806,53.833,74.693
374.933,157.049,53.833,74.693
375.185,157.301,53.833,74.693
374.933,156.545,53.833,74.693
375.185,157.301,53.833,74.693
374.933,156.040,53.833,74.693
375.185,157.806,53.833,74.693
375.942,157.553,53.833,74.693
374.681,156.797,53.833,74.693
375.438,157.553,53.833,74.693
375.690,156.797,53.833,74.693
374.933,157.553,53.833,74.693
374.681,156.293,53.833,74.693
375.438,157.049,53.833,74.693
375.690,156.797,53.833,74.693
375.438,157.553,53.833,74.693
375.690,156.797,53.833,74.693
375.438,158.058,53.833,74.693
375.185,156.797,53.833,74.693
375.438,157.553,53.833,74.693
375.185,156.797,53.833,74.693
375.942,158.058,53.833,74.693
374.681,156.797,53.833,74.693
375.438,157.553,53.833,74.693
375.185,156.797,53.833,74.693
375.942,157.553,53.833,74.693
374.177,156.293,53.833,74.693
375.438,157.049,53.833,74.693
375.185,156.797,53.833,74.693
375.438,157.553,53.833,74.693
374.681,156.293,53.833,74.693
375.438,157.049,53.833,74.693
375.185,156.797,53.833,74.693
375.438,157.553,53.833,74.693
375.690,156.797,53.833,74.693
375.438,157.553,53.833,74.693
375.185,156.797,53.833,74.693
375.438,157.553,53.833,74.693
375.690,156.797,53.833,74.693
375.438,158.058,53.833,74.693
375.690,156.797,53.833,74.693
375.438,158.058,53.833,74.693
375.185,156.797,53.833,74.693
374.933,157.553,53.833,74.693
374.681,157.301,53.833,74.693
375.438,158.058,53.833,74.693
376.698,158.814,53.833,74.693
375.942,158.562,53.833,74.693
377.707,159.319,53.833,74.693
377.959,159.066,53.833,74.693
375.185,153.771,53.833,74.693
373.420,151.501,53.833,74.693
375.690,154.275,53.833,74.693
378.968,156.545,53.833,74.693
377.957,159.578,54.304,75.346
348.704,91.660,54.304,75.346
352.519,99.546,54.304,75.346
357.861,107.940,54.304,75.346
363.203,115.317,54.304,75.346
368.545,121.676,54.304,75.346
374.904,126.001,54.304,75.346
384.836,131.668,54.779,76.006
389.711,135.004,54.779,76.006
396.047,136.512,55.258,76.671
400.846,137.503,55.742,77.342
407.293,140.644,56.229,78.018
417.039,143.542,56.229,78.018
420.990,143.278,56.229,78.018
424.941,144.068,56.229,78.018
433.633,145.385,56.229,78.018
443.376,145.314,56.721,78.701
447.213,145.242,57.218,79.390
457.677,148.466,57.718,80.084
460.651,150.359,57.718,80.084
487.418,153.874,57.718,80.084
498.503,157.929,57.718,80.084
507.425,162.525,57.718,80.084
517.429,167.663,57.718,80.084
527.433,173.881,57.718,80.084
537.434,179.905,58.223,80.785
544.727,183.745,58.733,81.492
552.155,187.321,58.733,81.492
558.483,190.898,58.733,81.492
564.261,193.374,58.733,81.492
570.589,195.850,58.733,81.492
574.715,199.427,58.733,81.492
577.192,202.453,58.733,81.492
579.117,204.929,58.733,81.492
580.493,207.955,58.733,81.492
580.218,210.431,58.733,81.492
578.842,211.807,58.733,81.492
576.916,214.833,58.733,81.492
572.429,213.067,59.247,82.205
566.601,216.120,59.247,82.205
557.443,210.847,59.247,82.205
550.641,204.513,59.765,82.924
509.918,205.011,60.288,83.650
500.102,202.040,60.816,84.382
484.360,199.043,61.348,85.120
464.945,195.430,61.885,85.865
443.784,191.082,61.885,85.865
429.579,187.893,61.885,85.865
415.375,186.444,61.885,85.865
401.170,184.415,61.885,85.865
390.445,183.545,61.885,85.865
385.717,185.249,62.426,86.616
378.991,184.957,62.426,86.616
372.850,184.664,62.426,86.616
366.709,183.787,62.426,86.616
360.569,182.910,62.426,86.616
355.012,182.617,62.426,86.616
349.456,183.495,62.426,86.616
344.485,185.542,62.426,86.616
340.684,187.589,62.426,86.616
338.052,189.636,62.426,86.616
334.250,191.098,62.426,86.616
331.034,191.975,62.426,86.616
328.063,192.495,62.972,87.374
323.048,193.970,62.972,87.374
316.854,193.675,62.972,87.374
304.786,194.200,63.523,88.139
291.396,195.093,63.523,88.139
278.006,195.390,63.523,88.139
271.757,191.522,63.523,88.139
260.747,192.415,63.523,88.139
255.093,193.307,63.523,88.139
247.800,193.837,64.079,88.910
241.674,190.063,64.640,89.688
234.253,189.981,65.206,90.473
224.174,188.454,65.206,90.473
218.981,186.927,65.206,90.473
214.626,184.966,65.776,91.264
211.853,183.425,65.776,91.264
215.242,183.117,65.776,91.264
222.218,181.139,66.352,92.063
229.367,180.828,66.352,92.063
238.315,180.744,66.932,92.868
251.797,181.057,66.932,92.868
260.181,180.972,67.518,93.681
270.584,180.238,68.109,94.501
278.560,179.919,68.109,94.501
286.536,179.600,68.109,94.501
295.150,177.367,68.109,94.501
302.488,175.772,68.109,94.501
308.403,175.031,68.705,95.328
312.587,174.066,68.705,95.328
316.127,171.813,68.705,95.328
317.736,170.204,68.705,95.328
273.562,175.395,69.306,96.162
268.043,172.473,69.306,96.162
265.121,169.551,69.306,96.162
267.813,168.797,69.912,97.003
269.857,165.352,70.524,97.852
267.178,162.554,71.141,98.708
268.574,157.681,71.763,99.572
265.159,153.455,72.391,100.443
262.107,149.725,72.391,100.443
298.391,136.500,72.391,100.443
307.547,134.805,72.391,100.443
312.157,132.918,71.773,99.586
313.838,131.909,71.773,99.586
312.157,129.555,71.773,99.586
310.120,125.329,72.401,100.457
308.424,121.598,72.401,100.457
305.674,117.335,73.035,101.336
300.796,113.736,73.674,102.223
295.875,110.812,74.319,103.117
300.902,110.004,74.969,104.019
305.468,108.951,74.969,104.019
303.712,107.195,74.969,104.019
306.872,108.248,74.969,104.019
305.116,105.790,74.969,104.019
304.063,107.546,74.969,104.019
308.628,107.897,74.969,104.019
310.384,108.951,74.969,104.019
312.842,108.599,74.969,104.019
316.003,110.355,74.969,104.019
319.164,113.516,74.969,104.019
323.026,115.974,74.969,104.019
326.187,117.730,74.969,104.019
329.348,120.188,74.969,104.019
333.699,122.253,75.625,104.930
338.304,124.733,75.625,104.930
341.493,128.629,75.625,104.930
344.430,132.891,76.287,105.848
348.361,136.822,76.287,105.848
351.577,141.467,76.287,105.848
354.078,144.683,76.287,105.848
356.580,147.899,76.287,105.848
358.366,150.401,76.287,105.848
357.294,154.332,76.287,105.848
358.366,158.977,76.287,105.848
356.580,162.908,76.287,105.848
356.937,167.554,76.287,105.848
352.291,172.914,76.287,105.848
347.646,178.989,76.287,105.848
343.000,185.064,76.287,105.848
338.355,191.853,76.287,105.848
331.062,198.350,76.954,106.774
323.705,202.686,77.628,107.708
315.341,208.140,77.628,107.708
309.159,212.868,77.628,107.708
303.705,215.413,77.628,107.708
299.705,219.413,77.628,107.708
300.796,223.413,77.628,107.708
301.160,225.958,77.628,107.708
302.978,227.776,77.628,107.708
304.796,228.867,77.628,107.708
306.614,229.958,77.628,107.708
309.159,230.322,77.628,107.708
311.705,233.595,77.628,107.708
312.796,234.685,77.628,107.708
310.250,233.595,77.628,107.708
312.796,234.685,77.628,107.708
310.250,232.867,77.628,107.708
312.796,233.958,77.628,107.708
310.250,232.867,77.628,107.708
312.796,233.958,77.628,107.708
310.250,232.867,77.628,107.708
312.796,234.685,77.628,107.708
310.250,232.867,77.628,107.708
312.796,233.958,77.628,107.708
310.250,232.867,77.628,107.708
312.796,233.958,77.628,107.708
310.250,232.867,77.628,107.708
312.796,233.958,77.628,107.708
310.250,232.867,77.628,107.708
312.796,233.958,77.628,107.708
310.250,232.867,77.628,107.708
312.796,233.958,77.628,107.708
310.250,232.867,77.628,107.708
312.796,233.958,77.628,107.708
310.250,232.867,77.628,107.708
312.796,233.958,77.628,107.708
310.250,232.867,77.628,107.708
312.796,233.958,77.628,107.708
310.250,232.867,77.628,107.708
312.796,233.958,77.628,107.708
310.250,232.867,77.628,107.708
312.068,233.958,77.628,107.708
310.978,232.867,77.628,107.708
312.796,234.685,77.628,107.708
310.250,233.595,77.628,107.708
312.796,234.685,77.628,107.708
310.250,232.867,77.628,107.708
312.796,233.958,77.628,107.708
310.250,232.867,77.628,107.708
312.796,234.685,77.628,107.708
310.250,233.595,77.628,107.708
312.068,234.685,77.628,107.708
310.250,232.867,77.628,107.708
312.796,234.685,77.628,107.708
310.250,232.867,77.628,107.708
312.068,233.958,77.628,107.708
310.250,232.867,77.628,107.708
312.796,233.958,77.628,107.708
310.250,232.867,77.628,107.708
312.796,233.958,77.628,107.708
310.250,232.867,77.628,107.708
312.796,233.958,77.628,107.708
310.250,232.867,77.628,107.708
312.796,233.958,77.628,107.708
310.250,232.867,77.628,107.708
312.796,234.685,77.628,107.708
310.250,233.595,77.628,107.708
312.796,234.685,77.628,107.708
310.250,233.595,77.628,107.708
312.796,234.685,77.628,107.708
310.250,233.595,77.628,107.708
312.796,234.685,77.628,107.708
310.250,232.867,77.628,107.708
312.796,233.958,77.628,107.708
310.250,232.867,77.628,107.708
312.796,233.958,77.628,107.708
310.250,232.867,77.628,107.708
312.796,233.958,77.628,107.708
310.250,232.867,77.628,107.708
312.796,233.958,77.628,107.708
310.250,232.867,77.628,107.708
312.796,233.958,77.628,107.708
310.250,232.867,77.628,107.708
312.796,233.958,77.628,107.708
310.250,232.867,77.628,107.708
312.796,233.958,77.628,107.708
310.250,232.867,77.628,107.708
312.796,233.958,77.628,107.708
310.250,232.867,77.628,107.708
312.796,233.958,77.628,107.708
310.250,232.867,77.628,107.708
312.796,233.958,77.628,107.708
310.250,232.867,77.628,107.708
312.796,233.958,77.628,107.708
310.250,232.867,77.628,107.708
312.796,233.958,77.628,107.708
310.250,232.867,77.628,107.708
312.796,233.958,77.628,107.708
310.250,232.867,77.628,107.708
312.796,233.958,77.628,107.708
310.250,232.867,77.628,107.708
312.796,233.958,77.628,107.708
310.250,232.867,77.628,107.708
312.068,233.958,77.628,107.708
310.978,232.867,77.628,107.708
312.068,234.685,77.628,107.708
310.978,233.595,77.628,107.708
312.068,235.413,77.628,107.708
310.978,233.595,77.628,107.708
312.068,234.685,77.628,107.708
310.250,232.867,77.628,107.708
312.068,233.958,77.628,107.708
310.978,232.867,77.628,107.708
312.068,233.958,77.628,107.708
310.978,232.867,77.628,107.708
312.068,233.958,77.628,107.708
310.978,232.867,77.628,107.708
312.068,234.685,77.628,107.708
310.250,232.867,77.628,107.708
312.796,233.958,77.628,107.708
310.250,232.867,77.628,107.708
312.796,233.958,77.628,107.708
310.250,232.867,77.628,107.708
312.796,233.958,77.628,107.708
310.250,232.867,77.628,107.708
312.796,233.958,77.628,107.708
310.250,232.867,77.628,107.708
312.796,233.958,77.628,107.708
310.250,232.867,77.628,107.708
312.796,233.958,77.628,107.708
310.250,232.867,77.628,107.708
312.068,233.958,77.628,107.708
310.978,232.867,77.628,107.708
312.796,234.685,77.628,107.708
310.250,232.867,77.628,107.708
312.796,233.958,77.628,107.708
310.250,232.867,77.628,107.708
312.796,233.958,77.628,107.708
310.250,232.867,77.628,107.708
312.796,233.958,77.628,107.708
310.250,232.867,77.628,107.708
312.068,233.958,77.628,107.708
310.978,232.867,77.628,107.708
312.796,234.685,77.628,107.708
310.250,232.867,77.628,107.708
312.796,233.958,77.628,107.708
310.250,232.867,77.628,107.708
312.068,231.776,77.628,107.708
308.796,228.504,77.628,107.708
308.432,228.140,77.628,107.708
306.614,224.867,77.628,107.708
306.978,221.595,77.628,107.708
305.159,218.322,77.628,107.708
305.523,214.322,77.628,107.708
307.341,210.322,77.628,107.708
309.887,204.868,77.628,107.708
313.887,198.686,77.628,107.708
317.887,193.232,77.628,107.708
324.068,188.504,77.628,107.708
330.250,182.323,77.628,107.708
335.704,176.141,77.628,107.708
341.886,170.686,77.628,107.708
347.341,165.232,77.628,107.708
352.795,159.778,77.628,107.708
358.250,154.323,77.628,107.708
365.737,149.752,78.307,108.651
374.907,143.516,78.307,108.651
383.964,138.153,78.992,109.601
392.475,134.823,78.992,109.601
403.946,132.233,78.992,109.601
413.082,129.098,79.683,110.560
420.002,126.702,80.380,111.528
427.909,127.078,80.380,111.528
434.310,128.961,80.380,111.528
439.748,130.403,81.084,112.504
445.233,132.636,81.793,113.488
449.980,135.674,82.509,114.481
453.459,136.833,82.509,114.481
458.483,138.765,82.509,114.481
462.735,140.698,82.509,114.481
465.440,142.630,82.509,114.481
468.146,143.790,82.509,114.481
471.624,147.268,82.509,114.481
474.330,150.747,82.509,114.481
476.262,153.452,82.509,114.481
477.745,157.335,81.804,113.504
478.895,160.783,81.804,113.504
480.045,164.232,81.804,113.504
481.961,166.915,81.804,113.504
483.110,169.597,81.804,113.504
485.026,173.046,81.804,113.504
487.709,173.429,81.804,113.504
489.927,176.530,81.106,112.535
486.196,176.640,80.414,111.574
488.833,182.290,80.414,111.574
485.869,184.604,79.727,110.622
487.302,186.898,79.047,109.677
483.666,187.005,78.372,108.741
482.209,187.111,77.703,107.813
480.055,188.636,77.040,106.892
478.251,186.832,77.040,106.892
475.725,185.749,77.040,106.892
473.199,184.667,77.040,106.892
471.767,184.771,76.382,105.980
470.694,182.982,76.382,105.980
469.620,181.908,76.382,105.980
467.831,180.835,76.382,105.980
470.601,182.335,75.730,105.075
467.408,179.851,75.730,105.075
470.601,178.787,75.730,105.075
472.654,177.505,75.083,104.178
473.710,174.340,75.083,104.178
475.746,172.382,74.442,103.289
476.404,170.442,73.807,102.407
479.515,170.096,73.807,102.407
478.478,167.676,73.807,102.407
480.898,167.330,73.807,102.407
481.244,166.293,73.807,102.407
480.898,165.256,73.807,102.407
478.478,164.219,73.807,102.407
476.749,163.873,73.807,102.407
475.021,162.836,73.807,102.407
473.292,163.181,73.807,102.407
472.255,162.144,73.807,102.407
469.835,160.416,73.807,102.407
468.106,159.378,73.807,102.407
468.452,158.341,73.807,102.407
468.797,157.304,73.807,102.407
471.218,156.267,73.807,102.407
472.255,155.230,73.807,102.407
473.984,155.575,73.807,102.407
475.432,155.482,74.453,103.303
474.386,155.133,74.453,103.303
477.278,155.753,75.104,104.207
474.815,153.994,75.104,104.207
476.574,152.939,75.104,104.207
476.222,152.587,75.104,104.207
475.871,152.235,75.104,104.207
476.624,150.698,75.761,105.119
478.398,149.633,75.761,105.119
476.624,148.568,75.761,105.119
479.108,147.504,75.761,105.119
481.323,149.590,76.424,106.039
478.420,149.493,77.093,106.967
475.892,151.299,77.093,106.967
471.920,153.104,77.093,106.967
466.030,152.266,77.768,107.903
459.837,152.630,77.768,107.903
453.644,152.995,77.768,107.903
448.180,154.088,77.768,107.903
443.444,155.180,77.768,107.903
440.894,154.816,77.768,107.903
438.344,152.266,77.768,107.903
436.523,150.445,77.768,107.903
396.229,149.599,78.448,108.847
388.512,152.907,78.448,108.847
383.000,154.009,78.448,108.847
382.633,152.907,78.448,108.847
382.265,155.479,78.448,108.847
381.163,153.641,78.448,108.847
384.470,157.684,78.448,108.847
380.428,154.376,78.448,108.847
384.470,157.684,78.448,108.847
386.010,156.078,79.134,109.799
380.923,161.248,78.459,108.862
384.231,163.820,78.459,108.862
385.334,166.393,78.459,108.862
379.821,166.025,78.459,108.862
422.821,172.273,78.459,108.862
420.249,175.581,78.459,108.862
412.531,178.889,78.459,108.862
396.727,178.521,78.459,108.862
380.209,175.759,77.789,107.932
371.654,176.575,77.125,107.011
358.287,174.046,77.125,107.011
344.197,175.853,77.125,107.011
333.720,177.659,77.125,107.011
321.008,179.878,76.467,106.098
313.486,180.953,76.467,106.098
304.707,184.527,77.136,107.026
293.629,185.911,77.811,107.962
286.937,186.559,78.492,108.907
279.433,184.198,79.178,109.860
273.384,182.577,79.871,110.821
268.520,179.958,79.871,110.821
265.487,178.323,80.570,111.791
263.599,174.926,80.570,111.791
262.860,171.729,81.275,112.769
264.456,167.724,81.986,113.756
267.640,165.258,82.704,114.751
274.029,159.593,83.427,115.755
280.473,153.880,84.157,116.768
288.591,144.075,84.894,117.790
298.532,134.929,84.894,117.790
307.679,124.192,84.894,117.790
313.644,115.841,84.894,117.790
318.018,109.080,84.894,117.790
322.130,102.451,85.636,118.821
321.729,95.631,85.636,118.821
322.588,88.944,86.386,119.860
320.966,83.027,87.142,120.909
318.108,75.272,87.142,120.909
315.251,69.965,87.142,120.909
310.761,64.658,87.142,120.909
307.549,59.997,86.398,119.877
304.716,56.355,86.398,119.877
299.454,51.903,86.398,119.877
293.384,46.642,86.398,119.877
287.313,44.618,86.398,119.877
282.861,44.214,86.398,119.877
280.028,44.618,86.398,119.877
276.386,45.832,86.398,119.877
274.780,46.739,85.660,118.854
273.577,49.548,85.660,118.854
276.385,51.554,85.660,118.854
274.379,51.955,85.660,118.854
277.990,54.764,85.660,118.854
278.392,55.968,85.660,118.854
282.003,57.172,85.660,118.854
287.219,60.783,85.660,118.854
294.041,65.999,85.660,118.854
303.270,71.216,85.660,118.854
313.301,78.037,85.660,118.854
320.123,85.661,85.660,118.854
328.549,94.890,85.660,118.854
334.568,101.711,85.660,118.854
339.784,108.533,85.660,118.854
345.803,120.169,85.660,118.854
351.822,131.003,85.660,118.854
356.236,139.430,85.660,118.854
359.045,145.448,85.660,118.854
357.038,152.270,85.660,118.854
354.229,157.486,85.660,118.854
352.223,165.110,85.660,118.854
351.822,171.932,85.660,118.854
348.211,175.543,85.660,118.854
341.389,172.734,85.660,118.854
335.370,173.135,85.660,118.854
330.154,171.932,85.660,118.854
324.938,172.333,85.660,118.854
322.129,169.524,85.660,118.854
311.295,169.123,85.660,118.854
296.448,166.314,85.660,118.854
288.824,162.703,85.660,118.854
286.450,157.338,84.929,117.839
282.869,154.553,84.929,117.839
293.711,156.997,84.204,116.833
300.417,155.024,84.204,116.833
305.009,152.829,83.485,115.836
310.875,151.656,83.485,115.836
310.087,149.480,82.772,114.847
315.127,148.317,82.772,114.847
320.168,144.827,82.772,114.847
324.433,142.888,82.772,114.847
323.651,139.974,82.066,113.866
327.880,140.359,82.066,113.866
322.114,137.668,82.066,113.866
317.885,137.283,82.066,113.866
309.043,135.361,82.066,113.866
299.267,133.222,81.365,112.894
295.837,134.365,81.365,112.894
291.645,134.746,81.365,112.894
286.690,135.890,81.365,112.894
281.735,133.984,81.365,112.894
278.305,130.554,81.365,112.894
274.874,130.173,81.365,112.894
269.920,129.792,81.365,112.894
264.965,131.697,81.365,112.894
258.749,137.845,82.077,113.882
288.732,123.702,81.377,112.910
293.170,123.068,80.682,111.946
289.458,122.440,79.993,110.991
287.585,122.065,79.993,110.991
291.948,122.173,79.310,110.043
288.299,121.556,78.633,109.104
292.351,122.661,78.633,109.104
288.015,122.048,77.962,108.172
294.405,123.579,77.296,107.249
289.698,122.493,77.296,107.249
295.129,122.855,77.296,107.249
290.422,122.493,77.296,107.249
286.439,122.855,77.296,107.249
291.146,121.769,77.296,107.249
287.887,120.682,77.296,107.249
294.043,120.320,77.296,107.249
290.784,117.061,77.296,107.249
296.939,117.424,77.296,107.249
292.232,116.337,77.296,107.249
298.567,118.561,76.637,106.333
295.336,117.484,76.637,106.333
300.003,119.997,76.637,106.333
297.490,118.920,76.637,106.333
296.066,119.724,75.982,105.426
301.405,120.792,75.982,105.426
300.337,119.724,75.982,105.426
304.964,122.216,75.982,105.426
303.185,121.148,75.982,105.426
306.388,122.216,75.982,105.426
304.608,121.860,75.982,105.426
305.676,121.504,75.982,105.426
306.744,123.284,75.982,105.426
309.499,123.386,75.334,104.526
307.029,122.328,75.334,104.526
310.205,122.681,75.334,104.526
308.440,122.328,75.334,104.526
308.793,121.975,75.334,104.526
309.146,120.916,75.334,104.526
309.499,120.563,75.334,104.526
307.029,119.505,75.334,104.526
308.793,119.152,75.334,104.526
306.016,117.877,74.691,103.633
304.267,116.827,74.691,103.633
302.196,115.563,74.053,102.749
299.074,113.828,74.053,102.749
296.646,114.175,74.053,102.749
292.830,113.828,74.053,102.749
288.747,117.312,73.421,101.872
295.124,117.219,74.063,102.763
291.307,116.872,74.063,102.763
289.573,115.138,74.063,102.763
295.471,114.791,74.063,102.763
292.348,112.362,74.063,102.763
291.307,111.321,74.063,102.763
295.124,111.668,74.063,102.763
292.001,112.709,74.063,102.763
290.267,110.974,74.063,102.763
296.699,115.148,74.711,103.662
294.949,111.998,74.711,103.662
300.899,111.648,74.711,103.662
303.349,110.598,74.711,103.662
304.398,108.848,74.711,103.662
306.848,106.399,74.711,103.662
309.298,106.049,74.711,103.662
311.048,104.299,74.711,103.662
314.898,103.949,74.711,103.662
318.047,102.899,74.711,103.662
322.597,103.249,74.711,103.662
327.147,104.299,74.711,103.662
330.996,105.349,74.711,103.662
335.546,106.399,74.711,103.662
340.795,108.148,74.711,103.662
345.132,109.488,75.365,104.569
348.059,109.393,76.025,105.484
351.264,111.173,76.025,105.484
353.757,110.105,76.025,105.484
357.440,112.929,76.690,106.407
361.391,112.570,76.690,106.407
365.843,113.945,77.361,107.338
370.553,110.684,77.361,107.338
376.530,112.814,78.038,108.277
379.088,110.986,78.038,108.277
382.378,114.276,78.038,108.277
384.206,116.104,78.038,108.277
385.303,117.201,78.038,108.277
386.085,116.352,78.721,109.225
386.454,115.246,78.721,109.225
389.035,116.352,78.721,109.225
387.192,115.246,78.721,109.225
389.035,117.090,78.721,109.225
387.929,116.721,78.721,109.225
388.298,115.615,78.721,109.225
387.192,114.509,78.721,109.225
389.035,116.352,78.721,109.225
387.192,115.984,78.721,109.225
389.773,117.827,78.721,109.225
387.929,115.984,78.721,109.225
389.773,119.302,78.721,109.225
389.404,117.459,78.721,109.225
393.460,119.302,78.721,109.225
394.567,122.621,78.721,109.225
395.356,121.009,79.409,110.181
399.203,125.484,80.104,111.145
400.329,123.608,80.104,111.145
404.456,127.735,80.104,111.145
407.833,127.360,80.104,111.145
411.210,131.488,80.104,111.145
415.338,134.865,80.104,111.145
419.987,138.609,80.805,112.117
423.394,140.502,80.805,112.117
425.287,142.394,80.805,112.117
425.665,145.801,80.805,112.117
425.287,149.208,80.805,112.117
423.769,147.553,81.512,113.098
421.860,151.753,81.512,113.098
418.764,153.215,82.225,114.088
413.272,152.322,82.945,115.086
405.889,149.602,82.945,115.086
399.284,152.322,82.945,115.086
391.902,150.379,82.945,115.086
387.158,153.460,83.671,116.093
384.415,151.500,83.671,116.093
381.671,147.189,83.671,116.093
379.352,143.478,82.956,115.102
375.077,142.312,82.956,115.102
371.580,140.369,82.956,115.102
368.860,139.203,82.956,115.102
364.585,138.038,82.956,115.102
362.642,137.649,82.956,115.102
359.145,134.929,82.956,115.102
359.977,132.434,83.682,116.109
354.097,129.690,83.682,116.109
352.542,127.508,82.968,115.118
350.242,126.104,82.260,114.135
352.939,126.489,82.260,114.135
