23.000,88.000,66.000,55.000
24.690,89.690,66.000,55.000
23.976,88.024,66.000,55.000
25.166,89.690,66.000,55.000
25.879,88.976,66.000,55.000
24.690,88.738,66.000,55.000
24.928,90.404,66.000,55.000
25.166,90.166,66.000,55.000
26.096,88.218,66.578,55.481
25.856,88.458,66.578,55.481
25.616,88.698,66.578,55.481
25.856,87.978,66.578,55.481
27.056,86.778,66.578,55.481
26.816,86.058,66.578,55.481
27.536,84.857,66.578,55.481
26.816,83.177,66.578,55.481
28.977,83.417,66.578,55.481
28.257,82.217,66.578,55.481
28.977,81.977,66.578,55.481
28.558,81.980,66.009,55.008
30.224,82.694,66.009,55.008
30.462,82.456,66.009,55.008
30.700,82.694,66.009,55.008
31.414,82.932,66.009,55.008
30.535,82.470,65.446,54.538
32.658,82.706,65.446,54.538
32.422,81.998,65.446,54.538
34.546,82.706,65.446,54.538
33.366,81.526,65.446,54.538
35.490,81.762,65.446,54.538
34.158,82.225,64.887,54.072
36.731,82.459,64.887,54.072
36.029,81.757,64.887,54.072
36.263,81.055,64.887,54.072
36.768,81.971,64.333,53.611
37.000,80.347,64.333,53.611
38.160,80.579,64.333,53.611
37.928,78.956,64.333,53.611
39.088,77.796,64.333,53.611
39.136,76.894,63.784,53.153
40.286,76.664,63.784,53.153
40.516,76.434,63.784,53.153
41.205,76.664,63.784,53.153
41.435,76.894,63.784,53.153
41.205,77.123,63.784,53.153
43.048,79.369,63.239,52.699
42.206,80.707,62.700,52.250
41.812,81.591,62.164,51.804
44.277,82.712,62.164,51.804
43.012,81.402,61.634,51.361
44.123,82.958,61.634,51.361
43.012,81.847,61.634,51.361
44.567,82.069,61.634,51.361
43.012,79.625,61.634,51.361
45.226,81.795,61.107,50.923
43.684,82.015,61.107,50.923
45.667,82.236,61.107,50.923
45.006,82.456,61.107,50.923
46.107,83.998,61.107,50.923
43.684,84.218,61.107,50.923
46.107,84.879,61.107,50.923
44.565,85.540,61.107,50.923
46.989,84.879,61.107,50.923
45.315,84.882,60.586,50.488
46.407,85.537,60.586,50.488
45.174,83.835,60.069,50.057
47.332,84.259,59.556,49.630
45.829,82.756,59.556,49.630
45.185,81.683,59.556,49.630
47.976,82.756,59.556,49.630
46.764,82.340,59.047,49.206
49.106,80.850,59.047,49.206
47.190,80.637,59.047,49.206
49.531,81.701,59.047,49.206
48.330,79.211,58.543,48.786
50.229,80.267,58.543,48.786
50.440,81.322,58.543,48.786
49.385,79.845,58.543,48.786
50.862,80.478,58.543,48.786
50.083,80.480,58.044,48.370
52.168,80.482,57.548,47.957
50.715,79.030,57.548,47.957
51.753,79.238,57.548,47.957
52.201,77.621,57.057,47.547
52.244,78.426,56.570,47.142
51.092,78.030,56.087,46.739
53.317,79.445,56.087,46.739
52.306,79.647,56.087,46.739
53.531,79.255,55.608,46.340
52.529,79.456,55.608,46.340
53.130,79.255,55.608,46.340
51.999,78.475,55.133,45.944
54.185,78.674,55.133,45.944
52.675,77.512,54.663,45.552
54.254,78.284,54.196,45.163
53.532,77.905,53.733,44.778
54.501,78.098,53.733,44.778
53.532,78.292,53.733,44.778
54.501,78.486,53.733,44.778
53.145,77.905,53.733,44.778
54.501,78.486,53.733,44.778
53.145,77.905,53.733,44.778
54.114,78.873,53.733,44.778
53.020,78.875,53.275,44.396
53.060,78.128,52.820,44.017
53.250,77.176,52.820,44.017
53.822,75.081,52.820,44.017
52.108,73.367,52.820,44.017
53.822,71.273,52.820,44.017
53.118,70.160,52.369,43.641
54.062,71.104,52.369,43.641
53.365,71.474,51.922,43.268
54.301,70.164,51.922,43.268
54.488,70.726,51.922,43.268
53.552,71.662,51.922,43.268
54.322,72.759,51.479,42.899
53.765,74.059,51.479,42.899
53.079,75.147,51.039,42.533
53.631,76.803,51.039,42.533
53.079,78.091,51.039,42.533
52.758,79.170,50.604,42.170
52.211,77.528,50.604,42.170
52.758,79.170,50.604,42.170
51.846,77.528,50.604,42.170
51.884,78.242,50.172,41.810
52.628,76.480,49.743,41.453
51.615,77.181,49.319,41.099
51.438,74.870,49.319,41.099
51.971,74.692,49.319,41.099
50.967,75.388,48.898,40.748
50.791,75.564,48.898,40.748
49.557,75.035,48.898,40.748
50.086,76.622,48.898,40.748
49.557,76.093,48.898,40.748
49.028,76.269,48.898,40.748
48.721,77.647,48.480,40.400
47.847,77.472,48.480,40.400
47.323,76.948,48.480,40.400
47.148,75.725,48.480,40.400
46.843,77.432,48.066,40.055
45.284,75.526,48.066,40.055
46.672,77.218,47.656,39.713
44.782,75.672,47.656,39.713
43.236,75.500,47.656,39.713
44.439,76.703,47.656,39.713
42.892,75.156,47.656,39.713
43.408,75.672,47.656,39.713
42.438,74.668,47.249,39.374
43.290,76.201,47.249,39.374
41.757,76.031,47.249,39.374
40.223,77.223,47.249,39.374
40.734,77.393,47.249,39.374
39.542,77.564,47.249,39.374
39.031,76.031,47.249,39.374
40.064,76.697,46.846,39.038
39.219,74.840,46.846,39.038
37.361,73.320,46.846,39.038
36.408,72.003,46.446,38.705
37.245,72.840,46.446,38.705
35.403,73.678,46.446,38.705
33.561,72.506,46.446,38.705
35.068,74.013,46.446,38.705
33.896,73.845,46.446,38.705
33.059,73.343,46.446,38.705
32.557,74.850,46.446,38.705
32.054,74.682,46.446,38.705
32.416,73.704,46.050,38.375
30.922,74.202,46.050,38.375
31.420,74.700,46.050,38.375
30.258,73.538,46.050,38.375
31.088,74.036,46.050,38.375
29.926,73.538,46.050,38.375
29.894,73.200,46.452,38.710
30.062,72.698,46.452,38.710
28.890,73.200,46.452,38.710
29.392,72.363,46.452,38.710
28.220,71.860,46.452,38.710
29.727,74.037,46.452,38.710
27.885,72.865,46.452,38.710
30.534,74.501,46.056,38.380
29.040,74.335,46.056,38.380
29.870,75.829,46.056,38.380
30.036,76.659,46.056,38.380
30.685,75.981,46.459,38.716
27.563,76.670,46.865,39.055
28.746,76.501,46.865,39.055
29.407,76.850,47.276,39.396
30.423,77.551,47.689,39.741
28.188,77.035,47.689,39.741
26.297,77.895,47.689,39.741
28.188,79.098,47.689,39.741
28.860,79.100,48.106,40.089
28.340,78.927,48.106,40.089
25.392,80.141,48.106,40.089
72.290,81.210,48.527,40.439
74.914,79.985,48.527,40.439
71.940,78.761,48.527,40.439
74.564,80.335,48.527,40.439
70.945,78.544,48.952,40.793
72.180,80.133,48.952,40.793
70.495,80.479,48.534,40.445
71.720,81.704,48.534,40.445
69.708,81.364,48.120,40.100
68.841,80.497,48.120,40.100
70.749,79.630,48.120,40.100
68.841,79.109,48.120,40.100
70.055,78.589,48.120,40.100
71.107,78.252,47.709,39.758
71.427,77.902,48.126,40.105
71.253,75.646,48.126,40.105
71.080,74.779,48.126,40.105
70.212,74.605,48.126,40.105
69.345,73.738,48.126,40.105
68.027,73.062,47.716,39.763
68.887,72.546,47.716,39.763
68.371,73.407,47.716,39.763
69.919,72.546,47.716,39.763
70.779,74.439,47.716,39.763
68.801,75.783,47.308,39.424
69.995,73.907,47.308,39.424
71.530,75.783,47.308,39.424
72.383,73.566,47.308,39.424
73.399,75.317,47.722,39.769
75.785,73.304,47.315,39.429
79.149,73.639,46.911,39.092
81.010,74.146,46.911,39.092
82.870,73.301,46.911,39.092
81.348,72.117,46.911,39.092
83.033,70.799,46.510,38.759
82.530,70.631,46.510,38.759
83.704,69.122,46.510,38.759
83.536,71.302,46.510,38.759
84.374,70.128,46.510,38.759
83.201,72.308,46.510,38.759
86.722,70.799,46.510,38.759
87.084,73.091,46.113,38.428
70.293,80.904,46.113,38.428
66.854,82.270,46.517,38.764
65.680,83.444,46.517,38.764
65.177,81.935,46.517,38.764
64.457,83.312,46.924,39.103
63.612,80.774,46.924,39.103
67.278,77.806,46.523,38.770
66.775,76.296,46.523,38.770
68.462,75.267,46.930,39.109
69.308,76.113,46.930,39.109
70.994,77.435,46.530,38.775
70.491,78.609,46.530,38.775
68.645,79.448,46.530,38.775
66.800,80.287,46.530,38.775
66.508,78.652,46.133,38.444
67.516,78.329,45.739,38.116
67.229,78.975,45.348,37.790
64.776,77.503,45.348,37.790
66.248,77.667,45.348,37.790
63.795,76.195,45.348,37.790
65.267,75.705,45.348,37.790
65.757,76.849,45.348,37.790
66.902,76.686,45.348,37.790
68.373,78.811,45.348,37.790
70.498,78.321,45.348,37.790
71.316,79.792,45.348,37.790
71.479,79.629,45.348,37.790
73.428,79.950,44.961,37.468
72.512,80.268,44.577,37.148
75.368,80.897,44.197,36.831
74.253,79.462,44.197,36.831
75.368,80.259,44.197,36.831
74.780,79.950,43.820,36.516
75.569,81.056,43.820,36.516
74.464,81.214,43.820,36.516
75.253,80.424,43.820,36.516
75.095,80.266,43.820,36.516
75.885,81.688,43.820,36.516
76.359,82.478,43.820,36.516
75.682,80.537,44.203,36.836
75.204,79.421,44.203,36.836
76.957,78.943,44.203,36.836
73.929,76.871,44.203,36.836
71.612,75.894,44.590,37.158
73.059,74.768,44.590,37.158
75.149,74.286,44.590,37.158
73.380,75.090,44.590,37.158
76.435,73.643,44.590,37.158
78.846,75.733,44.590,37.158
76.838,75.076,44.980,37.483
78.622,77.508,44.980,37.483
80.082,78.968,44.980,37.483
77.649,76.535,44.980,37.483
78.784,77.995,44.980,37.483
78.946,76.860,44.980,37.483
80.879,76.229,44.596,37.163
81.508,77.549,44.986,37.489
83.440,77.235,44.602,37.168
84.566,76.752,44.602,37.168
84.083,75.627,44.602,37.168
85.058,77.511,44.221,36.851
85.713,76.890,43.844,36.537
85.555,77.365,43.844,36.537
87.926,76.890,43.844,36.537
89.033,78.313,43.844,36.537
90.299,79.548,43.470,36.225
88.803,78.939,43.099,35.915
72.464,59.537,42.731,35.609
70.993,60.140,42.366,35.305
72.813,60.439,42.004,35.004
74.647,61.062,42.372,35.310
76.327,60.604,42.372,35.310
78.446,59.712,42.010,35.008
80.546,59.418,41.651,34.710
82.042,59.419,41.296,34.413
83.816,60.293,40.943,34.119
83.847,59.718,40.594,33.828
86.162,58.863,40.247,33.539
88.740,59.431,39.904,33.253
87.733,57.848,39.904,33.253
90.570,58.692,39.563,32.969
92.270,58.972,39.225,32.688
97.785,80.043,39.225,32.688
99.470,81.700,38.890,32.409
99.773,81.428,38.559,32.132
101.429,83.328,38.229,31.858
103.497,82.915,38.229,31.858
104.870,82.647,37.903,31.586
107.831,85.315,37.579,31.316
108.509,84.909,37.579,31.316
111.083,86.941,37.579,31.316
112.573,85.993,37.579,31.316
114.334,87.754,37.579,31.316
113.476,63.870,37.908,31.590
114.432,62.640,37.908,31.590
115.389,61.684,37.908,31.590
117.166,62.094,37.908,31.590
119.216,60.044,37.908,31.590
120.871,58.925,38.240,31.867
122.258,59.775,38.575,32.145
124.622,60.192,38.575,32.145
126.430,58.940,38.575,32.145
128.516,60.470,38.575,32.145
129.902,59.386,38.245,31.871
131.694,60.627,38.245,31.871
133.606,60.898,37.919,31.599
135.502,61.699,37.595,31.329
137.381,62.230,37.274,31.062
139.128,61.020,37.274,31.062
141.413,61.692,37.274,31.062
143.966,62.364,37.274,31.062
145.713,61.423,37.274,31.062
147.997,61.020,37.274,31.062
149.476,60.348,37.274,31.062
151.339,60.874,36.956,30.797
153.338,59.942,36.956,30.797
151.605,58.743,36.956,30.797
152.933,59.004,36.640,30.534
154.507,59.005,36.328,30.273
156.210,59.660,36.328,30.273
157.796,59.394,36.646,30.538
158.854,59.937,36.966,30.805
160.195,59.666,37.290,31.075
162.750,61.413,37.290,31.075
164.766,61.279,37.290,31.075
170.547,59.800,37.290,31.075
171.624,57.703,36.971,30.809
173.890,58.903,36.971,30.809
176.956,60.102,36.971,30.809
179.584,56.983,36.656,30.546
181.038,56.851,36.656,30.546
183.902,55.047,36.343,30.286
186.915,54.654,36.343,30.286
188.732,55.678,36.033,30.027
191.104,54.615,36.348,30.290
193.497,53.542,36.666,30.555
196.453,55.441,36.987,30.822
197.795,54.349,37.310,31.092
200.082,55.560,37.310,31.092
229.837,84.515,37.637,31.364
231.058,82.480,37.637,31.364
232.423,80.813,37.966,31.638
233.655,82.044,37.966,31.638
233.910,80.082,38.298,31.915
236.432,81.216,38.633,32.195
237.964,80.520,38.633,32.195
240.331,81.773,38.633,32.195
241.306,82.748,38.633,32.195
242.993,81.323,38.971,32.476
244.820,83.149,38.971,32.476
246.365,83.571,38.971,32.476
247.911,83.430,38.971,32.476
250.299,84.133,38.971,32.476
252.289,83.847,39.312,32.760
255.168,82.686,39.656,33.047
257.192,84.447,40.003,33.336
256.760,82.572,40.003,33.336
258.635,84.158,40.003,33.336
260.381,82.682,40.354,33.628
258.490,81.664,40.354,33.628
259.656,83.652,40.009,33.341
262.685,86.393,40.009,33.341
268.022,88.845,40.009,33.341
273.317,90.325,40.359,33.633
275.378,89.134,40.712,33.927
278.753,90.455,40.712,33.927
278.607,89.721,40.712,33.927
281.102,90.749,40.712,33.927
282.579,91.052,41.068,34.224
284.372,91.964,41.428,34.523
283.326,91.218,41.428,34.523
285.865,92.263,41.428,34.523
285.417,93.309,41.428,34.523
286.905,95.059,41.074,34.228
288.534,94.022,41.074,34.228
290.010,95.469,40.724,33.936
290.613,96.043,40.376,33.647
292.064,94.909,40.031,33.359
293.502,95.473,39.690,33.075
287.669,123.395,39.351,32.792
286.392,123.536,39.351,32.792
284.548,123.678,39.351,32.792
285.408,124.234,39.015,32.512
284.065,124.510,38.682,32.235
285.320,125.486,38.682,32.235
287.253,122.222,38.352,31.960
285.933,121.414,38.024,31.687
287.299,121.683,37.700,31.416
288.654,122.745,37.378,31.148
290.259,123.273,37.059,30.882
288.202,123.014,36.742,30.619
290.297,123.015,36.429,30.357
291.742,122.621,36.429,30.357
290.034,123.540,36.429,30.357
290.166,124.460,36.429,30.357
291.348,126.167,36.429,30.357
292.004,128.925,36.429,30.357
290.364,132.427,36.747,30.623
289.967,134.944,36.747,30.623
290.629,137.726,36.747,30.623
290.232,141.303,36.747,30.623
290.629,145.410,36.747,30.623
292.351,150.312,36.747,30.623
292.749,153.889,36.747,30.623
293.941,158.791,36.747,30.623
292.418,161.636,36.434,30.361
289.922,167.284,36.434,30.361
288.477,172.406,36.434,30.361
286.568,185.602,36.752,30.627
284.050,191.300,36.752,30.627
286.038,197.527,36.752,30.627
284.383,212.197,37.074,30.895
279.705,218.479,37.074,30.895
274.759,228.770,37.074,30.895
272.440,234.509,36.758,30.631
269.657,233.052,36.758,30.631
268.730,234.774,36.758,30.631
268.499,232.190,36.444,30.370
268.893,233.898,36.444,30.370
268.599,236.055,36.763,30.636
289.495,199.649,37.084,30.904
274.387,189.354,37.084,30.904
275.857,191.627,37.084,30.904
277.863,194.435,37.084,30.904
280.671,195.905,37.084,30.904
283.478,197.376,37.084,30.904
277.194,195.905,37.084,30.904
286.419,202.456,37.084,30.904
284.360,205.849,36.768,30.640
281.618,216.992,37.089,30.908
275.868,227.021,37.089,30.908
270.653,231.701,37.089,30.908
268.648,232.637,37.089,30.908
267.979,233.840,37.089,30.908
266.857,234.939,37.414,31.178
265.449,233.281,37.741,31.451
265.041,234.234,37.741,31.451
264.361,232.737,37.741,31.451
263.777,234.413,38.072,31.726
264.314,234.696,38.405,32.004
290.117,196.664,38.741,32.284
286.626,198.759,38.741,32.284
280.620,195.267,38.741,32.284
278.804,196.803,38.741,32.284
284.531,199.457,38.741,32.284
283.274,198.479,38.741,32.284
282.296,197.502,38.741,32.284
288.593,203.499,38.410,32.008
307.287,202.253,38.410,32.008
309.364,201.006,38.410,32.008
311.441,201.699,38.410,32.008
310.390,201.430,38.082,31.735
308.879,201.293,38.082,31.735
311.488,203.078,38.082,31.735
312.306,201.391,38.415,32.013
310.783,202.360,38.415,32.013
310.001,204.253,38.087,31.740
291.464,186.265,38.087,31.740
290.228,194.092,38.087,31.740
286.795,199.173,38.087,31.740
293.249,203.704,38.087,31.740
256.586,178.576,38.087,31.740
258.646,179.537,38.087,31.740
260.980,181.047,38.087,31.740
258.646,179.537,38.087,31.740
261.255,181.597,38.087,31.740
271.553,189.149,38.087,31.740
287.070,198.623,38.087,31.740
293.798,208.373,38.087,31.740
282.127,198.623,38.087,31.740
292.974,207.274,38.087,31.740
256.312,187.638,38.087,31.740
265.512,194.092,38.087,31.740
247.321,175.875,37.762,31.469
257.260,183.362,37.762,31.469
273.226,193.458,37.440,31.200
289.019,204.391,37.440,31.200
303.796,213.874,37.120,30.934
268.064,193.934,37.120,30.934
231.277,168.971,37.445,31.204
229.792,166.946,37.445,31.204
226.957,165.461,37.445,31.204
226.012,164.246,37.445,31.204
232.357,168.431,37.445,31.204
241.942,174.506,37.445,31.204
252.066,180.851,37.445,31.204
263.271,187.195,37.445,31.204
285.816,202.450,37.445,31.204
292.701,209.605,37.445,31.204
285.006,203.800,37.445,31.204
253.551,184.495,37.445,31.204
228.029,163.951,37.126,30.938
233.517,168.903,37.126,30.938
238.469,172.785,37.126,30.938
247.436,178.540,37.126,30.938
283.173,199.554,37.126,30.938
281.165,197.278,37.126,30.938
283.884,205.786,37.450,31.209
285.756,220.540,37.131,30.942
271.968,230.312,37.131,30.942
269.425,232.320,37.131,30.942
267.753,234.518,37.456,31.213
266.343,233.412,37.783,31.486
269.669,195.996,38.114,31.762
268.432,193.934,38.114,31.762
266.371,191.873,38.114,31.762
272.554,195.858,38.114,31.762
287.061,203.367,37.789,31.490
286.197,197.783,38.119,31.766
285.690,197.516,37.794,31.495
287.189,197.653,37.794,31.495
292.002,162.295,37.471,31.226
289.976,168.914,37.471,31.226
285.248,170.130,37.471,31.226
284.032,179.991,37.471,31.226
287.680,197.688,37.471,31.226
278.358,191.339,37.471,31.226
283.318,198.818,37.799,31.499
246.933,168.157,37.799,31.499
237.257,165.568,37.799,31.499
235.213,165.159,37.799,31.499
240.255,168.021,37.799,31.499
246.660,173.063,37.799,31.499
253.619,178.093,38.130,31.775
264.019,184.858,38.463,32.053
284.404,195.813,38.463,32.053
290.385,201.767,38.135,31.779
305.646,200.530,38.135,31.779
307.983,199.842,38.135,31.779
309.770,200.805,38.135,31.779
311.999,200.807,38.469,32.057
311.216,202.432,38.140,31.784
310.063,201.024,38.474,32.062
305.485,198.944,38.474,32.062
294.528,178.554,38.474,32.062
288.563,176.196,38.474,32.062
285.694,187.003,38.811,32.342
247.231,163.771,39.150,32.625
245.679,162.783,39.150,32.625
247.796,163.771,39.150,32.625
249.631,165.041,39.150,32.625
254.288,167.723,39.150,32.625
260.922,171.534,39.150,32.625
271.790,179.015,39.150,32.625
282.285,185.901,38.816,32.347
284.944,193.878,38.816,32.347
284.524,212.490,38.816,32.347
286.343,227.183,38.816,32.347
271.930,233.481,38.816,32.347
269.034,232.622,39.156,32.630
267.199,233.046,39.156,32.630
266.493,231.493,39.156,32.630
265.972,232.596,38.821,32.351
265.085,234.033,39.161,32.634
264.379,232.762,39.161,32.634
263.484,234.790,39.504,32.920
262.958,233.124,39.167,32.639
262.534,234.677,39.167,32.639
261.828,233.406,39.167,32.639
260.644,234.856,39.509,32.924
260.033,235.442,39.855,33.213
259.417,233.971,40.204,33.503
258.201,235.756,40.556,33.796
257.874,235.758,40.910,34.092
288.384,195.244,41.268,34.390
290.156,200.181,40.916,34.097
290.599,190.593,40.916,34.097
251.214,164.484,40.916,34.097
253.426,165.516,40.916,34.097
260.653,168.972,40.567,33.806
280.104,180.233,40.567,33.806
290.780,191.494,40.567,33.806
300.647,198.392,40.922,34.101
303.745,197.064,40.922,34.101
305.834,196.461,41.280,34.400
303.670,194.633,41.641,34.701
300.518,195.984,41.641,34.701
301.721,201.218,42.005,35.004
289.151,190.163,42.005,35.004
286.950,191.096,42.373,35.311
285.042,190.159,42.744,35.620
284.579,186.923,42.744,35.620
289.357,189.543,42.744,35.620
289.689,193.453,42.379,35.316
282.268,186.598,42.017,35.014
284.843,190.082,42.017,35.014
278.633,180.842,42.017,35.014
279.087,186.144,42.017,35.014
282.268,192.051,42.017,35.014
283.026,210.381,42.017,35.014
286.813,226.892,42.017,35.014
271.210,233.708,42.017,35.014
268.877,232.528,41.658,34.715
266.625,232.678,41.658,34.715
264.071,231.927,41.658,34.715
263.119,234.084,42.023,35.019
262.059,232.721,42.023,35.019
283.420,192.270,42.023,35.019
283.572,194.846,42.023,35.019
284.329,196.512,42.023,35.019
282.057,194.240,42.023,35.019
284.632,196.512,42.023,35.019
288.117,198.785,42.023,35.019
286.147,196.209,42.023,35.019
288.604,197.764,42.391,35.325
277.753,185.691,42.391,35.325
285.241,194.402,42.391,35.325
258.435,174.723,42.029,35.024
271.315,185.481,42.029,35.024
287.128,193.869,42.396,35.330
279.944,190.965,42.396,35.330
278.263,187.450,42.396,35.330
236.247,161.445,42.767,35.639
229.000,159.441,42.767,35.639
230.388,161.445,42.767,35.639
232.392,163.449,42.767,35.639
235.938,165.762,42.767,35.639
242.877,168.383,42.767,35.639
254.226,175.971,43.142,35.951
265.891,182.970,43.142,35.951
283.778,194.013,43.142,35.951
289.533,200.701,43.142,35.951
287.511,197.435,43.142,35.951
286.733,196.968,43.142,35.951
280.392,192.721,42.773,35.644
283.433,199.944,42.408,35.340
267.074,183.585,42.408,35.340
271.879,190.747,42.046,35.038
286.886,202.419,42.046,35.038
284.993,209.568,42.414,35.345
274.136,193.206,42.414,35.345
273.677,195.500,42.414,35.345
279.335,202.381,42.414,35.345
281.017,210.791,42.414,35.345
264.044,193.512,42.414,35.345
257.775,191.524,42.414,35.345
254.869,189.537,42.414,35.345
253.187,187.243,42.414,35.345
264.044,195.347,42.414,35.345
280.406,205.898,42.414,35.345
283.123,212.464,42.052,35.043
281.971,195.308,41.693,34.744
287.232,202.373,41.693,34.744
303.916,197.412,41.693,34.744
305.570,196.961,41.693,34.744
303.076,196.039,42.058,35.048
297.769,199.830,42.058,35.048
308.620,197.656,42.426,35.355
281.241,156.817,42.426,35.355
284.148,169.818,42.426,35.355
282.771,195.362,42.426,35.355
241.932,168.901,42.426,35.355
239.638,171.195,42.426,35.355
240.709,173.183,42.426,35.355
239.332,172.113,42.426,35.355
242.238,175.019,42.426,35.355
247.898,179.149,42.426,35.355
255.394,186.362,42.797,35.664
260.794,184.048,42.797,35.664
281.932,211.049,42.797,35.664
285.790,225.707,42.797,35.664
270.206,230.798,42.797,35.664
264.484,231.117,43.172,35.976
262.540,230.481,43.549,36.291
261.441,230.638,43.549,36.291
260.028,232.051,43.549,36.291
259.243,230.324,43.549,36.291
257.282,232.901,43.930,36.609
247.512,189.397,44.315,36.929
246.713,194.349,44.315,36.929
243.678,177.574,44.315,36.929
245.755,180.929,44.315,36.929
242.080,179.172,44.315,36.929
243.837,179.012,44.315,36.929
251.027,185.882,44.315,36.929
258.202,192.107,44.702,37.252
281.893,204.516,44.702,37.252
287.211,191.785,44.702,37.252
304.133,193.557,44.702,37.252
307.195,194.041,44.702,37.252
309.430,194.986,44.321,36.934
307.592,197.482,43.943,36.619
309.018,195.739,43.943,36.619
290.152,152.223,44.327,36.939
287.435,152.383,44.327,36.939
285.358,158.296,44.327,36.939
283.920,165.487,44.327,36.939
282.481,173.637,44.327,36.939
283.920,184.984,44.327,36.939
282.481,193.454,44.327,36.939
279.765,205.759,44.327,36.939
282.162,212.950,44.327,36.939
284.878,215.667,44.327,36.939
283.120,214.868,44.327,36.939
281.043,214.388,44.327,36.939
284.079,217.105,44.327,36.939
286.796,227.812,44.327,36.939
269.377,232.766,44.327,36.939
266.398,233.751,44.715,37.262
264.303,233.912,44.715,37.262
263.707,234.858,44.333,36.944
265.146,229.903,44.333,36.944
293.294,186.000,44.721,37.268
281.695,183.028,45.112,37.594
279.906,192.298,45.112,37.594
278.442,199.292,45.112,37.594
275.411,208.629,45.507,37.923
283.122,221.590,45.507,37.923
239.317,195.176,45.507,37.923
237.184,196.325,45.507,37.923
231.442,193.536,45.507,37.923
228.325,192.715,45.507,37.923
229.320,195.598,45.119,37.599
217.445,188.929,45.119,37.599
228.419,191.599,45.513,37.928
228.051,209.093,45.912,38.260
228.879,212.569,45.912,38.260
229.187,210.535,46.313,38.595
231.024,211.704,46.313,38.595
233.339,212.683,45.918,38.265
239.464,209.869,45.918,38.265
246.220,210.210,46.320,38.600
248.391,211.379,46.320,38.600
241.545,204.533,46.320,38.600
253.837,208.301,46.725,38.938
208.860,178.821,46.725,38.938
205.996,177.305,46.725,38.938
202.796,175.115,46.725,38.938
204.312,177.642,46.725,38.938
205.491,180.843,46.725,38.938
211.387,188.086,46.725,38.938
213.577,191.287,46.725,38.938
258.554,220.766,46.725,38.938
257.486,227.330,47.134,39.278
256.527,230.316,46.732,38.943
254.674,227.451,46.732,38.943
255.853,227.957,46.732,38.943
254.902,230.260,46.333,38.611
255.588,232.543,45.937,38.281
260.650,225.076,46.339,38.616
280.196,180.471,46.339,38.616
282.368,190.328,46.339,38.616
281.198,203.525,46.339,38.616
284.819,216.240,45.944,38.286
239.288,191.795,46.346,38.621
237.450,189.957,46.346,38.621
234.943,187.116,46.346,38.621
232.771,184.944,46.346,38.621
236.948,189.121,46.346,38.621
249.814,197.643,46.346,38.621
272.344,220.140,45.950,38.292
264.889,232.233,45.950,38.292
262.661,233.851,45.558,37.965
257.888,231.930,45.169,37.641
256.748,232.744,45.169,37.641
255.609,232.907,45.169,37.641
255.325,233.862,44.783,37.319
249.674,235.315,44.783,37.319
247.989,234.324,45.175,37.646
281.390,192.061,44.789,37.324
287.364,169.616,44.789,37.324
287.849,171.069,44.789,37.324
280.583,177.690,44.789,37.324
283.005,188.831,44.789,37.324
279.937,211.599,44.789,37.324
281.713,213.698,44.789,37.324
280.260,212.245,44.789,37.324
282.036,213.698,44.789,37.324
285.104,216.120,44.789,37.324
283.247,213.602,44.407,37.006
284.368,215.683,44.407,37.006
286.588,218.184,44.028,36.690
285.159,216.755,44.028,36.690
283.731,214.374,44.028,36.690
281.985,213.581,44.028,36.690
285.000,215.009,44.028,36.690
282.937,212.628,44.028,36.690
284.366,214.057,44.028,36.690
281.985,213.263,44.028,36.690
280.239,213.104,44.028,36.690
277.858,211.993,44.028,36.690
278.969,208.660,44.028,36.690
277.637,207.361,44.413,37.011
281.320,210.723,44.413,37.011
285.963,214.406,44.413,37.011
283.882,212.644,44.413,37.011
291.407,224.653,44.413,37.011
270.112,231.538,44.413,37.011
264.501,231.869,44.802,37.335
262.402,230.092,44.802,37.335
259.333,233.161,44.802,37.335
277.845,188.794,45.194,37.662
279.311,193.519,45.194,37.662
282.733,206.065,45.194,37.662
285.828,218.936,45.194,37.662
264.158,231.808,45.194,37.662
258.782,233.926,45.194,37.662
256.989,232.786,45.194,37.662
255.849,233.926,45.194,37.662
254.708,234.415,45.194,37.662
253.242,232.949,45.194,37.662
280.452,194.985,45.194,37.662
282.896,196.778,45.194,37.662
285.155,199.959,44.808,37.340
281.763,208.843,44.808,37.340
278.693,210.943,44.808,37.340
275.624,183.966,44.808,37.340
274.269,185.624,45.200,37.667
267.262,182.528,45.200,37.667
274.609,189.843,44.814,37.345
273.585,192.495,45.206,37.672
228.784,147.727,45.602,38.002
230.593,149.535,45.602,38.002
233.059,151.672,45.602,38.002
240.786,158.084,45.602,38.002
247.197,161.866,45.602,38.002
254.267,167.291,45.602,38.002
261.336,172.716,45.602,38.002
273.995,181.101,45.602,38.002
282.380,187.841,45.602,38.002
283.531,143.946,45.602,38.002
281.140,146.981,46.001,38.334
280.311,149.800,46.001,38.334
282.467,153.946,46.001,38.334
281.970,159.751,46.001,38.334
285.121,166.550,46.001,38.334
240.841,189.934,46.001,38.334
243.328,198.724,46.001,38.334
255.103,212.157,46.001,38.334
247.972,230.234,46.001,38.334
247.143,233.385,46.001,38.334
246.645,234.546,46.001,38.334
246.954,232.168,46.403,38.670
245.783,230.997,46.403,38.670
244.722,233.400,46.809,39.008
244.345,234.440,47.219,39.349
243.964,234.094,47.632,39.694
281.951,186.924,48.049,40.041
282.817,186.404,48.049,40.041
276.754,188.656,48.049,40.041
282.817,191.947,48.049,40.041
274.617,178.455,48.469,40.391
274.442,181.076,48.469,40.391
271.901,178.571,48.894,40.745
274.036,181.464,49.321,41.101
277.283,184.748,49.753,41.461
279.257,184.927,49.753,41.461
231.365,147.080,49.753,41.461
224.728,144.390,49.753,41.461
226.701,146.363,49.753,41.461
230.109,148.694,49.753,41.461
236.029,152.102,49.753,41.461
242.716,155.954,49.328,41.107
251.430,163.246,49.328,41.107
264.768,171.960,49.328,41.107
272.786,176.126,48.907,40.756
281.778,183.355,48.907,40.756
282.847,186.109,48.490,40.408
273.855,178.586,48.914,40.762
272.973,175.235,48.914,40.762
272.091,181.760,48.914,40.762
274.384,189.343,48.914,40.762
271.738,203.979,48.914,40.762
273.513,216.996,49.342,41.118
266.219,225.712,49.342,41.118
258.926,226.602,49.342,41.118
255.546,229.626,49.342,41.118
252.166,232.294,49.342,41.118
250.468,231.602,48.921,40.767
248.988,233.774,49.349,41.124
247.496,231.952,49.781,41.484
277.999,185.380,49.356,41.130
276.871,187.936,49.787,41.490
275.256,185.244,49.787,41.490
277.589,184.346,49.787,41.490
281.000,187.756,49.787,41.490
283.489,189.860,49.362,41.135
279.752,175.801,49.362,41.135
277.438,183.809,49.362,41.135
280.253,193.534,48.941,40.784
299.752,192.451,49.369,41.141
307.761,189.069,49.369,41.141
300.464,189.959,49.369,41.141
303.714,191.056,49.801,41.501
306.766,189.800,49.801,41.501
304.432,189.261,49.801,41.501
303.419,159.835,49.376,41.147
301.461,163.930,49.376,41.147
252.893,165.392,49.808,41.507
265.642,174.191,49.808,41.507
279.109,184.426,49.808,41.507
282.162,183.528,49.808,41.507
279.828,180.475,49.808,41.507
280.726,183.887,49.808,41.507
282.701,191.250,49.808,41.507
279.722,187.571,50.244,41.870
232.752,140.565,49.815,41.513
234.727,147.569,49.815,41.513
239.217,155.292,49.815,41.513
245.503,162.655,49.815,41.513
275.495,181.512,49.815,41.513
279.267,186.002,49.815,41.513
282.546,194.472,50.251,41.876
296.625,179.248,50.691,42.242
300.097,187.837,50.691,42.242
304.057,188.909,50.258,41.882
307.500,188.728,50.258,41.882
258.065,167.558,50.698,42.248
261.777,169.809,51.141,42.618
271.549,177.737,51.141,42.618
276.896,181.609,51.141,42.618
278.924,179.949,51.141,42.618
282.058,182.346,51.141,42.618
284.086,186.218,51.141,42.618
277.633,193.777,51.141,42.618
228.405,144.550,51.141,42.618
233.120,152.466,50.705,42.254
240.250,159.961,50.705,42.254
248.841,168.187,50.705,42.254
263.047,179.806,51.148,42.624
266.036,182.077,51.596,42.997
274.009,184.749,52.047,43.373
274.358,187.444,52.503,43.752
222.327,143.211,52.962,44.135
220.608,146.457,52.962,44.135
225.382,150.085,52.962,44.135
233.974,156.768,52.962,44.135
242.158,164.208,53.426,44.521
269.316,180.194,53.426,44.521
278.369,188.477,53.426,44.521
275.865,186.743,53.426,44.521
278.754,191.944,53.426,44.521
270.902,185.933,52.970,44.141
273.922,189.288,52.517,43.764
276.548,191.137,52.069,43.391
301.911,186.522,52.525,43.771
306.266,187.090,52.525,43.771
308.349,187.658,52.525,43.771
309.296,187.469,52.525,43.771
310.444,189.318,52.076,43.397
310.793,187.397,52.532,43.777
309.468,190.237,52.532,43.777
307.006,187.397,52.532,43.777
293.770,183.517,52.992,44.160
274.092,181.033,52.992,44.160
270.844,182.370,52.992,44.160
273.710,188.293,52.992,44.160
222.701,154.478,52.992,44.160
225.567,155.815,52.992,44.160
228.432,158.681,52.992,44.160
232.444,161.929,52.992,44.160
236.074,165.941,52.992,44.160
245.053,174.538,52.992,44.160
253.650,180.078,52.992,44.160
267.596,190.585,52.992,44.160
280.779,201.093,52.992,44.160
287.847,214.657,52.992,44.160
256.201,188.192,52.539,43.783
216.235,160.349,52.539,43.783
174.141,119.326,52.091,43.409
175.832,120.641,52.091,43.409
177.721,122.953,52.547,43.789
180.016,126.451,53.006,44.172
181.938,128.804,53.470,44.558
185.063,133.154,53.938,44.948
187.980,135.682,53.938,44.948
192.064,138.210,53.938,44.948
195.758,141.516,53.938,44.948
200.620,145.210,53.938,44.948
205.481,149.294,53.938,44.948
209.176,151.822,53.938,44.948
213.126,154.615,54.410,45.342
217.760,158.445,53.945,44.955
221.844,161.751,53.945,44.955
230.207,166.224,53.945,44.955
237.791,175.365,53.945,44.955
245.376,182.561,53.945,44.955
254.128,185.867,53.945,44.955
272.215,207.065,53.945,44.955
280.578,216.206,53.945,44.955
285.172,224.936,53.485,44.571
269.553,213.945,53.485,44.571
277.495,222.601,53.028,44.190
270.820,231.183,52.576,43.813
