164.000,121.000,27.000,24.000
165.002,121.600,27.000,24.000
165.303,121.099,27.000,24.000
166.005,121.400,27.000,24.000
166.306,120.898,27.000,24.000
167.009,120.998,27.000,24.000
166.507,120.296,27.000,24.000
167.209,120.798,27.000,24.000
167.711,121.299,27.000,24.000
167.209,120.798,27.000,24.000
167.912,121.500,27.000,24.000
167.611,121.199,27.000,24.000
168.715,121.500,27.000,24.000
168.213,121.801,27.000,24.000
169.317,122.303,27.000,24.000
169.417,121.400,27.000,24.000
168.915,120.898,27.000,24.000
169.618,121.400,27.000,24.000
170.320,121.500,27.000,24.000
170.621,120.998,27.000,24.000
170.922,121.299,27.000,24.000
171.223,121.400,27.000,24.000
171.926,121.901,27.000,24.000
171.223,121.600,27.000,24.000
171.926,122.102,27.000,24.000
171.625,122.002,27.000,24.000
172.327,121.901,27.000,24.000
171.625,120.798,27.000,24.000
171.926,120.296,27.000,24.000
171.424,118.991,27.000,24.000
172.127,119.694,27.000,24.000
171.625,120.798,27.000,24.000
171.123,121.099,27.000,24.000
171.424,122.202,27.000,24.000
170.922,121.701,27.000,24.000
170.621,122.002,27.000,24.000
171.123,122.303,27.000,24.000
170.220,121.199,27.000,24.000
170.521,120.898,27.000,24.000
170.019,120.396,27.000,24.000
169.919,120.697,27.000,24.000
170.019,121.199,27.000,24.000
169.718,120.898,27.000,24.000
169.216,122.403,27.000,24.000
170.120,123.507,27.000,24.000
169.618,124.410,27.000,24.000
169.919,125.313,27.000,24.000
169.216,124.611,27.000,24.000
169.317,125.113,27.000,24.000
169.417,124.410,27.000,24.000
168.715,123.708,27.000,24.000
168.614,124.209,27.000,24.000
168.715,123.507,27.000,24.000
168.213,123.005,27.000,24.000
169.116,122.905,27.000,24.000
168.614,123.005,27.000,24.000
168.715,122.905,27.000,24.000
168.414,123.005,27.000,24.000
168.915,123.908,27.000,24.000
168.414,124.009,27.000,24.000
168.514,124.109,27.000,24.000
168.614,124.009,27.000,24.000
169.317,125.113,27.000,24.000
168.815,124.009,27.000,24.000
168.313,123.106,27.000,24.000
169.417,123.607,27.000,24.000
168.715,122.905,27.000,24.000
168.614,122.403,27.000,24.000
168.514,121.701,27.000,24.000
169.016,122.805,27.000,24.000
168.313,122.303,27.000,24.000
169.216,122.202,27.000,24.000
168.378,123.229,27.236,24.210
168.682,124.342,27.236,24.210
168.783,123.431,27.236,24.210
168.075,122.925,27.236,24.210
167.771,122.622,27.236,24.210
169.087,122.925,27.236,24.210
168.581,122.824,27.236,24.210
168.884,122.520,27.236,24.210
169.188,122.014,27.236,24.210
169.588,121.597,27.475,24.422
169.281,123.129,27.475,24.422
168.771,122.210,27.475,24.422
169.690,121.903,27.475,24.422
169.384,121.393,27.475,24.422
169.486,122.312,27.475,24.422
170.517,122.728,27.715,24.636
170.290,122.515,27.957,24.851
170.602,123.450,27.957,24.851
171.012,122.596,28.202,25.069
170.907,122.910,28.202,25.069
170.802,122.177,28.202,25.069
171.001,121.100,28.449,25.288
171.852,120.881,28.698,25.509
172.172,121.201,28.698,25.509
172.065,121.947,28.698,25.509
171.532,121.414,28.698,25.509
172.279,122.374,28.698,25.509
172.599,122.907,28.698,25.509
173.132,122.161,28.698,25.509
173.452,122.267,28.698,25.509
173.345,122.587,28.698,25.509
173.239,123.121,28.698,25.509
174.199,122.161,28.698,25.509
174.945,122.907,28.698,25.509
174.273,122.687,28.949,25.732
175.026,122.364,28.949,25.732
174.919,121.395,28.949,25.732
174.596,120.642,28.949,25.732
175.349,121.395,28.949,25.732
176.102,121.933,28.949,25.732
175.779,122.687,28.949,25.732
175.026,121.718,28.949,25.732
176.210,122.256,28.949,25.732
176.317,122.794,28.949,25.732
175.496,122.589,28.702,25.513
175.603,123.976,28.702,25.513
175.710,123.442,28.702,25.513
175.603,123.976,28.702,25.513
175.283,122.802,28.702,25.513
174.323,122.269,28.702,25.513
174.429,121.949,28.702,25.513
174.536,121.416,28.702,25.513
175.070,123.229,28.702,25.513
174.109,122.269,28.702,25.513
173.789,122.162,28.702,25.513
174.750,122.909,28.702,25.513
174.003,123.656,28.702,25.513
173.331,123.872,28.953,25.736
174.514,124.841,28.953,25.736
173.115,124.518,28.953,25.736
173.869,124.841,28.953,25.736
173.115,123.872,28.953,25.736
172.714,122.617,28.706,25.516
173.674,123.364,28.706,25.516
173.354,122.831,28.706,25.516
173.247,122.297,28.706,25.516
172.287,121.977,28.706,25.516
172.821,121.870,28.706,25.516
173.781,122.404,28.706,25.516
173.247,123.151,28.706,25.516
172.287,122.404,28.706,25.516
172.394,121.444,28.706,25.516
172.927,121.337,28.706,25.516
172.607,120.590,28.706,25.516
173.141,121.124,28.706,25.516
172.821,120.804,28.706,25.516
172.714,120.483,28.706,25.516
173.034,121.230,28.706,25.516
173.354,121.124,28.706,25.516
172.394,120.590,28.706,25.516
172.927,121.764,28.706,25.516
172.821,121.657,28.706,25.516
172.287,121.337,28.706,25.516
173.247,122.297,28.706,25.516
172.287,123.471,28.706,25.516
173.034,124.431,28.706,25.516
172.927,124.538,28.706,25.516
173.247,123.791,28.706,25.516
172.287,123.471,28.706,25.516
172.180,123.151,28.706,25.516
172.927,122.831,28.706,25.516
173.247,122.511,28.706,25.516
172.287,122.831,28.706,25.516
172.180,122.724,28.706,25.516
172.714,123.471,28.706,25.516
172.821,124.004,28.706,25.516
172.074,124.324,28.706,25.516
172.607,125.498,28.706,25.516
172.074,124.751,28.706,25.516
171.540,124.431,28.706,25.516
171.220,123.898,28.706,25.516
171.967,122.937,28.706,25.516
172.074,123.684,28.706,25.516
171.327,123.364,28.706,25.516
171.647,122.404,28.706,25.516
171.114,121.657,28.706,25.516
171.647,121.764,28.706,25.516
171.327,121.870,28.706,25.516
170.794,120.697,28.706,25.516
171.540,120.590,28.706,25.516
170.794,120.483,28.706,25.516
171.754,120.804,28.706,25.516
170.580,120.270,28.706,25.516
170.473,120.377,28.706,25.516
170.367,120.697,28.706,25.516
170.047,120.590,28.706,25.516
170.367,120.697,28.706,25.516
169.620,119.523,28.706,25.516
169.940,119.843,28.706,25.516
169.407,118.670,28.706,25.516
168.873,118.563,28.706,25.516
169.193,118.030,28.706,25.516
168.446,116.856,28.706,25.516
168.126,116.963,28.706,25.516
168.020,117.496,28.706,25.516
168.553,118.243,28.706,25.516
167.593,117.283,28.706,25.516
167.273,117.389,28.706,25.516
166.739,117.283,28.706,25.516
166.846,115.256,28.706,25.516
166.739,114.936,28.706,25.516
166.633,114.615,28.706,25.516
166.099,115.362,28.706,25.516
166.206,115.256,28.706,25.516
165.886,115.149,28.706,25.516
165.779,115.256,28.706,25.516
165.459,115.789,28.706,25.516
164.926,116.749,28.706,25.516
165.246,116.643,28.706,25.516
164.499,117.816,28.706,25.516
164.392,117.923,28.706,25.516
164.499,119.096,28.706,25.516
164.819,119.843,28.706,25.516
164.072,121.017,28.706,25.516
163.965,122.190,28.706,25.516
164.499,123.364,28.706,25.516
163.752,123.257,28.706,25.516
163.432,123.151,28.706,25.516
162.898,122.831,28.706,25.516
163.432,122.297,28.706,25.516
162.472,121.550,28.706,25.516
161.938,121.230,28.706,25.516
162.472,121.337,28.706,25.516
161.938,121.230,28.706,25.516
161.832,121.124,28.706,25.516
161.298,120.590,28.706,25.516
160.765,120.270,28.706,25.516
161.298,120.804,28.706,25.516
160.765,120.483,28.706,25.516
161.298,119.310,28.706,25.516
160.765,118.990,28.706,25.516
161.725,118.883,28.706,25.516
161.405,118.563,28.706,25.516
161.085,119.737,28.706,25.516
160.978,118.990,28.706,25.516
162.152,118.883,28.706,25.516
161.618,117.710,28.706,25.516
162.152,117.389,28.706,25.516
161.832,116.643,28.706,25.516
162.792,117.389,28.706,25.516
162.898,117.496,28.706,25.516
162.365,117.389,28.706,25.516
162.045,116.429,28.706,25.516
163.005,117.176,28.706,25.516
162.685,116.643,28.706,25.516
163.005,116.749,28.706,25.516
163.539,114.936,28.706,25.516
162.429,114.496,28.957,25.739
163.397,114.603,28.957,25.739
164.366,114.065,28.957,25.739
164.043,113.742,28.957,25.739
163.936,114.281,28.957,25.739
164.258,113.742,28.957,25.739
164.797,114.496,28.957,25.739
164.689,115.680,28.957,25.739
164.581,116.003,28.957,25.739
164.904,116.325,28.957,25.739
165.442,115.572,28.957,25.739
165.119,115.680,28.957,25.739
165.227,114.711,28.957,25.739
165.765,115.464,28.957,25.739
165.658,115.142,28.957,25.739
165.980,115.464,28.957,25.739
166.303,114.711,28.957,25.739
166.841,114.603,28.957,25.739
167.164,115.572,28.957,25.739
167.272,115.249,28.957,25.739
167.595,115.357,28.957,25.739
167.487,115.249,28.957,25.739
167.912,116.129,29.210,25.965
168.238,115.587,29.210,25.965
167.776,115.139,29.466,26.192
168.543,115.906,29.466,26.192
168.433,116.015,29.466,26.192
168.762,116.125,29.466,26.192
169.528,116.453,29.466,26.192
169.200,116.125,29.466,26.192
169.966,116.891,29.466,26.192
170.295,116.563,29.466,26.192
169.966,116.234,29.466,26.192
170.952,115.906,29.466,26.192
171.281,116.234,29.466,26.192
171.488,116.457,29.724,26.421
171.378,116.346,29.724,26.421
172.151,117.561,29.724,26.421
171.599,117.009,29.724,26.421
172.593,118.003,29.724,26.421
173.145,117.009,29.724,26.421
172.593,116.457,29.724,26.421
173.029,117.813,29.984,26.652
173.809,117.479,29.984,26.652
174.589,117.813,29.984,26.652
173.809,117.256,29.984,26.652
174.589,117.144,29.984,26.652
174.255,117.924,29.984,26.652
174.367,117.813,29.984,26.652
174.255,117.479,29.984,26.652
174.144,117.144,29.984,26.652
174.924,116.141,29.984,26.652
174.678,116.139,30.246,26.885
174.116,116.476,30.246,26.885
175.128,116.813,30.246,26.885
175.016,118.275,30.246,26.885
174.998,118.042,30.511,27.121
174.205,117.475,30.511,27.121
174.772,118.722,30.511,27.121
174.885,118.155,30.511,27.121
175.225,118.496,30.511,27.121
174.658,118.155,30.511,27.121
174.545,117.588,30.511,27.121
174.760,117.586,30.778,27.358
175.103,118.387,30.778,27.358
174.760,118.730,30.778,27.358
174.417,118.616,30.778,27.358
174.165,118.613,31.047,27.597
174.742,119.190,31.047,27.597
174.396,119.767,31.047,27.597
174.050,119.421,31.047,27.597
174.627,119.536,31.047,27.597
173.819,119.190,31.047,27.597
174.396,119.305,31.047,27.597
173.819,118.728,31.047,27.597
173.242,118.382,31.047,27.597
174.050,119.421,31.047,27.597
173.934,119.075,31.047,27.597
173.819,118.498,31.047,27.597
173.473,117.690,31.047,27.597
173.126,117.575,31.047,27.597
173.703,118.152,31.047,27.597
173.126,117.575,31.047,27.597
173.473,116.998,31.047,27.597
172.665,117.805,31.047,27.597
172.550,117.690,31.047,27.597
172.665,118.498,31.047,27.597
172.088,118.152,31.047,27.597
171.973,118.267,31.047,27.597
172.319,119.536,31.047,27.597
172.203,119.190,31.047,27.597
171.396,118.844,31.047,27.597
170.357,118.728,31.047,27.597
170.703,119.767,31.047,27.597
169.896,119.190,31.047,27.597
169.780,118.613,31.047,27.597
168.972,118.267,31.047,27.597
168.626,117.921,31.047,27.597
168.742,118.959,31.047,27.597
167.934,119.536,31.047,27.597
167.588,118.959,31.047,27.597
166.780,119.767,31.047,27.597
166.203,119.421,31.047,27.597
166.088,118.844,31.047,27.597
165.049,119.190,31.047,27.597
164.934,118.844,31.047,27.597
164.126,118.959,31.047,27.597
164.703,118.613,31.047,27.597
163.895,118.036,31.047,27.597
164.011,119.767,31.047,27.597
164.126,119.421,31.047,27.597
164.241,119.075,31.047,27.597
164.357,118.728,31.047,27.597
163.318,118.382,31.047,27.597
164.357,118.036,31.047,27.597
163.549,119.536,31.047,27.597
163.434,118.728,31.047,27.597
162.857,117.921,31.047,27.597
163.434,117.805,31.047,27.597
163.549,118.382,31.047,27.597
164.126,118.036,31.047,27.597
163.635,117.561,31.319,27.839
164.683,118.143,31.319,27.839
164.566,117.793,31.319,27.839
164.683,117.444,31.319,27.839
164.566,117.328,31.319,27.839
164.916,116.979,31.319,27.839
165.730,118.492,31.319,27.839
164.450,118.143,31.319,27.839
165.032,117.793,31.319,27.839
164.450,116.979,31.319,27.839
165.032,116.862,31.319,27.839
165.253,118.291,31.593,28.082
164.666,117.469,31.593,28.082
165.488,117.587,31.593,28.082
164.431,117.704,31.593,28.082
165.253,118.291,31.593,28.082
165.605,118.644,31.593,28.082
165.723,118.996,31.593,28.082
165.370,118.644,31.593,28.082
165.018,118.291,31.593,28.082
166.075,117.469,31.593,28.082
166.662,117.117,31.593,28.082
166.075,116.765,31.593,28.082
167.132,118.761,31.593,28.082
166.075,118.879,31.593,28.082
167.132,118.996,31.593,28.082
166.310,118.644,31.593,28.082
167.367,119.466,31.593,28.082
166.310,120.053,31.593,28.082
167.132,120.640,31.593,28.082
166.779,119.818,31.593,28.082
167.132,120.170,31.593,28.082
166.779,120.053,31.593,28.082
167.367,120.405,31.593,28.082
166.545,120.288,31.593,28.082
166.662,119.466,31.593,28.082
167.014,119.583,31.593,28.082
167.367,119.231,31.593,28.082
166.075,118.644,31.593,28.082
166.897,120.640,31.593,28.082
166.310,120.288,31.593,28.082
166.897,119.935,31.593,28.082
167.014,120.757,31.593,28.082
166.897,120.170,31.593,28.082
166.545,119.583,31.593,28.082
166.897,120.640,31.593,28.082
167.484,120.053,31.593,28.082
166.662,119.231,31.593,28.082
167.249,119.348,31.593,28.082
168.071,119.466,31.593,28.082
168.423,119.818,31.593,28.082
167.601,119.935,31.593,28.082
167.249,119.583,31.593,28.082
168.776,120.640,31.593,28.082
168.423,120.053,31.593,28.082
167.367,120.640,31.593,28.082
168.188,120.288,31.593,28.082
168.776,120.405,31.593,28.082
168.423,119.583,31.593,28.082
167.836,118.761,31.593,28.082
167.954,119.818,31.593,28.082
168.541,121.109,31.593,28.082
167.719,120.522,31.593,28.082
168.776,120.640,31.593,28.082
167.719,120.053,31.593,28.082
168.541,121.109,31.593,28.082
167.319,120.144,31.869,28.328
168.385,121.210,31.869,28.328
167.319,120.618,31.869,28.328
167.438,119.789,31.869,28.328
168.030,120.855,31.869,28.328
167.201,120.736,31.869,28.328
167.556,121.092,31.869,28.328
166.810,120.604,32.148,28.576
166.302,120.356,32.429,28.826
166.181,119.994,32.429,28.826
165.916,119.251,32.713,29.078
165.794,121.074,32.713,29.078
165.186,120.710,32.713,29.078
164.420,120.209,32.999,29.333
164.150,119.452,33.288,29.589
164.026,119.823,33.288,29.589
162.993,121.088,33.579,29.848
162.119,120.215,33.579,29.848
161.994,120.340,33.579,29.848
161.870,119.965,33.579,29.848
161.339,119.451,33.873,30.110
161.213,121.087,33.873,30.110
160.835,120.710,33.873,30.110
160.458,121.087,33.873,30.110
160.080,120.961,33.873,30.110
159.451,120.584,33.873,30.110
158.569,120.961,33.873,30.110
157.688,120.332,33.873,30.110
157.562,121.213,33.873,30.110
157.184,121.843,33.873,30.110
156.555,121.213,33.873,30.110
155.925,120.836,33.873,30.110
155.548,121.213,33.873,30.110
154.238,120.694,34.170,30.373
153.438,119.911,34.469,30.639
152.368,119.383,34.770,30.907
152.239,120.287,34.770,30.907
150.629,119.225,35.074,31.177
149.541,119.489,35.381,31.450
148.620,119.095,35.381,31.450
148.331,118.553,35.691,31.725
147.667,117.890,35.691,31.725
146.473,117.757,35.691,31.725
147.933,118.420,35.691,31.725
146.281,118.689,36.003,32.003
145.163,118.686,36.318,32.283
145.028,118.012,36.318,32.283
144.623,117.067,36.318,32.283
144.488,116.932,36.318,32.283
144.353,119.226,36.318,32.283
143.408,118.551,36.318,32.283
143.003,118.417,36.318,32.283
142.429,117.307,36.636,32.565
142.409,117.304,36.957,32.850
142.271,117.716,36.957,32.850
141.035,117.579,36.957,32.850
141.173,117.991,36.957,32.850
139.936,117.304,36.957,32.850
139.915,117.301,37.280,33.138
138.946,116.331,37.280,33.138
139.638,117.578,37.280,33.138
138.581,118.125,36.962,32.855
138.278,118.122,37.285,33.142
137.405,116.415,37.611,33.432
137.824,116.834,37.611,33.432
137.964,116.135,37.611,33.432
136.426,115.716,37.611,33.432
136.287,115.855,37.611,33.432
135.867,116.834,37.611,33.432
135.728,116.415,37.611,33.432
135.706,116.698,37.940,33.725
134.529,116.695,38.272,34.020
133.248,117.122,38.272,34.020
133.391,117.264,38.272,34.020
133.533,117.406,38.272,34.020
132.822,116.695,38.272,34.020
132.395,116.553,38.272,34.020
131.032,117.670,37.946,33.730
130.326,118.093,37.946,33.730
129.621,117.670,37.946,33.730
129.095,117.126,37.622,33.442
128.676,116.706,37.622,33.442
127.697,117.965,37.622,33.442
127.557,118.384,37.622,33.442
126.578,117.965,37.622,33.442
126.603,117.425,37.301,33.156
126.187,117.564,37.301,33.156
125.494,117.980,37.301,33.156
124.800,117.564,37.301,33.156
124.384,117.703,37.301,33.156
125.490,117.709,36.982,32.873
124.978,118.520,36.667,32.592
123.751,116.748,36.667,32.592
123.615,118.247,36.667,32.592
123.373,119.051,36.354,32.314
123.238,118.646,36.354,32.314
122.997,118.652,36.043,32.038
122.759,118.135,35.736,31.765
122.523,118.659,35.430,31.494
122.128,118.528,35.430,31.494
121.637,119.047,35.128,31.225
121.150,118.544,34.828,30.958
120.919,118.802,34.531,30.694
120.691,118.307,34.236,30.432
120.217,119.306,33.944,30.172
119.586,118.171,33.944,30.172
119.460,119.054,33.944,30.172
118.324,118.928,33.944,30.172
119.823,118.441,33.654,29.915
118.380,117.470,33.367,29.659
118.008,118.587,33.367,29.659
117.636,119.951,33.367,29.659
116.768,119.579,33.367,29.659
117.388,120.447,33.367,29.659
116.768,119.827,33.367,29.659
116.396,120.943,33.367,29.659
115.934,120.706,33.082,29.406
115.955,121.192,32.799,29.155
115.345,121.314,32.799,29.155
114.891,120.130,32.519,28.906
115.495,120.251,32.519,28.906
114.649,119.888,32.519,28.906
114.286,120.251,32.519,28.906
113.525,121.239,32.804,29.159
113.006,120.237,33.091,29.414
112.483,120.234,33.381,29.672
112.359,120.606,33.381,29.672
111.069,119.841,33.673,29.931
110.693,120.717,33.673,29.931
111.700,119.945,33.967,30.193
110.128,118.907,34.265,30.457
109.065,119.426,34.564,30.724
107.728,120.213,34.867,30.993
108.506,120.476,35.172,31.264
106.610,119.670,35.480,31.537
106.590,119.396,35.790,31.813
105.479,119.666,36.103,32.092
104.633,119.113,36.419,32.373
103.780,117.445,36.738,32.656
104.599,116.883,37.059,32.942
103.166,116.315,37.384,33.230
102.576,116.882,37.711,33.521
104.117,117.302,37.711,33.521
102.659,117.012,38.041,33.814
102.058,117.299,38.373,34.110
102.914,118.173,38.709,34.408
101.122,117.875,39.048,34.709
101.100,116.979,39.390,35.013
100.075,116.540,39.390,35.013
101.100,116.979,39.390,35.013
99.782,115.662,39.390,35.013
101.100,116.979,39.390,35.013
99.577,115.776,39.734,35.319
100.316,115.923,39.734,35.319
98.986,115.185,39.734,35.319
100.478,115.787,40.082,35.628
99.137,114.446,40.082,35.628
99.420,115.665,40.433,35.940
100.171,115.214,40.433,35.940
98.819,115.064,40.433,35.940
99.570,114.012,40.433,35.940
98.819,114.162,40.433,35.940
99.870,114.913,40.433,35.940
99.119,115.364,40.433,35.940
99.712,115.669,40.786,36.255
98.348,115.518,40.786,36.255
98.803,115.972,40.786,36.255
99.258,116.427,40.786,36.255
98.196,115.063,40.786,36.255
99.258,115.821,40.786,36.255
97.893,114.760,40.786,36.255
98.954,115.214,40.786,36.255
97.590,115.972,40.786,36.255
98.348,116.124,40.786,36.255
97.590,115.972,40.786,36.255
98.348,115.821,40.786,36.255
96.984,114.760,40.786,36.255
97.742,114.911,40.786,36.255
98.196,114.760,40.786,36.255
97.439,114.002,40.786,36.255
97.590,114.760,40.786,36.255
98.045,114.305,40.786,36.255
96.984,114.760,40.786,36.255
97.742,115.214,40.786,36.255
96.984,114.153,40.786,36.255
97.742,115.821,40.786,36.255
97.287,114.456,40.786,36.255
97.742,114.002,40.786,36.255
96.984,113.850,40.786,36.255
97.135,113.698,40.786,36.255
97.893,114.760,40.786,36.255
97.135,114.002,40.786,36.255
97.287,115.366,40.786,36.255
96.832,114.305,40.786,36.255
97.893,115.366,40.786,36.255
97.135,114.305,40.786,36.255
97.287,114.456,40.786,36.255
96.832,113.698,40.786,36.255
97.893,113.850,40.786,36.255
96.832,113.395,40.786,36.255
97.287,114.456,40.786,36.255
96.529,113.698,40.786,36.255
96.681,113.547,40.786,36.255
96.226,114.608,40.786,36.255
96.984,113.850,40.786,36.255
95.923,113.698,40.786,36.255
96.074,113.244,40.786,36.255
95.923,114.305,40.786,36.255
96.074,113.850,40.786,36.255
96.529,114.305,40.786,36.255
95.468,113.244,40.786,36.255
95.923,114.305,40.786,36.255
95.165,113.547,40.786,36.255
96.226,114.305,40.786,36.255
94.862,113.547,40.786,36.255
95.923,114.911,40.786,36.255
94.558,114.153,40.786,36.255
94.846,113.218,41.143,36.572
94.081,114.288,41.143,36.572
95.152,115.359,41.143,36.572
94.387,115.511,41.143,36.572
94.846,115.664,41.143,36.572
93.776,115.206,41.143,36.572
93.929,115.664,41.143,36.572
94.219,115.348,41.503,36.892
93.447,115.193,41.503,36.892
94.219,116.273,41.503,36.892
93.139,115.502,41.503,36.892
93.293,116.582,41.503,36.892
92.522,115.810,41.503,36.892
93.293,116.890,41.503,36.892
91.905,116.119,41.503,36.892
92.676,116.582,41.503,36.892
91.905,116.736,41.503,36.892
92.368,117.507,41.503,36.892
91.288,115.810,41.503,36.892
91.134,115.039,41.503,36.892
90.979,116.427,41.503,36.892
90.517,115.965,41.503,36.892
90.979,116.119,41.503,36.892
89.591,116.273,41.503,36.892
90.054,116.119,41.503,36.892
89.591,116.273,41.503,36.892
89.745,116.427,41.503,36.892
89.591,116.582,41.503,36.892
89.128,117.353,41.503,36.892
89.283,116.890,41.503,36.892
88.820,116.736,41.503,36.892
88.666,116.582,41.503,36.892
88.958,116.895,41.866,37.215
88.492,117.361,41.866,37.215
88.647,118.451,41.866,37.215
88.180,117.673,41.866,37.215
88.647,117.828,41.866,37.215
88.803,118.917,41.866,37.215
87.402,118.139,41.866,37.215
88.492,117.673,41.866,37.215
87.402,116.895,41.866,37.215
87.869,116.117,41.866,37.215
87.714,116.272,41.866,37.215
87.869,117.673,41.866,37.215
87.402,117.206,41.866,37.215
88.180,117.050,41.866,37.215
87.402,116.583,41.866,37.215
88.180,117.361,41.866,37.215
87.402,116.895,41.866,37.215
87.869,117.984,41.866,37.215
86.469,117.206,41.866,37.215
86.935,115.494,41.866,37.215
86.469,114.405,41.866,37.215
87.247,115.183,41.866,37.215
87.714,115.650,41.866,37.215
86.624,115.805,41.866,37.215
86.780,115.027,41.866,37.215
86.935,115.805,41.866,37.215
86.469,115.027,41.866,37.215
86.935,114.249,41.866,37.215
87.402,114.716,41.866,37.215
87.869,114.561,41.866,37.215
86.780,114.094,41.866,37.215
87.247,113.938,41.866,37.215
87.714,114.716,41.866,37.215
86.935,114.249,41.866,37.215
87.714,114.405,41.866,37.215
86.935,113.938,41.866,37.215
88.025,115.027,41.866,37.215
87.558,114.561,41.866,37.215
88.025,114.094,41.866,37.215
88.180,114.249,41.866,37.215
88.647,115.339,41.866,37.215
87.869,114.872,41.866,37.215
88.025,114.094,41.866,37.215
88.180,113.316,41.866,37.215
88.958,113.160,41.866,37.215
88.492,114.561,41.866,37.215
89.270,115.027,41.866,37.215
88.803,114.249,41.866,37.215
88.647,113.783,41.866,37.215
89.425,113.938,41.866,37.215
89.892,114.716,41.866,37.215
90.048,115.494,41.866,37.215
90.203,115.339,41.866,37.215
90.981,114.561,41.866,37.215
91.448,115.339,41.866,37.215
90.670,113.938,41.866,37.215
91.137,113.471,41.866,37.215
91.604,114.561,41.866,37.215
91.137,114.405,41.866,37.215
91.915,114.249,41.866,37.215
90.826,113.783,41.866,37.215
91.604,113.938,41.866,37.215
91.759,115.339,41.866,37.215
91.915,115.494,41.866,37.215
92.382,115.650,41.866,37.215
92.537,114.872,41.866,37.215
92.693,114.405,41.866,37.215
93.160,114.872,41.866,37.215
93.315,115.650,41.866,37.215
93.160,115.494,41.866,37.215
93.315,115.650,41.866,37.215
92.848,114.872,41.866,37.215
92.382,114.094,41.866,37.215
93.782,114.872,41.866,37.215
93.315,115.961,41.866,37.215
94.093,115.805,41.866,37.215
93.315,115.027,41.866,37.215
94.093,115.183,41.866,37.215
94.249,114.405,41.866,37.215
95.027,115.494,41.866,37.215
93.938,115.027,41.866,37.215
94.716,115.494,41.866,37.215
93.938,115.027,41.866,37.215
94.716,115.805,41.866,37.215
93.938,115.339,41.866,37.215
95.027,115.494,41.866,37.215
95.183,115.650,41.866,37.215
95.649,116.117,41.866,37.215
94.560,115.650,41.866,37.215
95.649,116.117,41.866,37.215
95.494,114.716,41.866,37.215
95.961,115.805,41.866,37.215
96.116,116.583,41.866,37.215
96.583,117.050,41.866,37.215
95.494,116.272,41.866,37.215
96.272,115.183,41.866,37.215
96.739,114.405,41.866,37.215
96.272,114.872,41.866,37.215
97.050,115.339,41.866,37.215
96.272,115.183,41.866,37.215
97.361,115.650,41.866,37.215
98.139,117.050,41.866,37.215
97.672,115.650,41.866,37.215
97.828,116.428,41.866,37.215
97.050,115.961,41.866,37.215
98.450,117.050,41.866,37.215
98.108,116.090,42.233,37.540
98.578,116.875,42.233,37.540
99.363,115.776,42.233,37.540
98.578,116.875,42.233,37.540
99.363,117.346,42.233,37.540
98.578,116.561,42.233,37.540
99.677,115.776,42.233,37.540
99.206,114.991,42.233,37.540
99.677,116.404,42.233,37.540
99.520,115.933,42.233,37.540
99.677,117.032,42.233,37.540
98.892,116.561,42.233,37.540
99.677,115.462,42.233,37.540
99.520,115.933,42.233,37.540
98.421,115.462,42.233,37.540
99.520,115.933,42.233,37.540
98.735,116.404,42.233,37.540
98.892,115.619,42.233,37.540
98.735,115.462,42.233,37.540
99.206,115.305,42.233,37.540
98.008,116.231,41.872,37.220
98.786,116.387,41.872,37.220
98.008,115.920,41.872,37.220
98.786,116.075,41.872,37.220
97.386,115.297,41.872,37.220
99.098,116.698,41.872,37.220
98.008,116.854,41.872,37.220
98.164,117.009,41.872,37.220
98.008,116.231,41.872,37.220
97.853,116.075,41.872,37.220
97.697,115.609,41.872,37.220
97.230,116.387,41.872,37.220
97.697,115.920,41.872,37.220
96.919,115.453,41.872,37.220
97.075,115.920,41.872,37.220
96.608,116.075,41.872,37.220
95.830,115.920,41.872,37.220
95.985,117.009,41.872,37.220
96.452,117.787,41.872,37.220
97.541,117.009,41.872,37.220
98.631,116.231,41.872,37.220
99.409,115.142,41.872,37.220
100.187,116.231,41.872,37.220
98.786,115.453,41.872,37.220
98.008,116.854,41.872,37.220
97.230,115.453,41.872,37.220
96.763,116.542,41.872,37.220
97.541,116.698,41.872,37.220
97.697,117.787,41.872,37.220
96.608,117.009,41.872,37.220
97.546,117.016,41.515,36.902
98.008,118.096,41.515,36.902
98.471,117.325,41.515,36.902
99.551,115.936,41.515,36.902
97.854,116.399,41.515,36.902
98.317,117.170,41.515,36.902
98.471,116.090,41.515,36.902
99.080,115.138,41.878,37.225
98.925,116.539,41.878,37.225
98.147,116.695,41.878,37.225
97.991,116.539,41.878,37.225
98.147,115.761,41.878,37.225
98.761,115.119,42.245,37.551
98.918,116.846,42.245,37.551
97.285,115.877,42.614,37.879
97.443,115.402,42.614,37.879
97.285,115.244,42.614,37.879
98.077,115.086,42.614,37.879
97.079,115.407,42.987,38.211
96.599,115.886,42.987,38.211
97.079,115.087,42.987,38.211
96.599,114.928,42.987,38.211
97.079,116.046,42.987,38.211
96.599,115.567,42.987,38.211
97.079,116.685,42.987,38.211
96.599,115.247,42.987,38.211
97.718,114.448,42.987,38.211
98.021,113.790,43.363,38.545
97.005,113.126,43.743,38.882
97.493,112.313,43.743,38.882
96.680,115.076,43.743,38.882
97.168,113.613,43.743,38.882
96.810,112.610,44.125,39.223
97.302,111.134,44.125,39.223
96.810,113.922,44.125,39.223
97.302,112.446,44.125,39.223
97.466,114.578,44.125,39.223
97.105,113.902,44.511,39.566
97.270,113.737,44.511,39.566
97.436,112.579,44.511,39.566
96.608,114.729,44.511,39.566
96.112,113.571,44.511,39.566
96.939,112.744,44.511,39.566
97.436,111.917,44.511,39.566
96.608,114.729,44.511,39.566
96.443,113.902,44.511,39.566
96.757,112.542,44.901,39.912
96.590,111.040,44.901,39.912
97.091,113.543,44.901,39.912
96.256,112.709,44.901,39.912
96.611,114.996,44.518,39.571
95.452,114.168,44.518,39.571
96.280,113.341,44.518,39.571
96.445,115.823,44.518,39.571
94.956,114.334,44.518,39.571
95.452,116.154,44.518,39.571
95.287,115.327,44.518,39.571
95.783,117.809,44.518,39.571
94.956,116.650,44.518,39.571
95.122,115.823,44.518,39.571
95.618,114.996,44.518,39.571
94.791,114.499,44.518,39.571
95.287,115.327,44.518,39.571
95.452,116.485,44.518,39.571
94.294,115.988,44.518,39.571
94.791,117.147,44.518,39.571
94.956,116.650,44.518,39.571
95.122,118.139,44.518,39.571
95.287,117.643,44.518,39.571
94.460,117.147,44.518,39.571
93.963,116.650,44.518,39.571
94.791,115.823,44.518,39.571
94.625,115.988,44.518,39.571
94.129,116.816,44.518,39.571
93.632,116.650,44.518,39.571
93.798,116.154,44.518,39.571
93.963,116.319,44.518,39.571
93.798,117.147,44.518,39.571
93.963,116.650,44.518,39.571
94.129,116.154,44.518,39.571
93.302,115.658,44.518,39.571
93.798,115.161,44.518,39.571
93.632,115.327,44.518,39.571
93.798,115.492,44.518,39.571
93.963,115.658,44.518,39.571
93.798,114.830,44.518,39.571
94.451,115.166,44.907,39.917
93.950,114.665,44.907,39.917
94.117,115.834,44.907,39.917
93.617,115.667,44.907,39.917
94.451,116.835,44.907,39.917
93.283,116.000,44.907,39.917
94.117,114.832,44.907,39.917
94.618,114.999,44.907,39.917
94.451,114.498,44.907,39.917
94.618,114.665,44.907,39.917
95.119,114.498,44.907,39.917
94.284,113.664,44.907,39.917
95.453,115.166,44.907,39.917
94.618,113.998,44.907,39.917
95.453,114.498,44.907,39.917
95.619,114.331,44.907,39.917
95.786,113.831,44.907,39.917
96.621,115.333,44.907,39.917
95.453,114.165,44.907,39.917
96.111,113.819,45.300,40.267
96.953,114.661,45.300,40.267
97.458,115.502,45.300,40.267
96.617,114.661,45.300,40.267
97.122,115.502,45.300,40.267
97.963,115.334,45.300,40.267
98.469,115.502,45.300,40.267
98.974,116.344,45.300,40.267
97.795,115.502,45.300,40.267
98.974,116.008,45.300,40.267
99.003,116.672,44.913,39.923
99.504,116.505,44.913,39.923
99.670,116.672,44.913,39.923
99.504,117.173,44.913,39.923
99.136,116.485,45.306,40.272
99.978,116.653,45.306,40.272
100.146,117.159,45.306,40.272
99.304,115.980,45.306,40.272
99.810,116.485,45.306,40.272
99.978,115.980,45.306,40.272
100.643,116.321,45.703,40.625
99.793,114.453,45.703,40.625
100.303,115.302,45.703,40.625
100.813,115.472,45.703,40.625
99.284,114.623,45.703,40.625
100.473,114.793,45.703,40.625
100.643,114.963,45.703,40.625
100.133,114.793,45.703,40.625
100.643,114.623,45.703,40.625
100.813,114.793,45.703,40.625
99.963,113.943,45.703,40.625
101.152,115.132,45.703,40.625
100.982,113.943,45.703,40.625
101.492,115.132,45.703,40.625
100.982,113.943,45.703,40.625
101.492,114.453,45.703,40.625
102.002,113.943,45.703,40.625
101.279,113.940,46.103,40.980
101.451,113.083,46.103,40.980
101.279,113.940,46.103,40.980
102.136,113.426,46.103,40.980
100.937,114.625,46.103,40.980
100.765,115.482,46.103,40.980
99.909,115.996,46.103,40.980
100.765,116.510,46.103,40.980
99.909,115.996,46.103,40.980
100.423,117.195,46.103,40.980
99.566,115.996,46.103,40.980
99.052,117.195,46.103,40.980
99.566,116.339,46.103,40.980
98.024,116.510,46.103,40.980
99.223,117.024,46.103,40.980
98.366,117.538,46.103,40.980
97.510,118.738,46.103,40.980
96.996,118.909,46.103,40.980
96.139,117.709,46.103,40.980
95.968,116.853,46.103,40.980
94.425,118.738,46.103,40.980
94.597,117.881,46.103,40.980
93.397,119.080,46.103,40.980
92.541,118.223,46.103,40.980
93.397,118.395,46.103,40.980
92.541,118.909,46.103,40.980
93.055,118.738,46.103,40.980
91.512,117.881,46.103,40.980
92.026,118.738,46.103,40.980
91.170,117.881,46.103,40.980
91.684,119.080,46.103,40.980
90.142,118.223,46.103,40.980
90.998,117.709,46.103,40.980
89.799,118.909,46.103,40.980
90.124,118.905,46.506,41.339
88.569,118.387,46.506,41.339
89.778,117.522,46.506,41.339
89.043,117.164,46.913,41.700
88.869,117.687,46.913,41.700
88.346,117.164,46.913,41.700
88.869,118.036,46.913,41.700
87.649,117.862,46.913,41.700
86.777,116.990,46.913,41.700
87.649,117.862,46.913,41.700
86.079,116.641,46.913,41.700
86.951,117.513,46.913,41.700
86.428,116.641,46.913,41.700
87.649,117.513,46.913,41.700
85.382,116.293,46.913,41.700
86.602,115.770,46.913,41.700
86.428,116.641,46.913,41.700
85.556,115.770,46.913,41.700
86.079,116.293,46.913,41.700
84.859,115.072,46.913,41.700
85.731,116.641,46.913,41.700
84.859,115.770,46.913,41.700
85.382,116.990,46.913,41.700
84.391,115.977,46.513,41.344
85.601,116.842,46.513,41.344
84.391,115.632,46.513,41.344
85.256,115.804,46.513,41.344
85.429,117.015,46.513,41.344
84.339,116.656,46.920,41.706
85.560,117.877,46.920,41.706
84.688,117.005,46.920,41.706
84.862,117.528,46.920,41.706
84.688,115.959,46.920,41.706
84.862,116.831,46.920,41.706
85.037,117.703,46.920,41.706
85.560,117.877,46.920,41.706
84.688,117.354,46.920,41.706
84.862,117.180,46.920,41.706
84.688,118.749,46.920,41.706
84.862,119.621,46.920,41.706
85.385,120.493,46.920,41.706
85.211,119.970,46.920,41.706
85.385,120.842,46.920,41.706
85.909,119.621,46.920,41.706
85.385,120.144,46.920,41.706
86.257,119.272,46.920,41.706
86.083,119.098,46.920,41.706
86.606,120.319,46.920,41.706
85.275,120.326,46.519,41.350
86.140,119.462,46.519,41.350
86.658,120.326,46.519,41.350
86.486,121.191,46.519,41.350
86.658,120.672,46.519,41.350
86.140,120.153,46.519,41.350
85.275,119.289,46.519,41.350
86.140,118.079,46.519,41.350
86.658,119.289,46.519,41.350
85.448,118.425,46.519,41.350
86.313,118.943,46.519,41.350
85.448,118.079,46.519,41.350
86.658,118.943,46.519,41.350
85.794,118.425,46.519,41.350
86.313,118.597,46.519,41.350
85.102,118.425,46.519,41.350
85.621,118.943,46.519,41.350
85.794,119.462,46.519,41.350
84.584,118.252,46.519,41.350
85.102,117.387,46.519,41.350
84.584,118.252,46.519,41.350
85.102,118.770,46.519,41.350
83.892,117.560,46.519,41.350
84.411,116.696,46.519,41.350
84.929,116.523,46.519,41.350
83.719,117.041,46.519,41.350
84.929,117.906,46.519,41.350
83.719,117.387,46.519,41.350
83.892,117.906,46.519,41.350
83.719,117.387,46.519,41.350
84.584,118.252,46.519,41.350
82.682,117.041,46.519,41.350
83.892,118.597,46.519,41.350
83.028,117.387,46.519,41.350
83.546,118.597,46.519,41.350
82.457,117.176,46.926,41.712
83.678,117.002,46.926,41.712
82.108,118.222,46.926,41.712
83.329,118.048,46.926,41.712
82.108,117.176,46.926,41.712
82.631,116.304,46.926,41.712
81.410,116.130,46.926,41.712
82.631,117.699,46.926,41.712
81.759,116.827,46.926,41.712
82.631,117.699,46.926,41.712
80.713,116.478,46.926,41.712
81.585,117.350,46.926,41.712
81.759,116.478,46.926,41.712
81.236,115.955,46.926,41.712
82.457,117.176,46.926,41.712
81.236,116.304,46.926,41.712
82.108,116.130,46.926,41.712
81.236,116.653,46.926,41.712
81.410,116.130,46.926,41.712
80.887,115.257,46.926,41.712
81.218,116.326,47.337,42.077
81.042,116.150,47.337,42.077
80.514,117.030,47.337,42.077
80.690,116.502,47.337,42.077
79.459,116.678,47.337,42.077
81.042,117.910,47.337,42.077
79.811,116.678,47.337,42.077
80.690,117.558,47.337,42.077
79.459,116.678,47.337,42.077
80.690,117.206,47.337,42.077
80.162,116.678,47.337,42.077
80.338,117.206,47.337,42.077
79.811,117.382,47.337,42.077
79.986,116.854,47.337,42.077
80.514,117.734,47.337,42.077
79.283,116.854,47.337,42.077
80.162,117.030,47.337,42.077
80.857,117.387,47.751,42.445
79.615,116.500,47.751,42.445
80.147,116.677,47.751,42.445
79.615,115.790,47.751,42.445
80.502,116.677,47.751,42.445
79.970,116.500,47.751,42.445
80.147,117.742,47.751,42.445
80.679,118.274,47.751,42.445
79.792,117.387,47.751,42.445
80.679,117.919,47.751,42.445
79.437,117.742,47.751,42.445
81.034,117.919,47.751,42.445
80.502,117.742,47.751,42.445
81.744,118.629,47.751,42.445
79.792,117.742,47.751,42.445
81.034,117.565,47.751,42.445
80.502,116.322,47.751,42.445
81.225,117.023,47.343,42.083
81.049,116.495,47.343,42.083
81.577,116.319,47.343,42.083
80.697,115.791,47.343,42.083
81.929,117.023,47.343,42.083
81.049,116.495,47.343,42.083
81.929,117.375,47.343,42.083
81.401,117.551,47.343,42.083
81.577,117.375,47.343,42.083
82.105,117.551,47.343,42.083
80.873,116.319,47.343,42.083
82.105,116.847,47.343,42.083
81.225,116.319,47.343,42.083
81.753,117.551,47.343,42.083
81.929,118.079,47.343,42.083
82.457,119.310,47.343,42.083
81.225,118.079,47.343,42.083
82.457,119.310,47.343,42.083
81.929,119.486,47.343,42.083
81.753,118.606,47.343,42.083
81.929,118.430,47.343,42.083
81.049,117.199,47.343,42.083
82.105,117.195,47.757,42.451
81.217,118.793,47.757,42.451
81.750,117.905,47.757,42.451
80.507,117.728,47.757,42.451
81.750,118.260,47.757,42.451
79.797,117.373,47.757,42.451
81.395,118.615,47.757,42.451
80.862,117.373,47.757,42.451
81.395,118.260,47.757,42.451
80.862,117.728,47.757,42.451
80.685,119.325,47.757,42.451
79.442,117.728,47.757,42.451
81.395,118.260,47.757,42.451
80.862,119.147,47.757,42.451
79.975,118.615,47.757,42.451
80.507,117.728,47.757,42.451
80.685,116.485,47.757,42.451
79.442,116.663,47.757,42.451
81.040,117.905,47.757,42.451
79.797,117.728,47.757,42.451
80.330,117.905,47.757,42.451
80.862,118.083,47.757,42.451
79.620,117.905,47.757,42.451
80.507,118.083,47.757,42.451
80.685,117.905,47.757,42.451
79.442,118.438,47.757,42.451
80.685,118.615,47.757,42.451
79.442,118.793,47.757,42.451
80.685,117.905,47.757,42.451
79.442,117.373,47.757,42.451
81.040,119.325,47.757,42.451
79.921,118.957,48.175,42.823
80.458,119.494,48.175,42.823
80.140,120.201,47.764,42.457
80.672,119.669,47.764,42.457
79.430,118.426,47.764,42.457
81.738,120.024,47.764,42.457
80.140,120.556,47.764,42.457
81.027,120.024,47.764,42.457
81.560,120.911,47.764,42.457
81.027,120.024,47.764,42.457
81.560,120.556,47.764,42.457
81.382,119.669,47.764,42.457
82.270,119.846,47.764,42.457
81.382,119.669,47.764,42.457
82.270,120.201,47.764,42.457
82.093,119.669,47.764,42.457
81.560,119.136,47.764,42.457
82.976,120.530,47.356,42.095
83.152,120.002,47.356,42.095
82.765,118.916,47.771,42.463
81.877,118.028,47.771,42.463
82.942,117.296,48.189,42.834
82.763,117.475,48.189,42.834
83.658,118.371,48.189,42.834
82.763,118.192,48.189,42.834
83.300,119.445,48.189,42.834
82.981,119.803,47.777,42.469
83.869,119.625,47.777,42.469
82.981,119.448,47.777,42.469
83.869,118.915,47.777,42.469
84.402,119.093,47.777,42.469
84.011,117.997,48.195,42.840
84.548,117.459,48.195,42.840
82.936,116.922,48.195,42.840
84.548,118.176,48.195,42.840
83.295,118.713,48.195,42.840
84.548,118.534,48.195,42.840
83.653,118.355,48.195,42.840
84.190,118.534,48.195,42.840
85.086,118.713,48.195,42.840
84.907,120.325,48.195,42.840
84.369,119.788,48.195,42.840
84.907,119.967,48.195,42.840
85.086,120.146,48.195,42.840
85.623,119.967,48.195,42.840
84.728,120.146,48.195,42.840
85.623,119.609,48.195,42.840
85.444,119.430,48.195,42.840
86.340,119.967,48.195,42.840
85.086,119.071,48.195,42.840
86.340,119.251,48.195,42.840
86.161,120.146,48.195,42.840
86.698,120.325,48.195,42.840
86.161,120.504,48.195,42.840
86.340,120.325,48.195,42.840
85.444,119.071,48.195,42.840
86.340,119.609,48.195,42.840
85.802,119.071,48.195,42.840
86.698,119.251,48.195,42.840
85.444,118.713,48.195,42.840
86.524,118.721,47.784,42.475
87.412,119.254,47.784,42.475
87.944,119.787,47.784,42.475
86.346,118.544,47.784,42.475
87.047,119.268,48.202,42.846
86.510,118.731,48.202,42.846
87.047,119.626,48.202,42.846
87.226,119.447,48.202,42.846
87.047,118.551,48.202,42.846
87.226,118.014,48.202,42.846
88.122,118.551,48.202,42.846
86.868,117.656,48.202,42.846
87.405,118.193,48.202,42.846
86.868,118.731,48.202,42.846
87.405,119.268,48.202,42.846
86.151,119.089,48.202,42.846
87.047,119.985,48.202,42.846
86.151,119.089,48.202,42.846
86.689,119.268,48.202,42.846
85.435,118.372,48.202,42.846
86.330,118.551,48.202,42.846
85.793,118.014,48.202,42.846
85.972,118.193,48.202,42.846
86.151,118.014,48.202,42.846
86.689,118.551,48.202,42.846
85.076,118.014,48.202,42.846
85.614,117.477,48.202,42.846
86.151,118.731,48.202,42.846
86.330,119.268,48.202,42.846
85.076,118.731,48.202,42.846
85.972,118.910,48.202,42.846
86.510,119.447,48.202,42.846
84.897,118.551,48.202,42.846
85.793,119.089,48.202,42.846
84.897,118.910,48.202,42.846
85.435,119.089,48.202,42.846
85.614,118.551,48.202,42.846
84.001,118.372,48.202,42.846
85.256,118.910,48.202,42.846
85.076,120.164,48.202,42.846
83.822,118.910,48.202,42.846
84.718,118.731,48.202,42.846
84.539,118.193,48.202,42.846
84.001,117.656,48.202,42.846
84.897,118.193,48.202,42.846
85.435,119.447,48.202,42.846
84.181,118.193,48.202,42.846
85.435,119.089,48.202,42.846
83.822,118.193,48.202,42.846
84.718,118.372,48.202,42.846
85.256,119.626,48.202,42.846
84.718,119.806,48.202,42.846
83.464,118.910,48.202,42.846
84.360,119.447,48.202,42.846
83.464,118.193,48.202,42.846
84.718,119.447,48.202,42.846
83.106,118.193,48.202,42.846
84.360,119.447,48.202,42.846
83.464,118.551,48.202,42.846
84.718,119.806,48.202,42.846
83.700,118.415,47.791,42.481
84.233,118.948,47.791,42.481
84.766,120.547,47.791,42.481
83.878,120.369,47.791,42.481
84.579,120.365,48.209,42.852
83.325,119.111,48.209,42.852
84.579,118.574,48.209,42.852
84.400,119.111,48.209,42.852
84.938,118.932,48.209,42.852
85.117,119.111,48.209,42.852
83.863,117.857,48.209,42.852
85.475,119.470,48.209,42.852
83.863,118.215,48.209,42.852
85.117,118.394,48.209,42.852
84.579,118.574,48.209,42.852
84.400,119.470,48.209,42.852
84.221,118.574,48.209,42.852
85.475,118.753,48.209,42.852
84.108,117.712,47.797,42.486
85.351,118.956,47.797,42.486
84.818,118.423,47.797,42.486
83.575,116.824,47.797,42.486
85.173,117.357,47.797,42.486
84.418,117.353,48.215,42.858
85.314,117.532,48.215,42.858
84.777,118.787,48.215,42.858
84.956,119.324,48.215,42.858
84.418,116.995,48.215,42.858
85.314,117.174,48.215,42.858
84.060,117.353,48.215,42.858
85.314,117.532,48.215,42.858
83.701,117.711,48.215,42.858
84.956,118.607,48.215,42.858
84.060,116.995,48.215,42.858
84.956,116.457,48.215,42.858
83.701,114.844,48.215,42.858
84.956,115.382,48.215,42.858
83.701,115.203,48.215,42.858
84.597,115.382,48.215,42.858
83.343,115.561,48.215,42.858
83.881,116.099,48.215,42.858
84.060,116.636,48.215,42.858
84.597,117.532,48.215,42.858
82.626,117.353,48.215,42.858
83.522,117.174,48.215,42.858
82.626,117.711,48.215,42.858
82.447,117.532,48.215,42.858
82.985,116.995,48.215,42.858
82.447,116.099,48.215,42.858
83.343,117.353,48.215,42.858
81.975,116.662,47.804,42.492
82.153,117.905,47.804,42.492
81.265,117.372,47.804,42.492
82.153,117.550,47.804,42.492
80.909,117.372,47.804,42.492
81.442,117.905,47.804,42.492
80.554,118.083,47.804,42.492
80.732,117.905,47.804,42.492
79.488,116.662,47.804,42.492
80.376,117.550,47.804,42.492
79.488,116.306,47.804,42.492
80.021,117.195,47.804,42.492
78.422,115.596,47.804,42.492
79.666,116.129,47.804,42.492
79.132,117.017,47.804,42.492
78.244,116.129,47.804,42.492
78.777,117.372,47.804,42.492
77.178,115.773,47.804,42.492
77.711,116.306,47.804,42.492
76.467,115.063,47.804,42.492
77.356,115.596,47.804,42.492
76.823,115.773,47.804,42.492
76.290,118.083,47.804,42.492
76.823,118.972,47.804,42.492
75.224,118.438,47.804,42.492
74.468,117.342,48.222,42.864
75.364,117.163,48.222,42.864
74.468,116.625,48.222,42.864
73.572,115.729,48.222,42.864
73.034,115.908,48.222,42.864
74.289,116.804,48.222,42.864
73.751,116.625,48.222,42.864
73.214,116.446,48.222,42.864
73.751,116.984,48.222,42.864
72.497,117.880,48.222,42.864
72.318,118.417,48.222,42.864
73.214,118.238,48.222,42.864
72.195,118.596,47.810,42.498
72.729,118.418,47.810,42.498
71.244,118.779,48.229,42.870
72.499,119.317,48.229,42.870
69.810,118.062,48.229,42.870
71.065,117.165,48.229,42.870
69.452,116.269,48.229,42.870
71.065,117.165,48.229,42.870
69.093,116.269,48.229,42.870
68.775,117.676,47.817,42.504
68.241,116.077,47.817,42.504
67.353,115.188,47.817,42.504
68.771,115.890,47.409,42.141
66.832,115.361,47.409,42.141
67.894,116.057,47.004,41.782
65.973,115.882,47.004,41.782
66.846,116.406,47.004,41.782
65.274,115.882,47.004,41.782
65.449,115.707,47.004,41.782
64.226,115.533,47.004,41.782
65.449,116.057,47.004,41.782
64.226,115.533,47.004,41.782
64.400,114.310,47.004,41.782
64.226,113.436,47.004,41.782
63.352,113.262,47.004,41.782
64.226,113.436,47.004,41.782
63.003,113.960,47.004,41.782
62.479,114.485,47.004,41.782
62.304,114.659,47.004,41.782
62.129,114.834,47.004,41.782
62.304,113.611,47.004,41.782
62.129,112.738,47.004,41.782
61.955,113.262,47.004,41.782
61.430,113.436,47.004,41.782
61.256,112.213,47.004,41.782
62.479,112.738,47.004,41.782
60.557,113.611,47.004,41.782
60.732,114.135,47.004,41.782
60.208,113.611,47.004,41.782
60.732,113.436,47.004,41.782
59.858,111.864,47.004,41.782
59.334,112.738,47.004,41.782
60.557,113.960,47.004,41.782
59.098,112.882,47.416,42.147
59.128,113.234,47.011,41.787
59.652,113.059,47.011,41.787
59.001,113.067,46.609,41.431
60.560,113.241,46.609,41.431
59.001,112.721,46.609,41.431
60.213,113.241,46.609,41.431
58.654,113.067,46.609,41.431
58.828,111.855,46.609,41.431
59.347,112.374,46.609,41.431
58.701,113.058,46.212,41.077
57.842,113.230,46.212,41.077
58.358,113.058,46.212,41.077
57.717,113.066,45.817,40.726
58.228,113.917,45.817,40.726
57.377,113.066,45.817,40.726
57.887,113.917,45.817,40.726
57.717,113.407,45.817,40.726
57.206,113.236,45.817,40.726
57.036,114.088,45.817,40.726
56.866,113.236,45.817,40.726
57.717,114.428,45.817,40.726
56.417,113.439,45.426,40.379
56.924,114.283,45.426,40.379
56.417,113.439,45.426,40.379
56.249,113.608,45.426,40.379
56.755,112.426,45.426,40.379
55.911,112.257,45.426,40.379
56.417,113.102,45.426,40.379
55.236,112.933,45.426,40.379
54.729,113.102,45.426,40.379
54.560,113.270,45.426,40.379
54.054,112.764,45.426,40.379
54.898,113.608,45.426,40.379
54.391,113.102,45.426,40.379
53.762,113.109,45.038,40.034
53.929,113.946,45.038,40.034
53.762,113.109,45.038,40.034
54.264,114.281,45.038,40.034
53.092,113.109,45.038,40.034
53.929,113.611,45.038,40.034
53.092,113.109,45.038,40.034
53.929,113.946,45.038,40.034
53.092,113.779,45.038,40.034
52.925,113.946,45.038,40.034
53.427,114.783,45.038,40.034
52.925,115.285,45.038,40.034
52.757,115.453,45.038,40.034
52.925,114.616,45.038,40.034
52.423,114.783,45.038,40.034
52.255,115.285,45.038,40.034
52.757,115.453,45.038,40.034
53.260,114.950,45.038,40.034
52.088,115.118,45.038,40.034
52.925,115.955,45.038,40.034
51.753,114.114,45.038,40.034
52.925,115.285,45.038,40.034
52.088,114.448,45.038,40.034
52.590,114.950,45.038,40.034
51.753,114.448,45.038,40.034
52.925,115.285,45.038,40.034
51.753,114.448,45.038,40.034
52.925,113.611,45.038,40.034
51.753,114.448,45.038,40.034
52.925,114.281,45.038,40.034
52.088,115.118,45.038,40.034
51.920,114.950,45.038,40.034
51.083,113.779,45.038,40.034
52.255,114.281,45.038,40.034
51.418,113.444,45.038,40.034
52.590,113.277,45.038,40.034
51.966,112.631,44.654,39.692
53.127,113.461,44.654,39.692
52.298,113.627,44.654,39.692
51.679,112.987,44.272,39.353
53.489,114.138,44.272,39.353
52.995,112.987,44.272,39.353
51.843,112.822,44.272,39.353
52.995,112.657,44.272,39.353
51.514,111.835,44.272,39.353
52.995,112.657,44.272,39.353
52.172,113.480,44.272,39.353
53.324,113.316,44.272,39.353
53.489,113.151,44.272,39.353
52.995,112.987,44.272,39.353
52.501,112.493,44.272,39.353
53.653,112.328,44.272,39.353
54.805,113.480,44.272,39.353
53.324,112.987,44.272,39.353
52.830,114.138,44.272,39.353
53.982,114.961,44.272,39.353
52.501,114.138,44.272,39.353
53.653,114.632,44.272,39.353
53.160,113.809,44.272,39.353
53.653,114.632,44.272,39.353
53.489,114.138,44.272,39.353
53.324,114.961,44.272,39.353
52.501,114.138,44.272,39.353
53.982,115.619,44.272,39.353
52.501,114.797,44.272,39.353
53.653,114.961,44.272,39.353
53.160,114.467,44.272,39.353
52.666,113.974,44.272,39.353
53.489,114.797,44.272,39.353
54.311,115.290,44.272,39.353
53.160,114.467,44.272,39.353
52.337,114.632,44.272,39.353
52.830,113.809,44.272,39.353
53.653,114.961,44.272,39.353
53.160,113.809,44.272,39.353
52.995,114.303,44.272,39.353
52.501,113.809,44.272,39.353
53.653,114.303,44.272,39.353
53.160,113.151,44.272,39.353
53.982,113.645,44.272,39.353
52.830,112.493,44.272,39.353
54.311,113.316,44.272,39.353
53.489,113.480,44.272,39.353
54.311,113.974,44.272,39.353
54.147,114.467,44.272,39.353
53.324,113.316,44.272,39.353
54.476,114.797,44.272,39.353
53.982,113.974,44.272,39.353
54.476,114.467,44.272,39.353
53.982,112.987,44.272,39.353
54.974,114.278,43.895,39.017
53.832,113.136,43.895,39.017
55.452,114.417,43.520,38.684
54.320,113.285,43.520,38.684
55.775,113.770,43.520,38.684
55.614,114.579,43.520,38.684
55.641,114.586,43.148,38.354
55.481,115.067,43.148,38.354
55.641,114.265,43.148,38.354
56.764,114.746,43.148,38.354
56.283,115.227,43.148,38.354
55.802,114.105,43.148,38.354
56.604,113.944,43.148,38.354
56.123,113.143,43.148,38.354
55.962,112.341,43.148,38.354
57.726,113.784,43.148,38.354
56.924,112.982,43.148,38.354
57.406,114.105,43.148,38.354
56.604,112.341,43.148,38.354
57.726,113.784,43.148,38.354
57.566,112.982,43.148,38.354
58.688,114.105,43.148,38.354
57.566,113.944,43.148,38.354
59.330,114.746,43.148,38.354
58.732,113.502,42.780,38.027
58.255,112.707,42.780,38.027
60.004,113.820,42.780,38.027
58.891,113.343,42.780,38.027
59.368,113.820,42.780,38.027
60.163,114.933,42.780,38.027
59.050,113.820,42.780,38.027
60.163,114.615,42.780,38.027
60.004,113.820,42.780,38.027
60.799,114.615,42.780,38.027
60.640,114.774,42.780,38.027
61.117,114.933,42.780,38.027
60.958,114.774,42.780,38.027
61.435,115.569,42.780,38.027
61.594,115.728,42.780,38.027
60.799,114.933,42.780,38.027
60.640,115.728,42.780,38.027
61.117,115.251,42.780,38.027
60.640,114.138,42.780,38.027
61.753,114.933,42.780,38.027
60.640,114.774,42.780,38.027
59.845,115.251,42.780,38.027
59.686,114.456,42.780,38.027
60.481,114.615,42.780,38.027
60.004,113.502,42.780,38.027
60.481,113.979,42.780,38.027
60.004,113.184,42.780,38.027
60.163,113.661,42.780,38.027
59.686,112.866,42.780,38.027
59.845,113.025,42.780,38.027
59.050,112.230,42.780,38.027
59.845,113.025,42.780,38.027
59.050,112.548,42.780,38.027
58.891,113.661,42.780,38.027
59.368,113.502,42.780,38.027
58.891,112.707,42.780,38.027
59.368,112.866,42.780,38.027
59.527,113.661,42.780,38.027
58.732,114.456,42.780,38.027
58.573,115.251,42.780,38.027
58.096,114.774,42.780,38.027
58.573,116.205,42.780,38.027
57.778,114.774,42.780,38.027
58.573,116.205,42.780,38.027
59.050,114.456,42.780,38.027
59.527,114.297,42.780,38.027
58.732,113.184,42.780,38.027
59.527,113.661,42.780,38.027
59.244,113.978,42.415,37.702
59.402,113.505,42.415,37.702
59.244,113.348,42.415,37.702
59.402,113.190,42.415,37.702
58.613,111.456,42.415,37.702
59.717,112.244,42.415,37.702
59.559,112.087,42.415,37.702
59.402,112.244,42.415,37.702
59.875,113.663,42.415,37.702
59.717,113.190,42.415,37.702
60.190,113.978,42.415,37.702
60.032,113.190,42.415,37.702
60.505,114.924,42.415,37.702
59.717,114.136,42.415,37.702
61.136,115.239,42.415,37.702
60.348,114.451,42.415,37.702
60.190,115.555,42.415,37.702
60.978,115.397,42.415,37.702
60.820,115.870,42.415,37.702
60.348,115.397,42.415,37.702
60.505,115.555,42.415,37.702
59.717,115.712,42.415,37.702
61.766,115.239,42.415,37.702
61.924,114.136,42.415,37.702
63.027,111.771,42.415,37.702
62.239,108.461,42.415,37.702
63.343,108.934,42.415,37.702
61.380,108.607,42.786,38.032
60.903,109.720,42.786,38.032
61.205,111.347,43.160,38.365
61.509,110.028,43.538,38.700
60.821,111.020,43.919,39.039
59.792,110.347,44.303,39.381
60.105,109.669,44.691,39.725
60.935,110.167,44.691,39.725
62.098,109.004,44.691,39.725
60.506,110.308,44.309,39.386
61.177,111.280,43.931,39.050
60.887,111.605,43.556,38.717
59.651,112.560,43.184,38.386
59.679,113.507,42.816,38.058
59.396,113.825,42.450,37.733
36.203,107.041,42.450,37.733
35.415,107.829,42.450,37.733
34.941,106.094,42.450,37.733
36.992,107.514,42.450,37.733
34.865,106.290,42.088,37.411
35.960,106.446,42.088,37.411
36.429,107.854,42.088,37.411
34.708,106.133,42.088,37.411
35.177,106.290,42.088,37.411
35.334,105.820,42.088,37.411
35.490,107.228,42.088,37.411
35.960,106.759,42.088,37.411
36.116,107.854,42.088,37.411
35.960,107.072,42.088,37.411
35.177,108.793,42.088,37.411
36.898,107.072,42.088,37.411
36.874,108.351,42.456,37.739
37.348,107.562,42.456,37.739
38.941,108.853,42.827,38.069
36.959,107.218,43.202,38.402
42.900,108.984,43.202,38.402
56.042,112.601,43.580,38.738
61.063,114.707,43.580,38.738
61.873,115.517,43.580,38.738
62.035,114.383,43.580,38.738
62.521,114.221,43.580,38.738
62.359,113.735,43.580,38.738
62.521,113.573,43.580,38.738
62.359,113.411,43.580,38.738
61.671,113.740,43.962,39.077
62.161,114.230,43.962,39.077
61.344,113.086,43.962,39.077
62.487,114.557,43.962,39.077
61.123,114.888,44.346,39.419
61.947,115.712,44.346,39.419
61.452,114.229,44.346,39.419
61.947,114.724,44.346,39.419
61.123,113.240,44.346,39.419
61.436,113.237,44.734,39.764
61.269,114.400,44.734,39.764
61.768,114.899,44.734,39.764
60.937,114.733,44.734,39.764
60.771,115.897,44.734,39.764
60.604,115.731,44.734,39.764
60.438,115.232,44.734,39.764
59.939,116.063,44.734,39.764
59.440,115.232,44.734,39.764
59.607,116.396,44.734,39.764
59.108,115.564,44.734,39.764
58.942,115.731,44.734,39.764
58.775,114.899,44.734,39.764
58.609,116.396,44.734,39.764
58.443,114.567,44.734,39.764
58.277,114.733,44.734,39.764
59.108,113.902,44.734,39.764
59.939,114.733,44.734,39.764
58.775,113.902,44.734,39.764
59.274,114.733,44.734,39.764
58.443,112.572,44.734,39.764
57.736,111.886,45.126,40.112
56.897,110.712,45.126,40.112
58.407,111.551,45.126,40.112
57.694,112.235,45.521,40.463
57.186,112.066,45.521,40.463
58.032,112.912,45.521,40.463
58.201,113.081,45.521,40.463
58.032,112.573,45.521,40.463
57.863,112.743,45.521,40.463
57.837,113.433,45.919,40.817
57.325,112.921,45.919,40.817
56.813,112.067,45.919,40.817
57.325,112.921,45.919,40.817
57.154,112.067,45.919,40.817
58.008,112.921,45.919,40.817
58.178,112.067,45.919,40.817
57.325,111.555,45.919,40.817
58.178,112.067,45.919,40.817
57.803,110.664,46.321,41.174
57.286,110.492,46.321,41.174
56.770,111.353,46.321,41.174
57.096,112.055,46.726,41.534
56.575,110.839,46.726,41.534
56.402,111.013,46.726,41.534
57.270,111.881,46.726,41.534
57.600,111.878,47.135,41.898
57.775,113.104,47.135,41.898
57.249,112.578,47.135,41.898
57.074,113.104,47.135,41.898
56.899,112.929,47.135,41.898
56.724,113.104,47.135,41.898
56.549,112.929,47.135,41.898
57.074,113.805,47.135,41.898
56.899,111.878,47.135,41.898
56.724,113.104,47.135,41.898
56.549,113.629,47.135,41.898
56.023,112.403,47.135,41.898
56.899,111.878,47.135,41.898
56.724,110.301,47.135,41.898
57.600,111.177,47.135,41.898
57.424,111.702,47.135,41.898
57.950,112.228,47.135,41.898
57.424,112.754,47.135,41.898
57.950,113.279,47.135,41.898
58.476,114.155,47.135,41.898
58.651,114.681,47.135,41.898
59.176,115.556,47.135,41.898
59.351,114.330,47.135,41.898
59.527,114.505,47.135,41.898
60.052,112.578,47.135,41.898
59.527,111.002,47.135,41.898
60.403,109.425,47.135,41.898
60.578,109.250,47.135,41.898
61.103,109.425,47.135,41.898
60.928,109.250,47.135,41.898
60.753,109.425,47.135,41.898
61.279,110.301,47.135,41.898
61.103,110.126,47.135,41.898
60.928,110.301,47.135,41.898
60.753,110.126,47.135,41.898
61.629,110.651,47.135,41.898
62.154,110.126,47.135,41.898
61.629,109.951,47.135,41.898
62.855,110.476,47.135,41.898
62.680,110.651,47.135,41.898
63.206,110.476,47.135,41.898
63.030,111.002,47.135,41.898
63.206,110.126,47.135,41.898
63.731,111.352,47.135,41.898
63.556,111.527,47.135,41.898
63.381,111.352,47.135,41.898
63.906,111.878,47.135,41.898
63.731,110.301,47.135,41.898
64.607,111.527,47.135,41.898
64.432,110.651,47.135,41.898
64.607,111.878,47.135,41.898
64.432,110.651,47.135,41.898
64.257,111.527,47.135,41.898
64.432,111.002,47.135,41.898
65.146,112.035,46.732,41.540
64.972,110.819,46.732,41.540
65.493,111.688,46.732,41.540
64.625,112.209,46.732,41.540
65.146,111.688,46.732,41.540
65.667,112.904,46.732,41.540
65.841,113.077,46.732,41.540
66.362,113.251,46.732,41.540
65.841,112.730,46.732,41.540
66.709,111.861,46.732,41.540
66.535,111.340,46.732,41.540
67.056,112.209,46.732,41.540
67.230,113.077,46.732,41.540
66.921,113.424,46.334,41.185
67.438,114.285,46.334,41.185
67.610,114.113,46.334,41.185
68.127,114.629,46.334,41.185
67.954,114.457,46.334,41.185
68.127,114.629,46.334,41.185
68.492,115.309,45.938,40.834
67.639,113.773,45.938,40.834
67.468,113.943,45.938,40.834
67.297,113.431,45.938,40.834
65.871,113.427,46.340,41.191
65.354,113.600,46.340,41.191
65.527,113.083,46.340,41.191
66.388,114.633,46.340,41.191
66.216,113.083,46.340,41.191
66.043,114.289,46.340,41.191
65.527,114.116,46.340,41.191
65.699,114.633,46.340,41.191
65.182,114.116,46.340,41.191
64.540,113.452,45.944,40.839
64.711,114.647,45.944,40.839
65.223,114.477,45.944,40.839
65.394,114.647,45.944,40.839
65.564,114.818,45.944,40.839
65.394,114.989,45.944,40.839
64.540,114.818,45.944,40.839
64.369,114.306,45.944,40.839
64.198,114.818,45.944,40.839
64.028,113.964,45.944,40.839
64.881,115.501,45.944,40.839
66.077,114.647,45.944,40.839
66.248,114.818,45.944,40.839
66.077,113.623,45.944,40.839
66.931,113.794,45.944,40.839
67.443,113.623,45.944,40.839
67.614,114.818,45.944,40.839
67.784,115.330,45.944,40.839
67.955,115.843,45.944,40.839
67.784,114.647,45.944,40.839
68.297,115.160,45.944,40.839
68.126,115.672,45.944,40.839
67.955,115.160,45.944,40.839
68.467,115.330,45.944,40.839
68.297,115.501,45.944,40.839
67.784,113.281,45.944,40.839
68.297,113.111,45.944,40.839
68.467,113.964,45.944,40.839
68.980,114.477,45.944,40.839
68.809,115.330,45.944,40.839
68.980,113.794,45.944,40.839
68.809,114.306,45.944,40.839
68.638,114.135,45.944,40.839
69.150,114.647,45.944,40.839
67.955,115.160,45.944,40.839
68.467,114.647,45.944,40.839
68.297,114.135,45.944,40.839
68.126,113.281,45.944,40.839
68.297,113.794,45.944,40.839
68.126,113.281,45.944,40.839
68.297,114.135,45.944,40.839
68.809,114.306,45.944,40.839
68.638,114.135,45.944,40.839
68.467,113.964,45.944,40.839
68.638,114.135,45.944,40.839
68.467,115.672,45.944,40.839
68.830,116.013,45.552,40.491
68.322,116.859,45.552,40.491
67.814,114.997,45.552,40.491
67.984,114.828,45.552,40.491
67.137,114.658,45.552,40.491
67.645,114.828,45.552,40.491
66.798,114.658,45.552,40.491
66.291,114.828,45.552,40.491
66.460,115.336,45.552,40.491
66.629,115.505,45.552,40.491
65.667,114.852,45.163,40.145
66.171,115.020,45.163,40.145
64.996,115.188,45.163,40.145
65.835,115.355,45.163,40.145
65.864,115.363,44.778,39.802
65.698,113.532,44.778,39.802
65.864,114.365,44.778,39.802
66.031,114.864,44.778,39.802
66.197,115.696,44.778,39.802
66.031,114.864,44.778,39.802
66.530,116.029,44.778,39.802
66.364,115.529,44.778,39.802
67.196,116.694,44.778,39.802
67.695,116.195,44.778,39.802
67.196,115.696,44.778,39.802
68.361,115.197,44.778,39.802
67.528,114.365,44.778,39.802
68.361,114.864,44.778,39.802
68.860,115.363,44.778,39.802
68.693,115.862,44.778,39.802
69.526,116.694,44.778,39.802
70.025,117.527,44.778,39.802
70.191,116.029,44.778,39.802
70.358,115.862,44.778,39.802
70.857,117.360,44.778,39.802
71.023,115.862,44.778,39.802
71.523,116.694,44.778,39.802
71.551,116.053,44.395,39.463
72.046,115.558,44.395,39.463
71.221,116.053,44.395,39.463
71.716,116.548,44.395,39.463
72.541,116.713,44.395,39.463
72.376,115.888,44.395,39.463
72.211,115.723,44.395,39.463
72.046,115.558,44.395,39.463
72.211,116.383,44.395,39.463
71.716,117.868,44.395,39.463
71.881,118.363,44.395,39.463
72.554,119.658,44.017,39.126
73.372,118.513,44.017,39.126
73.863,117.040,44.017,39.126
73.252,118.005,43.641,38.792
73.090,119.465,43.641,38.792
73.252,120.601,43.641,38.792
73.415,121.087,43.641,38.792
73.577,119.952,43.641,38.792
73.090,119.141,43.641,38.792
73.252,119.952,43.641,38.792
73.090,117.194,43.641,38.792
72.604,116.059,43.641,38.792
72.766,114.599,43.641,38.792
72.279,113.788,43.641,38.792
72.624,115.061,43.268,38.461
71.820,113.614,43.268,38.461
71.016,114.740,43.268,38.461
71.498,112.971,43.268,38.461
70.694,113.132,43.268,38.461
71.176,112.649,43.268,38.461
71.016,112.810,43.268,38.461
70.855,112.971,43.268,38.461
70.694,113.132,43.268,38.461
70.533,113.936,43.268,38.461
70.051,111.845,43.268,38.461
71.176,112.649,43.268,38.461
71.016,114.097,43.268,38.461
70.855,112.971,43.268,38.461
70.694,113.453,43.268,38.461
70.212,113.293,43.268,38.461
70.372,113.453,43.268,38.461
70.212,112.328,43.268,38.461
70.694,112.810,43.268,38.461
69.568,112.649,43.268,38.461
69.086,111.845,43.268,38.461
70.212,112.006,43.268,38.461
70.051,111.202,43.268,38.461
70.212,112.006,43.268,38.461
70.372,111.845,43.268,38.461
69.568,112.649,43.268,38.461
69.408,113.132,43.268,38.461
68.925,113.293,43.268,38.461
69.408,112.167,43.268,38.461
69.247,112.328,43.268,38.461
69.408,112.488,43.268,38.461
68.925,113.293,43.268,38.461
68.764,112.810,43.268,38.461
69.247,112.006,43.268,38.461
70.372,112.488,43.268,38.461
69.247,112.971,43.268,38.461
70.051,111.524,43.268,38.461
68.925,112.006,43.268,38.461
68.443,111.845,43.268,38.461
67.639,112.006,43.268,38.461
67.478,111.524,43.268,38.461
66.995,111.363,43.268,38.461
67.301,110.700,43.647,38.797
66.943,110.697,44.029,39.137
66.125,110.860,44.029,39.137
66.943,111.024,44.029,39.137
66.125,110.206,44.029,39.137
66.289,110.369,44.029,39.137
66.125,110.533,44.029,39.137
65.961,110.697,44.029,39.137
65.798,111.187,44.029,39.137
65.307,110.697,44.029,39.137
65.143,110.533,44.029,39.137
64.980,111.024,44.029,39.137
64.816,110.860,44.029,39.137
64.206,111.187,43.653,38.803
64.043,111.998,43.653,38.803
64.530,111.836,43.653,38.803
64.043,111.998,43.653,38.803
63.881,111.511,43.653,38.803
64.368,111.674,43.653,38.803
64.530,112.160,43.653,38.803
64.692,112.323,43.653,38.803
64.855,113.134,43.653,38.803
64.692,112.972,43.653,38.803
64.530,112.160,43.653,38.803
64.692,112.972,43.653,38.803
64.530,112.485,43.653,38.803
65.017,113.621,43.653,38.803
63.881,113.458,43.653,38.803
64.368,113.621,43.653,38.803
64.530,113.458,43.653,38.803
62.510,113.122,44.035,39.142
63.655,111.977,44.035,39.142
64.146,111.486,44.035,39.142
65.292,112.631,44.035,39.142
63.254,112.628,44.420,39.485
64.080,112.463,44.420,39.485
61.273,112.958,44.420,39.485
62.429,113.783,44.420,39.485
63.584,113.948,44.420,39.485
65.731,112.793,44.420,39.485
61.933,113.288,44.420,39.485
62.924,113.961,44.809,39.830
60.759,113.462,44.809,39.830
61.591,113.961,44.809,39.830
62.249,114.299,45.201,40.179
59.393,112.451,45.201,40.179
59.897,113.627,45.201,40.179
60.401,111.443,45.201,40.179
61.577,112.955,45.201,40.179
59.729,113.795,45.201,40.179
60.233,114.971,45.201,40.179
58.385,114.467,45.201,40.179
59.225,114.971,45.201,40.179
59.057,112.451,45.201,40.179
59.225,113.627,45.201,40.179
59.199,114.657,45.596,40.530
59.708,113.132,45.596,40.530
59.538,113.979,45.596,40.530
59.165,111.891,45.995,40.885
58.994,112.404,45.995,40.885
58.481,113.259,45.995,40.885
58.310,113.771,45.995,40.885
58.985,113.768,46.398,41.243
58.468,113.595,46.398,41.243
58.985,113.768,46.398,41.243
58.813,113.940,46.398,41.243
58.985,114.458,46.398,41.243
59.502,113.940,46.398,41.243
60.020,114.802,46.398,41.243
59.847,113.250,46.398,41.243
59.877,114.941,46.002,40.890
60.390,113.402,46.002,40.890
60.561,113.915,46.002,40.890
60.732,114.428,46.002,40.890
61.095,115.770,45.609,40.541
60.587,116.278,45.609,40.541
60.947,114.963,45.220,40.195
60.779,115.131,45.220,40.195
60.274,116.308,45.220,40.195
59.098,115.803,45.220,40.195
59.602,116.644,45.220,40.195
58.975,117.635,44.834,39.852
59.142,115.469,44.834,39.852
59.642,116.969,44.834,39.852
59.996,118.277,44.451,39.512
59.500,117.451,44.451,39.512
86.607,120.037,44.071,39.175
89.064,121.184,44.071,39.175
87.814,119.593,43.695,38.840
90.575,122.029,43.695,38.840
92.361,123.166,43.695,38.840
90.575,122.679,43.695,38.840
92.361,124.140,43.695,38.840
89.600,122.354,43.695,38.840
88.044,121.094,43.322,38.509
90.459,120.611,43.322,38.509
91.744,119.989,42.952,38.180
92.861,122.384,42.952,38.180
91.643,120.834,42.586,37.854
92.288,119.914,42.222,37.531
92.445,117.874,42.222,37.531
91.974,118.031,42.222,37.531
92.131,116.619,42.222,37.531
93.229,119.914,42.222,37.531
91.503,121.013,42.222,37.531
92.123,122.940,42.592,37.859
90.381,120.565,42.592,37.859
93.389,122.623,42.592,37.859
92.281,119.932,42.592,37.859
92.756,121.673,42.592,37.859
94.181,124.048,42.592,37.859
93.706,121.990,42.592,37.859
94.497,123.415,42.592,37.859
92.439,122.623,42.592,37.859
94.814,124.048,42.592,37.859
93.297,121.893,42.228,37.536
64.575,118.597,42.228,37.536
65.215,119.829,41.868,37.216
65.242,120.747,41.510,36.898
65.870,121.958,41.156,36.583
66.635,119.664,41.156,36.583
66.788,121.346,41.156,36.583
66.635,122.111,41.156,36.583
66.788,120.428,41.156,36.583
67.412,121.629,40.805,36.271
67.734,119.269,40.456,35.961
68.640,118.689,40.111,35.654
69.247,120.441,39.768,35.350
69.561,122.466,39.429,35.048
70.445,121.329,39.092,34.749
71.171,121.184,39.092,34.749
71.480,119.489,38.759,34.452
71.624,120.786,38.759,34.452
72.632,122.371,38.759,34.452
73.352,123.091,38.759,34.452
73.658,124.784,38.428,34.158
74.087,122.641,38.428,34.158
74.947,124.041,38.100,33.866
76.222,123.616,38.100,33.866
76.523,122.794,37.774,33.577
77.505,122.934,37.774,33.577
78.769,120.548,37.774,33.577
78.793,121.924,37.452,33.291
78.654,120.949,37.452,33.291
79.350,121.924,37.452,33.291
79.211,121.785,37.452,33.291
81.020,121.645,37.452,33.291
81.160,122.620,37.452,33.291
81.856,123.316,37.452,33.291
82.273,124.012,37.452,33.291
82.412,125.264,37.452,33.291
82.830,123.733,37.452,33.291
83.804,124.986,37.452,33.291
84.500,122.620,37.452,33.291
84.918,123.316,37.452,33.291
85.892,122.341,37.452,33.291
86.731,123.434,37.132,33.006
87.421,120.812,37.132,33.006
87.559,122.330,37.132,33.006
88.801,123.020,37.132,33.006
90.043,123.710,37.132,33.006
90.181,123.296,37.132,33.006
90.319,121.778,37.132,33.006
91.285,123.296,37.132,33.006
91.976,123.434,37.132,33.006
92.942,121.088,37.132,33.006
93.080,121.778,37.132,33.006
93.494,119.156,37.132,33.006
94.736,119.018,37.132,33.006
95.150,120.536,37.132,33.006
95.564,121.778,37.132,33.006
96.806,123.020,37.132,33.006
97.220,121.778,37.132,33.006
97.634,123.296,37.132,33.006
98.324,124.262,37.132,33.006
98.738,122.468,37.132,33.006
99.428,123.986,37.132,33.006
99.842,123.020,37.132,33.006
100.256,124.262,37.132,33.006
100.394,121.916,37.132,33.006
100.808,123.434,37.132,33.006
101.774,124.124,37.132,33.006
101.912,125.918,37.132,33.006
101.774,124.400,37.132,33.006
102.464,123.434,37.132,33.006
102.326,124.676,37.132,33.006
102.188,125.090,37.132,33.006
102.326,126.056,37.132,33.006
102.464,123.986,37.132,33.006
102.326,123.296,37.132,33.006
102.740,121.226,37.132,33.006
102.878,122.468,37.132,33.006
102.740,121.502,37.132,33.006
102.878,121.640,37.132,33.006
102.188,120.122,37.132,33.006
101.774,120.260,37.132,33.006
102.464,121.778,37.132,33.006
102.602,122.192,37.132,33.006
101.912,121.226,37.132,33.006
101.222,122.744,37.132,33.006
101.084,123.986,37.132,33.006
100.394,121.916,37.132,33.006
101.912,122.606,37.132,33.006
101.222,129.092,37.132,33.006
100.438,127.214,36.815,32.725
100.301,128.719,36.815,32.725
100.164,125.845,36.815,32.725
100.301,122.425,36.815,32.725
99.070,119.551,36.815,32.725
98.933,121.056,36.815,32.725
98.249,122.288,36.815,32.725
98.659,121.330,36.815,32.725
98.796,122.014,36.815,32.725
98.659,120.509,36.815,32.725
98.249,119.825,36.815,32.725
98.386,120.235,36.815,32.725
98.142,121.042,36.501,32.445
98.278,120.093,36.501,32.445
98.142,119.414,36.501,32.445
97.735,120.635,36.501,32.445
97.871,118.872,36.501,32.445
98.007,119.550,36.501,32.445
97.328,119.686,36.501,32.445
97.464,118.736,36.501,32.445
97.600,119.414,36.501,32.445
96.921,120.093,36.501,32.445
97.328,120.771,36.501,32.445
96.921,120.364,36.501,32.445
96.680,119.576,36.189,32.168
96.546,119.711,36.189,32.168
96.142,120.383,36.189,32.168
96.546,120.787,36.189,32.168
96.411,121.190,36.189,32.168
96.546,121.863,36.189,32.168
96.680,120.921,36.189,32.168
95.470,121.863,36.189,32.168
96.142,122.535,36.189,32.168
96.546,121.325,36.189,32.168
95.257,122.905,35.881,31.894
95.657,121.172,35.881,31.894
96.057,121.572,35.881,31.894
94.779,122.879,35.574,31.622
95.440,122.218,35.574,31.622
95.308,122.879,35.574,31.622
96.233,123.276,35.574,31.622
95.572,122.614,35.574,31.622
95.704,123.804,35.574,31.622
95.043,122.614,35.574,31.622
95.969,123.804,35.574,31.622
95.572,122.350,35.574,31.622
96.233,122.747,35.574,31.622
95.836,121.821,35.574,31.622
95.440,120.102,35.574,31.622
96.365,121.292,35.574,31.622
96.762,122.482,35.574,31.622
96.471,121.395,35.885,31.898
96.604,122.062,35.885,31.898
96.738,122.729,35.885,31.898
96.604,122.062,35.885,31.898
96.738,121.662,35.885,31.898
97.404,122.596,35.885,31.898
96.471,122.196,35.885,31.898
97.671,122.862,35.885,31.898
97.538,121.929,35.885,31.898
97.938,121.262,35.885,31.898
98.338,120.062,35.885,31.898
97.938,120.728,35.885,31.898
99.405,121.395,35.885,31.898
98.471,119.928,35.885,31.898
99.405,121.395,35.885,31.898
100.072,121.795,35.885,31.898
100.205,122.196,35.885,31.898
100.072,120.462,35.885,31.898
100.739,121.129,35.885,31.898
101.539,121.126,36.199,32.177
100.866,121.529,36.199,32.177
101.001,119.780,36.199,32.177
100.597,120.453,36.199,32.177
100.095,119.409,35.890,31.903
100.762,119.809,35.890,31.903
101.696,121.010,35.890,31.903
101.296,120.876,35.890,31.903
101.429,121.543,35.890,31.903
100.151,120.768,35.584,31.630
100.690,120.000,35.280,31.360
101.083,121.443,35.280,31.360
100.952,122.361,35.280,31.360
100.559,122.492,35.280,31.360
100.427,123.410,35.280,31.360
100.962,121.880,34.979,31.093
100.572,120.970,34.979,31.093
101.742,121.620,34.979,31.093
101.092,121.490,34.979,31.093
101.222,122.400,34.979,31.093
100.230,121.645,34.681,30.827
101.648,122.032,34.681,30.827
101.519,121.130,34.681,30.827
101.905,121.516,34.681,30.827
101.425,120.265,34.384,30.564
103.239,120.786,34.685,30.831
102.255,119.786,34.389,30.568
102.894,120.936,34.389,30.568
102.255,119.786,34.389,30.568
102.639,121.191,34.389,30.568
103.405,121.975,34.690,30.836
103.276,121.072,34.690,30.836
103.663,121.975,34.690,30.836
103.018,121.072,34.690,30.836
103.147,121.717,34.690,30.836
103.656,122.771,34.994,31.106
104.307,123.682,34.994,31.106
103.396,121.731,34.994,31.106
104.976,120.662,35.300,31.378
104.320,121.580,35.300,31.378
104.189,121.974,35.300,31.378
104.845,123.417,35.300,31.378
104.189,121.974,35.300,31.378
105.107,122.630,35.300,31.378
104.451,121.449,35.300,31.378
104.431,121.177,35.609,31.652
105.358,121.839,35.609,31.652
104.167,122.765,35.609,31.652
104.034,121.574,35.609,31.652
104.431,121.971,35.609,31.652
104.299,120.515,35.609,31.652
104.431,121.971,35.609,31.652
104.034,120.780,35.609,31.652
103.373,121.177,35.609,31.652
103.770,121.839,35.609,31.652
103.108,120.383,35.609,31.652
103.770,122.368,35.609,31.652
102.314,120.912,35.609,31.652
103.922,120.367,35.920,31.929
104.055,121.301,35.920,31.929
102.320,119.566,35.920,31.929
102.987,120.767,35.920,31.929
101.786,119.032,35.920,31.929
102.186,120.767,35.920,31.929
102.053,121.969,35.920,31.929
101.919,120.500,35.920,31.929
102.172,121.319,36.235,32.209
102.576,120.376,36.235,32.209
101.903,120.780,36.235,32.209
102.038,121.453,36.235,32.209
102.172,119.972,36.235,32.209
101.499,120.915,36.235,32.209
101.095,119.433,36.235,32.209
101.903,119.983,36.552,32.490
100.952,121.205,36.552,32.490
100.816,119.711,36.552,32.490
100.517,121.657,36.872,32.775
100.654,120.698,36.872,32.775
100.517,120.013,36.872,32.775
100.380,119.054,36.872,32.775
101.065,119.465,36.872,32.775
100.928,121.246,36.872,32.775
99.695,119.739,36.872,32.775
99.558,119.876,36.872,32.775
99.146,119.191,36.872,32.775
99.558,120.150,36.872,32.775
99.420,120.561,36.872,32.775
99.832,120.698,36.872,32.775
98.872,121.383,36.872,32.775
99.694,119.695,37.194,33.061
100.109,120.386,37.194,33.061
99.141,120.524,37.194,33.061
100.254,119.104,37.520,33.351
99.278,121.754,37.520,33.351
99.138,122.451,37.520,33.351
98.720,121.475,37.520,33.351
99.417,122.172,37.520,33.351
98.720,123.427,37.520,33.351
99.842,121.709,37.848,33.643
98.857,120.724,37.848,33.643
99.413,120.721,38.179,33.937
98.703,121.431,38.179,33.937
98.845,121.289,38.179,33.937
98.136,122.850,38.179,33.937
98.405,123.429,38.513,34.234
97.689,121.854,38.513,34.234
97.832,123.142,38.513,34.234
96.830,122.427,38.513,34.234
97.546,121.425,38.513,34.234
98.405,120.835,38.850,34.533
97.105,121.268,38.850,34.533
97.971,120.969,39.190,34.836
97.243,120.241,39.190,34.836
96.223,121.260,39.190,34.836
96.660,121.406,39.190,34.836
97.097,121.551,39.190,34.836
96.660,121.988,39.190,34.836
96.223,121.260,39.190,34.836
95.786,121.406,39.190,34.836
96.361,122.597,39.533,35.140
95.627,121.569,39.533,35.140
96.508,122.770,39.879,35.448
95.767,121.140,39.879,35.448
96.352,121.441,40.228,35.758
95.605,121.590,40.228,35.758
96.352,122.338,40.228,35.758
95.306,122.786,40.228,35.758
95.896,123.089,40.580,36.071
94.538,120.827,40.580,36.071
95.292,121.280,40.580,36.071
95.888,120.040,40.935,36.387
95.865,121.284,41.293,36.705
95.212,121.281,41.654,37.026
94.128,122.055,41.654,37.026
94.903,122.210,41.654,37.026
95.514,121.572,42.019,37.350
95.045,121.728,42.019,37.350
94.381,121.724,42.387,37.677
93.909,120.622,42.387,37.677
94.853,120.941,42.757,38.007
93.423,121.418,42.757,38.007
93.582,120.623,42.757,38.007
94.210,118.991,43.132,38.339
92.767,120.113,43.132,38.339
93.248,118.670,43.132,38.339
92.446,118.190,43.132,38.339
93.568,118.991,43.132,38.339
92.126,118.190,43.132,38.339
92.927,118.670,43.132,38.339
91.805,119.472,43.132,38.339
91.324,119.953,43.132,38.339
90.843,118.510,43.132,38.339
91.003,118.350,43.132,38.339
90.522,119.151,43.132,38.339
89.299,120.723,42.763,38.012
89.776,119.610,42.763,38.012
89.617,120.087,42.763,38.012
89.140,118.339,42.763,38.012
88.663,119.769,42.763,38.012
89.140,120.882,42.763,38.012
89.768,121.204,43.138,38.344
89.287,120.082,43.138,38.344
89.126,119.601,43.138,38.344
89.759,120.583,43.515,38.680
89.274,120.422,43.515,38.680
89.112,118.643,43.515,38.680
88.627,120.098,43.515,38.680
89.759,120.260,43.515,38.680
88.627,117.510,43.515,38.680
90.730,117.672,43.515,38.680
91.368,118.663,43.896,39.018
90.226,120.458,43.896,39.018
91.042,119.642,43.896,39.018
92.510,120.132,43.896,39.018
92.021,120.947,43.896,39.018
92.999,120.609,44.280,39.360
93.164,120.774,44.280,39.360
92.999,120.939,44.280,39.360
93.164,120.116,44.280,39.360
93.657,120.609,44.280,39.360
95.657,119.931,44.667,39.704
94.495,121.093,44.667,39.704
95.490,121.430,45.058,40.052
95.993,121.263,45.058,40.052
96.495,122.770,45.058,40.052
96.663,120.593,45.058,40.052
98.697,120.246,45.452,40.402
97.852,121.091,45.452,40.402
98.359,122.273,45.452,40.402
98.866,121.428,45.452,40.402
99.373,120.246,45.452,40.402
99.542,121.091,45.452,40.402
98.697,121.259,45.452,40.402
99.542,121.766,45.452,40.402
101.247,121.416,45.850,40.756
100.055,123.291,45.850,40.756
101.775,122.239,46.251,41.112
101.260,121.036,46.251,41.112
101.775,121.552,46.251,41.112
101.947,121.380,46.251,41.112
101.921,122.786,46.656,41.472
102.441,121.225,46.656,41.472
102.962,121.398,46.656,41.472
103.482,121.572,46.656,41.472
104.002,122.092,46.656,41.472
104.687,122.088,47.064,41.835
103.812,120.864,47.064,41.835
105.578,121.577,47.476,42.201
103.637,122.107,47.476,42.201
105.225,121.224,47.476,42.201
106.108,120.695,47.476,42.201
106.443,121.415,47.891,42.570
106.621,121.949,47.891,42.570
106.799,121.771,47.891,42.570
107.866,121.402,48.310,42.943
106.609,121.582,48.310,42.943
107.148,123.198,48.310,42.943
107.857,124.298,48.733,43.318
107.676,124.117,48.733,43.318
108.219,123.573,48.733,43.318
108.934,123.198,49.160,43.697
108.021,123.746,49.160,43.697
108.934,122.833,49.160,43.697
108.751,123.381,49.160,43.697
109.300,121.371,49.160,43.697
109.646,120.993,49.590,44.080
109.093,120.808,49.590,44.080
110.383,119.518,49.590,44.080
109.093,118.597,49.590,44.080
109.646,118.412,49.590,44.080
109.462,118.228,49.590,44.080
108.909,118.412,49.590,44.080
109.093,118.597,49.590,44.080
109.065,120.104,50.024,44.465
110.180,119.719,50.461,44.855
108.492,119.531,50.461,44.855
110.386,119.527,50.903,45.247
111.133,119.911,51.348,45.643
109.416,121.247,51.348,45.643
108.604,120.852,51.798,46.042
109.364,120.058,52.251,46.445
107.344,121.249,52.708,46.852
107.540,119.877,52.708,46.852
106.169,119.290,52.708,46.852
104.934,118.482,53.169,47.262
104.341,118.680,53.169,47.262
103.748,116.901,53.169,47.262
103.551,117.889,53.169,47.262
103.748,117.297,53.169,47.262
103.946,118.285,53.169,47.262
103.748,118.878,53.169,47.262
103.156,119.866,53.169,47.262
104.144,119.668,53.169,47.262
103.946,119.470,53.169,47.262
102.958,118.087,53.169,47.262
103.551,116.704,53.169,47.262
103.353,117.692,53.169,47.262
103.946,116.309,53.169,47.262
103.916,117.115,53.634,47.675
103.717,116.118,53.634,47.675
103.517,116.317,53.634,47.675
104.514,117.314,53.634,47.675
105.112,116.716,53.634,47.675
104.369,116.725,53.177,47.268
104.961,116.132,53.177,47.268
105.950,116.725,53.177,47.268
106.147,117.713,53.177,47.268
106.345,116.330,53.177,47.268
106.543,116.527,53.177,47.268
106.740,116.725,53.177,47.268
107.333,117.713,53.177,47.268
106.740,119.492,53.177,47.268
107.333,120.875,53.177,47.268
107.531,119.887,53.177,47.268
108.914,118.504,53.177,47.268
107.926,119.097,53.177,47.268
108.519,116.923,53.177,47.268
109.507,114.748,53.177,47.268
108.914,114.551,53.177,47.268
109.112,113.167,53.177,47.268
109.705,114.156,53.177,47.268
109.112,115.144,53.177,47.268
110.100,115.737,53.177,47.268
110.693,115.539,53.177,47.268
110.100,116.923,53.177,47.268
111.879,117.120,53.177,47.268
110.495,116.923,53.177,47.268
109.902,116.725,53.177,47.268
110.100,116.527,53.177,47.268
110.693,115.934,53.177,47.268
110.891,115.737,53.177,47.268
109.902,116.330,53.177,47.268
110.100,117.318,53.177,47.268
109.507,116.725,53.177,47.268
110.495,116.132,53.177,47.268
109.507,115.934,53.177,47.268
110.495,115.737,53.177,47.268
110.298,115.539,53.177,47.268
109.863,113.914,53.642,47.682
109.423,112.684,54.111,48.099
109.625,112.483,54.111,48.099
108.619,113.488,54.111,48.099
108.016,113.287,54.111,48.099
108.619,112.282,54.111,48.099
107.613,112.885,54.111,48.099
106.608,111.477,54.111,48.099
106.407,112.483,54.111,48.099
106.206,113.086,54.111,48.099
105.602,114.092,54.111,48.099
104.999,114.695,54.111,48.099
104.798,115.701,54.111,48.099
104.195,116.304,54.111,48.099
103.993,117.712,54.111,48.099
103.390,117.108,54.111,48.099
103.189,116.505,54.111,48.099
103.390,115.499,54.111,48.099
103.591,116.505,54.111,48.099
102.988,116.706,54.111,48.099
103.189,114.494,54.111,48.099
102.586,115.097,54.111,48.099
102.384,115.701,54.111,48.099
101.781,115.499,54.111,48.099
101.178,115.701,54.111,48.099
102.183,115.902,54.111,48.099
102.384,117.712,54.111,48.099
101.781,117.913,54.111,48.099
101.580,117.712,54.111,48.099
101.379,118.315,54.111,48.099
101.580,118.516,54.111,48.099
101.781,117.913,54.111,48.099
101.580,117.712,54.111,48.099
101.615,118.113,53.649,47.688
101.814,115.521,53.649,47.688
102.014,116.119,53.649,47.688
101.415,117.116,53.649,47.688
102.014,118.512,53.649,47.688
101.415,118.711,53.649,47.688
102.014,119.310,53.649,47.688
101.814,119.110,53.649,47.688
102.014,120.107,53.649,47.688
101.814,119.110,53.649,47.688
102.014,118.512,53.649,47.688
102.213,117.914,53.649,47.688
103.210,118.113,53.649,47.688
102.612,118.313,53.649,47.688
102.811,118.512,53.649,47.688
103.011,117.515,53.649,47.688
102.811,119.310,53.649,47.688
103.011,119.509,53.649,47.688
102.571,117.870,54.119,48.106
101.968,117.266,54.119,48.106
102.169,118.272,54.119,48.106
102.773,119.278,54.119,48.106
101.767,120.686,54.119,48.106
101.968,119.680,54.119,48.106
102.169,118.674,54.119,48.106
102.773,118.875,54.119,48.106
102.169,118.674,54.119,48.106
102.773,118.473,54.119,48.106
102.169,119.076,54.119,48.106
102.370,118.875,54.119,48.106
101.767,117.870,54.119,48.106
101.566,117.266,54.119,48.106
101.365,116.663,54.119,48.106
101.566,116.864,54.119,48.106
100.962,117.467,54.119,48.106
101.163,117.668,54.119,48.106
101.365,116.663,54.119,48.106
100.761,116.864,54.119,48.106
100.560,116.260,54.119,48.106
100.761,117.668,54.119,48.106
100.560,116.663,54.119,48.106
99.957,117.266,54.119,48.106
100.384,117.275,53.657,47.695
100.184,117.874,53.657,47.695
99.985,117.275,53.657,47.695
99.387,117.475,53.657,47.695
99.187,116.876,53.657,47.695
98.988,117.475,53.657,47.695
99.411,118.651,53.199,47.288
98.818,117.662,53.199,47.288
99.016,117.860,53.199,47.288
98.818,118.058,53.199,47.288
98.852,118.067,52.745,46.884
98.264,117.871,52.745,46.884
98.852,117.283,52.745,46.884
97.872,116.695,52.745,46.884
97.676,116.499,52.745,46.884
97.328,117.655,52.294,46.484
97.133,117.849,52.294,46.484
97.925,117.858,51.848,46.087
96.962,116.895,51.848,46.087
97.925,117.858,51.848,46.087
96.962,116.895,51.848,46.087
97.540,117.473,51.848,46.087
96.962,117.280,51.848,46.087
97.540,117.473,51.848,46.087
96.962,116.895,51.848,46.087
97.925,117.858,51.848,46.087
97.347,117.665,51.848,46.087
98.311,119.014,51.848,46.087
97.733,118.051,51.848,46.087
98.518,117.308,51.405,45.694
97.805,116.571,50.966,45.304
100.647,117.139,50.966,45.304
99.700,116.571,50.966,45.304
99.510,117.897,50.966,45.304
99.321,117.707,50.966,45.304
99.354,118.085,50.531,44.917
99.386,119.193,50.100,44.533
101.434,119.007,50.100,44.533
100.503,118.821,50.100,44.533
101.434,119.007,50.100,44.533
100.740,119.015,49.672,44.153
102.573,119.024,49.248,43.776
101.658,117.742,49.248,43.776
103.671,117.925,49.248,43.776
103.122,118.475,49.248,43.776
102.207,118.658,49.248,43.776
101.658,117.376,49.248,43.776
104.403,117.559,49.248,43.776
104.220,117.742,49.248,43.776
103.671,117.559,49.248,43.776
105.684,118.475,49.248,43.776
104.769,118.658,49.248,43.776
105.684,119.207,49.248,43.776
105.359,118.501,48.828,43.403
106.629,119.408,48.828,43.403
105.952,119.062,48.411,43.032
107.572,119.962,48.411,43.032
106.672,119.062,48.411,43.032
106.703,118.017,47.998,42.665
109.022,118.909,47.998,42.665
107.417,117.660,47.998,42.665
110.093,119.623,47.998,42.665
108.844,120.515,47.998,42.665
109.022,119.623,47.998,42.665
109.558,120.158,47.998,42.665
109.379,119.979,47.998,42.665
109.410,120.684,47.588,42.301
110.648,121.214,47.588,42.301
109.764,120.684,47.588,42.301
111.356,120.861,47.588,42.301
111.179,121.391,47.588,42.301
110.294,120.861,47.588,42.301
111.532,121.391,47.588,42.301
110.294,121.214,47.588,42.301
111.179,120.684,47.588,42.301
111.002,120.507,47.588,42.301
111.532,121.037,47.588,42.301
111.868,120.671,48.004,42.671
112.047,121.920,48.004,42.671
111.154,121.742,48.004,42.671
110.976,120.849,48.004,42.671
112.225,120.671,48.004,42.671
110.976,120.849,48.004,42.671
112.412,121.211,48.425,43.044
111.872,119.952,48.425,43.044
112.052,121.211,48.425,43.044
110.792,121.031,48.425,43.044
111.692,121.211,48.425,43.044
110.432,121.031,48.425,43.044
110.972,120.491,48.425,43.044
111.152,120.312,48.425,43.044
111.494,119.570,48.848,43.421
110.949,120.841,48.848,43.421
111.130,120.296,48.848,43.421
111.312,119.751,48.848,43.421
110.404,119.933,48.848,43.421
110.586,120.114,48.848,43.421
110.041,119.570,48.848,43.421
110.223,119.025,48.848,43.421
109.678,118.480,48.848,43.421
110.586,118.662,48.848,43.421
110.041,119.207,48.848,43.421
109.497,118.299,48.848,43.421
110.041,118.117,48.848,43.421
110.386,117.369,49.276,43.801
109.836,117.919,49.276,43.801
109.287,116.637,49.276,43.801
109.104,116.453,49.276,43.801
109.287,117.735,49.276,43.801
108.737,116.820,49.276,43.801
108.554,116.270,49.276,43.801
108.737,117.186,49.276,43.801
107.697,117.552,48.855,43.427
108.605,117.370,48.855,43.427
107.697,117.915,48.855,43.427
107.879,115.917,48.855,43.427
107.334,116.462,48.855,43.427
107.152,116.281,48.855,43.427
106.608,116.099,48.855,43.427
106.789,115.917,48.855,43.427
106.608,115.009,48.855,43.427
106.789,115.554,48.855,43.427
107.334,116.099,48.855,43.427
106.063,114.828,48.855,43.427
106.608,115.736,48.855,43.427
105.700,115.554,48.855,43.427
105.881,114.646,48.855,43.427
106.063,115.554,48.855,43.427
104.323,115.208,48.438,43.056
105.943,116.108,48.438,43.056
105.403,116.648,48.438,43.056
104.029,116.305,48.024,42.688
104.564,116.484,48.024,42.688
105.457,115.591,48.024,42.688
104.564,116.484,48.024,42.688
105.457,115.234,48.024,42.688
104.921,114.342,48.024,42.688
104.743,114.520,48.024,42.688
104.921,113.628,48.024,42.688
103.907,112.591,47.615,42.324
104.792,113.122,47.615,42.324
103.553,112.945,47.615,42.324
104.438,113.830,47.615,42.324
103.907,113.653,47.615,42.324
103.376,112.414,47.615,42.324
103.907,114.007,47.615,42.324
102.669,114.538,47.615,42.324
102.138,114.715,47.615,42.324
101.961,113.122,47.615,42.324
101.430,113.653,47.615,42.324
103.023,114.892,47.615,42.324
101.430,115.777,47.615,42.324
101.607,116.661,47.615,42.324
100.014,116.130,47.615,42.324
101.076,116.852,48.031,42.694
99.469,117.388,48.031,42.694
100.361,118.637,48.031,42.694
99.112,118.816,48.031,42.694
99.085,119.544,48.451,43.068
97.824,119.724,48.451,43.068
98.364,119.904,48.451,43.068
97.104,120.084,48.451,43.068
96.924,120.985,48.451,43.068
96.744,121.525,48.451,43.068
95.483,121.705,48.451,43.068
96.384,120.444,48.451,43.068
95.123,120.264,48.451,43.068
95.303,121.525,48.451,43.068
94.043,121.705,48.451,43.068
94.583,120.084,48.451,43.068
94.043,120.264,48.451,43.068
93.142,121.165,48.451,43.068
94.043,119.904,48.451,43.068
92.782,120.444,48.451,43.068
92.242,120.624,48.451,43.068
91.701,119.724,48.451,43.068
91.521,119.184,48.451,43.068
90.850,117.787,48.038,42.700
92.814,116.894,48.038,42.700
91.323,117.256,48.458,43.074
91.142,117.796,48.458,43.074
89.882,115.815,48.458,43.074
90.782,115.995,48.458,43.074
89.522,115.455,48.458,43.074
91.142,115.995,48.458,43.074
89.522,115.455,48.458,43.074
89.702,115.635,48.458,43.074
89.522,115.095,48.458,43.074
88.981,114.194,48.458,43.074
89.161,115.095,48.458,43.074
88.621,115.635,48.458,43.074
88.441,115.815,48.458,43.074
87.901,115.995,48.458,43.074
87.720,115.815,48.458,43.074
88.261,114.194,48.458,43.074
87.360,114.735,48.458,43.074
87.901,115.275,48.458,43.074
87.360,115.815,48.458,43.074
86.460,114.554,48.458,43.074
87.360,115.095,48.458,43.074
86.460,115.635,48.458,43.074
87.000,115.815,48.458,43.074
85.379,114.554,48.458,43.074
86.640,114.735,48.458,43.074
85.019,113.114,48.458,43.074
86.280,114.014,48.458,43.074
85.379,113.834,48.458,43.074
85.199,113.294,48.458,43.074
85.379,113.834,48.458,43.074
84.839,112.934,48.458,43.074
85.181,112.930,48.882,43.451
84.636,113.111,48.882,43.451
84.817,113.293,48.882,43.451
84.999,113.838,48.882,43.451
84.454,114.020,48.882,43.451
83.909,113.475,48.882,43.451
83.727,112.930,48.882,43.451
84.444,113.671,49.310,43.831
84.041,113.291,49.741,44.215
84.226,114.585,49.741,44.215
83.671,112.921,49.741,44.215
84.595,113.476,49.741,44.215
83.301,112.921,49.741,44.215
84.595,113.476,49.741,44.215
84.041,112.921,49.741,44.215
84.965,113.846,49.741,44.215
84.411,113.291,49.741,44.215
85.140,114.045,50.177,44.601
84.208,113.486,50.177,44.601
85.327,113.864,50.616,44.992
84.386,115.181,50.616,44.992
84.574,116.121,50.616,44.992
85.138,114.805,50.616,44.992
84.574,113.864,50.616,44.992
85.515,114.428,50.616,44.992
85.327,115.369,50.616,44.992
85.515,115.933,50.616,44.992
85.327,115.369,50.616,44.992
84.386,116.310,50.616,44.992
85.327,115.745,50.616,44.992
85.138,116.686,50.616,44.992
84.574,115.369,50.616,44.992
85.138,116.686,50.616,44.992
84.574,114.993,50.616,44.992
85.138,116.310,50.616,44.992
83.822,114.993,50.616,44.992
83.633,115.933,50.616,44.992
84.950,115.745,50.616,44.992
83.633,116.310,50.616,44.992
84.574,116.498,50.616,44.992
83.633,115.933,50.616,44.992
84.198,115.745,50.616,44.992
83.257,115.181,50.616,44.992
84.000,115.177,51.058,45.385
83.051,115.746,51.058,45.385
83.241,115.936,51.058,45.385
83.431,116.885,51.058,45.385
82.482,115.936,51.058,45.385
82.672,116.885,51.058,45.385
82.861,116.315,51.058,45.385
82.672,116.885,51.058,45.385
81.723,115.556,51.058,45.385
81.533,114.608,51.058,45.385
82.482,115.177,51.058,45.385
82.292,114.608,51.058,45.385
82.102,115.556,51.058,45.385
82.073,113.996,51.505,45.782
82.829,114.777,51.956,46.183
81.864,114.584,51.956,46.183
81.284,115.936,51.956,46.183
81.864,114.970,51.956,46.183
82.230,113.778,52.411,46.587
81.646,115.142,52.411,46.587
81.061,114.558,52.411,46.587
80.233,112.956,52.869,46.995
81.609,112.367,52.869,46.995
81.412,112.170,52.869,46.995
81.216,114.332,52.869,46.995
81.019,112.956,52.869,46.995
80.823,114.332,52.869,46.995
80.233,113.742,52.869,46.995
81.609,113.153,52.869,46.995
81.019,113.742,52.869,46.995
81.216,113.546,52.869,46.995
81.019,113.349,52.869,46.995
80.430,112.760,52.869,46.995
80.626,112.956,52.869,46.995
80.037,113.153,52.869,46.995
81.019,114.135,52.869,46.995
82.394,112.367,52.869,46.995
81.019,114.528,52.869,46.995
80.430,115.118,52.869,46.995
81.412,115.314,52.869,46.995
80.823,114.725,52.869,46.995
81.598,115.123,53.332,47.406
81.004,114.132,53.332,47.406
80.161,112.909,53.798,47.821
81.360,111.675,54.269,48.239
81.158,111.070,54.269,48.239
80.957,110.465,54.269,48.239
81.965,111.070,54.269,48.239
82.570,109.658,54.269,48.239
82.369,111.070,54.269,48.239
82.167,108.851,54.269,48.239
81.158,111.070,54.269,48.239
80.553,110.868,54.269,48.239
80.936,111.691,54.744,48.661
79.919,111.487,54.744,48.661
79.715,110.877,54.744,48.661
79.919,111.487,54.744,48.661
79.715,110.877,54.744,48.661
79.105,111.894,54.744,48.661
78.494,110.470,54.744,48.661
77.884,111.487,54.744,48.661
77.274,110.877,54.744,48.661
77.070,111.080,54.744,48.661
76.460,110.063,54.744,48.661
75.849,111.080,54.744,48.661
75.646,110.877,54.744,48.661
75.442,110.673,54.744,48.661
75.239,111.691,54.744,48.661
74.629,111.487,54.744,48.661
74.425,112.098,54.744,48.661
73.977,112.928,55.223,49.087
74.593,111.491,55.223,49.087
73.977,110.875,55.223,49.087
73.772,111.901,55.223,49.087
72.746,111.696,55.223,49.087
72.540,112.312,55.223,49.087
71.925,110.875,55.223,49.087
71.719,110.670,55.223,49.087
71.104,111.286,55.223,49.087
70.488,111.080,55.223,49.087
69.872,111.696,55.223,49.087
70.077,111.080,55.223,49.087
69.462,112.517,55.223,49.087
68.435,111.080,55.223,49.087
68.230,111.286,55.223,49.087
67.614,111.491,55.223,49.087
67.409,111.696,55.223,49.087
66.383,112.312,55.223,49.087
65.767,111.286,55.223,49.087
65.152,111.080,55.223,49.087
64.536,112.928,55.223,49.087
63.920,111.901,55.223,49.087
63.304,111.696,55.223,49.087
62.539,112.106,54.752,48.668
61.928,112.716,54.752,48.668
61.725,112.920,54.752,48.668
61.114,111.902,54.752,48.668
60.911,113.327,54.752,48.668
59.486,113.937,54.752,48.668
58.876,113.327,54.752,48.668
58.265,114.344,54.752,48.668
57.655,113.734,54.752,48.668
57.451,114.344,54.752,48.668
55.898,114.751,54.284,48.253
55.697,114.145,54.284,48.253
55.091,113.136,54.284,48.253
53.679,113.742,54.284,48.253
52.533,114.145,53.821,47.841
51.533,112.744,53.821,47.841
51.333,113.344,53.821,47.841
49.932,113.544,53.821,47.841
49.332,112.944,53.821,47.841
48.332,113.544,53.821,47.841
46.932,113.344,53.821,47.841
46.332,113.544,53.821,47.841
44.932,114.145,53.821,47.841
43.931,113.144,53.821,47.841
42.931,112.944,53.821,47.841
41.931,113.945,53.821,47.841
41.331,114.545,53.821,47.841
39.931,114.745,53.821,47.841
38.931,113.744,53.821,47.841
37.930,114.345,53.821,47.841
36.530,113.344,53.821,47.841
35.530,114.345,53.821,47.841
34.130,115.345,53.821,47.841
32.730,114.745,53.821,47.841
32.129,115.345,53.821,47.841
30.329,114.345,53.821,47.841
28.129,114.545,53.821,47.841
27.129,113.945,53.821,47.841
26.128,114.545,53.821,47.841
24.728,113.544,53.821,47.841
24.128,112.944,53.821,47.841
22.328,113.544,53.821,47.841
20.527,112.944,53.821,47.841
21.128,114.345,53.821,47.841
18.637,113.520,54.292,48.259
18.031,113.318,54.292,48.259
15.812,113.520,54.292,48.259
15.206,114.529,54.292,48.259
13.390,114.731,54.292,48.259
12.119,113.486,54.767,48.682
