70.000,51.000,107.000,87.000
71.644,53.407,107.000,87.000
68.212,53.026,107.000,87.000
68.593,54.932,107.000,87.000
65.161,53.026,107.000,87.000
64.017,53.407,107.000,87.000
63.635,56.839,107.000,87.000
62.491,51.881,107.000,87.000
61.347,50.737,107.000,87.000
61.270,49.184,107.936,87.761
60.885,51.107,107.936,87.761
61.270,47.645,107.936,87.761
62.769,49.233,108.881,88.529
61.605,48.845,108.881,88.529
61.993,50.785,108.881,88.529
63.506,49.204,109.833,89.304
60.765,49.596,109.833,89.304
61.157,51.553,109.833,89.304
62.771,55.372,108.896,88.541
61.897,50.608,109.849,89.316
59.939,53.349,109.849,89.316
59.057,50.149,110.810,90.098
59.452,52.914,110.810,90.098
57.999,50.601,109.864,89.329
59.957,50.993,109.864,89.329
60.348,52.167,109.864,89.329
61.523,50.209,109.864,89.329
60.348,49.818,109.864,89.329
63.089,52.559,109.864,89.329
60.602,50.161,110.825,90.110
60.207,51.346,110.825,90.110
59.812,50.161,110.825,90.110
64.590,50.982,111.795,90.899
60.791,50.203,110.841,90.123
64.347,52.179,110.841,90.123
60.791,48.623,110.841,90.123
65.571,50.253,111.810,90.911
62.222,46.996,112.789,91.707
62.624,51.418,112.789,91.707
61.418,47.800,112.789,91.707
62.161,50.284,113.776,92.509
65.811,48.256,113.776,92.509
68.223,46.604,114.771,93.319
68.632,48.650,114.771,93.319
67.710,48.661,115.775,94.135
69.412,47.049,114.787,93.332
68.185,49.913,114.787,93.332
69.412,49.504,114.787,93.332
72.696,50.302,113.807,92.535
69.045,48.274,113.807,92.535
71.074,47.868,113.807,92.535
73.538,49.450,112.836,91.745
76.755,50.285,113.823,92.548
69.858,49.880,113.823,92.548
74.320,51.908,113.823,92.548
72.292,50.691,113.823,92.548
71.590,53.857,112.851,91.758
74.406,51.846,112.851,91.758
66.763,50.639,112.851,91.758
69.207,52.993,111.888,90.974
62.586,48.098,112.867,91.770
69.425,51.719,112.867,91.770
65.590,50.933,111.904,90.987
68.382,51.332,111.904,90.987
64.792,46.944,111.904,90.987
70.435,50.226,112.883,91.783
64.400,45.800,112.883,91.783
69.630,49.421,112.883,91.783
64.400,46.605,112.883,91.783
68.021,48.617,112.883,91.783
63.595,45.800,112.883,91.783
68.462,44.986,113.870,92.586
64.809,43.768,113.870,92.586
66.839,46.610,113.870,92.586
62.374,41.333,113.870,92.586
66.839,44.174,113.870,92.586
60.932,40.857,114.867,93.396
65.436,46.180,114.867,93.396
60.932,41.676,114.867,93.396
66.255,46.998,114.867,93.396
60.932,43.314,114.867,93.396
66.255,47.817,114.867,93.396
60.932,43.314,114.867,93.396
64.617,48.636,114.867,93.396
60.114,44.951,114.867,93.396
64.199,48.146,113.886,92.599
61.357,46.928,113.886,92.599
62.575,46.522,113.886,92.599
65.417,50.176,113.886,92.599
60.140,46.522,113.886,92.599
61.814,51.274,112.914,91.809
65.857,48.810,113.902,92.612
62.779,48.017,112.930,91.821
62.868,51.157,111.966,91.037
60.075,48.364,111.966,91.037
61.272,47.167,111.966,91.037
62.469,49.960,111.966,91.037
59.676,46.369,111.966,91.037
61.671,49.162,111.966,91.037
62.538,49.161,111.010,90.260
64.517,48.766,111.010,90.260
67.286,50.744,111.010,90.260
71.234,53.831,110.062,89.490
69.790,51.534,109.123,88.726
76.403,51.923,109.123,88.726
79.513,51.934,110.077,89.502
76.767,53.111,110.077,89.502
75.590,49.580,110.077,89.502
75.677,51.110,109.138,88.738
75.763,52.627,108.206,87.981
76.920,52.242,108.206,87.981
76.253,52.241,107.282,87.230
76.636,53.388,107.282,87.230
75.974,52.641,106.367,86.485
76.353,50.746,106.367,86.485
74.218,52.224,105.459,85.747
75.769,52.957,104.558,85.015
76.141,51.839,104.558,85.015
76.514,53.702,104.558,85.015
76.887,55.566,104.558,85.015
75.515,54.838,103.666,84.289
77.713,54.090,104.573,85.026
77.340,55.209,104.573,85.026
78.458,54.836,104.573,85.026
78.831,56.700,104.573,85.026
76.967,53.345,104.573,85.026
75.849,55.954,104.573,85.026
79.203,57.818,104.573,85.026
78.559,57.817,103.680,84.301
80.407,58.926,103.680,84.301
79.298,57.817,103.680,84.301
81.146,60.404,103.680,84.301
80.776,57.078,103.680,84.301
78.928,55.969,103.680,84.301
80.776,57.817,103.680,84.301
79.668,54.491,103.680,84.301
79.750,53.769,102.795,83.581
79.675,51.526,103.694,84.312
81.523,51.895,103.694,84.312
80.415,50.787,103.694,84.312
81.939,52.228,102.809,83.593
80.840,48.930,102.809,83.593
81.939,48.564,102.809,83.593
83.771,47.464,102.809,83.593
86.712,49.609,101.932,82.879
87.502,48.190,101.061,82.171
90.744,49.271,101.061,82.171
88.943,46.029,101.061,82.171
90.347,46.777,101.946,82.890
92.164,45.687,101.946,82.890
92.527,48.957,101.946,82.890
93.617,46.414,101.946,82.890
95.116,47.831,101.076,82.183
95.899,49.939,100.213,81.481
93.398,48.153,100.213,81.481
97.327,52.082,100.213,81.481
95.316,51.385,99.357,80.786
97.087,53.155,99.357,80.786
98.547,52.464,98.509,80.096
99.310,55.889,97.668,79.412
100.355,53.452,97.668,79.412
99.570,56.316,98.523,80.107
100.334,53.574,97.682,79.423
102.449,57.650,96.848,78.745
103.484,54.543,96.848,78.745
103.139,56.269,96.848,78.745
103.889,55.595,96.021,78.073
104.916,57.306,96.021,78.073
105.258,58.333,96.021,78.073
106.002,56.996,95.201,77.407
104.305,59.372,95.201,77.407
105.323,56.318,95.201,77.407
106.341,59.372,95.201,77.407
106.681,56.318,95.201,77.407
108.377,59.372,95.201,77.407
106.002,55.639,95.201,77.407
109.056,59.372,95.201,77.407
106.205,53.816,96.034,78.084
109.286,52.104,96.034,78.084
105.006,48.605,96.875,78.767
111.567,53.784,96.875,78.767
106.542,48.131,97.722,79.456
114.553,53.356,97.722,79.456
18.801,36.228,98.577,80.152
17.044,34.471,98.577,80.152
15.990,39.742,98.577,80.152
14.233,35.174,98.577,80.152
13.882,39.742,98.577,80.152
13.090,34.709,99.440,80.853
12.292,40.531,100.310,81.560
10.754,36.876,101.188,82.274
9.672,31.466,101.188,82.274
10.754,35.434,101.188,82.274
10.393,28.581,101.188,82.274
10.032,30.384,101.188,82.274
8.705,25.458,100.324,81.572
9.778,26.530,100.324,81.572
8.705,27.603,100.324,81.572
8.347,27.961,100.324,81.572
8.705,25.458,100.324,81.572
8.086,26.852,99.468,80.875
7.473,24.776,98.618,80.185
7.122,27.237,98.618,80.185
8.572,27.236,97.777,79.501
8.649,29.276,96.942,78.822
8.051,29.949,96.114,78.149
8.796,30.617,95.294,77.482
7.546,31.942,94.480,76.820
7.883,32.952,94.480,76.820
9.928,35.580,93.674,76.165
56.338,32.575,93.674,76.165
58.367,36.483,92.874,75.514
60.022,34.828,92.874,75.514
60.353,36.483,92.874,75.514
60.022,33.504,92.874,75.514
60.741,38.670,92.081,74.870
61.348,33.297,92.887,75.525
60.602,35.342,93.700,76.186
58.480,31.927,94.520,76.852
59.491,34.286,94.520,76.852
60.114,37.748,95.347,77.525
57.258,33.577,96.181,78.203
60.343,37.348,96.181,78.203
55.355,33.141,97.023,78.888
58.120,35.986,97.872,79.578
54.474,31.704,98.728,80.274
57.288,34.599,99.592,80.976
51.395,30.243,100.463,81.685
53.901,33.466,100.463,81.685
57.124,32.391,100.463,81.685
48.977,28.731,101.342,82.400
42.009,25.206,100.477,81.696
41.651,31.294,100.477,81.696
42.009,29.503,100.477,81.696
40.934,33.443,100.477,81.696
43.799,30.516,101.356,82.411
36.212,33.045,101.356,82.411
38.018,34.851,101.356,82.411
38.803,31.326,100.491,81.708
32.714,35.982,100.491,81.708
28.971,32.320,101.370,82.423
24.821,36.550,100.505,81.719
18.139,33.622,101.384,82.434
21.391,30.370,101.384,82.434
17.241,33.895,100.519,81.730
18.315,31.387,100.519,81.730
14.200,35.580,99.661,81.033
14.279,32.807,98.810,80.341
14.930,35.705,99.675,81.044
11.543,39.863,98.824,80.352
10.246,37.801,97.980,79.666
9.199,35.356,97.980,79.666
7.913,38.763,97.144,78.986
7.314,37.411,96.314,78.312
6.721,39.420,95.492,77.643
5.700,37.718,95.492,77.643
5.775,41.038,94.677,76.980
5.192,40.379,93.869,76.323
5.266,38.419,93.068,75.672
8.251,42.068,93.068,75.672
7.256,41.073,93.068,75.672
6.924,39.415,93.068,75.672
6.593,37.756,93.068,75.672
7.314,41.639,92.273,75.026
9.954,40.355,91.485,74.385
9.627,45.246,91.485,74.385
9.301,43.616,91.485,74.385
12.888,42.637,91.485,74.385
13.214,39.703,91.485,74.385
12.014,35.248,90.704,73.750
10.193,41.556,89.930,73.121
11.515,36.552,89.162,72.497
11.586,30.350,88.401,71.878
11.656,26.661,87.647,71.264
11.116,28.489,86.898,70.656
9.567,31.276,86.898,70.656
8.638,32.825,86.898,70.656
7.709,25.701,86.898,70.656
2.942,23.283,86.157,70.053
6.935,21.133,86.157,70.053
9.698,22.669,86.157,70.053
53.704,26.454,86.910,70.666
64.546,31.720,86.910,70.666
66.714,35.128,86.910,70.666
65.574,35.732,86.169,70.062
65.043,38.128,85.433,69.464
64.129,34.779,85.433,69.464
64.434,38.128,85.433,69.464
63.124,34.391,86.181,70.072
61.394,32.592,85.445,69.474
62.917,36.552,85.445,69.474
61.394,32.592,85.445,69.474
63.526,37.161,85.445,69.474
62.003,34.420,85.445,69.474
60.882,38.579,84.715,68.881
59.372,34.654,84.715,68.881
60.882,39.183,84.715,68.881
58.592,37.415,83.992,68.293
57.694,40.109,83.992,68.293
57.177,36.019,83.275,67.710
54.505,32.754,83.275,67.710
59.551,38.988,83.275,67.710
56.286,34.535,83.275,67.710
59.551,39.581,83.275,67.710
56.880,35.129,83.275,67.710
55.208,31.653,82.564,67.132
54.914,34.302,82.564,67.132
54.620,36.362,82.564,67.132
54.685,32.916,81.860,66.559
54.393,35.542,81.860,66.559
54.458,37.250,81.161,65.991
53.590,33.489,81.161,65.991
52.345,35.276,81.871,66.568
51.841,36.414,81.172,66.000
55.023,37.282,81.172,66.000
51.841,35.835,81.172,66.000
50.973,33.231,81.172,66.000
51.262,35.835,81.172,66.000
50.610,32.284,81.882,66.577
50.675,35.131,81.183,66.009
48.837,35.139,81.894,66.586
50.296,37.182,81.894,66.586
47.844,33.002,82.610,67.169
46.960,35.063,82.610,67.169
48.108,37.485,83.333,67.757
43.653,33.624,83.333,67.757
45.732,36.297,83.333,67.757
42.627,32.043,84.062,68.350
42.927,34.739,84.062,68.350
41.024,35.362,84.798,68.948
37.699,32.641,84.798,68.948
37.397,35.362,84.798,68.948
34.072,32.641,84.798,68.948
34.374,34.757,84.798,68.948
30.445,30.828,84.798,68.948
32.561,34.757,84.798,68.948
26.818,31.432,84.798,68.948
27.120,33.548,84.798,68.948
24.400,35.059,84.798,68.948
22.889,33.548,84.798,68.948
21.776,35.907,84.074,68.359
17.881,32.610,84.074,68.359
18.180,35.907,84.074,68.359
16.083,32.610,84.074,68.359
16.636,33.847,84.809,68.957
14.716,30.137,85.552,69.561
15.631,33.491,85.552,69.561
16.819,34.750,86.300,70.169
16.512,38.748,86.300,70.169
16.449,41.910,87.055,70.783
17.380,45.323,87.055,70.783
17.318,43.423,87.817,71.403
15.752,43.736,87.817,71.403
15.047,38.611,88.585,72.027
13.689,36.678,89.361,72.658
13.624,30.810,90.142,73.293
12.018,24.705,90.142,73.293
10.636,22.079,90.931,73.935
10.960,20.459,90.931,73.935
10.636,23.376,90.931,73.935
12.904,25.644,90.931,73.935
14.168,26.982,91.727,74.582
14.772,29.672,92.529,75.234
13.782,33.300,92.529,75.234
14.112,36.268,92.529,75.234
15.397,38.305,93.339,75.893
15.330,39.678,94.156,76.557
13.652,37.329,94.156,76.557
15.330,41.692,94.156,76.557
14.323,38.671,94.156,76.557
13.988,40.349,94.156,76.557
13.920,36.230,94.980,77.226
14.258,39.954,94.980,77.226
12.802,35.106,95.811,77.902
12.033,37.215,96.649,78.584
13.375,37.930,97.495,79.271
13.723,34.803,97.495,79.271
11.985,37.930,97.495,79.271
11.638,35.498,97.495,79.271
10.595,40.015,97.495,79.271
9.316,43.405,96.662,78.595
12.754,45.421,95.837,77.924
16.186,42.629,96.676,78.606
19.648,46.877,97.522,79.293
18.606,50.005,97.522,79.293
17.823,47.877,98.375,79.987
21.346,44.292,99.236,80.687
20.549,49.378,100.104,81.393
22.671,44.999,100.980,82.105
21.860,41.319,101.864,82.824
23.676,46.039,101.864,82.824
22.587,48.581,101.864,82.824
21.024,41.892,102.755,83.548
20.950,38.898,103.654,84.280
20.581,35.573,103.654,84.280
20.663,38.456,102.769,83.560
21.029,34.427,102.769,83.560
17.732,38.456,102.769,83.560
21.029,41.753,102.769,83.560
22.128,47.247,102.769,83.560
22.805,43.503,103.668,84.291
17.262,37.960,103.668,84.291
19.849,42.764,103.668,84.291
17.262,35.004,103.668,84.291
14.676,27.983,103.668,84.291
14.037,27.983,102.784,83.572
12.205,23.953,102.784,83.572
12.286,26.811,101.906,82.858
11.658,27.519,101.036,82.151
10.578,25.719,101.036,82.151
12.063,27.826,100.174,81.450
10.992,28.897,100.174,81.450
9.678,27.503,99.319,80.754
11.448,29.273,99.319,80.754
10.145,31.345,98.471,80.065
7.688,28.186,98.471,80.065
12.251,31.345,98.471,80.065
7.688,28.888,98.471,80.065
9.135,32.311,97.630,79.381
7.855,29.595,96.797,78.704
10.624,34.306,95.970,78.032
8.230,32.596,95.970,78.032
6.971,30.593,95.151,77.366
10.701,34.324,95.151,77.366
9.453,38.955,94.339,76.705
8.871,35.674,93.533,76.051
10.897,39.577,92.735,75.401
9.244,36.602,92.735,75.401
10.897,40.238,92.735,75.401
9.905,35.941,92.735,75.401
10.624,40.455,91.943,74.758
9.640,37.505,91.943,74.758
11.279,41.765,91.943,74.758
9.640,38.816,91.943,74.758
9.713,41.373,91.158,74.120
7.883,36.935,90.380,73.487
7.326,38.820,89.609,72.859
6.151,36.950,88.844,72.238
5.603,40.038,88.085,71.621
2.777,36.585,88.085,71.621
5.910,39.647,87.333,71.009
2.486,36.846,87.333,71.009
5.592,40.489,86.588,70.403
2.197,37.094,86.588,70.403
6.481,41.309,85.849,69.802
3.564,38.920,85.116,69.206
8.721,41.651,85.116,69.206
7.811,38.920,85.116,69.206
7.286,41.880,84.389,68.616
11.798,44.587,84.389,68.616
9.517,42.239,83.669,68.030
9.815,44.923,83.669,68.030
8.718,43.176,82.955,67.449
8.207,45.483,82.247,66.873
7.128,42.623,81.544,66.302
9.461,46.592,80.848,65.736
8.020,43.422,80.848,65.736
6.959,46.233,80.158,65.175
7.580,45.675,79.474,64.619
8.196,48.991,78.795,64.067
7.353,46.463,78.795,64.067
6.867,48.107,78.123,63.520
10.487,50.056,78.123,63.520
7.981,46.993,78.123,63.520
8.816,48.942,78.123,63.520
7.248,47.855,77.456,62.978
5.868,45.922,77.456,62.978
8.353,48.959,77.456,62.978
5.868,46.474,77.456,62.978
8.353,50.063,77.456,62.978
6.420,46.474,77.456,62.978
5.592,48.959,77.456,62.978
4.211,45.922,77.456,62.978
8.353,48.959,77.456,62.978
6.259,48.420,76.795,62.441
6.320,51.090,76.139,61.907
4.963,47.562,76.139,61.907
7.948,50.547,76.139,61.907
4.963,48.105,76.139,61.907
3.063,45.662,76.139,61.907
6.591,48.647,76.139,61.907
3.063,45.662,76.139,61.907
6.591,48.647,76.139,61.907
3.063,45.119,76.139,61.907
6.591,48.105,76.139,61.907
3.063,44.577,76.139,61.907
7.677,48.647,76.139,61.907
3.606,44.577,76.139,61.907
7.677,48.105,76.139,61.907
4.692,45.662,76.139,61.907
9.305,49.190,76.139,61.907
6.320,47.833,76.139,61.907
9.848,51.361,76.139,61.907
7.790,50.302,75.489,61.379
6.445,48.418,75.489,61.379
9.942,52.992,75.489,61.379
7.377,51.942,74.845,60.855
4.834,49.859,74.206,60.336
9.118,54.204,74.855,60.863
5.649,51.269,74.855,60.863
1.544,47.624,74.216,60.344
3.925,51.063,74.216,60.344
-0.572,46.566,74.216,60.344
2.583,50.179,73.583,59.829
6.224,54.272,72.954,59.318
1.207,50.720,72.332,58.812
6.295,55.247,71.714,58.310
8.347,53.750,71.102,57.812
5.559,52.483,71.102,57.812
9.077,53.966,70.495,57.318
7.172,52.985,69.893,56.829
10.696,55.035,70.505,57.326
7.932,52.773,70.505,57.326
10.457,53.810,71.122,57.828
7.161,52.036,71.122,57.828
10.964,54.824,71.122,57.828
8.682,53.050,71.122,57.828
10.964,54.317,71.122,57.828
9.189,54.571,71.122,57.828
8.429,55.838,71.122,57.828
11.724,57.613,71.122,57.828
9.950,55.838,71.122,57.828
9.189,55.585,71.122,57.828
8.429,54.824,71.122,57.828
8.175,53.557,71.122,57.828
7.415,54.824,71.122,57.828
8.682,53.050,71.122,57.828
6.908,55.838,71.122,57.828
5.640,54.571,71.122,57.828
5.202,58.527,70.515,57.334
6.181,55.958,71.132,57.836
5.421,54.183,71.132,57.836
6.688,56.465,71.132,57.836
6.435,54.690,71.132,57.836
5.007,52.711,70.524,57.342
9.079,54.779,71.141,57.844
7.304,51.989,71.141,57.844
6.370,53.968,70.534,57.350
7.866,51.913,71.151,57.852
6.598,54.196,71.151,57.852
6.159,52.711,70.544,57.358
5.724,55.654,69.942,56.868
5.163,51.061,70.554,57.366
7.689,53.646,71.171,57.868
6.928,56.436,71.171,57.868
6.167,54.660,71.171,57.868
6.421,54.914,71.171,57.868
5.982,55.409,70.563,57.374
5.547,52.954,69.961,56.884
6.089,56.360,69.364,56.399
6.144,55.394,68.772,55.917
6.199,55.872,68.185,55.440
5.778,54.923,67.603,54.967
6.302,56.333,67.025,54.497
6.355,55.867,66.453,54.032
6.870,57.253,65.886,53.571
6.464,57.711,65.324,53.114
6.061,59.982,64.766,52.660
6.961,61.408,65.333,53.121
6.558,65.042,64.775,52.667
6.159,66.393,64.222,52.218
5.472,65.249,64.222,52.218
5.243,67.309,64.222,52.218
4.556,65.249,64.222,52.218
4.327,68.224,64.222,52.218
3.932,66.437,63.674,51.772
2.955,65.513,64.231,52.225
3.184,67.573,64.231,52.225
2.199,65.233,64.793,52.682
1.044,68.697,64.793,52.682
-13.043,63.847,64.793,52.682
-16.404,61.486,65.360,53.143
-16.451,61.970,65.932,53.608
-16.017,64.385,66.509,54.077
-18.625,61.778,66.509,54.077
-19.159,60.326,67.091,54.550
-19.876,63.913,67.091,54.550
-19.924,60.978,67.678,55.028
-21.457,59.501,68.270,55.509
-21.700,62.665,68.270,55.509
-23.745,52.695,68.867,55.995
-22.732,56.047,68.279,55.517
-22.678,57.946,67.696,55.043
-22.920,56.257,67.696,55.043
-21.454,59.081,67.119,54.573
-21.502,63.992,67.706,55.051
-22.046,63.009,68.298,55.532
-21.097,61.019,68.896,56.018
-22.153,63.543,69.499,56.508
-22.711,60.503,70.107,57.003
-20.962,55.755,70.107,57.003
-21.712,55.505,70.107,57.003
-21.462,53.756,70.107,57.003
-21.212,52.007,70.107,57.003
-22.461,49.758,70.107,57.003
-21.212,50.008,70.107,57.003
-22.799,49.502,70.720,57.502
-22.850,48.475,71.339,58.005
-22.381,46.919,71.963,58.512
-23.150,46.662,71.963,58.512
-23.920,49.997,71.963,58.512
-24.497,47.900,72.593,59.024
-22.169,45.054,72.593,59.024
-23.462,49.453,72.593,59.024
47.032,45.747,73.228,59.541
60.343,49.662,73.228,59.541
61.420,50.680,72.603,59.032
60.643,48.351,72.603,59.032
62.721,50.875,71.983,58.528
61.776,50.874,71.369,58.029
64.066,50.620,71.369,58.029
62.633,49.131,70.759,57.533
63.390,50.392,70.759,57.533
61.624,48.122,70.759,57.533
64.903,49.887,70.759,57.533
62.129,49.635,70.759,57.533
60.010,49.642,71.379,58.037
63.541,52.123,70.769,57.541
58.748,50.358,70.769,57.541
57.992,48.592,70.769,57.541
51.735,48.082,71.389,58.045
55.857,49.132,72.013,58.553
59.194,51.955,72.013,58.553
54.743,50.452,71.398,58.053
56.015,51.725,71.398,58.053
54.582,50.731,70.789,57.557
53.321,54.516,70.789,57.557
52.564,52.750,70.789,57.557
52.311,54.516,70.789,57.557
51.050,53.759,70.789,57.557
50.482,51.179,71.408,58.061
50.227,54.488,71.408,58.061
49.972,52.707,71.408,58.061
50.526,55.189,70.799,57.565
47.750,52.918,70.799,57.565
50.021,52.161,70.799,57.565
47.615,55.115,70.194,57.074
46.364,51.862,70.194,57.074
46.614,53.113,70.194,57.074
44.863,49.861,70.194,57.074
45.406,52.301,69.595,56.587
43.174,49.076,69.595,56.587
45.406,51.309,69.595,56.587
43.670,48.084,69.595,56.587
41.934,51.309,69.595,56.587
41.686,48.580,69.595,56.587
41.438,47.340,69.595,56.587
41.189,49.076,69.595,56.587
40.941,47.340,69.595,56.587
38.213,46.100,69.595,56.587
37.654,44.581,70.204,57.082
36.403,47.834,70.204,57.082
37.891,45.789,70.818,57.581
30.571,48.565,70.818,57.581
29.485,45.985,71.438,58.085
31.521,48.080,72.063,58.593
44.107,51.419,72.063,58.593
21.761,48.593,72.063,58.593
16.881,45.254,72.063,58.593
