73.000,126.000,29.000,23.000
73.398,125.989,29.000,23.000
74.113,126.296,29.000,23.000
74.011,125.785,29.000,23.000
75.135,125.478,29.000,23.000
75.850,125.376,29.000,23.000
76.975,126.091,29.000,23.000
76.872,125.172,29.000,23.000
77.792,125.274,29.000,23.000
77.281,124.763,29.000,23.000
78.201,124.456,29.000,23.000
77.760,124.041,29.254,23.201
78.687,123.526,29.254,23.201
79.821,124.660,29.254,23.201
80.955,123.114,29.254,23.201
81.058,121.980,29.254,23.201
81.368,121.258,29.254,23.201
83.120,121.567,29.254,23.201
83.223,122.289,29.254,23.201
83.533,121.567,29.254,23.201
84.460,121.670,29.254,23.201
84.563,121.980,29.254,23.201
84.254,121.052,29.254,23.201
84.563,121.361,29.254,23.201
85.079,121.876,29.254,23.201
85.800,121.567,29.254,23.201
86.623,121.360,29.510,23.404
87.351,121.256,29.510,23.404
88.287,122.608,29.510,23.404
89.970,122.186,29.768,23.609
90.285,121.871,29.768,23.609
91.122,121.660,30.028,23.816
91.228,121.766,30.028,23.816
92.392,122.930,30.028,23.816
92.921,122.401,30.028,23.816
94.508,121.872,30.028,23.816
95.672,122.824,30.028,23.816
94.720,122.295,30.028,23.816
95.249,121.978,30.028,23.816
96.311,123.284,30.291,24.024
94.923,123.817,30.291,24.024
96.524,124.137,30.291,24.024
95.137,124.885,30.291,24.024
96.097,124.991,30.291,24.024
95.564,125.952,30.291,24.024
95.030,125.845,30.291,24.024
94.350,126.068,30.556,24.234
94.327,126.735,30.824,24.446
94.870,126.192,30.824,24.446
95.196,126.952,30.824,24.446
95.522,127.495,30.824,24.446
96.282,126.735,30.824,24.446
96.173,126.409,30.824,24.446
98.020,126.083,30.824,24.446
99.432,127.278,30.824,24.446
98.889,126.083,30.824,24.446
100.084,126.409,30.824,24.446
99.106,125.214,30.824,24.446
98.780,125.106,30.824,24.446
99.323,125.432,30.824,24.446
99.432,124.671,30.824,24.446
99.106,124.345,30.824,24.446
99.866,125.323,30.824,24.446
100.410,124.780,30.824,24.446
99.215,124.237,30.824,24.446
99.758,124.780,30.824,24.446
99.866,124.454,30.824,24.446
100.410,123.911,30.824,24.446
100.953,124.671,30.824,24.446
99.975,123.694,30.824,24.446
100.735,124.020,30.824,24.446
99.758,123.911,30.824,24.446
100.735,124.020,30.824,24.446
99.541,123.476,30.824,24.446
100.301,123.585,30.824,24.446
99.975,123.259,30.824,24.446
100.735,123.802,30.824,24.446
100.844,123.476,30.824,24.446
100.953,123.151,30.824,24.446
101.713,124.345,30.824,24.446
101.170,123.368,30.824,24.446
101.061,123.042,30.824,24.446
101.822,124.237,30.824,24.446
101.496,123.259,30.824,24.446
101.170,123.802,30.824,24.446
100.627,123.259,30.824,24.446
100.953,123.585,30.824,24.446
100.844,123.042,30.824,24.446
100.375,122.824,31.093,24.660
100.704,123.372,31.093,24.660
100.375,122.824,31.093,24.660
101.142,123.372,31.093,24.660
101.033,122.824,31.093,24.660
101.142,122.714,31.093,24.660
101.690,123.262,31.093,24.660
100.923,122.714,31.093,24.660
102.128,123.262,31.093,24.660
101.580,122.714,31.093,24.660
101.909,123.700,31.093,24.660
102.238,122.933,31.093,24.660
101.690,122.385,31.093,24.660
101.800,123.591,31.093,24.660
102.128,122.824,31.093,24.660
101.580,122.495,31.093,24.660
102.567,123.700,31.093,24.660
102.238,122.933,31.093,24.660
103.224,122.385,31.093,24.660
103.772,123.591,31.093,24.660
104.320,123.043,31.093,24.660
105.087,122.933,31.093,24.660
105.854,123.043,31.093,24.660
105.087,122.495,31.093,24.660
106.292,123.700,31.093,24.660
105.087,122.495,31.093,24.660
104.257,122.493,30.828,24.450
104.583,122.167,30.828,24.450
103.823,123.362,30.828,24.450
103.714,122.385,30.828,24.450
103.388,121.624,30.828,24.450
102.845,121.733,30.828,24.450
103.823,121.190,30.828,24.450
104.149,121.950,30.828,24.450
104.692,121.624,30.828,24.450
104.366,121.298,30.828,24.450
104.692,121.842,30.828,24.450
104.583,121.298,30.828,24.450
104.909,121.190,30.828,24.450
105.018,121.298,30.828,24.450
104.909,120.972,30.828,24.450
104.299,120.759,30.565,24.241
105.053,122.159,30.565,24.241
104.299,121.405,30.565,24.241
104.622,122.374,30.565,24.241
104.514,121.836,30.565,24.241
104.837,121.944,30.565,24.241
104.083,121.836,30.565,24.241
104.406,122.374,30.565,24.241
104.299,122.051,30.565,24.241
104.406,121.513,30.565,24.241
105.807,122.482,30.565,24.241
104.622,121.944,30.565,24.241
105.807,121.836,30.565,24.241
104.837,121.513,30.565,24.241
105.591,121.621,30.565,24.241
104.905,120.742,30.832,24.453
105.883,121.502,30.832,24.453
105.340,120.742,30.832,24.453
104.580,121.285,30.832,24.453
104.254,121.394,30.832,24.453
104.676,121.175,31.102,24.667
104.876,120.730,31.374,24.883
105.429,121.062,31.374,24.883
104.655,120.509,31.374,24.883
104.987,120.399,31.374,24.883
104.213,120.288,31.374,24.883
104.987,120.841,31.374,24.883
104.213,120.951,31.374,24.883
104.766,120.620,31.374,24.883
105.098,121.615,31.374,24.883
104.545,121.062,31.374,24.883
105.319,121.615,31.374,24.883
105.208,121.504,31.374,24.883
104.876,121.615,31.374,24.883
105.429,122.389,31.374,24.883
104.876,121.615,31.374,24.883
105.334,122.260,31.106,24.670
106.101,122.589,31.106,24.670
105.115,122.480,31.106,24.670
106.101,122.808,31.106,24.670
105.772,121.822,31.106,24.670
104.786,121.931,31.106,24.670
104.457,121.822,31.106,24.670
105.444,121.931,31.106,24.670
104.896,121.603,31.106,24.670
105.444,122.151,31.106,24.670
105.992,121.822,31.106,24.670
105.663,121.274,31.106,24.670
105.903,122.342,30.841,24.460
106.446,122.015,30.841,24.460
105.468,122.124,30.841,24.460
105.794,123.102,30.841,24.460
106.555,122.559,30.841,24.460
105.794,122.015,30.841,24.460
106.772,123.211,30.841,24.460
106.446,122.450,30.841,24.460
106.896,123.721,30.577,24.251
106.572,123.398,30.577,24.251
107.111,123.936,30.577,24.251
106.716,123.725,30.316,24.044
107.677,123.404,30.316,24.044
108.311,123.189,30.582,24.254
107.557,123.082,30.582,24.254
106.803,122.758,30.582,24.254
106.479,123.728,30.582,24.254
106.803,123.189,30.582,24.254
106.048,122.219,30.582,24.254
105.294,121.681,30.582,24.254
106.910,122.219,30.582,24.254
106.156,121.250,30.582,24.254
105.833,120.711,30.582,24.254
107.234,121.896,30.582,24.254
107.126,122.219,30.582,24.254
107.018,121.465,30.582,24.254
107.773,122.651,30.582,24.254
106.803,121.896,30.582,24.254
106.695,121.573,30.582,24.254
107.234,121.896,30.582,24.254
108.204,121.788,30.582,24.254
109.173,122.974,30.582,24.254
108.850,122.219,30.582,24.254
107.880,121.681,30.582,24.254
108.747,122.730,30.321,24.047
109.495,122.196,30.321,24.047
109.520,123.028,30.062,23.842
109.414,123.558,30.062,23.842
108.884,122.817,30.062,23.842
109.626,123.982,30.062,23.842
108.672,123.240,30.062,23.842
109.626,123.558,30.062,23.842
109.520,122.817,30.062,23.842
110.050,123.982,30.062,23.842
109.096,123.876,30.062,23.842
108.355,122.499,30.062,23.842
107.825,122.181,30.062,23.842
109.626,122.075,30.062,23.842
108.884,121.545,30.062,23.842
110.050,121.016,30.062,23.842
110.791,121.757,30.062,23.842
111.533,120.592,30.062,23.842
110.155,120.274,30.062,23.842
109.202,118.897,30.062,23.842
105.705,117.381,30.325,24.051
103.710,116.290,30.590,24.261
104.033,117.476,30.590,24.261
104.572,118.015,30.590,24.261
104.249,117.692,30.590,24.261
103.342,117.475,30.858,24.473
103.764,117.925,31.128,24.688
104.190,117.705,31.400,24.904
103.194,116.930,31.400,24.904
103.851,116.027,31.675,25.121
104.632,117.478,31.675,25.121
103.404,116.474,31.675,25.121
103.739,117.925,31.675,25.121
103.181,117.143,31.675,25.121
103.385,117.834,31.952,25.341
102.899,116.685,32.232,25.563
103.240,116.344,32.232,25.563
103.127,115.549,32.232,25.563
102.559,115.890,32.232,25.563
101.370,115.662,32.514,25.787
102.989,116.371,32.798,26.012
102.180,115.562,32.798,26.012
103.220,115.446,32.798,26.012
101.774,114.503,33.085,26.240
102.466,115.464,33.375,26.470
102.113,115.346,33.375,26.470
101.223,114.197,33.090,26.244
102.039,115.480,33.090,26.244
103.088,114.664,33.090,26.244
103.904,115.480,33.090,26.244
104.954,114.430,33.090,26.244
105.407,115.152,33.379,26.473
104.658,114.433,33.671,26.705
102.929,114.925,33.966,26.939
103.767,113.369,33.966,26.939
102.929,113.967,33.966,26.939
101.431,112.991,34.263,27.174
101.069,112.387,34.263,27.174
101.431,112.749,34.263,27.174
101.552,113.836,34.263,27.174
100.707,113.232,34.263,27.174
101.552,113.353,34.263,27.174
101.190,113.956,34.263,27.174
101.794,112.628,34.263,27.174
100.948,113.232,34.263,27.174
101.794,111.662,34.263,27.174
102.764,110.247,33.971,26.942
100.530,111.234,34.268,27.178
100.504,110.743,34.568,27.416
100.382,110.134,34.568,27.416
100.747,109.525,34.568,27.416
99.407,109.647,34.568,27.416
99.674,110.121,34.273,27.182
99.702,110.826,33.980,26.950
99.103,110.227,33.980,26.950
98.898,109.992,33.690,26.720
98.386,110.970,33.985,26.953
98.745,110.850,33.985,26.953
99.344,111.209,33.985,26.953
98.026,111.329,33.985,26.953
98.865,110.730,33.985,26.953
97.724,110.729,33.695,26.723
96.656,109.660,33.695,26.723
98.437,110.491,33.695,26.723
99.980,110.847,33.695,26.723
99.624,111.678,33.695,26.723
98.030,110.518,33.407,26.495
96.029,109.223,33.407,26.495
97.452,110.435,33.699,26.727
98.520,110.553,33.699,26.727
96.977,109.722,33.699,26.727
98.163,111.111,33.412,26.499
97.042,110.420,33.126,26.273
95.703,111.329,32.844,26.048
100.217,112.602,32.844,26.048
102.647,114.107,32.844,26.048
104.255,115.686,32.563,25.826
104.506,117.699,32.285,25.606
103.255,119.178,32.285,25.606
103.596,120.202,32.285,25.606
103.938,121.226,32.285,25.606
109.512,123.615,32.285,25.606
111.219,125.322,32.285,25.606
111.105,126.573,32.285,25.606
110.081,127.142,32.285,25.606
109.512,128.166,32.285,25.606
110.309,128.735,32.285,25.606
109.285,127.483,32.285,25.606
107.578,126.687,32.285,25.606
106.939,126.685,32.010,25.387
106.375,126.798,32.010,25.387
107.165,125.106,32.010,25.387
106.149,124.316,32.010,25.387
105.585,123.752,32.010,25.387
104.570,123.640,32.010,25.387
105.360,123.978,32.010,25.387
104.570,122.512,32.010,25.387
102.653,122.173,32.010,25.387
103.560,122.612,31.736,25.170
105.550,123.701,31.466,24.955
106.991,124.921,31.466,24.955
106.215,124.810,31.466,24.955
105.439,126.030,31.466,24.955
104.663,125.032,31.466,24.955
104.108,126.251,31.466,24.955
102.223,125.919,31.466,24.955
101.447,128.026,31.466,24.955
100.175,129.106,31.197,24.742
98.746,128.116,31.197,24.742
87.423,126.467,31.197,24.742
83.575,125.038,31.197,24.742
82.366,125.588,31.197,24.742
81.597,125.918,31.197,24.742
79.728,124.928,31.197,24.742
78.299,125.918,31.197,24.742
76.650,124.488,31.197,24.742
75.001,125.478,31.197,24.742
73.571,125.808,31.197,24.742
72.362,125.038,31.197,24.742
72.912,125.808,31.197,24.742
71.483,125.918,31.197,24.742
71.813,126.907,31.197,24.742
69.944,126.357,31.197,24.742
69.834,127.786,31.197,24.742
68.624,126.577,31.197,24.742
66.536,125.808,31.197,24.742
65.986,126.797,31.197,24.742
64.337,125.808,31.197,24.742
65.546,127.237,31.197,24.742
63.677,126.247,31.197,24.742
64.227,127.896,31.197,24.742
66.316,129.106,31.197,24.742
64.887,127.676,31.197,24.742
65.436,129.545,31.197,24.742
64.227,128.996,31.197,24.742
63.238,127.786,31.197,24.742
61.369,127.237,31.197,24.742
59.500,126.027,31.197,24.742
53.842,123.778,31.470,24.959
49.517,121.893,31.470,24.959
46.967,121.560,31.470,24.959
45.747,121.449,31.470,24.959
42.313,122.818,31.745,25.177
38.397,123.825,31.745,25.177
37.167,123.265,31.745,25.177
35.767,124.417,32.023,25.398
34.525,124.529,32.023,25.398
33.058,124.868,32.023,25.398
31.817,126.335,32.023,25.398
30.173,124.489,32.303,25.620
28.466,123.464,32.303,25.620
28.124,124.489,32.303,25.620
27.328,125.286,32.303,25.620
27.577,126.395,32.028,25.401
23.401,126.507,32.028,25.401
19.451,125.717,32.028,25.401
14.372,124.702,32.028,25.401
9.489,123.781,32.308,25.623
7.364,121.685,32.590,25.848
5.641,121.800,32.590,25.848
6.087,122.511,32.876,26.074
4.813,122.395,32.876,26.074
