298.000,160.000,48.000,80.000
299.750,163.250,48.000,80.000
300.000,165.500,48.000,80.000
300.750,168.750,48.000,80.000
302.000,172.000,48.000,80.000
303.750,176.250,48.000,80.000
306.500,178.999,48.000,80.000
311.750,179.249,48.000,80.000
314.999,180.999,48.000,80.000
319.249,179.249,48.000,80.000
320.999,180.499,48.000,80.000
323.608,178.868,48.420,80.700
325.373,175.085,48.420,80.700
326.130,171.807,48.420,80.700
324.869,173.068,48.420,80.700
322.599,174.329,48.420,80.700
321.338,171.051,48.420,80.700
320.582,172.816,48.420,80.700
317.808,174.581,48.420,80.700
316.043,171.807,48.420,80.700
314.277,173.068,48.420,80.700
312.008,173.825,48.420,80.700
308.225,174.581,48.420,80.700
295.868,192.990,48.420,80.700
292.590,196.269,48.420,80.700
289.312,198.034,48.420,80.700
287.546,199.799,48.420,80.700
291.329,198.538,48.420,80.700
298.138,197.782,48.420,80.700
283.829,172.785,48.007,80.011
288.079,173.035,48.007,80.011
296.330,174.285,48.007,80.011
302.581,179.036,48.007,80.011
308.331,175.785,48.007,80.011
313.082,181.536,48.007,80.011
315.832,183.286,48.007,80.011
302.081,187.537,48.007,80.011
331.834,221.790,48.007,80.011
320.583,216.540,48.007,80.011
309.832,212.789,48.007,80.011
295.080,216.540,48.007,80.011
282.329,217.290,48.007,80.011
264.577,225.541,48.007,80.011
247.325,221.290,48.007,80.011
243.574,217.540,48.007,80.011
240.824,210.789,48.007,80.011
238.574,200.038,48.007,80.011
244.325,192.787,48.007,80.011
260.260,187.055,48.427,80.711
278.429,189.614,48.013,80.022
290.682,192.365,48.013,80.022
300.935,196.116,48.013,80.022
317.973,187.431,47.603,79.339
329.130,181.729,47.603,79.339
341.669,180.858,47.197,78.662
352.730,178.646,47.197,78.662
367.081,177.782,46.794,77.990
381.947,183.875,46.794,77.990
375.367,192.892,46.794,77.990
389.746,199.960,46.794,77.990
406.075,204.103,46.794,77.990
415.092,210.683,46.794,77.990
425.572,217.264,46.794,77.990
433.614,221.407,46.794,77.990
428.009,228.962,46.794,77.990
421.916,228.231,46.794,77.990
421.185,229.937,46.794,77.990
397.748,248.331,47.204,78.673
391.474,261.379,46.801,78.001
376.529,226.809,47.210,78.684
357.104,226.563,47.210,78.684
344.565,223.367,47.210,78.684
337.049,218.234,47.623,79.372
329.856,201.120,47.623,79.372
324.648,195.912,47.623,79.372
312.494,190.703,47.623,79.372
296.372,200.872,47.623,79.372
289.675,199.632,47.623,79.372
284.963,198.392,47.623,79.372
280.746,197.152,47.623,79.372
276.034,194.919,47.623,79.372
270.825,192.687,47.623,79.372
264.624,191.943,47.623,79.372
260.904,190.207,47.623,79.372
262.144,193.431,47.623,79.372
254.951,191.199,47.623,79.372
249.247,188.967,47.623,79.372
248.999,186.734,47.623,79.372
247.758,185.990,47.623,79.372
244.534,184.254,47.623,79.372
242.302,183.014,47.623,79.372
236.597,181.278,47.623,79.372
234.861,179.542,47.623,79.372
231.636,178.798,47.623,79.372
229.404,177.557,47.623,79.372
227.172,175.821,47.623,79.372
226.649,178.338,47.217,78.695
227.091,177.954,46.814,78.023
225.150,179.476,46.414,77.357
226.358,178.751,46.414,77.357
224.666,179.960,46.414,77.357
226.358,181.652,46.414,77.357
229.501,147.568,46.414,77.357
225.875,142.491,46.414,77.357
223.479,139.284,46.018,76.696
224.198,140.962,46.018,76.696
225.875,144.077,46.018,76.696
228.991,146.234,46.018,76.696
232.107,145.515,46.018,76.696
231.134,142.803,45.625,76.042
226.619,143.991,45.625,76.042
227.807,143.278,45.625,76.042
230.552,144.762,45.235,75.392
233.615,141.699,45.235,75.392
277.671,191.410,45.235,75.392
282.147,193.059,45.235,75.392
285.210,192.352,45.235,75.392
287.472,191.065,44.849,74.749
290.508,192.700,44.849,74.749
292.144,193.401,44.849,74.749
293.311,191.298,44.849,74.749
295.098,191.845,44.466,74.111
294.866,188.835,44.466,74.111
296.186,186.666,44.087,73.478
297.046,184.515,43.711,72.851
296.622,182.096,44.093,73.488
297.311,179.570,44.093,73.488
297.999,177.503,44.093,73.488
298.229,174.977,44.093,73.488
297.540,171.992,44.093,73.488
296.851,168.547,44.093,73.488
295.703,164.643,44.093,73.488
296.392,159.821,44.093,73.488
296.162,155.917,44.093,73.488
296.392,154.309,44.093,73.488
296.622,154.539,44.093,73.488
296.664,154.453,44.479,74.131
299.212,152.831,44.479,74.131
300.371,154.453,44.479,74.131
303.738,151.517,44.868,74.780
303.504,153.620,44.868,74.780
270.088,99.172,44.868,74.780
268.452,96.602,44.868,74.780
265.414,95.433,44.868,74.780
268.452,96.602,44.868,74.780
263.545,99.172,44.868,74.780
256.301,101.743,44.868,74.780
251.861,101.042,44.868,74.780
250.692,100.341,44.868,74.780
250.459,98.238,44.868,74.780
249.757,97.537,44.868,74.780
249.991,98.705,44.868,74.780
250.992,99.575,45.261,75.434
252.486,100.937,45.657,76.094
250.580,103.285,46.056,76.760
252.591,105.654,46.459,77.432
252.636,109.035,46.866,78.109
254.182,111.946,47.276,78.793
256.247,115.387,47.689,79.482
256.293,123.949,48.107,80.178
261.053,127.708,48.107,80.178
270.824,131.967,48.107,80.178
279.594,136.226,48.107,80.178
285.356,140.987,48.107,80.178
295.629,148.754,48.107,80.178
304.398,155.017,48.107,80.178
313.668,157.272,48.107,80.178
321.936,153.013,48.107,80.178
327.198,149.255,48.107,80.178
331.558,140.553,47.696,79.493
331.807,131.858,47.696,79.493
328.081,121.177,47.696,79.493
321.374,111.986,47.696,79.493
311.189,107.266,47.696,79.493
299.017,102.546,47.696,79.493
285.354,96.833,47.696,79.493
274.706,92.666,48.113,80.189
271.950,102.438,48.113,80.189
271.198,115.218,48.113,80.189
267.135,133.617,48.534,80.891
255.760,144.992,48.534,80.891
246.843,152.489,48.120,80.200
234.089,158.455,47.709,79.515
237.929,168.733,47.302,78.837
241.736,179.405,46.898,78.164
251.262,183.069,46.898,78.164
263.139,193.172,46.498,77.496
275.859,198.465,46.101,76.835
286.597,199.964,45.707,76.179
299.214,188.299,45.707,76.179
309.926,185.681,45.707,76.179
321.966,182.522,45.317,75.529
331.600,178.470,44.930,74.884
337.450,169.343,44.930,74.884
333.004,161.153,44.930,74.884
327.622,155.303,44.930,74.884
323.644,148.049,44.930,74.884
315.922,143.603,44.930,74.884
309.493,139.585,44.547,74.245
299.981,135.177,44.547,74.245
291.396,132.625,44.547,74.245
282.348,130.537,44.547,74.245
277.940,133.089,44.547,74.245
267.036,133.321,44.547,74.245
251.491,132.161,44.547,74.245
241.979,134.249,44.547,74.245
223.382,194.548,44.166,73.611
217.631,192.018,44.166,73.611
212.801,193.628,44.166,73.611
208.277,195.962,43.789,72.982
205.768,195.734,43.789,72.982
207.820,199.155,43.789,72.982
211.698,202.576,43.789,72.982
221.048,206.909,43.789,72.982
233.135,211.242,43.789,72.982
249.328,217.400,43.789,72.982
264.608,221.733,43.789,72.982
283.537,226.978,43.789,72.982
300.186,216.715,43.789,72.982
319.571,222.417,43.789,72.982
324.361,226.750,43.789,72.982
330.974,221.961,43.789,72.982
333.483,213.979,43.789,72.982
333.002,206.948,43.416,72.359
327.350,195.416,43.416,72.359
320.255,194.622,43.045,71.742
311.909,198.209,42.678,71.129
306.797,200.209,42.678,71.129
302.129,201.320,42.678,71.129
298.350,200.654,42.678,71.129
296.350,202.210,42.678,71.129
298.350,201.987,42.678,71.129
301.684,201.320,42.678,71.129
304.574,202.432,42.678,71.129
311.020,201.320,42.678,71.129
319.244,199.320,42.678,71.129
325.245,195.541,42.678,71.129
331.246,191.318,42.678,71.129
335.914,187.540,42.678,71.129
337.614,183.289,42.313,70.522
336.953,176.017,42.313,70.522
336.733,172.271,42.313,70.522
336.072,168.083,42.313,70.522
335.851,165.219,42.313,70.522
336.072,163.235,42.313,70.522
338.617,165.901,41.952,69.920
338.399,170.053,41.952,69.920
339.491,179.011,41.952,69.920
337.962,189.280,41.952,69.920
335.121,199.549,41.952,69.920
332.718,202.390,41.952,69.920
329.004,203.919,41.952,69.920
331.844,200.205,41.952,69.920
329.678,211.374,41.594,69.323
325.562,222.856,41.594,69.323
330.111,231.304,41.594,69.323
331.628,228.921,41.594,69.323
334.332,228.840,41.958,69.930
341.973,232.336,41.600,69.333
344.790,234.720,41.600,69.333
345.873,235.803,41.600,69.333
344.357,234.286,41.600,69.333
341.540,231.037,41.600,69.333
339.590,227.353,41.600,69.333
336.340,224.103,41.600,69.333
326.157,233.853,41.600,69.333
322.474,230.603,41.600,69.333
325.400,230.688,41.245,68.741
325.366,237.059,40.892,68.154
324.727,238.124,40.892,68.154
326.772,235.713,40.543,67.572
326.983,234.235,40.543,67.572
330.150,231.490,40.543,67.572
340.919,230.012,40.543,67.572
357.779,225.974,40.197,66.995
376.701,222.033,40.549,67.582
394.230,223.089,40.549,67.582
407.957,225.835,40.549,67.582
415.771,222.244,40.549,67.582
417.249,212.319,40.549,67.582
410.280,203.238,40.549,67.582
399.087,199.225,40.549,67.582
385.360,183.386,40.549,67.582
371.210,172.616,40.549,67.582
361.285,167.758,40.549,67.582
341.222,159.945,40.549,67.582
323.694,157.199,40.549,67.582
307.010,156.566,40.549,67.582
290.326,155.087,40.549,67.582
275.332,156.566,40.549,67.582
258.920,159.517,40.904,68.173
