51.000,47.000,25.000,62.000
47.651,41.308,25.000,62.000
36.104,38.463,25.000,62.000
33.929,42.312,25.000,62.000
41.125,39.133,25.000,62.000
33.594,39.635,25.000,62.000
34.096,40.137,25.000,62.000
35.937,41.978,25.000,62.000
40.790,40.137,25.000,62.000
39.953,35.953,25.000,62.000
42.798,32.774,25.000,62.000
46.647,33.611,25.000,62.000
60.774,36.941,25.219,62.543
65.670,33.734,25.219,62.543
63.813,31.202,25.219,62.543
82.909,30.409,25.439,63.090
97.284,33.100,25.662,63.642
90.305,27.364,25.887,64.199
82.854,26.151,25.887,64.199
87.186,24.245,25.887,64.199
85.973,23.725,25.887,64.199
82.130,27.529,26.113,64.760
83.987,34.233,26.342,65.327
88.395,39.347,26.342,65.327
76.581,43.755,26.342,65.327
75.347,41.110,26.342,65.327
82.576,31.765,26.342,65.327
80.637,24.183,26.342,65.327
72.702,17.659,26.342,65.327
63.357,14.309,26.342,65.327
64.591,16.954,26.342,65.327
73.936,23.477,26.342,65.327
82.576,25.064,26.342,65.327
90.864,27.004,26.342,65.327
104.793,23.301,26.342,65.327
117.665,25.946,26.342,65.327
115.020,24.359,26.342,65.327
112.916,22.808,26.572,65.899
127.932,27.078,26.805,66.475
140.312,30.487,26.805,66.475
147.310,31.743,26.805,66.475
151.078,31.204,26.805,66.475
153.410,32.460,26.805,66.475
150.360,30.128,26.805,66.475
153.051,27.437,26.805,66.475
152.154,31.563,26.805,66.475
125.420,34.972,26.805,66.475
107.464,35.233,27.039,67.057
104.387,32.518,27.039,67.057
104.930,33.423,27.039,67.057
108.007,24.917,27.039,67.057
110.722,14.962,27.039,67.057
108.563,13.370,27.276,67.644
115.368,20.747,27.514,68.236
118.867,22.036,27.514,68.236
121.201,29.855,27.755,68.833
112.097,31.155,27.755,68.833
110.262,31.806,27.998,69.435
101.828,29.745,27.998,69.435
100.142,23.560,27.998,69.435
121.694,19.625,27.998,69.435
132.376,19.437,27.998,69.435
129.940,25.622,27.998,69.435
131.252,34.055,27.998,69.435
128.441,37.616,27.998,69.435
127.742,39.041,28.243,70.042
134.359,44.902,28.243,70.042
141.792,54.090,28.490,70.655
134.826,57.886,28.739,71.274
120.701,60.138,28.991,71.897
127.933,46.894,29.244,72.526
119.178,49.185,29.500,73.161
109.535,55.949,29.758,73.801
99.809,44.397,30.019,74.447
93.580,48.215,30.019,74.447
103.426,56.051,30.019,74.447
113.272,65.094,30.019,74.447
121.173,68.269,30.282,75.098
129.974,64.409,30.547,75.755
131.815,54.390,30.547,75.755
134.064,61.955,30.547,75.755
141.629,58.479,30.547,75.755
152.875,55.003,30.547,75.755
162.076,52.345,30.547,75.755
166.763,50.546,30.814,76.418
177.833,48.732,31.083,77.087
179.290,53.934,31.083,77.087
176.169,55.390,31.083,77.087
176.377,57.263,31.083,77.087
174.920,53.726,31.083,77.087
197.183,36.456,31.083,77.087
181.994,20.435,31.083,77.087
185.910,17.326,31.355,77.761
183.602,16.696,31.355,77.761
181.893,13.138,31.088,77.098
179.386,15.700,30.822,76.439
176.704,25.809,30.822,76.439
175.672,29.317,30.822,76.439
152.910,38.076,31.092,77.108
143.128,41.614,31.092,77.108
142.088,36.827,31.092,77.108
146.042,39.116,31.092,77.108
144.585,28.086,31.092,77.108
136.052,13.309,31.092,77.108
145.001,3.944,31.092,77.108
139.959,5.953,31.364,77.783
135.970,6.583,31.364,77.783
134.080,8.472,31.364,77.783
129.503,16.792,31.096,77.119
113.792,20.509,31.368,77.794
106.863,22.398,31.368,77.794
103.294,25.128,31.368,77.794
93.845,27.858,31.368,77.794
79.357,33.527,31.368,77.794
65.289,32.477,31.368,77.794
49.961,41.086,31.368,77.794
26.654,32.897,31.368,77.794
21.405,30.587,31.368,77.794
16.156,35.417,31.368,77.794
14.266,32.267,31.368,77.794
19.095,32.897,31.368,77.794
20.145,37.306,31.368,77.794
16.576,35.417,31.368,77.794
13.846,37.726,31.368,77.794
9.856,22.398,31.368,77.794
4.869,14.332,31.101,77.130
13.821,11.625,31.101,77.130
16.111,14.332,31.101,77.130
15.070,22.867,31.101,77.130
12.156,29.898,30.835,76.471
8.059,26.802,30.572,75.818
11.947,29.053,30.572,75.818
14.198,32.532,30.572,75.818
25.453,9.407,30.572,75.818
26.788,13.480,30.839,76.482
42.024,18.439,30.576,75.829
50.416,5.954,30.576,75.829
48.983,8.205,30.576,75.829
44.920,3.537,30.315,75.182
46.341,15.104,30.315,75.182
