129.000,80.000,64.000,78.000
118.053,76.871,64.000,78.000
111.074,73.799,64.000,78.000
103.536,67.937,64.000,78.000
97.673,63.190,64.000,78.000
92.368,59.561,64.000,78.000
91.530,58.165,64.000,78.000
90.135,59.561,64.000,78.000
87.622,64.865,64.000,78.000
84.551,71.287,64.000,78.000
83.155,77.708,64.000,78.000
80.084,80.779,64.000,78.000
75.338,81.617,64.000,78.000
68.916,80.779,64.000,78.000
61.937,79.383,64.000,78.000
57.190,76.312,64.000,78.000
56.353,72.124,64.000,78.000
57.749,67.937,64.000,78.000
59.703,67.099,64.000,78.000
63.891,66.820,64.000,78.000
68.637,71.008,64.000,78.000
71.708,74.637,64.000,78.000
74.221,77.708,64.000,78.000
77.292,78.546,64.000,78.000
81.480,81.617,64.000,78.000
85.109,80.779,64.000,78.000
89.855,79.383,64.000,78.000
94.043,75.754,64.000,78.000
98.231,65.982,64.000,78.000
104.652,59.003,64.000,78.000
114.424,55.373,64.000,78.000
121.404,53.977,64.000,78.000
127.266,59.840,64.000,78.000
131.454,63.470,64.000,78.000
133.967,65.424,64.000,78.000
135.921,66.820,64.000,78.000
137.876,68.774,64.000,78.000
138.713,69.612,64.000,78.000
136.759,68.774,64.000,78.000
138.713,66.820,64.000,78.000
139.292,65.620,64.560,78.683
137.320,61.959,64.560,78.683
139.855,62.804,64.560,78.683
137.884,64.212,64.560,78.683
137.039,65.057,64.560,78.683
136.194,66.465,64.560,78.683
134.222,66.747,64.560,78.683
135.630,67.591,64.560,78.683
133.096,67.310,64.560,78.683
136.194,65.902,64.560,78.683
138.165,62.804,64.560,78.683
141.826,57.453,64.560,78.683
146.051,54.918,64.560,78.683
149.712,53.510,64.560,78.683
153.373,59.424,64.560,78.683
155.908,67.028,64.560,78.683
152.810,72.942,64.560,78.683
155.345,78.293,64.560,78.683
152.247,78.012,64.560,78.683
148.586,76.040,64.560,78.683
146.051,69.563,64.560,78.683
150.839,64.775,64.560,78.683
155.626,61.677,64.560,78.683
160.977,61.959,64.560,78.683
165.765,66.183,64.560,78.683
164.357,69.845,64.560,78.683
161.822,72.942,64.560,78.683
157.034,74.914,64.560,78.683
151.683,73.506,64.560,78.683
145.206,73.224,64.560,78.683
135.912,69.563,64.560,78.683
132.251,65.338,64.560,78.683
129.716,58.861,64.560,78.683
132.814,57.453,64.560,78.683
133.365,59.162,64.009,78.011
132.527,61.675,64.009,78.011
131.983,64.460,63.462,77.345
133.921,66.952,63.462,77.345
131.429,67.229,63.462,77.345
128.938,69.166,63.462,77.345
125.892,68.336,63.462,77.345
122.847,66.398,63.462,77.345
125.892,63.906,63.462,77.345
129.491,60.861,63.462,77.345
128.412,58.761,62.921,76.685
138.018,63.427,62.921,76.685
143.234,67.544,62.921,76.685
147.351,67.269,62.921,76.685
156.409,64.250,62.921,76.685
162.173,62.329,62.921,76.685
167.388,60.407,62.921,76.685
170.956,59.035,62.921,76.685
170.681,57.663,62.921,76.685
169.858,54.643,62.921,76.685
172.877,51.075,62.921,76.685
172.603,48.605,62.921,76.685
171.230,48.330,62.921,76.685
171.505,51.350,62.921,76.685
172.577,56.765,62.384,76.030
169.923,63.196,61.851,75.381
168.344,68.519,61.323,74.737
164.866,73.067,61.323,74.737
159.249,72.264,61.323,74.737
155.236,70.927,61.323,74.737
151.758,67.984,61.323,74.737
156.457,61.256,60.800,74.099
162.027,59.930,60.800,74.099
165.650,63.093,60.281,73.467
166.439,67.563,60.281,73.467
167.754,71.508,60.281,73.467
165.913,69.667,60.281,73.467
166.702,65.722,60.281,73.467
164.861,62.830,60.281,73.467
167.754,65.197,60.281,73.467
171.172,67.563,60.281,73.467
169.857,64.671,60.281,73.467
167.491,63.356,60.281,73.467
167.228,66.248,60.281,73.467
170.120,62.304,60.281,73.467
169.608,67.492,59.766,72.840
167.262,70.881,59.766,72.840
163.351,73.749,59.766,72.840
159.961,75.053,59.766,72.840
158.136,73.749,59.766,72.840
156.311,70.881,59.766,72.840
153.965,71.142,59.766,72.840
151.097,67.753,59.766,72.840
147.708,69.056,59.766,72.840
144.840,65.145,59.766,72.840
141.451,57.585,59.766,72.840
138.583,52.110,59.766,72.840
134.672,50.806,59.766,72.840
131.804,54.195,59.766,72.840
133.629,57.063,59.766,72.840
132.847,60.453,59.766,72.840
129.979,64.363,59.766,72.840
131.283,68.796,59.766,72.840
133.108,72.185,59.766,72.840
134.634,74.785,59.256,72.218
137.995,75.560,59.256,72.218
142.535,74.103,58.750,71.601
148.036,73.159,58.248,70.990
154.978,71.727,57.751,70.384
159.765,70.467,57.751,70.384
162.536,69.711,57.751,70.384
159.443,57.267,58.256,71.000
157.886,59.300,58.766,71.621
155.579,53.917,58.766,71.621
161.987,55.711,58.766,71.621
163.269,60.069,58.766,71.621
164.551,56.737,58.766,71.621
158.142,60.069,58.766,71.621
154.297,53.660,58.766,71.621
155.798,50.715,58.265,71.010
154.527,54.019,58.265,71.010
154.032,57.546,57.767,70.404
154.788,59.814,57.767,70.404
152.520,62.082,57.767,70.404
157.175,66.681,58.273,71.020
160.480,71.511,58.273,71.020
162.259,74.307,58.273,71.020
163.022,75.070,58.273,71.020
165.309,74.307,58.273,71.020
162.513,74.053,58.273,71.020
161.751,73.291,58.273,71.020
159.463,73.545,58.273,71.020
157.175,74.816,58.273,71.020
153.870,74.562,58.273,71.020
149.549,72.782,58.273,71.020
144.719,72.020,58.273,71.020
139.889,71.257,58.273,71.020
143.362,68.832,57.775,70.413
141.598,70.092,57.775,70.413
137.664,68.672,57.282,69.812
136.415,66.922,57.282,69.812
133.666,68.172,57.282,69.812
131.417,65.923,57.282,69.812
130.668,63.674,57.282,69.812
132.916,63.924,57.282,69.812
133.166,60.675,57.282,69.812
134.416,61.425,57.282,69.812
136.165,60.176,57.282,69.812
137.914,61.925,57.282,69.812
136.665,63.174,57.282,69.812
132.916,61.425,57.282,69.812
133.666,62.175,57.282,69.812
134.416,59.426,57.282,69.812
135.665,59.176,57.282,69.812
137.914,56.427,57.282,69.812
140.163,58.177,57.282,69.812
139.913,53.929,57.282,69.812
143.162,56.677,57.282,69.812
145.411,53.429,57.282,69.812
143.661,50.180,57.282,69.812
139.913,46.432,57.282,69.812
138.164,46.182,57.282,69.812
136.915,49.930,57.282,69.812
133.666,48.181,57.282,69.812
131.417,51.929,57.282,69.812
128.169,49.181,57.282,69.812
127.919,44.433,57.282,69.812
126.669,39.186,57.282,69.812
129.918,34.938,57.282,69.812
132.167,29.690,57.282,69.812
135.915,31.439,57.282,69.812
139.663,27.691,57.282,69.812
144.411,29.440,57.282,69.812
146.160,31.189,57.282,69.812
149.409,32.439,57.282,69.812
152.657,33.188,57.282,69.812
151.907,26.941,57.282,69.812
152.157,22.194,57.282,69.812
155.406,22.943,57.282,69.812
166.650,43.184,57.282,69.812
168.400,49.431,57.282,69.812
166.650,55.678,57.282,69.812
165.401,60.425,57.282,69.812
160.653,65.173,57.282,69.812
151.408,67.422,57.282,69.812
139.164,67.172,57.282,69.812
129.418,64.424,57.282,69.812
128.169,63.674,57.282,69.812
124.920,61.425,57.282,69.812
121.172,58.177,57.282,69.812
123.921,57.427,57.282,69.812
127.169,60.675,57.282,69.812
130.917,59.426,57.282,69.812
135.165,63.674,57.282,69.812
138.414,65.423,57.282,69.812
142.162,70.171,57.282,69.812
146.410,72.420,57.282,69.812
150.158,74.169,57.282,69.812
152.907,71.920,57.282,69.812
156.321,65.636,56.793,69.216
159.046,62.911,56.793,69.216
156.816,61.176,56.793,69.216
161.028,61.424,56.793,69.216
163.258,65.636,56.793,69.216
162.019,64.892,56.793,69.216
163.258,63.654,56.793,69.216
161.523,60.929,56.793,69.216
160.285,56.221,56.793,69.216
158.550,51.514,56.793,69.216
158.798,48.293,56.793,69.216
155.577,42.100,56.793,69.216
153.843,43.834,56.793,69.216
148.641,49.037,56.793,69.216
143.438,50.771,56.793,69.216
140.217,51.019,56.793,69.216
139.474,51.266,56.793,69.216
139.722,52.010,56.793,69.216
138.483,53.248,56.793,69.216
136.253,53.992,56.793,69.216
133.528,53.248,56.793,69.216
130.803,50.523,56.793,69.216
134.023,51.266,56.793,69.216
135.758,54.487,56.793,69.216
137.492,59.690,56.793,69.216
135.262,64.397,56.793,69.216
136.005,67.618,56.793,69.216
137.740,70.343,56.793,69.216
134.519,69.104,56.793,69.216
136.253,62.415,56.793,69.216
139.474,54.239,56.793,69.216
144.181,49.037,56.793,69.216
148.888,51.762,56.793,69.216
152.605,56.469,56.793,69.216
151.861,60.681,56.793,69.216
150.127,63.406,56.793,69.216
148.393,64.645,56.793,69.216
146.659,66.874,56.793,69.216
144.924,67.122,56.793,69.216
144.181,65.388,56.793,69.216
147.402,64.645,56.793,69.216
145.952,64.698,56.308,68.626
142.268,63.962,56.308,68.626
139.566,65.190,56.308,68.626
137.355,65.927,56.308,68.626
134.162,67.155,56.308,68.626
128.512,66.418,56.308,68.626
124.337,65.681,56.308,68.626
119.669,64.944,56.308,68.626
115.494,65.190,56.308,68.626
113.283,63.470,56.308,68.626
117.459,61.260,56.308,68.626
120.652,57.084,56.308,68.626
124.337,56.838,56.308,68.626
127.530,61.505,56.308,68.626
130.723,67.155,56.308,68.626
133.425,71.822,56.308,68.626
137.601,72.067,56.308,68.626
144.724,69.366,56.308,68.626
150.476,65.585,55.827,68.040
154.616,61.931,55.827,68.040
158.269,58.278,55.827,68.040
160.948,55.112,55.827,68.040
163.627,53.408,55.827,68.040
162.897,53.651,55.827,68.040
162.166,55.356,55.827,68.040
162.897,56.574,55.827,68.040
161.679,59.253,55.827,68.040
158.513,60.957,55.827,68.040
156.138,61.485,55.351,67.459
155.413,62.210,55.351,67.459
157.299,62.262,54.878,66.883
155.431,60.446,54.410,66.312
153.295,57.835,54.410,66.312
152.369,57.423,53.945,65.746
152.134,59.541,53.945,65.746
152.369,59.776,53.945,65.746
153.546,61.424,53.945,65.746
155.664,61.659,53.945,65.746
158.723,62.365,53.945,65.746
158.487,62.600,53.945,65.746
158.252,64.247,53.945,65.746
158.958,65.895,53.945,65.746
158.723,68.954,53.945,65.746
155.664,73.896,53.945,65.746
154.016,78.367,53.945,65.746
154.017,81.173,53.485,65.185
153.107,84.866,53.028,64.628
150.562,86.022,53.028,64.628
147.555,84.403,53.028,64.628
145.936,82.784,53.028,64.628
148.481,80.239,53.028,64.628
146.861,78.157,53.028,64.628
150.331,74.687,53.028,64.628
153.338,72.605,53.028,64.628
156.047,72.656,52.576,64.077
159.181,73.600,52.127,63.530
162.731,73.650,51.682,62.987
164.051,75.458,51.241,62.450
167.404,75.235,51.241,62.450
167.180,74.117,51.241,62.450
168.926,70.240,50.803,61.916
167.629,68.559,50.370,61.388
165.212,66.142,50.370,61.388
161.477,64.164,50.370,61.388
155.475,64.640,49.940,60.864
151.225,68.938,49.513,60.344
147.432,71.935,49.091,59.829
142.837,73.235,48.672,59.318
139.652,75.146,48.672,59.318
135.193,76.633,48.672,59.318
128.187,76.420,48.672,59.318
126.700,76.208,48.672,59.318
124.365,73.872,48.672,59.318
123.728,69.838,48.672,59.318
126.488,67.927,48.672,59.318
127.550,68.989,48.672,59.318
129.885,73.872,48.672,59.318
127.125,77.482,48.672,59.318
129.036,82.365,48.672,59.318
133.070,85.975,48.672,59.318
140.077,86.187,48.672,59.318
149.606,84.576,48.256,58.812
152.763,82.681,48.256,58.812
162.622,79.852,47.844,58.310
172.803,80.711,47.436,57.812
178.457,84.390,47.031,57.319
181.124,88.699,47.031,57.319
180.508,91.776,47.031,57.319
178.507,91.821,46.629,56.829
175.730,91.468,46.231,56.344
172.582,89.937,45.837,55.863
170.383,87.738,45.837,55.863
167.783,86.738,45.837,55.863
164.663,86.782,45.445,55.386
162.482,86.187,45.445,55.386
163.643,85.456,45.057,54.914
161.088,85.260,45.057,54.914
159.319,87.422,45.057,54.914
155.977,87.618,45.057,54.914
153.815,87.422,45.057,54.914
152.832,86.832,45.057,54.914
152.243,86.635,45.057,54.914
151.476,86.295,44.673,54.445
151.097,85.196,44.291,53.980
152.835,83.844,44.291,53.980
154.188,82.491,44.291,53.980
157.086,81.912,44.291,53.980
161.530,83.650,44.291,53.980
167.563,86.331,43.913,53.519
170.436,89.588,43.913,53.519
173.693,92.078,43.913,53.519
176.183,92.653,43.913,53.519
177.524,92.844,43.913,53.519
179.248,91.504,43.913,53.519
180.206,89.013,43.913,53.519
178.099,86.523,43.913,53.519
176.758,85.565,43.913,53.519
178.253,84.859,43.538,53.062
182.242,84.669,43.538,53.062
183.571,81.820,43.538,53.062
187.560,78.971,43.538,53.062
190.029,79.541,43.538,53.062
190.599,81.630,43.538,53.062
187.370,84.859,43.538,53.062
188.699,92.646,43.538,53.062
192.308,93.216,43.538,53.062
192.118,92.266,43.538,53.062
189.649,92.456,43.538,53.062
187.180,91.507,43.538,53.062
184.331,90.177,43.538,53.062
179.514,87.254,43.167,52.609
176.313,86.312,43.167,52.609
175.371,86.124,43.167,52.609
175.936,85.559,43.167,52.609
172.466,84.364,43.544,53.070
170.523,83.158,43.925,53.534
167.649,82.583,43.925,53.534
164.775,80.092,43.925,53.534
164.966,76.068,43.925,53.534
167.457,73.960,43.925,53.534
165.733,72.236,43.925,53.534
170.140,70.894,43.925,53.534
173.131,71.684,43.550,53.077
176.741,75.673,43.550,53.077
180.351,78.523,43.550,53.077
179.401,79.853,43.550,53.077
181.491,79.663,43.550,53.077
183.200,79.093,43.550,53.077
181.871,78.903,43.550,53.077
179.401,78.333,43.550,53.077
176.931,76.243,43.550,53.077
177.121,73.773,43.550,53.077
175.031,73.584,43.550,53.077
172.561,76.053,43.550,53.077
170.852,80.043,43.550,53.077
168.762,83.273,43.550,53.077
166.292,84.982,43.550,53.077
163.062,83.652,43.550,53.077
157.503,81.470,43.179,52.624
154.677,79.398,43.179,52.624
152.229,77.702,43.179,52.624
149.780,76.384,43.179,52.624
148.085,75.442,43.179,52.624
145.636,75.630,43.179,52.624
144.317,75.819,43.179,52.624
146.389,78.267,43.179,52.624
147.331,79.209,43.179,52.624
149.780,79.021,43.179,52.624
152.605,78.456,43.179,52.624
156.938,78.644,43.179,52.624
161.646,78.079,43.179,52.624
165.225,77.137,43.179,52.624
168.051,76.572,43.179,52.624
170.876,75.630,43.179,52.624
174.078,76.195,43.179,52.624
176.527,79.774,43.179,52.624
175.585,82.976,43.179,52.624
174.643,86.932,43.179,52.624
172.948,89.757,43.179,52.624
172.006,91.453,43.179,52.624
170.311,93.148,43.179,52.624
167.862,92.959,43.179,52.624
164.284,89.381,43.179,52.624
162.212,85.425,43.179,52.624
159.386,84.107,43.179,52.624
155.807,84.295,43.179,52.624
151.475,87.874,43.179,52.624
148.273,88.816,43.179,52.624
146.578,88.250,43.179,52.624
144.883,86.932,43.179,52.624
143.564,85.990,43.179,52.624
141.492,85.425,43.179,52.624
139.043,84.860,43.179,52.624
138.478,83.918,43.179,52.624
136.406,83.353,43.179,52.624
134.202,83.394,42.810,52.175
132.521,82.087,42.810,52.175
