177.000,51.000,21.000,129.000
178.326,53.428,21.000,129.000
176.398,52.051,21.000,129.000
177.225,51.775,21.000,129.000
176.949,53.153,21.000,129.000
176.674,51.225,21.000,129.000
175.735,51.507,21.184,130.129
175.457,50.674,21.184,130.129
175.735,49.840,21.184,130.129
174.901,49.562,21.184,130.129
175.735,50.396,21.184,130.129
174.345,49.006,21.184,130.129
174.623,48.173,21.184,130.129
175.457,49.006,21.184,130.129
173.649,47.122,21.003,129.018
172.710,46.275,21.187,130.147
172.432,44.885,21.187,130.147
172.710,44.051,21.187,130.147
173.072,44.878,21.006,129.036
171.143,42.949,21.006,129.036
171.970,42.674,21.006,129.036
169.490,40.745,21.006,129.036
170.867,39.367,21.006,129.036
168.387,36.887,21.006,129.036
168.112,36.060,21.006,129.036
166.183,33.029,21.006,129.036
166.938,32.747,21.190,130.165
164.437,29.690,21.190,130.165
163.489,27.126,21.375,131.304
161.526,26.284,21.375,131.304
162.295,20.824,21.562,132.453
160.881,18.278,21.562,132.453
157.018,17.409,21.751,133.612
154.450,15.412,21.751,133.612
156.447,11.132,21.751,133.612
157.874,7.993,21.751,133.612
158.159,5.996,21.751,133.612
156.860,5.174,21.565,132.471
156.011,2.063,21.565,132.471
155.047,-1.707,21.754,133.630
154.762,-4.275,21.754,133.630
153.906,-7.414,21.754,133.630
152.479,-8.270,21.754,133.630
152.193,-10.838,21.754,133.630
150.767,-13.407,21.754,133.630
149.340,-15.975,21.754,133.630
150.196,-19.114,21.754,133.630
149.808,-21.746,21.944,134.799
150.096,-23.761,21.944,134.799
149.909,-25.152,21.757,133.649
149.053,-28.291,21.757,133.649
148.767,-28.006,21.757,133.649
149.053,-31.145,21.757,133.649
148.196,-33.714,21.757,133.649
148.482,-33.428,21.757,133.649
148.767,-35.426,21.757,133.649
147.911,-37.995,21.757,133.649
148.196,-39.422,21.757,133.649
146.769,-40.278,21.757,133.649
147.055,-42.847,21.757,133.649
146.199,-43.703,21.757,133.649
145.342,-43.988,21.757,133.649
144.043,-44.810,21.571,132.508
143.859,-44.521,21.387,131.377
142.456,-45.362,21.387,131.377
143.916,-43.433,21.204,130.255
143.082,-45.380,21.204,130.255
142.803,-43.989,21.204,130.255
143.082,-45.936,21.204,130.255
141.691,-45.102,21.204,130.255
142.525,-44.824,21.204,130.255
141.691,-43.989,21.204,130.255
142.525,-43.711,21.204,130.255
141.134,-44.546,21.204,130.255
143.082,-43.155,21.204,130.255
140.993,-43.440,21.390,131.395
140.612,-43.152,21.577,132.545
142.027,-41.170,21.577,132.545
142.395,-39.224,21.393,131.413
143.856,-37.294,21.210,130.291
141.908,-35.346,21.210,130.291
141.530,-33.920,21.396,131.431
139.565,-31.955,21.396,131.431
138.162,-29.991,21.396,131.431
137.320,-27.465,21.396,131.431
137.685,-24.439,21.213,130.309
136.294,-22.491,21.213,130.309
136.015,-19.987,21.213,130.309
134.624,-17.482,21.213,130.309
133.900,-14.483,21.032,129.197
132.106,-11.509,20.853,128.094
131.285,-8.500,20.853,128.094
131.011,-5.491,20.853,128.094
131.285,-2.482,20.853,128.094
131.011,0.527,20.853,128.094
131.832,3.536,20.853,128.094
133.747,5.998,20.853,128.094
134.020,6.819,20.853,128.094
130.640,9.767,20.675,127.001
122.775,13.835,20.675,127.001
122.070,18.346,20.498,125.916
123.952,20.766,20.498,125.916
123.145,22.649,20.498,125.916
121.263,24.531,20.498,125.916
117.767,27.489,20.498,125.916
119.112,29.371,20.498,125.916
120.456,30.715,20.498,125.916
117.498,32.060,20.498,125.916
117.767,33.942,20.498,125.916
115.347,35.287,20.498,125.916
114.003,37.169,20.498,125.916
112.120,38.513,20.498,125.916
110.896,39.838,20.323,124.842
108.497,41.704,20.323,124.842
109.830,42.504,20.323,124.842
106.897,44.370,20.323,124.842
107.164,44.637,20.323,124.842
106.255,44.910,20.501,125.934
105.448,45.179,20.501,125.934
104.642,46.524,20.501,125.934
103.297,45.717,20.501,125.934
103.028,47.062,20.501,125.934
102.759,47.331,20.501,125.934
101.291,46.504,20.680,127.036
102.648,46.775,20.680,127.036
99.121,47.047,20.680,127.036
98.850,46.233,20.680,127.036
96.257,47.067,20.861,128.147
94.888,45.699,20.861,128.147
94.067,45.973,20.861,128.147
92.287,46.253,20.683,127.053
93.588,45.975,20.864,128.165
92.219,44.606,20.864,128.165
93.530,44.887,21.047,129.287
89.941,43.507,21.047,129.287
89.566,43.224,21.231,130.418
88.174,41.832,21.231,130.418
90.123,40.996,21.231,130.418
86.890,40.140,21.417,131.559
85.933,39.277,21.604,132.710
86.216,37.293,21.604,132.710
84.799,37.009,21.604,132.710
84.414,36.138,21.793,133.871
82.985,35.281,21.793,133.871
80.983,34.423,21.793,133.871
80.126,32.994,21.793,133.871
80.909,32.115,21.984,135.043
80.044,31.826,21.984,135.043
77.879,29.166,22.176,136.224
78.752,28.876,22.176,136.224
77.164,26.789,22.370,137.416
75.110,26.495,22.370,137.416
74.816,24.441,22.370,137.416
74.523,22.974,22.370,137.416
73.056,20.920,22.370,137.416
72.175,20.626,22.370,137.416
70.708,19.159,22.370,137.416
70.414,17.105,22.370,137.416
69.534,16.224,22.370,137.416
68.067,14.170,22.370,137.416
67.773,12.116,22.370,137.416
65.719,10.649,22.370,137.416
64.839,8.595,22.370,137.416
64.545,6.541,22.370,137.416
61.904,5.073,22.370,137.416
61.611,1.845,22.370,137.416
59.408,0.342,22.566,138.619
57.927,-2.914,22.566,138.619
57.039,-5.579,22.566,138.619
55.559,-7.651,22.566,138.619
55.263,-10.315,22.566,138.619
54.861,-14.259,22.763,139.832
53.368,-17.544,22.763,139.832
50.681,-20.828,22.763,139.832
49.785,-23.516,22.763,139.832
48.155,-27.494,22.962,141.055
46.046,-30.808,22.962,141.055
44.540,-34.121,22.962,141.055
43.034,-36.832,22.962,141.055
43.335,-40.146,22.962,141.055
41.964,-44.540,22.766,139.851
39.276,-48.422,22.766,139.851
35.394,-52.304,22.766,139.851
32.108,-55.590,22.766,139.851
47.621,-1.407,22.966,141.075
52.742,-5.323,22.966,141.075
56.659,-4.419,22.966,141.075
52.348,-10.577,22.770,139.870
49.062,-16.850,22.770,139.870
47.432,-22.054,22.969,141.094
45.787,-27.921,23.170,142.329
45.483,-33.696,23.170,142.329
48.827,-37.648,23.170,142.329
47.443,-42.081,22.972,141.114
43.719,-46.477,22.776,139.909
94.827,3.965,22.581,138.715
96.308,-1.071,22.581,138.715
98.381,-6.699,22.581,138.715
101.015,-11.861,22.779,139.929
105.510,-16.455,22.978,141.153
108.223,-20.373,22.978,141.153
105.959,-26.243,23.179,142.388
104.300,-32.788,23.382,143.634
102.625,-40.019,23.587,144.891
101.571,-47.313,23.793,146.159
100.507,-53.391,24.001,147.438
16.442,-12.145,24.001,147.438
9.830,-23.165,24.001,147.438
4.477,-31.036,24.001,147.438
2.903,-37.648,24.001,147.438
1.329,-43.001,24.001,147.438
3.533,-48.353,24.001,147.438
-0.560,-52.446,24.001,147.438
1.644,-55.280,24.001,147.438
-2.450,-54.965,24.001,147.438
