139.000,112.000,51.000,36.000
139.329,114.377,51.000,36.000
140.182,116.254,51.000,36.000
140.012,117.448,51.000,36.000
139.841,118.984,51.000,36.000
139.671,119.837,51.000,36.000
139.159,120.349,51.000,36.000
138.988,119.837,51.000,36.000
139.159,121.031,51.000,36.000
138.988,119.496,51.000,36.000
139.159,120.690,51.000,36.000
138.988,120.178,51.000,36.000
137.111,119.325,51.000,36.000
137.623,120.178,51.000,36.000
136.088,118.984,51.000,36.000
136.941,119.496,51.000,36.000
136.429,118.642,51.000,36.000
136.941,118.131,51.000,36.000
136.429,117.277,51.000,36.000
136.941,116.766,51.000,36.000
136.770,116.936,51.000,36.000
136.258,116.083,51.000,36.000
137.111,114.889,51.000,36.000
137.282,115.401,51.000,36.000
137.111,114.206,51.000,36.000
137.282,113.353,51.000,36.000
137.794,112.841,51.000,36.000
138.306,113.694,51.000,36.000
138.818,112.500,51.000,36.000
138.988,111.306,51.000,36.000
139.500,110.453,51.000,36.000
140.353,109.941,51.000,36.000
141.547,110.794,51.000,36.000
140.694,109.941,51.000,36.000
141.889,110.794,51.000,36.000
142.059,109.941,51.000,36.000
143.595,109.770,51.000,36.000
145.472,108.576,51.000,36.000
148.031,107.723,51.000,36.000
150.249,108.234,51.000,36.000
153.832,108.064,51.000,36.000
157.074,108.234,51.000,36.000
160.316,108.746,51.000,36.000
163.558,109.941,51.000,36.000
165.435,111.476,51.000,36.000
168.335,111.647,51.000,36.000
170.212,113.182,51.000,36.000
171.065,113.012,51.000,36.000
172.601,112.841,51.000,36.000
174.136,111.988,51.000,36.000
176.696,110.111,51.000,36.000
178.914,108.234,51.000,36.000
181.473,106.358,51.000,36.000
184.032,105.163,51.000,36.000
185.227,103.969,51.000,36.000
186.762,104.481,51.000,36.000
186.592,102.263,51.000,36.000
187.445,101.068,51.000,36.000
188.096,100.386,51.446,36.315
189.301,101.247,51.446,36.315
190.162,101.075,51.446,36.315
191.171,102.151,51.896,36.633
190.998,101.977,51.896,36.633
191.866,103.887,51.896,36.633
192.040,104.060,51.896,36.633
191.866,104.581,51.896,36.633
190.998,104.060,51.896,36.633
191.171,105.276,51.896,36.633
190.998,104.408,51.896,36.633
191.519,104.929,51.896,36.633
191.345,105.102,51.896,36.633
191.519,105.623,51.896,36.633
190.651,104.408,51.896,36.633
189.782,104.234,51.896,36.633
188.914,103.713,51.896,36.633
188.393,104.581,51.896,36.633
187.873,104.060,51.896,36.633
187.004,105.276,51.896,36.633
186.136,104.060,51.896,36.633
185.616,104.929,51.896,36.633
184.053,104.408,51.896,36.633
183.185,103.192,51.896,36.633
183.011,104.060,51.896,36.633
180.754,103.192,51.896,36.633
179.886,103.713,51.896,36.633
178.671,103.192,51.896,36.633
177.455,103.366,51.896,36.633
176.587,102.151,51.896,36.633
175.372,101.283,51.896,36.633
174.504,100.762,51.896,36.633
173.288,102.324,51.896,36.633
172.073,102.151,51.896,36.633
171.205,103.366,51.896,36.633
171.379,103.192,51.896,36.633
171.205,104.408,51.896,36.633
170.684,103.887,51.896,36.633
170.858,106.144,51.896,36.633
171.726,107.012,51.896,36.633
171.552,108.227,51.896,36.633
171.379,107.359,51.896,36.633
171.552,107.186,51.896,36.633
171.031,106.665,51.896,36.633
170.510,106.144,51.896,36.633
169.990,105.623,51.896,36.633
169.122,104.755,51.896,36.633
168.253,104.929,51.896,36.633
167.733,105.797,51.896,36.633
166.517,105.623,51.896,36.633
165.996,105.102,51.896,36.633
166.170,106.318,51.896,36.633
165.996,105.102,51.896,36.633
166.517,107.359,51.896,36.633
165.996,106.491,51.896,36.633
166.170,107.707,51.896,36.633
165.649,106.838,51.896,36.633
164.781,106.318,51.896,36.633
164.955,105.102,51.896,36.633
165.475,105.970,51.896,36.633
165.649,104.755,51.896,36.633
164.781,103.540,51.896,36.633
164.955,103.019,51.896,36.633
165.475,102.845,51.896,36.633
165.996,101.283,51.896,36.633
165.475,99.373,51.896,36.633
165.649,98.157,51.896,36.633
164.781,96.942,51.896,36.633
164.260,95.727,51.896,36.633
165.128,95.206,51.896,36.633
164.607,93.990,51.896,36.633
164.086,92.775,51.896,36.633
165.302,91.560,51.896,36.633
165.475,89.997,51.896,36.633
166.344,88.782,51.896,36.633
166.517,86.872,51.896,36.633
166.344,85.657,51.896,36.633
167.362,82.827,52.350,36.953
168.031,79.254,52.809,37.277
168.343,76.375,53.271,37.603
168.878,74.771,53.271,37.603
168.827,75.520,53.737,37.932
168.648,74.981,53.737,37.932
168.827,74.441,53.737,37.932
169.514,74.828,54.207,38.264
169.091,73.731,54.681,38.599
169.039,74.875,55.160,38.936
168.854,73.583,55.160,38.936
169.039,74.506,55.160,38.936
168.854,73.214,55.160,38.936
169.180,74.368,55.642,39.277
168.365,74.768,56.129,39.621
167.801,73.454,56.129,39.621
167.613,72.891,56.129,39.621
167.801,74.205,56.129,39.621
167.238,72.891,56.129,39.621
167.426,73.078,56.129,39.621
167.613,72.139,56.129,39.621
168.177,72.703,56.129,39.621
167.989,72.891,56.129,39.621
168.552,73.078,56.129,39.621
169.116,72.891,56.129,39.621
169.679,73.829,56.129,39.621
169.116,72.515,56.129,39.621
169.679,73.454,56.129,39.621
169.116,72.139,56.129,39.621
169.679,73.454,56.129,39.621
169.491,72.139,56.129,39.621
169.679,73.078,56.129,39.621
169.241,71.943,56.620,39.967
169.430,72.890,56.620,39.967
168.483,71.564,56.620,39.967
169.052,73.269,56.620,39.967
169.999,74.595,56.620,39.967
169.430,73.269,56.620,39.967
170.154,74.065,57.116,40.317
169.580,75.020,57.116,40.317
169.389,73.682,57.116,40.317
168.943,75.269,57.616,40.670
168.365,74.690,57.616,40.670
168.558,75.269,57.616,40.670
168.503,75.684,58.120,41.026
168.309,74.322,58.120,41.026
168.653,76.335,58.628,41.385
168.849,76.924,58.628,41.385
168.391,77.748,59.141,41.747
168.193,79.133,59.141,41.747
168.137,80.370,59.659,42.112
167.938,82.565,59.659,42.112
168.137,85.559,59.659,42.112
167.539,88.154,59.659,42.112
168.137,90.749,59.659,42.112
167.539,92.545,59.659,42.112
167.599,95.256,59.149,41.753
167.796,96.245,59.149,41.753
168.628,98.547,58.645,41.396
168.432,98.351,58.645,41.396
169.021,100.117,58.645,41.396
169.217,101.098,58.645,41.396
169.021,101.687,58.645,41.396
168.824,101.490,58.645,41.396
169.021,102.471,58.645,41.396
169.217,103.452,58.645,41.396
169.021,104.041,58.645,41.396
168.824,105.414,58.645,41.396
168.628,105.610,58.645,41.396
168.824,107.376,58.645,41.396
168.236,107.965,58.645,41.396
169.217,109.731,58.645,41.396
168.236,109.142,58.645,41.396
169.217,111.300,58.645,41.396
168.628,110.712,58.645,41.396
169.217,112.870,58.645,41.396
169.021,113.851,58.645,41.396
168.432,114.439,58.645,41.396
169.021,115.420,58.645,41.396
168.432,116.401,58.645,41.396
168.628,117.382,58.645,41.396
168.040,118.756,58.645,41.396
167.843,120.521,58.645,41.396
167.255,121.502,58.645,41.396
168.236,123.268,58.645,41.396
166.862,123.464,58.645,41.396
167.451,125.230,58.645,41.396
166.591,126.055,59.158,41.758
167.347,126.886,59.675,42.124
165.550,125.888,59.675,42.124
166.947,127.685,59.675,42.124
165.254,126.477,60.197,42.492
166.261,128.290,60.197,42.492
164.851,127.686,60.197,42.492
166.261,129.498,60.197,42.492
164.448,128.088,60.197,42.492
166.261,130.304,60.197,42.492
164.448,128.894,60.197,42.492
165.858,130.707,60.197,42.492
164.448,128.894,60.197,42.492
165.858,130.707,60.197,42.492
164.448,128.894,60.197,42.492
166.261,130.707,60.197,42.492
165.254,128.894,60.197,42.492
164.650,127.887,60.197,42.492
165.254,127.283,60.197,42.492
165.052,125.873,60.197,42.492
165.657,124.866,60.197,42.492
165.052,123.054,60.197,42.492
166.462,121.644,60.197,42.492
166.261,119.831,60.197,42.492
165.657,118.019,60.197,42.492
165.455,116.609,60.197,42.492
166.059,114.797,60.197,42.492
166.261,113.790,60.197,42.492
166.462,112.783,60.197,42.492
166.663,111.776,60.197,42.492
166.865,111.171,60.197,42.492
167.469,110.970,60.197,42.492
167.670,111.574,60.197,42.492
167.066,110.165,60.197,42.492
166.462,109.158,60.197,42.492
165.455,108.151,60.197,42.492
164.851,107.546,60.197,42.492
163.038,107.345,60.197,42.492
162.837,106.741,60.197,42.492
161.427,105.331,60.197,42.492
161.629,104.727,60.197,42.492
161.024,103.317,60.197,42.492
162.031,102.713,60.197,42.492
162.636,101.303,60.197,42.492
163.240,100.699,60.197,42.492
163.844,99.692,60.197,42.492
164.045,98.282,60.197,42.492
164.499,97.088,59.684,42.130
165.338,96.684,59.174,41.770
165.932,95.694,59.174,41.770
166.130,95.100,59.174,41.770
166.724,94.902,59.174,41.770
166.922,94.704,59.174,41.770
167.516,94.506,59.174,41.770
168.110,94.308,59.174,41.770
168.703,93.714,59.174,41.770
168.901,93.516,59.174,41.770
169.495,92.922,59.174,41.770
170.089,93.912,59.174,41.770
170.683,93.318,59.174,41.770
171.277,93.120,59.174,41.770
171.475,93.318,59.174,41.770
169.693,92.328,59.174,41.770
170.287,92.922,59.174,41.770
170.881,93.120,59.174,41.770
171.475,92.922,59.174,41.770
169.693,92.724,59.174,41.770
170.287,92.526,59.174,41.770
170.881,92.724,59.174,41.770
171.475,93.318,59.174,41.770
170.089,92.328,59.174,41.770
170.683,93.318,59.174,41.770
170.881,93.912,59.174,41.770
171.079,94.506,59.174,41.770
169.693,93.912,59.174,41.770
169.891,95.694,59.174,41.770
170.089,95.100,59.174,41.770
169.891,95.694,59.174,41.770
169.297,95.892,59.174,41.770
169.495,95.694,59.174,41.770
169.297,95.892,59.174,41.770
169.495,95.298,59.174,41.770
169.297,95.100,59.174,41.770
169.891,94.902,59.174,41.770
169.693,95.100,59.174,41.770
169.495,94.506,59.174,41.770
169.297,93.912,59.174,41.770
169.891,93.714,59.174,41.770
170.089,93.516,59.174,41.770
170.287,93.318,59.174,41.770
170.881,92.724,59.174,41.770
170.683,92.922,59.174,41.770
170.485,92.724,59.174,41.770
170.287,92.922,59.174,41.770
170.881,93.516,59.174,41.770
170.683,92.922,59.174,41.770
170.089,92.724,59.174,41.770
170.683,92.526,59.174,41.770
170.881,91.933,59.174,41.770
171.475,92.130,59.174,41.770
171.673,91.537,59.174,41.770
172.267,90.943,59.174,41.770
173.653,91.933,59.174,41.770
173.851,90.547,59.174,41.770
174.445,89.557,59.174,41.770
175.038,88.963,59.174,41.770
176.028,90.349,59.174,41.770
175.830,88.963,59.174,41.770
176.424,90.745,59.174,41.770
176.368,88.736,59.692,42.135
176.967,90.533,59.692,42.135
176.501,88.506,60.214,42.504
177.509,89.917,60.214,42.504
177.710,89.715,60.214,42.504
178.315,90.319,60.214,42.504
178.516,89.715,60.214,42.504
179.523,90.722,60.214,42.504
179.725,89.715,60.214,42.504
179.523,89.514,60.214,42.504
179.725,89.312,60.214,42.504
179.926,89.111,60.214,42.504
179.725,88.909,60.214,42.504
179.668,90.169,60.741,42.876
178.652,89.153,60.741,42.876
178.855,90.982,60.741,42.876
178.245,89.966,60.741,42.876
178.448,91.388,60.741,42.876
177.839,91.185,60.741,42.876
178.042,92.607,60.741,42.876
178.245,92.810,60.741,42.876
178.448,93.827,60.741,42.876
178.245,93.623,60.741,42.876
178.042,93.420,60.741,42.876
178.245,93.217,60.741,42.876
178.855,93.827,60.741,42.876
179.058,94.436,60.741,42.876
179.261,93.827,60.741,42.876
179.871,93.217,60.741,42.876
179.813,92.404,61.273,43.251
180.838,91.789,61.273,43.251
181.043,91.994,61.273,43.251
180.838,90.970,61.273,43.251
180.780,90.990,61.809,43.630
180.987,90.784,61.809,43.630
181.194,90.577,61.809,43.630
180.712,89.750,62.349,44.011
182.589,90.793,62.349,44.011
181.963,89.750,62.349,44.011
183.423,90.376,62.349,44.011
183.215,90.584,62.349,44.011
183.423,89.542,62.349,44.011
184.049,90.584,62.349,44.011
183.135,88.468,62.895,44.396
184.370,89.783,63.445,44.785
183.439,88.064,64.001,45.177
184.257,89.403,64.561,45.572
184.041,88.755,64.561,45.572
184.689,90.267,64.561,45.572
184.473,89.187,64.561,45.572
185.553,90.267,64.561,45.572
184.905,89.619,64.561,45.572
185.121,90.699,64.561,45.572
185.337,90.483,64.561,45.572
185.121,89.835,64.561,45.572
185.769,90.915,64.561,45.572
185.985,91.131,64.561,45.572
185.337,90.483,64.561,45.572
185.985,91.131,64.561,45.572
185.337,90.483,64.561,45.572
186.416,91.131,64.561,45.572
186.201,90.483,64.561,45.572
186.416,91.131,64.561,45.572
186.632,90.915,64.561,45.572
186.416,91.563,64.561,45.572
187.064,91.347,64.561,45.572
186.848,91.995,64.561,45.572
186.632,92.211,64.561,45.572
185.985,91.131,64.561,45.572
187.064,91.347,64.561,45.572
186.848,91.995,64.561,45.572
187.064,92.211,64.561,45.572
186.416,91.563,64.561,45.572
187.928,92.643,64.561,45.572
187.280,91.995,64.561,45.572
187.496,92.643,64.561,45.572
186.848,91.563,64.561,45.572
187.496,92.211,64.561,45.572
186.848,91.995,64.561,45.572
187.496,92.643,64.561,45.572
186.848,91.563,64.561,45.572
187.496,91.779,64.561,45.572
187.712,92.427,64.561,45.572
187.064,91.779,64.561,45.572
187.280,92.427,64.561,45.572
187.064,91.779,64.561,45.572
187.280,92.427,64.561,45.572
187.064,91.779,64.561,45.572
187.712,92.427,64.561,45.572
187.496,91.347,64.561,45.572
188.144,91.995,64.561,45.572
187.496,91.779,64.561,45.572
188.144,91.563,64.561,45.572
187.496,90.915,64.561,45.572
188.576,91.995,64.561,45.572
188.073,90.688,65.125,45.971
188.290,91.342,65.125,45.971
188.073,90.688,65.125,45.971
188.726,91.778,65.125,45.971
187.637,91.124,65.125,45.971
188.290,91.778,65.125,45.971
189.380,92.432,65.125,45.971
188.726,91.342,65.125,45.971
190.251,92.432,65.125,45.971
188.726,91.342,65.125,45.971
189.816,92.432,65.125,45.971
188.726,91.342,65.125,45.971
188.944,91.996,65.125,45.971
187.855,90.906,65.125,45.971
187.201,90.253,65.125,45.971
186.983,90.035,65.125,45.971
186.765,90.253,65.125,45.971
186.112,90.906,65.125,45.971
185.458,90.253,65.125,45.971
184.804,90.906,65.125,45.971
183.715,90.688,65.125,45.971
183.497,91.778,65.125,45.971
182.843,91.124,65.125,45.971
181.889,89.806,65.695,46.373
182.548,92.224,65.695,46.373
181.009,90.686,65.695,46.373
182.108,92.664,65.695,46.373
180.570,91.125,65.695,46.373
180.350,91.785,65.695,46.373
179.251,91.125,65.695,46.373
179.031,91.785,65.695,46.373
179.691,91.565,65.695,46.373
179.031,92.224,65.695,46.373
179.251,91.565,65.695,46.373
178.592,92.224,65.695,46.373
178.372,92.004,65.695,46.373
178.152,91.785,65.695,46.373
178.812,92.444,65.695,46.373
179.031,92.224,65.695,46.373
178.969,91.345,66.270,46.779
178.304,92.454,66.270,46.779
179.413,92.676,66.270,46.779
179.634,92.454,66.270,46.779
180.299,93.119,66.270,46.779
180.078,92.897,66.270,46.779
180.743,92.676,66.270,46.779
181.851,92.897,66.270,46.779
182.517,93.119,66.270,46.779
183.182,93.341,66.270,46.779
183.847,94.449,66.270,46.779
184.068,94.671,66.270,46.779
183.847,94.006,66.270,46.779
184.955,94.671,66.270,46.779
184.290,94.006,66.270,46.779
185.842,94.228,66.270,46.779
186.507,94.449,66.270,46.779
187.172,94.671,66.270,46.779
187.394,94.006,66.270,46.779
188.946,93.784,66.270,46.779
188.281,92.676,66.270,46.779
190.720,93.784,66.270,46.779
191.385,93.119,66.270,46.779
192.493,93.784,66.270,46.779
190.941,92.232,66.270,46.779
193.380,93.341,66.270,46.779
191.385,91.789,66.270,46.779
192.937,91.567,66.270,46.779
190.941,90.459,66.270,46.779
192.937,90.680,66.270,46.779
192.272,90.015,66.270,46.779
193.824,90.680,66.270,46.779
194.932,90.902,66.270,46.779
196.484,92.011,66.270,46.779
194.045,91.789,66.270,46.779
194.711,91.567,66.270,46.779
195.819,92.676,66.270,46.779
193.824,92.011,66.270,46.779
195.819,93.119,66.270,46.779
192.937,92.011,66.270,46.779
190.941,91.345,66.270,46.779
193.380,93.341,66.270,46.779
190.498,91.789,66.270,46.779
189.390,90.680,66.270,46.779
189.168,91.345,66.270,46.779
187.616,91.124,66.270,46.779
186.951,90.902,66.270,46.779
185.399,89.793,66.270,46.779
184.734,89.128,66.270,46.779
185.399,90.680,66.270,46.779
183.847,89.572,66.270,46.779
183.182,88.907,66.270,46.779
182.960,88.685,66.270,46.779
182.295,87.576,66.270,46.779
183.403,89.128,66.270,46.779
182.738,88.463,66.270,46.779
183.847,90.015,66.270,46.779
182.738,88.907,66.270,46.779
182.517,88.241,66.270,46.779
182.295,88.907,66.270,46.779
181.186,87.355,66.270,46.779
179.760,86.014,66.850,47.188
179.089,84.895,66.850,47.188
178.418,83.330,66.850,47.188
176.853,80.870,66.850,47.188
175.872,79.059,67.435,47.601
178.354,80.638,67.435,47.601
175.872,78.156,67.435,47.601
175.196,76.126,67.435,47.601
178.129,78.607,67.435,47.601
176.549,76.577,67.435,47.601
177.677,78.156,67.435,47.601
176.098,76.126,67.435,47.601
178.129,78.156,67.435,47.601
176.549,76.126,67.435,47.601
178.129,77.705,67.435,47.601
176.549,75.675,67.435,47.601
178.580,77.254,67.435,47.601
176.098,75.223,67.435,47.601
178.580,75.900,67.435,47.601
176.098,74.321,67.435,47.601
179.031,75.449,67.435,47.601
177.000,73.870,67.435,47.601
179.031,76.351,67.435,47.601
177.000,73.870,67.435,47.601
179.031,76.351,67.435,47.601
177.000,74.772,67.435,47.601
179.031,77.254,67.435,47.601
179.257,79.284,67.435,47.601
177.226,77.705,67.435,47.601
178.805,80.187,67.435,47.601
178.129,81.766,67.435,47.601
177.452,80.638,67.435,47.601
177.388,83.436,68.025,48.018
178.526,85.939,68.025,48.018
177.843,87.532,68.025,48.018
178.071,90.491,68.025,48.018
176.933,92.994,68.025,48.018
177.160,95.498,68.025,48.018
176.478,98.001,68.025,48.018
176.705,100.504,68.025,48.018
177.388,102.553,68.025,48.018
176.705,104.146,68.025,48.018
176.478,105.284,68.025,48.018
175.795,106.877,68.025,48.018
174.657,109.380,68.025,48.018
173.974,111.428,68.025,48.018
173.291,113.932,68.025,48.018
172.609,116.435,68.025,48.018
171.926,118.483,68.025,48.018
170.788,120.531,68.025,48.018
170.105,122.124,68.025,48.018
168.512,123.262,68.025,48.018
167.830,124.400,68.025,48.018
167.147,125.538,68.025,48.018
165.099,125.311,68.025,48.018
163.961,125.538,68.025,48.018
163.278,125.766,68.025,48.018
162.595,125.083,68.025,48.018
161.912,123.490,68.025,48.018
162.425,124.361,67.444,47.608
160.845,122.330,67.444,47.608
160.169,122.105,67.444,47.608
159.943,122.781,67.444,47.608
159.266,121.202,67.444,47.608
158.589,120.525,67.444,47.608
158.815,119.397,67.444,47.608
158.589,118.269,67.444,47.608
159.717,119.397,67.444,47.608
159.492,118.720,67.444,47.608
161.071,121.653,67.444,47.608
162.199,122.330,67.444,47.608
161.522,119.848,67.444,47.608
160.394,118.269,67.444,47.608
159.266,115.787,67.444,47.608
157.235,112.853,67.444,47.608
152.948,110.371,67.444,47.608
149.564,109.243,67.444,47.608
147.533,111.274,67.444,47.608
147.307,111.951,67.444,47.608
148.887,113.982,67.444,47.608
149.564,115.110,67.444,47.608
151.594,116.689,67.444,47.608
153.174,117.366,67.444,47.608
155.204,118.494,67.444,47.608
154.528,117.366,67.444,47.608
154.753,116.238,67.444,47.608
154.821,114.900,66.869,47.201
153.702,112.439,66.869,47.201
152.584,109.979,66.869,47.201
151.465,107.518,66.869,47.201
150.347,105.504,66.869,47.201
148.781,104.386,66.869,47.201
149.004,105.504,66.869,47.201
147.438,103.491,66.869,47.201
148.110,104.610,66.869,47.201
145.649,103.044,66.869,47.201
147.215,105.504,66.869,47.201
145.649,103.491,66.869,47.201
146.320,105.057,66.869,47.201
144.754,102.596,66.869,47.201
143.188,100.135,66.869,47.201
142.964,99.017,66.869,47.201
141.846,97.451,66.869,47.201
142.069,96.780,66.869,47.201
143.188,96.109,66.869,47.201
144.754,97.675,66.869,47.201
144.083,97.898,66.869,47.201
145.201,99.912,66.869,47.201
144.083,100.135,66.869,47.201
143.412,99.464,66.869,47.201
144.083,98.793,66.869,47.201
143.412,97.675,66.869,47.201
142.741,96.556,66.869,47.201
141.175,94.990,66.869,47.201
140.503,93.871,66.869,47.201
139.385,92.305,66.869,47.201
140.503,93.871,66.869,47.201
140.280,93.648,66.869,47.201
142.293,96.109,66.869,47.201
142.517,99.017,66.869,47.201
142.293,101.478,66.869,47.201
141.622,101.254,66.869,47.201
142.741,103.267,66.869,47.201
141.175,101.254,66.869,47.201
142.741,103.267,66.869,47.201
139.832,101.701,66.869,47.201
139.161,99.688,66.869,47.201
138.937,98.122,66.869,47.201
138.266,97.898,66.869,47.201
137.148,97.227,66.869,47.201
139.161,99.241,66.869,47.201
139.832,99.017,66.869,47.201
141.846,100.583,66.869,47.201
143.412,99.912,66.869,47.201
147.215,102.372,66.869,47.201
146.096,101.254,66.869,47.201
146.767,104.162,66.869,47.201
145.201,103.044,66.869,47.201
143.635,101.478,66.869,47.201
142.069,99.912,66.869,47.201
140.503,99.688,66.869,47.201
138.043,99.017,66.869,47.201
135.582,101.478,66.869,47.201
133.568,103.491,66.869,47.201
132.002,105.952,66.869,47.201
131.331,106.176,66.869,47.201
132.897,108.189,66.869,47.201
132.674,107.070,66.869,47.201
133.792,109.084,66.869,47.201
132.674,107.518,66.869,47.201
130.660,106.847,66.869,47.201
129.989,106.176,66.869,47.201
132.897,105.952,66.869,47.201
134.911,104.833,66.869,47.201
137.371,105.952,66.869,47.201
138.490,104.833,66.869,47.201
140.951,106.847,66.869,47.201
141.622,104.833,66.869,47.201
144.083,104.162,66.869,47.201
147.886,106.176,66.869,47.201
147.215,104.610,66.869,47.201
146.991,103.938,66.869,47.201
144.176,103.503,67.454,47.614
140.791,102.374,67.454,47.614
138.309,104.405,67.454,47.614
135.826,105.985,67.454,47.614
134.247,108.919,67.454,47.614
134.472,110.498,67.454,47.614
133.795,110.273,67.454,47.614
134.472,111.852,67.454,47.614
132.441,111.627,67.454,47.614
131.313,112.304,67.454,47.614
128.831,111.175,67.454,47.614
129.056,114.109,67.454,47.614
127.477,112.529,67.454,47.614
127.876,113.478,68.044,48.031
128.103,111.884,68.044,48.031
128.505,112.841,68.639,48.451
128.441,110.510,69.240,48.875
127.282,109.352,69.240,48.875
125.661,108.194,69.240,48.875
123.576,106.109,69.240,48.875
120.565,104.024,69.240,48.875
116.627,101.939,69.240,48.875
111.299,99.855,69.240,48.875
106.434,98.233,69.240,48.875
101.570,97.538,69.240,48.875
97.632,95.917,69.240,48.875
96.010,94.758,69.240,48.875
96.705,94.527,69.240,48.875
97.864,95.222,69.240,48.875
98.095,94.990,69.240,48.875
97.864,94.758,69.240,48.875
96.242,94.064,69.240,48.875
95.084,94.758,69.240,48.875
94.389,93.600,69.240,48.875
95.084,94.758,69.240,48.875
95.779,93.600,69.240,48.875
96.937,95.222,69.240,48.875
96.705,94.990,69.240,48.875
96.937,96.148,69.240,48.875
96.705,95.453,69.240,48.875
95.547,95.222,69.240,48.875
93.926,94.990,69.240,48.875
91.378,94.295,69.240,48.875
87.903,94.064,69.240,48.875
82.614,92.663,69.846,49.303
76.772,91.962,69.846,49.303
73.267,92.195,69.846,49.303
71.631,92.429,69.846,49.303
73.267,93.597,69.846,49.303
77.239,93.831,69.846,49.303
85.418,96.869,69.846,49.303
93.974,99.288,70.457,49.734
99.867,100.938,70.457,49.734
104.817,103.530,70.457,49.734
103.639,102.352,70.457,49.734
101.989,103.530,70.457,49.734
98.539,101.622,71.073,50.169
95.548,100.184,71.695,50.608
94.348,99.464,71.695,50.608
95.548,100.184,71.695,50.608
96.747,101.383,71.695,50.608
99.385,101.143,71.695,50.608
102.983,102.822,71.695,50.608
105.142,102.102,71.695,50.608
107.041,101.143,72.323,51.051
110.445,101.664,72.955,51.498
113.378,101.189,73.594,51.948
117.851,103.233,74.238,52.403
122.073,102.488,74.238,52.403
127.785,104.723,74.238,52.403
131.511,105.468,74.238,52.403
132.256,103.729,74.238,52.403
133.498,105.468,74.238,52.403
131.900,103.457,74.887,52.862
132.652,103.707,74.887,52.862
135.408,103.457,74.887,52.862
139.166,101.202,74.887,52.862
144.744,99.686,75.542,53.324
155.553,100.230,76.203,53.791
162.798,101.302,76.870,54.261
167.997,101.855,77.543,54.736
171.370,103.152,77.543,54.736
175.261,104.449,77.543,54.736
179.152,105.746,77.543,54.736
183.044,106.525,77.543,54.736
187.454,107.303,77.543,54.736
192.383,108.600,77.543,54.736
196.793,109.378,77.543,54.736
200.165,109.119,77.543,54.736
204.057,108.859,77.543,54.736
208.467,109.119,77.543,54.736
212.358,107.822,77.543,54.736
216.250,108.081,77.543,54.736
220.141,107.303,77.543,54.736
222.195,106.266,78.221,55.215
225.597,106.527,78.221,55.215
226.905,106.789,78.221,55.215
229.784,108.098,78.221,55.215
228.999,106.789,78.221,55.215
231.354,108.621,78.221,55.215
230.569,107.312,78.221,55.215
229.784,107.051,78.221,55.215
229.522,106.266,78.221,55.215
230.307,107.051,78.221,55.215
230.046,105.742,78.221,55.215
231.354,108.098,78.221,55.215
230.569,107.312,78.221,55.215
229.261,109.144,78.221,55.215
226.905,107.836,78.221,55.215
222.457,108.621,78.221,55.215
216.438,106.789,78.221,55.215
212.072,104.133,78.906,55.698
209.696,103.341,78.906,55.698
209.432,104.661,78.906,55.698
209.168,104.925,78.906,55.698
209.432,107.301,78.906,55.698
207.584,109.677,78.906,55.698
204.680,108.357,78.906,55.698
200.721,108.621,78.906,55.698
195.177,107.301,78.906,55.698
188.577,106.509,78.906,55.698
181.978,105.717,78.906,55.698
176.434,103.869,78.906,55.698
172.475,102.549,78.906,55.698
169.043,102.285,78.906,55.698
166.139,102.549,78.906,55.698
161.735,101.494,79.596,56.186
155.109,100.429,80.293,56.677
150.005,101.235,80.293,56.677
145.439,99.892,80.293,56.677
142.484,99.624,80.293,56.677
140.066,100.967,80.293,56.677
136.037,99.624,80.293,56.677
133.619,101.504,80.293,56.677
130.664,100.161,80.293,56.677
128.784,102.041,80.293,56.677
126.366,101.235,80.293,56.677
124.486,103.116,80.293,56.677
123.143,104.459,80.293,56.677
121.263,106.339,80.293,56.677
119.382,106.608,80.293,56.677
117.502,107.951,80.293,56.677
115.084,106.070,80.293,56.677
112.129,104.727,80.293,56.677
109.712,102.310,80.293,56.677
107.831,102.041,80.293,56.677
106.488,103.384,80.293,56.677
104.608,104.190,80.293,56.677
102.728,102.847,80.293,56.677
104.071,102.578,80.293,56.677
103.265,100.698,80.293,56.677
105.683,100.967,80.293,56.677
105.951,100.161,80.293,56.677
107.294,103.116,80.293,56.677
107.026,104.996,80.293,56.677
107.294,108.488,80.293,56.677
107.026,111.980,80.293,56.677
106.220,114.935,80.293,56.677
105.414,116.278,80.293,56.677
103.135,114.103,80.995,57.173
101.392,111.908,81.704,57.673
102.759,109.448,81.704,57.673
102.682,104.433,82.419,58.178
102.957,99.194,82.419,58.178
104.887,95.058,82.419,58.178
104.612,90.370,82.419,58.178
104.887,86.786,82.419,58.178
107.921,84.856,82.419,58.178
111.505,86.786,82.419,58.178
113.987,89.268,82.419,58.178
116.468,92.852,82.419,58.178
115.641,96.988,82.419,58.178
113.867,101.538,83.140,58.687
113.033,107.379,83.140,58.687
112.755,111.552,83.140,58.687
110.395,109.869,83.868,59.201
108.590,108.748,84.601,59.719
109.671,107.036,85.342,60.241
107.249,103.553,86.088,60.768
107.168,100.630,86.842,61.300
105.715,97.434,86.842,61.300
107.749,94.239,86.842,61.300
107.666,89.503,87.602,61.836
108.184,84.727,88.368,62.377
108.480,81.475,88.368,62.377
110.550,81.179,88.368,62.377
112.619,83.840,88.368,62.377
113.506,87.683,88.368,62.377
116.167,92.709,88.368,62.377
118.236,97.735,88.368,62.377
122.079,102.170,88.368,62.377
122.966,103.648,88.368,62.377
123.262,100.987,88.368,62.377
123.558,98.918,88.368,62.377
125.036,95.666,88.368,62.377
125.331,91.822,88.368,62.377
125.854,87.610,89.141,62.923
125.770,83.972,89.921,63.474
124.265,81.866,89.921,63.474
123.564,78.813,90.708,64.029
122.856,76.978,91.502,64.589
122.769,75.127,92.302,65.155
122.682,73.259,93.110,65.725
122.993,71.701,93.110,65.725
123.305,70.144,93.110,65.725
123.616,70.455,93.110,65.725
123.928,72.636,93.110,65.725
125.485,74.193,93.110,65.725
126.675,77.418,93.925,66.300
125.942,82.603,94.747,66.880
123.903,89.784,95.576,67.465
124.222,95.859,95.576,67.465
124.787,99.169,96.412,68.055
124.465,101.427,96.412,68.055
122.390,98.153,97.255,68.651
122.298,94.185,98.106,69.252
122.878,89.508,98.965,69.858
123.463,84.112,99.831,70.469
124.053,79.353,100.704,71.085
124.649,75.244,101.586,71.707
125.249,71.795,102.474,72.335
126.964,69.395,102.474,72.335
127.992,69.738,102.474,72.335
129.021,71.452,102.474,72.335
129.363,73.852,102.474,72.335
129.267,78.103,103.371,72.968
125.624,84.519,104.276,73.606
122.484,100.916,104.276,73.606
122.135,113.126,104.276,73.606
121.787,119.754,104.276,73.606
120.740,118.010,104.276,73.606
117.781,113.754,105.188,74.250
116.238,108.740,106.108,74.900
113.955,96.405,107.037,75.555
114.588,89.100,107.973,76.217
115.967,80.251,108.918,76.883
117.358,74.312,109.871,77.556
118.460,70.269,109.871,77.556
117.603,68.799,110.833,78.235
117.974,71.395,110.833,78.235
116.349,74.473,111.802,78.919
113.942,79.879,112.781,79.610
106.874,90.746,113.767,80.306
102.688,104.067,113.767,80.306
98.679,111.909,114.763,81.009
96.209,117.458,115.767,81.718
92.130,113.527,116.780,82.433
90.958,108.448,116.780,82.433
92.911,103.369,116.780,82.433
92.801,92.997,117.802,83.154
93.497,83.342,118.833,83.882
93.100,77.379,118.833,83.882
92.702,72.210,118.833,83.882
90.714,69.428,118.833,83.882
88.726,74.596,118.833,83.882
85.354,80.341,119.872,84.616
82.774,88.603,120.921,85.356
79.343,98.596,121.979,86.103
77.554,106.167,123.047,86.856
77.438,111.273,124.123,87.616
74.766,107.058,125.209,88.383
74.648,101.949,126.305,89.156
77.127,92.463,127.410,89.937
77.881,78.525,128.525,90.724
80.403,69.755,129.650,91.517
82.059,60.907,130.784,92.318
81.622,55.219,130.784,92.318
80.309,51.281,130.784,92.318
78.996,49.968,130.784,92.318
78.559,53.906,130.784,92.318
77.246,58.719,130.784,92.318
75.058,67.033,130.784,92.318
71.121,77.096,130.784,92.318
67.183,88.035,130.784,92.318
64.368,98.843,131.928,93.126
63.339,106.126,133.083,93.941
65.565,109.243,133.083,93.941
61.558,104.345,133.083,93.941
62.344,97.089,134.247,94.763
62.218,87.927,135.422,95.592
64.483,76.601,135.422,95.592
65.842,67.087,135.422,95.592
66.295,59.385,135.422,95.592
66.748,53.495,135.422,95.592
66.295,50.324,135.422,95.592
66.748,54.401,135.422,95.592
65.691,60.020,136.607,96.428
64.320,69.617,136.607,96.428
61.380,82.781,137.802,97.272
56.524,94.169,139.008,98.123
53.269,103.935,139.008,98.123
51.231,111.609,140.224,98.982
51.098,118.389,141.451,99.848
48.054,111.646,142.689,100.722
53.305,105.440,142.689,100.722
52.192,95.703,143.937,101.603
56.526,82.701,143.937,101.603
60.338,72.879,145.197,102.492
63.188,62.970,146.467,103.389
63.678,56.600,146.467,103.389
63.540,53.636,147.749,104.293
65.023,59.073,147.749,104.293
63.869,66.217,149.042,105.206
62.706,75.467,150.346,106.127
61.533,84.799,151.661,107.055
57.981,96.469,151.661,107.055
52.637,105.882,152.988,107.992
47.246,112.229,154.327,108.937
40.750,106.990,155.677,109.890
48.076,99.569,157.040,110.852
58.698,89.929,158.414,111.821
62.894,75.859,159.800,112.800
64.935,62.762,161.198,113.787
64.395,52.516,161.198,113.787
62.778,44.426,161.198,113.787
61.160,40.651,161.198,113.787
62.778,44.426,161.198,113.787
62.238,50.359,161.198,113.787
62.086,58.152,162.609,114.783
59.702,67.130,164.031,115.787
56.172,78.435,165.467,116.800
53.404,88.953,165.467,116.800
52.112,93.549,166.915,117.822
47.375,86.737,168.375,118.853
47.216,78.711,169.848,119.893
50.057,70.188,169.848,119.893
52.898,58.255,169.848,119.893
53.467,46.322,169.848,119.893
54.035,36.662,169.848,119.893
54.603,30.412,169.848,119.893
56.308,27.570,169.848,119.893
55.740,30.412,169.848,119.893
55.171,35.526,169.848,119.893
53.467,44.049,169.848,119.893
55.171,54.846,169.848,119.893
53.846,67.717,171.334,120.942
54.859,80.701,172.834,122.000
52.325,93.799,174.346,123.068
58.190,103.998,172.858,122.017
54.470,99.315,174.370,123.085
53.110,91.004,175.896,124.162
58.406,81.000,175.896,124.162
57.033,68.996,177.435,125.248
53.214,59.321,178.988,126.344
51.418,51.537,178.988,126.344
52.017,46.147,178.988,126.344
55.011,49.141,178.988,126.344
55.610,53.333,178.988,126.344
55.440,60.760,180.554,127.450
59.669,69.820,180.554,127.450
58.260,79.788,182.133,128.565
56.838,88.594,183.727,129.690
52.884,83.617,185.335,130.825
50.167,79.867,186.956,131.969
49.541,74.237,186.956,131.969
51.418,66.106,186.956,131.969
50.792,59.226,186.956,131.969
51.418,53.597,186.956,131.969
53.294,50.469,186.956,131.969
53.920,51.095,186.956,131.969
55.796,55.473,186.956,131.969
55.171,63.604,186.956,131.969
54.545,75.488,186.956,131.969
50.522,88.374,188.592,133.124
44.843,97.838,188.592,133.124
46.736,92.160,188.592,133.124
48.629,83.958,188.592,133.124
50.522,74.493,188.592,133.124
52.414,63.767,188.592,133.124
56.831,53.041,188.592,133.124
61.248,43.577,188.592,133.124
64.402,34.113,188.592,133.124
65.033,28.435,188.592,133.124
68.916,34.543,186.982,131.988
72.044,40.173,186.982,131.988
71.418,45.803,186.982,131.988
73.295,52.684,186.982,131.988
73.920,59.565,186.982,131.988
78.299,63.944,186.982,131.988
80.176,64.569,186.982,131.988
78.299,57.688,186.982,131.988
80.176,50.807,186.982,131.988
80.364,40.996,185.386,130.861
87.186,30.452,185.386,130.861
86.566,21.149,185.386,130.861
93.388,16.807,185.386,130.861
95.995,22.811,183.804,129.744
95.380,28.346,183.804,129.744
93.165,35.499,182.235,128.636
99.871,58.057,182.235,128.636
95.604,63.544,182.235,128.636
94.994,71.469,182.235,128.636
95.604,78.176,182.235,128.636
97.433,82.443,182.235,128.636
95.604,74.518,182.235,128.636
95.787,66.145,180.679,127.538
100.686,57.843,179.137,126.449
104.881,47.655,179.137,126.449
110.275,36.268,179.137,126.449
116.302,25.699,177.607,125.370
114.161,16.379,176.091,124.300
122.385,20.933,174.588,123.239
119.141,18.610,173.098,122.187
116.245,24.980,173.098,122.187
114.159,33.976,171.620,121.143
118.178,57.517,171.620,121.143
114.159,62.684,171.620,121.143
112.437,72.445,171.620,121.143
118.211,80.244,170.155,120.109
116.503,83.090,170.155,120.109
113.657,74.551,170.155,120.109
120.492,66.733,168.702,119.084
123.314,57.138,168.702,119.084
127.265,45.286,168.702,119.084
132.344,33.434,168.702,119.084
138.020,25.682,167.262,118.067
135.222,18.408,167.262,118.067
143.616,23.444,167.262,118.067
137.461,18.408,167.262,118.067
132.424,24.563,167.262,118.067
132.592,32.164,165.834,117.060
129.511,42.948,164.419,116.060
125.661,54.500,164.419,116.060
122.910,64.951,164.419,116.060
128.442,74.569,163.015,115.069
127.897,79.478,163.015,115.069
127.351,80.023,163.015,115.069
126.806,72.933,163.015,115.069
129.533,65.843,163.015,115.069
128.632,56.225,161.623,114.087
133.015,48.799,160.244,113.113
132.130,40.391,158.876,112.148
139.040,38.796,158.876,112.148
136.088,32.533,157.520,111.190
141.885,36.222,157.520,111.190
138.958,37.211,156.175,110.241
136.057,41.250,154.842,109.300
133.180,46.265,153.520,108.367
132.332,53.242,152.209,107.442
130.497,60.159,150.910,106.525
132.012,66.722,150.910,106.525
132.164,70.625,149.622,105.615
132.664,72.126,149.622,105.615
129.884,67.205,148.344,104.714
129.065,62.326,147.078,103.820
133.053,57.489,145.823,102.934
136.055,53.644,144.578,102.055
136.200,47.001,143.344,101.184
141.959,50.708,142.120,100.320
138.391,46.034,140.907,99.464
138.532,50.598,139.704,98.614
137.760,55.123,138.511,97.773
135.187,61.417,137.329,96.938
132.890,68.309,137.329,96.938
135.187,75.200,137.329,96.938
134.728,82.092,137.329,96.938
136.106,84.389,137.329,96.938
133.809,78.416,137.329,96.938
137.025,74.281,137.329,96.938
140.241,69.228,137.329,96.938
139.781,64.174,137.329,96.938
145.298,65.036,136.156,96.110
149.398,59.114,136.156,96.110
153.497,62.303,136.156,96.110
151.220,56.381,136.156,96.110
154.912,61.680,134.994,95.290
150.847,64.841,134.994,95.290
152.745,68.332,133.842,94.477
153.753,71.793,132.699,93.670
153.309,75.789,132.699,93.670
152.865,79.784,132.699,93.670
156.861,82.004,132.699,93.670
151.090,74.457,132.699,93.670
151.223,70.959,131.566,92.870
154.790,68.349,130.443,92.078
159.179,65.762,129.330,91.292
164.804,67.925,129.330,91.292
161.557,62.827,128.226,90.512
160.270,64.972,128.226,90.512
164.131,68.833,128.226,90.512
160.911,64.616,127.131,89.740
160.209,69.563,126.046,88.974
163.161,74.202,126.046,88.974
159.366,77.153,126.046,88.974
164.004,79.262,126.046,88.974
159.366,73.780,126.046,88.974
158.101,74.202,126.046,88.974
158.227,70.056,124.970,88.214
163.247,71.656,123.903,87.461
160.945,66.772,122.845,86.714
159.465,69.147,121.797,85.974
157.202,67.526,120.757,85.240
155.747,69.861,119.726,84.513
152.142,72.665,119.726,84.513
149.338,73.065,119.726,84.513
146.534,71.062,119.726,84.513
151.741,74.667,119.726,84.513
155.346,75.869,119.726,84.513
160.553,77.071,119.726,84.513
167.363,79.874,119.726,84.513
174.172,81.076,119.726,84.513
169.766,75.869,119.726,84.513
160.553,77.872,119.726,84.513
158.551,81.477,119.726,84.513
162.957,101.104,119.726,84.513
168.965,107.913,119.726,84.513
175.774,115.523,119.726,84.513
182.584,119.929,119.726,84.513
186.188,123.534,119.726,84.513
190.181,126.860,120.774,85.252
184.928,123.223,120.774,85.252
187.756,122.819,120.774,85.252
183.312,120.799,120.774,85.252
189.373,122.819,120.774,85.252
195.057,126.173,121.830,85.998
192.204,120.875,121.830,85.998
187.911,122.587,122.896,86.750
192.433,126.288,122.896,86.750
187.743,123.850,121.847,86.010
185.705,120.997,121.847,86.010
182.036,118.143,121.847,86.010
166.138,84.309,121.847,86.010
161.488,77.119,120.807,85.276
156.234,77.524,120.807,85.276
151.788,73.886,120.807,85.276
148.150,75.907,120.807,85.276
143.705,72.269,120.807,85.276
141.684,73.482,120.807,85.276
143.705,74.694,120.807,85.276
140.672,69.932,119.776,84.548
141.874,71.936,119.776,84.548
139.870,73.138,119.776,84.548
139.469,70.333,119.776,84.548
141.473,72.337,119.776,84.548
140.271,74.340,119.776,84.548
139.609,71.183,118.753,83.826
140.801,73.964,118.753,83.826
138.815,71.183,118.753,83.826
140.007,73.169,118.753,83.826
140.404,75.156,118.753,83.826
139.212,72.375,118.753,83.826
140.106,73.895,117.740,83.110
141.762,74.634,116.735,82.401
142.933,76.587,116.735,82.401
140.981,76.977,116.735,82.401
144.073,77.818,117.756,83.122
142.891,78.212,117.756,83.122
145.649,80.182,117.756,83.122
143.679,76.636,117.756,83.122
145.183,78.291,118.786,83.849
144.256,79.961,119.826,84.583
149.467,81.966,119.826,84.583
145.057,75.952,119.826,84.583
149.467,77.957,119.826,84.583
154.679,121.653,119.826,84.583
157.485,127.666,119.826,84.583
161.894,129.671,119.826,84.583
167.534,132.999,120.874,85.323
175.217,135.829,120.874,85.323
179.248,135.042,121.932,86.070
176.392,136.265,121.932,86.070
181.695,134.226,121.932,86.070
178.024,137.081,121.932,86.070
181.695,135.042,121.932,86.070
186.998,137.897,121.932,86.070
193.933,137.489,121.932,86.070
202.500,141.976,121.932,86.070
198.828,139.121,121.932,86.070
195.368,136.654,122.999,86.823
203.186,141.180,122.999,86.823
198.852,137.848,124.075,87.582
204.692,140.443,125.161,88.349
201.760,137.512,125.161,88.349
198.829,136.256,125.161,88.349
205.110,140.862,125.161,88.349
201.342,137.093,125.161,88.349
205.110,140.862,125.161,88.349
202.179,136.256,125.161,88.349
204.636,140.590,126.256,89.122
202.524,136.789,126.256,89.122
206.734,141.161,127.361,89.902
204.604,137.326,127.361,89.902
208.851,141.737,128.475,90.688
207.561,137.009,128.475,90.688
211.430,140.878,128.475,90.688
209.280,137.009,128.475,90.688
214.008,140.018,128.475,90.688
209.105,135.792,127.378,89.914
213.793,139.628,127.378,89.914
208.253,134.940,127.378,89.914
212.088,139.628,127.378,89.914
208.253,134.940,127.378,89.914
211.627,138.478,128.493,90.701
206.039,134.609,128.493,90.701
209.048,135.899,128.493,90.701
206.898,132.030,128.493,90.701
209.908,137.618,128.493,90.701
207.758,133.749,128.493,90.701
210.767,137.618,128.493,90.701
207.758,134.609,128.493,90.701
209.908,137.618,128.493,90.701
207.758,134.609,128.493,90.701
210.767,138.478,128.493,90.701
207.758,134.609,128.493,90.701
211.627,138.478,128.493,90.701
207.758,135.469,128.493,90.701
211.627,138.478,128.493,90.701
207.758,135.469,128.493,90.701
212.487,138.478,128.493,90.701
208.422,134.252,127.396,89.927
211.796,138.664,128.511,90.713
208.787,134.794,128.511,90.713
213.516,140.384,128.511,90.713
207.067,135.654,128.511,90.713
210.471,139.224,129.635,91.507
206.568,135.320,129.635,91.507
204.399,133.152,129.635,91.507
206.055,137.641,130.769,92.308
202.992,133.704,130.769,92.308
204.662,138.233,131.914,93.116
201.573,134.261,131.914,93.116
204.662,138.233,131.914,93.116
200.690,134.261,131.914,93.116
203.780,138.233,131.914,93.116
200.690,133.378,131.914,93.116
203.780,137.350,131.914,93.116
200.690,133.378,131.914,93.116
203.780,136.468,131.914,93.116
200.690,133.378,131.914,93.116
203.780,137.350,131.914,93.116
201.573,133.378,131.914,93.116
204.662,137.350,131.914,93.116
201.573,133.378,131.914,93.116
205.545,137.350,131.914,93.116
202.456,133.378,131.914,93.116
204.662,136.468,131.914,93.116
201.573,132.496,131.914,93.116
205.545,137.350,131.914,93.116
203.338,134.261,131.914,93.116
203.780,138.233,131.914,93.116
203.338,136.909,131.914,93.116
205.193,138.598,130.788,92.321
204.756,140.786,130.788,92.321
202.568,137.723,130.788,92.321
204.756,140.786,130.788,92.321
202.568,138.598,130.788,92.321
203.880,142.536,130.788,92.321
202.568,139.473,130.788,92.321
203.880,142.536,130.788,92.321
201.693,140.348,130.788,92.321
203.005,144.286,130.788,92.321
202.568,142.974,130.788,92.321
203.005,145.161,130.788,92.321
201.693,142.974,130.788,92.321
203.880,146.036,130.788,92.321
201.066,144.287,131.932,93.128
200.624,143.846,131.932,93.128
201.949,146.935,131.932,93.128
199.742,146.494,131.932,93.128
202.831,150.466,131.932,93.128
198.182,153.226,133.086,93.943
205.752,156.343,133.086,93.943
