405.000,256.000,122.000,148.000
408.154,253.846,122.000,148.000
409.747,252.253,122.000,148.000
412.401,249.599,122.000,148.000
415.056,244.821,122.000,148.000
418.772,241.104,122.000,148.000
421.426,237.388,122.000,148.000
423.019,231.549,122.000,148.000
421.426,224.647,122.000,148.000
416.648,219.869,122.000,148.000
409.747,216.153,122.000,148.000
401.784,210.313,122.000,148.000
394.882,201.289,122.000,148.000
387.981,191.202,122.000,148.000
376.832,185.362,122.000,148.000
365.684,181.646,122.000,148.000
356.659,180.053,122.000,148.000
348.696,178.461,122.000,148.000
341.794,180.053,122.000,148.000
337.017,181.646,122.000,148.000
332.239,181.115,122.000,148.000
326.399,181.646,122.000,148.000
322.683,182.177,122.000,148.000
320.028,181.646,122.000,148.000
314.189,180.053,122.000,148.000
307.287,178.461,122.000,148.000
300.386,175.806,122.000,148.000
293.484,169.967,122.000,148.000
283.398,165.189,122.000,148.000
275.434,161.473,122.000,148.000
270.657,155.633,122.000,148.000
271.187,145.546,122.000,148.000
272.780,134.398,122.000,148.000
273.311,124.311,122.000,148.000
277.027,112.101,122.000,148.000
282.867,100.952,122.000,148.000
288.706,91.927,122.000,148.000
294.546,82.902,122.000,148.000
301.448,71.754,122.000,148.000
307.287,62.729,122.000,148.000
311.003,56.889,122.000,148.000
306.226,54.235,122.000,148.000
308.880,60.075,122.000,148.000
304.102,60.605,122.000,148.000
302.509,65.383,122.000,148.000
299.855,70.161,122.000,148.000
296.139,74.939,122.000,148.000
291.361,79.717,122.000,148.000
286.583,84.495,122.000,148.000
280.743,89.273,122.000,148.000
273.842,91.927,122.000,148.000
266.940,96.705,122.000,148.000
260.039,99.360,122.000,148.000
253.138,99.891,122.000,148.000
255.792,104.668,122.000,148.000
249.952,105.199,122.000,148.000
253.668,107.854,122.000,148.000
248.891,105.199,122.000,148.000
245.174,103.607,122.000,148.000
251.014,106.261,122.000,148.000
245.174,104.668,122.000,148.000
249.952,109.446,122.000,148.000
244.113,105.730,122.000,148.000
247.829,109.446,122.000,148.000
243.051,104.668,122.000,148.000
248.891,100.952,122.000,148.000
247.298,97.236,122.000,148.000
252.076,96.705,122.000,148.000
248.360,92.989,122.000,148.000
249.952,90.335,122.000,148.000
246.236,86.619,122.000,148.000
252.076,88.211,122.000,148.000
247.298,84.495,122.000,148.000
252.076,86.088,122.000,148.000
248.360,83.433,122.000,148.000
253.138,83.964,122.000,148.000
250.483,82.371,122.000,148.000
255.261,85.026,122.000,148.000
251.545,81.310,122.000,148.000
258.446,85.026,122.000,148.000
255.792,82.371,122.000,148.000
261.632,85.026,122.000,148.000
265.348,83.433,122.000,148.000
270.126,82.902,122.000,148.000
275.965,83.433,122.000,148.000
282.867,82.902,122.000,148.000
288.706,84.495,122.000,148.000
293.484,82.902,122.000,148.000
298.262,83.433,122.000,148.000
303.040,81.841,122.000,148.000
306.756,78.124,122.000,148.000
309.411,76.532,122.000,148.000
313.127,73.877,122.000,148.000
311.534,68.038,122.000,148.000
313.127,66.445,122.000,148.000
311.534,63.791,122.000,148.000
317.374,66.445,122.000,148.000
314.720,62.729,122.000,148.000
321.621,68.569,122.000,148.000
317.905,65.914,122.000,148.000
323.745,72.816,122.000,148.000
321.090,77.594,122.000,148.000
317.374,83.433,122.000,148.000
314.720,89.273,122.000,148.000
312.065,96.174,122.000,148.000
304.102,104.138,122.000,148.000
296.139,116.348,122.000,148.000
289.237,128.558,122.000,148.000
283.398,138.645,122.000,148.000
276.496,147.670,122.000,148.000
269.595,156.695,122.000,148.000
266.940,165.720,122.000,148.000
261.101,174.745,122.000,148.000
254.199,183.769,122.000,148.000
246.236,191.733,122.000,148.000
238.273,199.696,122.000,148.000
230.310,206.597,122.000,148.000
224.470,213.499,122.000,148.000
218.630,219.338,122.000,148.000
215.976,225.178,122.000,148.000
212.260,229.956,122.000,148.000
211.729,233.672,122.000,148.000
211.198,232.080,122.000,148.000
214.914,230.487,122.000,148.000
220.754,231.018,122.000,148.000
225.532,231.549,122.000,148.000
230.310,234.203,122.000,148.000
235.088,234.734,122.000,148.000
241.628,234.631,123.068,149.295
250.732,236.237,123.068,149.295
260.907,239.986,123.068,149.295
271.082,244.806,123.068,149.295
279.115,248.554,123.068,149.295
289.290,251.232,123.068,149.295
298.393,252.838,123.068,149.295
305.355,249.090,123.068,149.295
312.317,242.128,123.068,149.295
319.279,236.237,123.068,149.295
326.241,232.488,123.068,149.295
328.918,225.527,123.068,149.295
325.170,218.565,123.068,149.295
322.492,212.674,123.068,149.295
317.672,206.783,123.068,149.295
309.640,203.035,123.068,149.295
298.393,201.428,123.068,149.295
288.219,198.750,123.068,149.295
276.972,193.931,123.068,149.295
264.655,192.324,123.068,149.295
245.912,186.433,123.068,149.295
233.595,186.969,123.068,149.295
220.207,182.149,123.068,149.295
208.961,177.329,123.068,149.295
190.217,172.510,123.068,149.295
176.829,168.761,123.068,149.295
166.654,163.941,123.068,149.295
161.835,158.051,123.068,149.295
165.583,151.089,123.068,149.295
168.261,144.127,123.068,149.295
166.654,141.449,123.068,149.295
168.861,140.247,124.144,150.601
172.642,136.466,124.144,150.601
176.423,134.845,124.144,150.601
180.205,131.064,124.144,150.601
185.067,128.363,124.144,150.601
188.848,126.742,124.144,150.601
191.549,126.202,124.144,150.601
193.170,124.581,124.144,150.601
195.871,124.041,124.144,150.601
197.492,124.581,124.144,150.601
199.112,125.121,124.144,150.601
201.813,126.742,124.144,150.601
204.514,125.121,124.144,150.601
210.457,132.144,124.144,150.601
216.399,138.086,124.144,150.601
221.261,142.948,124.144,150.601
227.203,144.569,124.144,150.601
234.226,146.190,124.144,150.601
240.168,148.891,124.144,150.601
243.950,147.270,124.144,150.601
245.570,143.488,124.144,150.601
242.869,139.707,124.144,150.601
241.249,135.926,124.144,150.601
239.628,129.983,124.144,150.601
235.847,121.880,124.144,150.601
239.628,114.857,124.144,150.601
241.249,105.674,124.144,150.601
245.030,94.329,124.144,150.601
240.168,80.824,124.144,150.601
240.709,71.640,124.144,150.601
241.249,61.376,124.144,150.601
239.628,50.032,124.144,150.601
242.329,41.929,124.144,150.601
248.271,33.826,124.144,150.601
256.375,28.964,124.144,150.601
267.719,27.343,124.144,150.601
285.546,34.366,124.144,150.601
293.649,39.228,124.144,150.601
308.409,46.722,123.085,149.316
318.585,53.685,123.085,149.316
329.833,59.576,123.085,149.316
341.081,65.468,123.085,149.316
351.534,72.898,122.034,148.041
360.562,79.802,122.034,148.041
368.527,85.643,122.034,148.041
374.368,92.546,122.034,148.041
378.085,99.450,122.034,148.041
378.616,106.353,122.034,148.041
374.899,114.318,122.034,148.041
369.721,122.721,120.992,146.777
362.877,129.566,120.992,146.777
354.980,135.357,120.992,146.777
347.791,140.607,119.959,145.524
337.873,143.217,119.959,145.524
328.999,145.827,119.959,145.524
320.125,146.349,119.959,145.524
311.980,148.498,118.935,144.282
303.181,151.085,118.935,144.282
294.383,152.638,118.935,144.282
282.480,157.296,118.935,144.282
272.646,158.848,118.935,144.282
261.778,159.366,118.935,144.282
250.910,158.848,118.935,144.282
241.076,159.366,118.935,144.282
232.278,162.989,118.935,144.282
221.410,167.647,118.935,144.282
209.506,172.305,118.935,144.282
198.638,179.033,118.935,144.282
188.804,184.726,118.935,144.282
180.006,192.489,118.935,144.282
170.173,199.217,118.935,144.282
159.304,205.945,118.935,144.282
148.436,212.673,118.935,144.282
138.603,218.366,118.935,144.282
129.804,219.919,118.935,144.282
123.076,218.366,118.935,144.282
119.454,219.919,118.935,144.282
114.796,218.366,118.935,144.282
117.383,220.954,118.935,144.282
111.690,215.261,118.935,144.282
115.313,212.673,118.935,144.282
117.901,209.050,118.935,144.282
119.454,206.462,118.935,144.282
124.111,208.015,118.935,144.282
127.734,206.462,118.935,144.282
132.392,206.980,118.935,144.282
139.120,203.357,118.935,144.282
144.813,206.980,118.935,144.282
149.471,206.462,118.935,144.282
156.199,209.050,118.935,144.282
160.857,210.603,118.935,144.282
162.410,216.296,118.935,144.282
164.997,220.954,118.935,144.282
165.515,221.471,118.935,144.282
168.708,225.614,119.976,145.545
162.965,221.960,119.976,145.545
166.186,227.209,121.026,146.818
161.446,222.470,121.026,146.818
166.186,227.209,121.026,146.818
161.446,221.416,121.026,146.818
165.775,227.791,122.085,148.103
159.251,221.154,123.153,149.399
165.853,225.444,124.230,150.706
166.972,222.014,125.317,152.024
171.454,224.144,126.414,153.355
166.504,215.892,126.414,153.355
169.897,212.402,127.520,154.697
172.183,208.881,128.636,156.050
169.385,200.485,128.636,156.050
168.825,194.328,128.636,156.050
172.278,190.776,129.762,157.416
173.972,184.565,129.762,157.416
174.537,176.095,129.762,157.416
176.231,171.013,129.762,157.416
177.925,167.061,129.762,157.416
185.265,160.850,129.762,157.416
193.735,155.768,129.762,157.416
203.334,150.686,129.762,157.416
208.416,147.863,129.762,157.416
215.757,148.427,129.762,157.416
220.838,145.604,129.762,157.416
226.637,146.652,130.897,158.793
228.346,142.664,130.897,158.793
233.472,144.373,130.897,158.793
237.459,143.804,130.897,158.793
235.751,144.373,130.897,158.793
237.459,144.943,130.897,158.793
238.029,140.956,130.897,158.793
243.155,144.943,130.897,158.793
239.168,142.095,130.897,158.793
243.155,146.082,130.897,158.793
240.307,142.095,130.897,158.793
244.295,146.082,130.897,158.793
240.307,140.956,130.897,158.793
240.877,144.943,130.897,158.793
235.751,146.652,130.897,158.793
230.624,144.943,130.897,158.793
225.498,145.512,130.897,158.793
222.650,141.525,130.897,158.793
224.997,147.253,132.042,160.182
223.273,151.275,132.042,160.182
220.400,155.297,132.042,160.182
223.945,161.074,133.198,161.584
225.684,163.972,133.198,161.584
229.260,167.424,134.363,162.998
233.352,169.178,134.363,162.998
234.562,172.660,135.539,164.424
237.511,175.609,135.539,164.424
239.941,179.122,136.725,165.863
244.106,180.906,136.725,165.863
242.321,177.932,136.725,165.863
245.991,179.035,137.921,167.314
244.191,174.834,137.921,167.314
247.192,175.435,137.921,167.314
243.513,172.857,139.128,168.778
246.007,171.498,140.345,170.255
251.503,163.559,140.345,170.255
259.442,160.505,140.345,170.255
266.966,162.890,141.573,171.745
264.452,161.507,142.812,173.247
272.108,162.660,144.062,174.763
281.116,162.538,145.322,176.293
288.907,166.304,146.594,177.835
294.150,174.026,147.876,179.391
287.567,177.858,149.170,180.961
294.233,185.716,150.476,182.544
288.876,186.931,151.792,184.141
294.306,190.865,153.120,185.753
284.757,190.735,154.460,187.378
273.748,190.604,155.812,189.018
277.138,195.350,155.812,189.018
268.323,191.960,155.812,189.018
271.713,196.706,155.812,189.018
264.255,193.316,155.812,189.018
272.608,195.964,157.175,190.672
267.013,191.625,158.550,192.340
273.223,186.795,158.550,192.340
277.479,182.418,159.938,194.023
281.773,176.575,161.337,195.721
281.071,168.853,161.337,195.721
284.581,166.747,161.337,195.721
285.283,160.428,161.337,195.721
287.389,154.110,161.337,195.721
283.879,147.791,161.337,195.721
281.773,144.281,161.337,195.721
275.455,139.366,161.337,195.721
267.732,133.048,161.337,195.721
264.222,126.729,161.337,195.721
269.136,121.815,161.337,195.721
271.242,118.305,161.337,195.721
269.136,113.390,161.337,195.721
274.050,115.497,161.337,195.721
278.965,117.603,161.337,195.721
282.475,121.113,161.337,195.721
284.581,124.623,161.337,195.721
285.283,129.538,161.337,195.721
280.369,135.856,161.337,195.721
282.475,143.579,161.337,195.721
276.157,149.897,161.337,195.721
275.455,157.620,161.337,195.721
264.924,161.130,161.337,195.721
251.585,166.045,161.337,195.721
239.650,172.363,161.337,195.721
226.311,174.469,161.337,195.721
209.876,177.359,159.960,194.050
194.940,176.150,158.594,192.393
182.824,173.605,157.241,190.751
171.192,171.552,157.241,190.751
159.180,167.694,155.898,189.123
147.271,163.868,154.567,187.508
139.400,157.450,153.248,185.907
142.734,160.785,153.248,185.907
131.027,154.422,151.940,184.320
134.333,156.405,151.940,184.320
124.858,145.433,153.269,185.933
117.522,135.429,153.269,185.933
111.519,126.759,153.269,185.933
108.185,116.755,153.269,185.933
103.516,110.752,153.269,185.933
108.725,118.703,151.961,184.346
109.386,111.430,151.961,184.346
102.112,106.801,151.961,184.346
97.484,100.849,151.961,184.346
102.112,101.511,151.961,184.346
101.451,92.914,151.961,184.346
106.080,94.898,151.961,184.346
106.741,90.269,151.961,184.346
115.338,92.253,151.961,184.346
125.256,94.237,151.961,184.346
132.530,97.543,151.961,184.346
145.094,102.172,151.961,184.346
156.335,106.801,151.961,184.346
167.577,108.784,151.961,184.346
177.902,110.216,150.664,182.772
187.736,109.561,150.664,182.772
197.570,111.528,150.664,182.772
206.093,108.250,150.664,182.772
214.616,106.283,150.664,182.772
224.037,106.155,151.982,184.371
231.312,106.817,151.982,184.371
238.587,107.478,151.982,184.371
247.184,108.139,151.982,184.371
257.104,110.123,151.982,184.371
268.347,109.462,151.982,184.371
279.590,110.123,151.982,184.371
292.155,108.139,151.982,184.371
303.398,108.801,151.982,184.371
313.319,105.494,151.982,184.371
323.239,106.155,151.982,184.371
334.098,100.603,153.312,185.985
349.722,100.746,152.003,184.397
363.294,100.618,153.333,186.011
371.968,101.285,153.333,186.011
378.820,102.523,154.675,187.638
388.916,103.196,154.675,187.638
400.358,106.561,154.675,187.638
410.454,111.273,154.675,187.638
412.473,111.946,154.675,187.638
409.108,107.234,154.675,187.638
411.127,110.600,154.675,187.638
399.685,108.580,154.675,187.638
392.282,110.600,154.675,187.638
386.224,112.619,154.675,187.638
375.721,104.883,153.354,186.036
368.381,109.554,153.354,186.036
363.710,115.560,153.354,186.036
354.598,109.193,152.045,184.448
343.351,116.471,152.045,184.448
337.396,122.425,152.045,184.448
330.119,123.087,152.045,184.448
323.667,127.102,150.747,182.874
319.831,131.082,149.460,181.313
316.579,135.635,149.460,181.313
314.628,138.886,149.460,181.313
307.474,139.537,149.460,181.313
305.523,142.789,149.460,181.313
295.767,138.236,149.460,181.313
288.613,133.684,149.460,181.313
282.760,135.635,149.460,181.313
274.305,128.481,149.460,181.313
270.501,129.889,148.184,179.765
262.118,122.796,148.184,179.765
256.315,114.413,148.184,179.765
250.512,108.610,148.184,179.765
258.894,111.834,148.184,179.765
249.222,102.162,148.184,179.765
242.129,93.779,148.184,179.765
249.681,96.434,146.919,178.230
243.928,89.401,146.919,178.230
247.124,92.598,146.919,178.230
236.256,84.287,146.919,178.230
244.991,89.413,145.665,176.709
248.161,91.315,145.665,176.709
237.385,83.075,145.665,176.709
244.357,87.512,145.665,176.709
253.018,91.358,144.422,175.200
256.896,96.389,145.685,176.733
259.507,100.164,146.960,178.280
251.194,91.851,146.960,178.280
241.601,84.816,146.960,178.280
249.915,88.014,146.960,178.280
262.396,94.390,145.706,176.758
251.265,84.629,144.462,175.249
258.180,92.801,144.462,175.249
243.722,85.886,144.462,175.249
250.637,94.058,144.462,175.249
237.762,86.204,145.726,176.782
230.787,90.642,145.726,176.782
235.226,96.350,145.726,176.782
219.639,89.726,147.001,178.329
213.095,94.847,148.287,179.889
219.721,100.013,149.585,181.464
206.052,92.853,149.585,181.464
213.676,98.072,148.308,179.914
198.833,89.683,148.308,179.914
204.641,95.491,148.308,179.914
208.623,100.657,149.606,181.489
193.649,90.892,149.606,181.489
185.186,91.543,149.606,181.489
189.743,96.100,149.606,181.489
179.978,87.637,149.606,181.489
185.837,89.590,149.606,181.489
192.998,92.845,149.606,181.489
198.857,94.798,149.606,181.489
204.717,96.751,149.606,181.489
210.576,97.402,149.606,181.489
205.250,89.268,150.915,183.077
211.160,91.238,150.915,183.077
211.164,81.128,149.626,181.514
211.167,74.916,148.349,179.964
215.686,79.434,148.349,179.964
211.167,72.333,148.349,179.964
203.613,66.174,147.083,178.428
205.533,70.654,147.083,178.428
203.613,72.574,147.083,178.428
201.119,75.209,145.827,176.905
187.793,79.651,145.827,176.905
180.813,84.093,145.827,176.905
171.719,89.173,147.103,178.453
162.118,92.373,147.103,178.453
151.236,93.013,147.103,178.453
-18.395,82.131,147.103,178.453
-21.595,85.332,147.103,178.453
-25.339,84.220,145.847,176.929
-25.336,90.548,144.602,175.419
-24.104,93.138,143.368,173.922
-30.188,96.924,142.144,172.437
-25.858,100.016,142.144,172.437
-33.899,96.924,142.144,172.437
-27.095,101.254,142.144,172.437
-35.540,96.559,140.931,170.965
-30.021,102.078,140.931,170.965
-35.037,99.444,142.164,172.461
-34.419,100.063,142.164,172.461
-38.211,101.210,143.408,173.970
-40.757,97.251,144.662,175.492
-40.128,101.658,144.662,175.492
-34.954,100.245,145.928,177.028
-39.399,95.800,145.928,177.028
-40.034,100.245,145.928,177.028
-44.479,98.340,145.928,177.028
-41.863,100.820,147.205,178.577
-37.379,101.460,147.205,178.577
-41.863,98.257,147.205,178.577
-39.224,102.072,148.493,180.139
-42.455,100.134,148.493,180.139
-39.793,105.306,149.792,181.715
-36.534,107.262,149.792,181.715
-38.489,104.003,149.792,181.715
-35.804,107.884,151.103,183.305
-39.092,101.967,151.103,183.305
-41.064,103.939,151.103,183.305
-39.703,105.159,152.425,184.909
-43.020,101.843,152.425,184.909
-38.377,103.833,152.425,184.909
-41.693,101.843,152.425,184.909
-41.030,103.833,152.425,184.909
-44.346,101.843,152.425,184.909
-42.356,103.833,152.425,184.909
-40.367,103.169,152.425,184.909
-38.377,103.833,152.425,184.909
-43.020,99.190,152.425,184.909
-35.724,101.180,152.425,184.909
-44.346,95.210,152.425,184.909
-37.050,98.526,152.425,184.909
-36.387,95.210,152.425,184.909
-39.703,91.894,152.425,184.909
-44.877,89.447,151.124,183.331
-38.958,95.366,151.124,183.331
-42.804,90.374,149.834,181.766
-38.240,94.938,149.834,181.766
-44.108,89.070,149.834,181.766
-40.086,94.290,151.145,183.356
-45.215,90.581,149.855,181.791
-38.850,94.538,148.576,180.239
-40.790,90.012,148.576,180.239
-44.571,88.889,147.307,178.701
-49.058,88.248,147.307,178.701
-55.616,84.181,148.596,180.264
-47.650,86.706,149.896,181.841
-50.911,82.140,149.896,181.841
-60.695,77.575,149.896,181.841
-53.996,84.133,151.208,183.433
-63.866,76.896,151.208,183.433
-57.109,83.512,152.531,185.038
-64.410,78.866,152.531,185.038
-57.594,85.540,153.866,186.657
-60.941,86.209,153.866,186.657
-53.576,90.896,153.866,186.657
-56.924,88.887,153.866,186.657
-52.793,92.875,155.212,188.290
-58.872,86.796,155.212,188.290
-50.551,93.588,156.570,189.937
-53.206,88.416,155.234,188.316
-55.233,90.442,155.234,188.316
-47.802,93.820,155.234,188.316
-49.117,91.329,153.908,186.708
-49.113,95.393,152.595,185.115
-55.090,94.729,152.595,185.115
-47.785,102.033,152.595,185.115
-49.777,104.025,152.595,185.115
-54.426,104.689,152.595,185.115
-59.074,108.009,152.595,185.115
-53.616,110.602,153.930,186.734
-63.663,101.894,153.930,186.734
-54.038,108.629,155.277,188.368
-61.945,100.864,153.951,186.760
-53.236,109.573,153.951,186.760
-62.382,103.181,152.637,185.166
-58.285,107.136,153.972,186.786
-64.315,101.106,153.972,186.786
-56.060,107.843,155.320,188.421
-67.550,99.057,155.320,188.421
-61.467,105.140,155.320,188.421
-73.924,95.309,156.679,190.069
-73.911,99.370,158.050,191.732
-78.127,93.596,159.433,193.410
111.042,-7.517,160.828,195.102
116.508,-4.636,159.455,193.437
118.590,-5.329,159.455,193.437
119.284,-6.023,159.455,193.437
121.365,-3.942,159.455,193.437
113.246,-3.793,158.094,191.786
116.685,1.023,158.094,191.786
117.373,-1.041,158.094,191.786
123.565,3.774,158.094,191.786
131.132,3.086,158.094,191.786
141.451,5.150,158.094,191.786
153.536,7.982,156.744,190.148
162.402,8.664,156.744,190.148
177.045,11.472,155.406,188.525
188.542,14.854,155.406,188.525
198.259,13.336,156.766,190.175
208.491,15.382,156.766,190.175
215.995,16.064,156.766,190.175
220.770,14.018,156.766,190.175
227.429,18.157,155.427,188.551
231.392,14.343,154.101,186.942
236.629,9.253,152.785,185.346
237.930,5.504,151.481,183.764
243.862,8.800,151.481,183.764
250.297,6.369,150.188,182.195
259.226,3.958,148.906,180.640
280.609,8.494,148.906,180.640
294.520,4.840,147.634,179.098
317.005,10.622,147.634,179.098
326.641,12.549,147.634,179.098
347.841,23.470,147.634,179.098
355.756,31.247,148.926,180.665
362.411,28.464,150.229,182.245
372.619,38.808,148.947,180.690
382.341,43.345,148.947,180.690
392.063,46.586,148.947,180.690
397.896,44.642,148.947,180.690
402.433,37.512,148.947,180.690
406.970,20.012,148.947,180.690
412.803,5.105,148.947,180.690
416.802,-6.979,150.250,182.271
406.995,-16.786,150.250,182.271
410.264,-22.671,150.250,182.271
416.978,-25.479,151.565,183.866
423.752,-25.607,152.891,185.474
428.948,-31.955,151.586,183.891
438.426,-34.788,152.912,185.500
452.711,-37.242,151.607,183.917
464.300,-33.239,150.313,182.347
475.419,-31.277,150.313,182.347
504.777,-26.031,149.030,180.790
516.168,-28.423,147.757,179.247
545.179,-24.594,149.050,180.815
596.417,-18.757,149.050,180.815
621.731,-17.352,147.778,179.272
631.773,-19.724,146.516,177.741
606.908,-26.737,146.516,177.741
603.720,-32.475,146.516,177.741
611.187,-37.315,145.266,176.224
510.680,69.514,145.266,176.224
516.369,71.410,145.266,176.224
529.644,72.042,145.266,176.224
545.681,78.345,144.026,174.720
560.096,83.985,144.026,174.720
571.105,89.011,142.796,173.228
579.596,97.631,141.577,171.749
575.283,104.408,141.577,171.749
572.882,111.752,140.369,170.283
569.828,119.693,140.369,170.283
563.109,114.196,140.369,170.283
568.607,105.033,140.369,170.283
561.888,100.758,140.369,170.283
562.498,98.925,140.369,170.283
568.461,103.824,139.170,168.829
578.756,112.908,139.170,168.829
587.031,123.672,137.982,167.388
596.037,131.478,137.982,167.388
603.070,138.636,136.804,165.959
600.093,140.422,136.804,165.959
604.742,140.549,135.636,164.543
610.054,145.861,135.636,164.543
616.547,142.910,135.636,164.543
626.581,144.681,135.636,164.543
632.342,139.049,134.479,163.138
632.927,131.442,134.479,163.138
639.781,122.433,133.331,161.745
639.201,112.569,133.331,161.745
646.743,108.508,133.331,161.745
642.682,100.966,133.331,161.745
637.025,94.298,132.192,160.365
628.781,85.931,133.349,161.768
639.806,74.906,133.349,161.768
648.510,62.721,133.349,161.768
643.985,48.126,132.211,160.387
631.903,38.346,132.211,160.387
626.017,38.234,133.368,161.790
624.839,45.259,134.535,163.206
622.450,54.746,135.712,164.634
619.498,61.242,135.712,164.634
634.480,68.282,134.553,163.228
626.869,72.381,134.553,163.228
619.679,75.868,135.731,164.657
617.269,76.963,136.918,166.097
612.395,80.512,138.116,167.551
608.880,80.640,136.937,166.121
619.347,86.582,135.768,164.702
645.933,91.899,135.768,164.702
638.252,83.037,135.768,164.702
634.117,80.083,135.768,164.702
626.051,79.057,134.609,163.296
616.093,77.299,134.609,163.296
