245.000,64.000,12.000,13.000
245.156,64.057,12.000,13.000
244.910,64.106,12.000,13.000
245.549,64.254,12.000,13.000
245.360,63.685,11.898,12.889
246.258,64.179,12.002,13.002
245.717,63.933,12.002,13.002
246.160,63.785,12.002,13.002
245.619,63.441,12.002,13.002
246.357,63.884,12.002,13.002
245.914,63.638,12.002,13.002
246.160,63.490,12.002,13.002
246.308,64.031,12.002,13.002
246.258,63.687,12.002,13.002
246.962,64.185,12.107,13.116
246.615,63.639,12.107,13.116
247.062,64.284,12.107,13.116
246.615,63.837,12.107,13.116
246.764,64.086,12.107,13.116
246.119,64.135,12.107,13.116
246.069,63.689,12.107,13.116
246.019,64.334,12.107,13.116
245.672,63.887,12.107,13.116
245.225,64.235,12.107,13.116
244.878,63.986,12.107,13.116
244.232,64.532,12.107,13.116
243.686,64.483,12.107,13.116
242.743,64.632,12.107,13.116
241.899,64.781,12.107,13.116
241.155,64.235,12.107,13.116
240.509,64.483,12.107,13.116
239.566,64.930,12.107,13.116
238.623,64.979,12.107,13.116
237.580,65.327,12.107,13.116
235.744,65.078,12.107,13.116
234.404,65.823,12.107,13.116
233.063,65.476,12.107,13.116
231.922,66.022,12.107,13.116
229.688,65.674,12.107,13.116
227.851,66.022,12.107,13.116
226.114,65.575,12.107,13.116
224.972,65.922,12.107,13.116
222.837,65.277,12.107,13.116
220.703,64.731,12.107,13.116
218.668,64.880,12.107,13.116
216.930,64.036,12.107,13.116
215.094,63.589,12.107,13.116
213.952,63.540,12.107,13.116
211.917,63.093,12.107,13.116
209.981,62.745,12.107,13.116
208.541,63.093,12.107,13.116
206.506,62.547,12.107,13.116
204.868,62.795,12.107,13.116
202.932,62.547,12.107,13.116
201.591,63.291,12.107,13.116
199.755,63.043,12.107,13.116
197.819,63.589,12.107,13.116
196.478,63.937,12.107,13.116
194.443,63.589,12.107,13.116
193.103,64.036,12.107,13.116
191.068,63.391,12.107,13.116
189.132,62.944,12.107,13.116
187.298,62.937,12.213,13.230
186.346,62.286,12.213,13.230
184.894,62.437,12.213,13.230
182.541,62.086,12.213,13.230
180.488,61.535,12.213,13.230
178.735,61.986,12.213,13.230
177.383,61.335,12.213,13.230
176.231,61.986,12.213,13.230
174.479,61.535,12.213,13.230
171.925,62.286,12.213,13.230
170.072,62.036,12.213,13.230
168.620,62.286,12.213,13.230
166.267,62.737,12.213,13.230
165.015,63.388,12.213,13.230
162.862,63.038,12.213,13.230
161.109,62.587,12.213,13.230
159.857,63.338,12.213,13.230
157.403,62.687,12.213,13.230
155.751,62.537,12.213,13.230
154.499,62.086,12.213,13.230
153.247,61.335,12.213,13.230
152.797,60.884,12.213,13.230
151.845,60.634,12.213,13.230
151.124,60.012,12.319,13.346
150.569,60.567,12.319,13.346
150.152,60.768,12.427,13.463
149.941,60.448,12.536,13.581
150.404,60.705,12.536,13.581
150.455,61.373,12.536,13.581
150.096,61.733,12.536,13.581
149.777,61.726,12.646,13.700
150.519,62.144,12.756,13.819
150.303,62.030,12.868,13.940
150.989,61.872,12.868,13.940
151.463,62.347,12.868,13.940
152.044,61.661,12.868,13.940
152.308,62.136,12.868,13.940
152.677,61.344,12.868,13.940
152.675,61.878,12.981,14.062
152.196,61.186,12.981,14.062
152.412,60.634,13.094,14.185
152.680,60.365,13.094,14.185
153.378,60.741,13.094,14.185
153.596,61.174,13.209,14.309
153.261,60.612,13.324,14.435
153.315,61.322,13.324,14.435
152.977,61.091,13.441,14.561
153.539,61.310,13.558,14.688
153.484,61.032,13.558,14.688
153.984,61.866,13.558,14.688
153.595,62.700,13.558,14.688
154.207,63.089,13.558,14.688
154.818,63.700,13.558,14.688
155.207,64.423,13.558,14.688
155.319,65.214,13.677,14.817
155.375,64.597,13.677,14.817
155.717,65.394,13.797,14.947
155.019,64.923,13.918,15.077
155.719,65.149,14.039,15.209
155.316,64.401,14.039,15.209
155.949,64.574,14.039,15.209
155.239,64.094,14.162,15.342
155.355,63.729,14.286,15.477
154.828,63.554,14.286,15.477
154.769,62.909,14.286,15.477
154.287,62.181,14.411,15.612
153.873,61.768,14.411,15.612
153.341,61.236,14.411,15.612
152.809,60.704,14.411,15.612
152.159,60.290,14.411,15.612
152.691,60.822,14.411,15.612
151.599,60.451,14.537,15.749
150.496,59.832,14.664,15.886
149.878,60.071,14.793,16.025
149.129,60.063,14.922,16.166
148.701,60.369,14.922,16.166
148.272,60.430,14.922,16.166
148.395,60.924,15.053,16.307
147.633,61.042,15.184,16.450
147.073,60.233,15.184,16.450
147.633,60.669,15.184,16.450
146.865,59.767,15.317,16.594
147.305,59.076,15.317,16.594
146.658,58.682,15.451,16.739
145.876,58.024,15.586,16.885
145.173,57.449,15.586,16.885
144.254,56.786,15.723,17.033
143.458,56.513,15.860,17.182
142.483,57.228,15.860,17.182
141.507,57.553,15.860,17.182
140.532,57.488,15.860,17.182
139.556,57.813,15.860,17.182
138.190,58.009,15.860,17.182
136.825,58.334,15.860,17.182
135.199,58.269,15.860,17.182
132.533,58.074,15.860,17.182
129.997,58.332,15.999,17.332
127.701,57.872,15.999,17.332
126.622,58.402,16.139,17.484
124.306,57.939,16.139,17.484
123.049,58.402,16.139,17.484
121.395,57.806,16.139,17.484
119.628,57.255,16.280,17.637
118.394,56.288,16.423,17.791
116.845,55.682,16.423,17.791
115.186,54.707,16.567,17.947
114.031,53.688,16.567,17.947
112.605,52.941,16.567,17.947
110.771,52.737,16.567,17.947
109.208,52.262,16.567,17.947
107.918,53.009,16.567,17.947
106.491,52.533,16.567,17.947
105.201,53.009,16.567,17.947
104.182,52.805,16.567,17.947
103.163,52.601,16.567,17.947
102.416,53.213,16.567,17.947
101.533,53.281,16.567,17.947
100.921,53.620,16.567,17.947
100.501,52.915,16.712,18.104
100.980,53.669,16.712,18.104
99.713,53.379,16.858,18.263
99.229,52.619,16.858,18.263
98.884,51.997,16.858,18.263
98.597,52.413,17.005,18.422
97.830,51.227,17.005,18.422
97.399,51.933,17.154,18.584
96.203,51.159,17.154,18.584
95.570,51.511,17.154,18.584
94.374,52.285,17.154,18.584
93.074,51.843,17.304,18.746
92.052,51.688,17.456,18.910
90.979,52.475,17.456,18.910
89.509,52.759,17.608,19.076
88.026,53.046,17.762,19.243
86.828,53.783,17.918,19.411
85.018,54.376,18.075,19.581
83.343,54.822,18.233,19.752
81.348,54.965,18.392,19.925
78.709,54.136,18.392,19.925
77.276,54.060,18.392,19.925
75.417,53.277,18.553,20.099
74.634,52.332,18.716,20.275
73.483,51.334,18.716,20.275
73.100,50.644,18.716,20.275
72.467,50.319,18.879,20.453
72.235,49.158,18.879,20.453
72.232,49.782,19.044,20.632
72.549,49.292,19.211,20.812
73.258,49.528,19.211,20.812
73.416,49.195,19.379,20.994
74.131,48.957,19.379,20.994
74.779,50.086,19.549,21.178
75.926,50.076,19.720,21.363
76.917,49.734,19.892,21.550
78.084,50.058,20.066,21.739
79.093,49.709,20.242,21.929
80.836,48.630,20.242,21.929
81.582,48.215,20.242,21.929
82.163,48.464,20.242,21.929
83.408,47.386,20.242,21.929
83.745,48.055,20.419,22.121
84.164,47.302,20.419,22.121
84.504,47.634,20.598,22.314
85.019,47.796,20.778,22.510
85.540,47.261,20.960,22.707
86.241,47.602,21.143,22.905
86.415,47.413,21.328,23.106
87.308,47.760,21.515,23.308
87.847,48.110,21.703,23.512
88.025,48.281,21.893,23.717
88.021,47.901,22.085,23.925
88.655,48.897,22.085,23.925
87.909,48.329,22.278,24.134
88.731,48.968,22.278,24.134
88.822,47.963,22.278,24.134
88.819,47.202,22.473,24.346
89.192,46.812,22.669,24.559
89.760,46.800,22.868,24.773
90.042,45.956,22.868,24.773
90.698,45.300,22.868,24.773
90.886,45.672,23.068,24.990
91.658,44.884,23.270,25.209
91.458,43.894,23.473,25.429
91.747,43.412,23.473,25.429
92.421,42.546,23.473,25.429
92.132,41.873,23.473,25.429
93.576,42.354,23.473,25.429
94.057,42.450,23.473,25.429
95.308,41.776,23.473,25.429
96.488,42.750,23.679,25.652
97.479,43.335,23.886,25.876
98.752,43.041,23.886,25.876
100.756,44.032,24.095,26.103
103.028,44.921,24.095,26.103
105.498,45.613,24.095,26.103
107.572,45.316,24.095,26.103
111.619,46.721,24.306,26.331
116.303,47.817,24.306,26.331
120.389,48.515,24.306,26.331
122.019,48.502,24.518,26.562
123.870,47.252,24.733,26.794
128.230,47.151,24.733,26.794
129.954,46.035,24.733,26.794
131.273,44.920,24.733,26.794
133.199,43.601,24.733,26.794
136.140,43.094,24.733,26.794
138.067,42.587,24.733,26.794
139.386,41.674,24.733,26.794
140.837,41.037,24.949,27.028
142.371,41.140,24.949,27.028
143.701,40.628,24.949,27.028
145.031,40.731,24.949,27.028
144.519,39.605,24.949,27.028
145.440,40.526,24.949,27.028
147.588,40.015,24.949,27.028
150.964,40.731,24.949,27.028
154.135,40.628,24.949,27.028
157.696,41.663,25.168,27.265
161.514,42.179,25.168,27.265
165.106,43.224,25.388,27.504
169.166,43.536,25.388,27.504
173.642,44.265,25.388,27.504
177.910,45.618,25.388,27.504
181.960,46.671,25.610,27.744
186.476,46.657,25.834,27.987
190.607,46.128,25.834,27.987
194.946,46.765,26.060,28.232
199.113,45.590,26.060,28.232
203.271,46.233,26.288,28.479
206.828,44.832,26.288,28.479
210.359,45.481,26.518,28.728
213.029,44.129,26.750,28.979
215.497,44.340,26.984,29.233
217.988,43.418,27.220,29.489
221.415,44.318,27.459,29.747
223.779,44.431,27.459,29.747
226.314,44.647,27.699,30.007
229.335,45.098,27.941,30.270
231.679,45.787,28.186,30.535
234.754,46.720,28.432,30.802
238.135,47.303,28.432,30.802
240.816,47.419,28.432,30.802
243.498,48.469,28.432,30.802
246.361,49.887,28.681,31.071
248.830,48.829,28.681,31.071
251.770,49.417,28.681,31.071
254.945,49.770,28.681,31.071
257.885,48.476,28.681,31.071
260.355,47.888,28.681,31.071
263.295,47.300,28.681,31.071
266.235,47.888,28.681,31.071
268.234,46.830,28.681,31.071
270.468,46.712,28.681,31.071
272.703,46.595,28.681,31.071
274.467,46.947,28.681,31.071
276.936,47.535,28.681,31.071
278.700,47.418,28.681,31.071
280.229,48.711,28.681,31.071
281.523,47.888,28.681,31.071
283.688,48.596,28.932,31.343
285.704,47.766,28.932,31.343
288.670,48.121,28.932,31.343
290.124,46.647,29.185,31.617
291.919,45.330,29.185,31.617
292.757,44.253,29.185,31.617
293.834,43.416,29.185,31.617
294.671,42.578,29.185,31.617
294.552,41.501,29.185,31.617
295.629,40.663,29.185,31.617
295.748,39.586,29.185,31.617
297.304,38.270,29.185,31.617
298.620,36.954,29.185,31.617
298.979,36.595,29.185,31.617
300.296,35.757,29.185,31.617
302.091,36.116,29.185,31.617
302.928,37.193,29.185,31.617
304.245,37.791,29.185,31.617
305.800,39.108,29.185,31.617
307.356,40.663,29.185,31.617
308.823,41.384,29.441,31.894
313.048,42.953,29.441,31.894
317.514,43.557,29.441,31.894
319.566,42.712,29.441,31.894
321.377,41.625,29.441,31.894
323.352,41.609,29.698,32.173
324.844,39.596,29.958,32.455
325.950,38.000,29.958,32.455
325.581,36.648,29.958,32.455
326.583,35.625,30.220,32.739
327.203,34.262,30.220,32.739
325.674,32.976,30.485,33.025
326.049,33.101,30.485,33.025
324.674,31.976,30.485,33.025
325.437,32.728,30.751,33.314
326.207,33.487,31.020,33.605
324.377,34.513,31.292,33.900
323.222,33.872,31.292,33.900
321.811,35.283,31.292,33.900
320.656,36.695,31.292,33.900
318.809,37.993,31.566,34.196
316.350,38.381,31.566,34.196
309.977,38.895,31.842,34.495
304.083,39.948,32.121,34.797
297.630,38.763,32.121,34.797
291.685,37.396,32.402,35.102
288.683,37.651,32.685,35.409
285.869,35.909,32.685,35.409
283.665,34.517,32.971,35.719
281.097,32.760,32.971,35.719
279.428,31.634,33.260,36.031
276.565,30.406,33.260,36.031
273.701,31.906,33.260,36.031
270.564,31.770,33.260,36.031
267.155,32.997,33.260,36.031
263.473,33.679,33.260,36.031
260.064,32.725,33.260,36.031
256.109,32.316,33.260,36.031
253.028,32.018,33.551,36.346
249.864,31.605,33.551,36.346
246.975,32.018,33.551,36.346
244.361,31.055,33.551,36.346
241.748,30.642,33.551,36.346
238.859,30.780,33.551,36.346
236.245,30.092,33.551,36.346
233.701,29.510,33.844,36.665
231.064,30.482,33.844,36.665
228.150,31.175,33.844,36.665
225.514,32.147,33.844,36.665
222.877,32.841,33.844,36.665
220.518,33.812,33.844,36.665
218.437,34.228,33.844,36.665
216.910,34.645,33.844,36.665
215.939,34.228,33.844,36.665
215.522,33.812,33.844,36.665
215.384,33.396,33.844,36.665
215.800,32.702,33.844,36.665
216.771,32.008,33.844,36.665
216.910,30.482,33.844,36.665
217.049,29.233,33.844,36.665
217.743,27.706,33.844,36.665
218.306,25.981,34.140,36.985
219.161,23.667,34.439,37.309
220.023,21.912,34.740,37.635
220.893,19.849,35.044,37.965
221.771,18.063,35.351,38.297
222.786,16.179,35.351,38.297
224.265,14.674,35.660,38.632
226.058,14.355,35.972,38.970
227.866,15.243,36.287,39.311
226.334,14.308,36.605,39.655
224.482,15.519,36.925,40.002
222.613,16.431,37.248,40.352
219.789,17.663,37.574,40.705
215.677,18.906,37.903,41.061
209.936,19.841,38.234,41.421
203.502,21.428,38.569,41.783
196.687,23.352,38.906,42.149
189.486,24.967,39.247,42.517
181.279,27.058,39.247,42.517
171.705,29.677,39.590,42.889
159.386,31.652,39.937,43.265
149.308,34.316,40.286,43.643
139.481,36.665,40.639,44.025
125.651,35.498,40.639,44.025
112.821,33.665,40.639,44.025
103.990,34.832,40.639,44.025
92.826,32.999,40.639,44.025
88.993,34.832,40.639,44.025
80.162,32.999,40.639,44.025
71.997,31.166,40.639,44.025
64.499,29.333,40.639,44.025
61.666,30.166,40.639,44.025
54.501,28.333,40.639,44.025
51.669,29.166,40.639,44.025
47.836,28.000,40.639,44.025
45.337,28.833,40.639,44.025
43.837,28.333,40.639,44.025
42.004,27.167,40.639,44.025
42.837,27.667,40.639,44.025
40.338,26.167,40.639,44.025
41.171,25.001,40.639,44.025
39.672,23.501,40.639,44.025
40.838,22.335,40.639,44.025
39.672,20.169,40.639,44.025
40.006,18.439,40.994,44.410
38.829,16.926,40.994,44.410
37.989,15.413,40.994,44.410
39.838,16.590,40.994,44.410
37.653,14.069,40.994,44.410
34.889,12.668,41.353,44.799
35.737,14.194,41.353,44.799
32.515,11.990,41.353,44.799
29.972,13.855,41.353,44.799
27.090,14.703,41.353,44.799
24.885,15.890,41.353,44.799
23.359,17.416,41.353,44.799
19.876,16.351,41.715,45.191
17.995,18.232,41.715,45.191
