340.000,358.000,18.000,55.000
339.139,358.117,18.157,55.481
338.718,358.818,18.157,55.481
337.176,359.519,18.157,55.481
335.633,360.501,18.157,55.481
334.091,360.080,18.157,55.481
332.548,359.098,18.157,55.481
329.884,359.239,18.157,55.481
326.939,357.977,18.157,55.481
323.434,356.434,18.157,55.481
321.050,358.257,18.157,55.481
319.507,359.800,18.157,55.481
317.965,360.501,18.157,55.481
315.300,361.482,18.157,55.481
313.758,362.464,18.157,55.481
312.496,364.006,18.157,55.481
309.832,363.586,18.157,55.481
306.606,365.409,18.157,55.481
303.101,367.232,18.157,55.481
301.839,367.652,18.157,55.481
300.296,367.792,18.157,55.481
298.193,368.213,18.157,55.481
300.296,369.756,18.157,55.481
299.876,371.018,18.157,55.481
299.174,371.438,18.157,55.481
298.473,371.859,18.157,55.481
296.931,370.877,18.157,55.481
296.510,372.700,18.157,55.481
296.089,375.645,18.157,55.481
297.352,377.749,18.157,55.481
296.841,377.362,18.316,55.967
296.417,378.069,18.316,55.967
295.426,379.625,18.316,55.967
295.851,379.484,18.316,55.967
296.558,380.474,18.316,55.967
296.699,379.767,18.316,55.967
296.841,380.757,18.316,55.967
296.982,381.464,18.316,55.967
297.047,380.204,18.477,56.456
297.475,381.203,18.477,56.456
294.908,378.762,18.638,56.950
293.900,377.179,18.638,56.950
293.181,376.459,18.638,56.950
293.900,376.891,18.638,56.950
294.044,377.611,18.638,56.950
292.461,376.891,18.638,56.950
292.605,378.475,18.638,56.950
291.310,376.891,18.638,56.950
289.726,375.884,18.638,56.950
290.734,376.603,18.638,56.950
290.590,375.596,18.638,56.950
290.158,376.891,18.638,56.950
290.302,378.762,18.638,56.950
289.582,379.482,18.638,56.950
288.575,378.187,18.638,56.950
288.719,379.194,18.638,56.950
287.711,379.338,18.638,56.950
287.279,380.058,18.638,56.950
285.984,381.353,18.638,56.950
284.400,381.209,18.638,56.950
282.991,382.583,18.801,57.449
281.975,384.761,18.801,57.449
280.958,386.358,18.801,57.449
279.652,385.923,18.801,57.449
278.230,387.606,18.966,57.951
276.033,387.753,18.966,57.951
275.300,386.141,18.966,57.951
273.103,385.116,18.966,57.951
272.664,384.970,18.966,57.951
272.225,383.944,18.966,57.951
270.613,382.333,18.966,57.951
271.053,380.722,18.966,57.951
272.078,379.697,18.966,57.951
271.932,377.207,18.966,57.951
270.028,375.010,18.966,57.951
268.123,372.813,18.966,57.951
266.512,370.616,18.966,57.951
264.901,369.297,18.966,57.951
265.048,370.323,18.966,57.951
264.901,369.005,18.966,57.951
265.048,369.151,18.966,57.951
265.487,370.762,18.966,57.951
265.048,372.080,18.966,57.951
264.608,372.813,18.966,57.951
262.704,371.787,18.966,57.951
261.679,372.813,18.966,57.951
259.482,370.909,18.966,57.951
258.164,369.590,18.966,57.951
256.552,367.979,18.966,57.951
255.118,366.975,19.132,58.458
253.788,368.600,19.132,58.458
250.981,366.975,19.132,58.458
251.720,368.896,19.132,58.458
251.572,367.862,19.132,58.458
250.242,366.532,19.132,58.458
248.322,364.907,19.132,58.458
248.765,366.532,19.132,58.458
249.208,364.316,19.132,58.458
248.765,363.281,19.132,58.458
248.913,362.838,19.132,58.458
248.174,363.872,19.132,58.458
246.253,363.725,19.132,58.458
246.992,364.168,19.132,58.458
244.776,361.656,19.132,58.458
244.923,362.986,19.132,58.458
244.185,364.316,19.132,58.458
242.559,365.350,19.132,58.458
240.934,363.429,19.132,58.458
241.082,365.054,19.132,58.458
239.752,366.384,19.132,58.458
239.309,365.054,19.132,58.458
239.457,363.725,19.132,58.458
240.491,361.508,19.132,58.458
242.412,361.952,19.132,58.458
247.583,359.735,19.132,58.458
249.504,352.495,19.132,58.458
251.424,348.802,19.132,58.458
250.686,346.881,19.132,58.458
249.947,349.097,19.132,58.458
250.686,350.427,19.132,58.458
250.833,348.211,19.132,58.458
251.572,350.131,19.132,58.458
252.902,351.757,19.132,58.458
254.527,353.086,19.132,58.458
257.334,353.234,19.132,58.458
257.778,351.904,19.132,58.458
259.698,352.348,19.132,58.458
260.733,351.313,19.132,58.458
261.767,351.757,19.132,58.458
261.915,352.791,19.132,58.458
260.290,353.530,19.132,58.458
261.619,354.268,19.132,58.458
262.063,352.643,19.132,58.458
263.097,353.677,19.132,58.458
263.836,354.416,19.132,58.458
263.392,352.495,19.132,58.458
262.654,349.984,19.132,58.458
262.210,349.540,19.132,58.458
261.176,347.915,19.132,58.458
262.506,347.767,19.132,58.458
262.654,346.733,19.132,58.458
263.688,347.767,19.132,58.458
260.881,348.506,19.132,58.458
259.255,348.358,19.132,58.458
259.698,349.984,19.132,58.458
260.142,349.245,19.132,58.458
261.176,349.688,19.132,58.458
261.028,351.313,19.132,58.458
259.107,354.416,19.132,58.458
257.187,357.224,19.132,58.458
256.152,358.258,19.132,58.458
253.050,358.701,19.132,58.458
250.242,359.735,19.132,58.458
246.844,358.701,19.132,58.458
243.150,356.780,19.132,58.458
242.116,356.041,19.132,58.458
242.559,357.076,19.132,58.458
243.003,357.815,19.132,58.458
240.786,356.189,19.132,58.458
240.048,358.701,19.132,58.458
238.422,360.917,19.132,58.458
237.093,362.838,19.132,58.458
235.172,365.350,19.132,58.458
233.842,363.725,19.132,58.458
233.103,362.395,19.132,58.458
231.774,363.429,19.132,58.458
230.444,365.350,19.132,58.458
228.997,363.125,19.299,58.970
227.843,361.492,19.468,59.486
226.490,361.943,19.468,59.486
225.438,359.989,19.468,59.486
224.085,358.335,19.468,59.486
224.235,356.381,19.468,59.486
222.882,353.524,19.468,59.486
221.228,352.772,19.468,59.486
219.574,352.923,19.468,59.486
217.620,354.576,19.468,59.486
214.298,352.929,19.638,60.006
215.611,353.133,19.810,60.532
213.623,354.510,19.810,60.532
212.246,355.275,19.810,60.532
209.807,358.303,19.984,61.061
211.459,358.511,20.159,61.595
209.297,358.720,20.335,62.134
208.081,358.287,20.513,62.678
205.231,358.500,20.692,63.227
203.994,360.025,20.873,63.780
202.415,361.564,21.056,64.338
200.627,363.677,21.056,64.338
198.368,363.563,21.240,64.901
196.089,365.128,21.426,65.469
193.276,368.272,21.426,65.469
190.794,372.409,21.426,65.469
188.495,370.935,21.614,66.042
186.326,373.773,21.614,66.042
183.488,381.284,21.614,66.042
179.315,382.786,21.614,66.042
176.654,382.326,21.803,66.619
173.970,382.553,21.993,67.202
166.736,383.477,22.186,67.790
168.963,390.159,22.186,67.790
167.421,394.100,22.186,67.790
165.194,399.754,22.186,67.790
162.781,402.885,21.997,67.212
164.310,404.074,21.997,67.212
164.480,408.321,21.997,67.212
165.669,411.549,21.997,67.212
167.538,418.514,21.997,67.212
167.707,415.966,21.997,67.212
168.897,428.027,21.997,67.212
165.329,436.690,21.997,67.212
168.557,436.860,21.997,67.212
168.387,433.972,21.997,67.212
167.877,435.841,21.997,67.212
167.028,438.049,21.997,67.212
166.179,434.822,21.997,67.212
164.989,432.613,21.997,67.212
167.198,436.520,21.997,67.212
169.406,433.632,21.997,67.212
170.256,426.328,21.997,67.212
176.201,427.177,21.997,67.212
179.429,429.725,21.997,67.212
161.932,421.401,21.997,67.212
167.826,420.528,21.809,66.638
180.458,414.970,21.809,66.638
188.374,409.075,21.809,66.638
196.518,411.825,21.623,66.069
194.682,412.660,21.623,66.069
196.518,418.170,21.623,66.069
194.348,424.683,21.623,66.069
192.177,430.861,21.623,66.069
193.280,433.824,21.812,66.647
191.427,436.688,21.812,66.647
193.280,444.268,21.812,66.647
199.513,450.163,21.812,66.647
206.756,456.059,21.812,66.647
209.620,460.270,21.812,66.647
221.783,459.806,22.003,67.230
225.012,466.093,22.003,67.230
233.450,468.411,22.195,67.819
244.591,475.782,22.195,67.819
256.761,484.867,22.195,67.819
260.018,483.667,22.195,67.819
263.275,485.895,22.195,67.819
261.046,478.182,22.195,67.819
263.617,467.383,22.195,67.819
265.503,455.899,22.195,67.819
267.731,443.043,22.195,67.819
276.816,434.987,22.195,67.819
279.387,428.645,22.195,67.819
286.072,431.559,22.195,67.819
292.757,435.501,22.195,67.819
296.363,428.265,22.006,67.240
299.592,432.514,22.006,67.240
303.502,440.059,22.198,67.828
300.245,437.487,22.198,67.828
298.702,430.458,22.198,67.828
290.988,429.601,22.198,67.828
292.531,428.401,22.198,67.828
295.102,437.830,22.198,67.828
308.988,439.030,22.198,67.828
314.645,431.316,22.198,67.828
316.188,433.201,22.198,67.828
316.703,430.973,22.198,67.828
314.817,428.744,22.198,67.828
315.674,425.487,22.198,67.828
314.817,427.030,22.198,67.828
317.045,429.944,22.198,67.828
319.274,428.744,22.198,67.828
316.017,426.858,22.198,67.828
312.074,426.001,22.198,67.828
310.188,421.715,22.198,67.828
312.417,425.315,22.198,67.828
309.684,422.383,22.392,68.421
302.594,415.639,22.392,68.421
298.270,408.202,22.392,68.421
299.481,400.421,22.392,68.421
312.797,397.827,22.392,68.421
321.962,384.165,22.392,68.421
328.361,386.759,22.392,68.421
331.300,393.503,22.392,68.421
335.278,395.751,22.392,68.421
341.330,393.503,22.392,68.421
344.270,396.443,22.392,68.421
344.789,402.842,22.392,68.421
353.609,415.811,22.392,68.421
357.240,414.947,22.392,68.421
355.338,411.661,22.392,68.421
309.165,399.037,22.392,68.421
305.879,402.323,22.392,68.421
307.090,404.225,22.392,68.421
303.804,407.165,22.392,68.421
310.894,401.112,22.392,68.421
312.451,395.060,22.392,68.421
313.315,396.616,22.392,68.421
307.955,397.827,22.392,68.421
305.015,399.383,22.392,68.421
306.225,398.518,22.392,68.421
307.090,395.924,22.392,68.421
304.842,397.827,22.392,68.421
306.744,395.924,22.392,68.421
308.646,397.481,22.392,68.421
306.398,399.383,22.392,68.421
308.992,407.165,22.392,68.421
300.519,401.112,22.392,68.421
286.772,398.154,22.588,69.020
268.455,394.491,22.588,69.020
261.303,397.107,22.588,69.020
264.269,389.955,22.588,69.020
267.234,392.572,22.588,69.020
264.617,391.002,22.588,69.020
263.745,395.363,22.588,69.020
261.477,398.677,22.588,69.020
262.699,410.365,22.588,69.020
267.070,424.547,22.786,69.624
273.933,432.113,22.786,69.624
283.611,435.105,22.786,69.624
291.178,445.839,22.786,69.624
298.393,458.685,22.786,69.624
302.088,465.548,22.786,69.624
308.599,469.595,22.786,69.624
312.294,472.235,22.786,69.624
320.213,479.450,22.786,69.624
326.372,484.201,22.786,69.624
337.810,486.840,22.786,69.624
336.930,494.407,22.786,69.624
335.699,493.175,22.786,69.624
335.523,495.463,22.786,69.624
332.531,492.471,22.786,69.624
330.244,494.407,22.786,69.624
327.604,501.270,22.786,69.624
324.964,509.541,22.786,69.624
331.070,517.907,22.592,69.030
340.317,521.571,22.592,69.030
344.329,523.738,22.399,68.440
332.393,513.532,22.399,68.440
326.339,509.553,22.399,68.440
317.553,506.240,22.595,69.039
308.305,502.924,22.595,69.039
294.171,490.535,22.595,69.039
290.157,471.865,22.595,69.039
289.634,468.898,22.595,69.039
292.251,464.536,22.595,69.039
299.406,461.918,22.595,69.039
302.721,464.536,22.595,69.039
305.687,466.804,22.595,69.039
308.305,471.516,22.595,69.039
306.734,475.180,22.595,69.039
305.513,482.334,22.595,69.039
299.512,484.357,22.792,69.643
296.871,492.278,22.792,69.643
293.175,499.495,22.792,69.643
290.535,497.207,22.792,69.643
294.231,494.566,22.792,69.643
297.223,491.926,22.792,69.643
296.343,490.694,22.792,69.643
302.856,486.998,22.792,69.643
273.461,485.061,22.792,69.643
275.045,482.421,22.792,69.643
283.670,479.077,22.792,69.643
291.943,479.605,22.792,69.643
306.201,478.020,22.792,69.643
319.402,476.084,22.792,69.643
334.012,472.388,22.792,69.643
351.438,469.748,22.792,69.643
357.950,462.179,22.792,69.643
364.815,460.242,22.792,69.643
373.792,462.883,22.792,69.643
366.162,462.321,22.598,69.049
374.015,459.355,22.598,69.049
389.198,462.321,22.598,69.049
401.938,468.429,22.598,69.049
415.376,470.349,22.598,69.049
429.163,464.241,22.598,69.049
441.553,456.737,22.598,69.049
454.991,453.421,22.598,69.049
457.609,456.737,22.598,69.049
454.991,459.704,22.598,69.049
458.307,467.906,22.598,69.049
461.623,468.080,22.598,69.049
460.052,462.321,22.598,69.049
458.482,465.637,22.598,69.049
456.213,463.368,22.598,69.049
453.246,461.100,22.598,69.049
444.695,468.953,22.598,69.049
436.841,476.457,22.598,69.049
427.592,485.009,22.598,69.049
414.503,488.324,22.598,69.049
403.858,487.452,22.598,69.049
385.736,486.214,22.405,68.459
383.141,484.311,22.405,68.459
379.507,486.906,22.405,68.459
372.067,485.003,22.405,68.459
367.741,492.789,22.405,68.459
366.530,490.886,22.405,68.459
363.935,488.637,22.405,68.459
360.993,491.924,22.405,68.459
359.090,495.212,22.405,68.459
360.301,496.769,22.405,68.459
355.975,494.520,22.405,68.459
346.787,497.344,22.214,67.875
339.410,497.172,22.214,67.875
333.063,500.432,22.214,67.875
321.536,503.476,22.408,68.469
304.058,500.880,22.408,68.469
295.578,503.822,22.408,68.469
294.021,505.033,22.408,68.469
296.616,504.860,22.408,68.469
299.212,508.148,22.408,68.469
307.346,503.822,22.408,68.469
313.402,506.072,22.408,68.469
315.652,502.438,22.408,68.469
318.940,499.496,22.408,68.469
322.920,495.862,22.408,68.469
326.554,498.457,22.408,68.469
329.842,497.246,22.408,68.469
331.746,497.419,22.408,68.469
330.188,494.823,22.408,68.469
327.593,490.843,22.408,68.469
312.883,483.748,22.408,68.469
305.788,477.345,22.408,68.469
304.231,479.595,22.408,68.469
301.289,477.345,22.408,68.469
310.460,470.596,22.408,68.469
313.402,473.192,22.408,68.469
311.499,480.287,22.408,68.469
312.018,483.575,22.408,68.469
313.575,486.863,22.408,68.469
315.133,489.113,22.408,68.469
316.344,491.708,22.408,68.469
318.940,495.342,22.408,68.469
322.228,493.093,22.408,68.469
325.516,487.036,22.408,68.469
326.727,480.979,22.408,68.469
299.904,506.418,22.408,68.469
299.385,508.321,22.408,68.469
300.943,508.840,22.408,68.469
298.843,510.652,22.217,67.884
297.986,511.167,22.217,67.884
298.416,511.046,22.411,68.478
299.627,514.334,22.411,68.478
300.839,515.200,22.411,68.478
302.397,512.603,22.411,68.478
303.954,498.930,22.411,68.478
309.320,491.488,22.411,68.478
321.608,476.777,22.411,68.478
335.281,463.104,22.411,68.478
351.377,453.931,22.411,68.478
364.704,441.296,22.411,68.478
382.877,428.316,22.411,68.478
400.011,418.104,22.411,68.478
412.646,415.162,22.411,68.478
418.011,421.566,22.411,68.478
426.146,425.892,22.411,68.478
432.550,429.527,22.411,68.478
436.530,434.546,22.411,68.478
439.473,435.066,22.411,68.478
438.842,443.813,22.607,69.078
443.906,455.511,22.607,69.078
445.775,459.683,22.805,69.682
451.587,457.041,22.805,69.682
459.073,458.885,22.610,69.087
466.232,462.901,22.610,69.087
463.962,449.106,22.610,69.087
462.740,445.789,22.610,69.087
463.347,449.661,22.417,68.497
456.180,487.618,22.226,67.913
458.412,488.133,22.226,67.913
462.713,494.346,22.420,68.507
464.922,502.387,22.617,69.106
467.866,505.129,22.815,69.711
419.547,512.589,23.014,70.321
429.323,508.857,23.014,70.321
430.211,510.101,23.014,70.321
442.317,509.976,23.216,70.936
454.687,511.948,23.216,70.936
461.680,510.334,23.216,70.936
462.217,516.968,23.216,70.936
464.190,529.339,23.216,70.936
466.520,530.952,23.216,70.936
464.548,534.000,23.216,70.936
466.520,540.634,23.216,70.936
469.568,542.965,23.216,70.936
468.443,556.036,23.017,70.331
465.974,570.487,23.219,70.946
467.946,573.176,23.219,70.946
468.125,572.280,23.219,70.946
467.587,571.025,23.219,70.946
464.539,577.659,23.219,70.946
467.587,578.556,23.219,70.946
468.843,574.073,23.219,70.946
467.229,574.970,23.219,70.946
468.414,576.313,23.422,71.567
465.701,571.791,23.422,71.567
469.137,576.313,23.422,71.567
466.943,579.972,23.222,70.956
465.688,583.379,23.222,70.956
464.074,581.765,23.222,70.956
467.840,574.054,23.222,70.956
463.715,582.124,23.222,70.956
459.949,584.096,23.222,70.956
456.900,589.297,23.222,70.956
460.308,593.063,23.222,70.956
462.228,577.863,23.425,71.577
460.238,574.426,23.425,71.577
464.761,581.843,23.425,71.577
450.380,579.861,23.630,72.203
442.898,576.394,23.630,72.203
456.950,566.722,23.630,72.203
447.259,579.315,23.428,71.587
453.953,582.391,23.428,71.587
451.601,578.953,23.428,71.587
467.342,574.792,23.428,71.587
462.323,561.858,23.228,70.976
465.373,568.137,23.228,70.976
467.397,553.564,23.030,70.370
471.854,551.615,23.232,70.986
470.239,554.306,23.232,70.986
461.807,548.386,23.232,70.986
469.163,533.495,23.232,70.986
468.265,526.497,23.232,70.986
465.215,535.647,23.232,70.986
457.501,511.068,23.232,70.986
464.857,498.330,23.232,70.986
468.617,497.100,23.435,71.607
466.988,499.814,23.435,71.607
462.825,503.253,23.435,71.607
465.902,510.311,23.435,71.607
463.187,518.456,23.435,71.607
467.350,525.876,23.435,71.607
453.501,534.127,23.235,70.995
455.834,531.435,23.235,70.995
455.654,533.768,23.235,70.995
453.322,536.819,23.235,70.995
462.832,532.692,23.235,70.995
458.705,535.383,23.235,70.995
462.832,534.127,23.235,70.995
459.955,519.200,23.037,70.389
467.864,512.731,22.840,69.788
468.393,503.030,22.840,69.788
462.219,527.548,22.840,69.788
465.218,524.549,22.840,69.788
463.278,510.614,22.840,69.788
466.629,463.519,22.840,69.788
465.042,460.521,22.840,69.788
466.276,458.933,22.840,69.788
465.394,460.168,22.840,69.788
467.335,464.225,22.840,69.788
465.747,466.165,22.840,69.788
465.218,470.927,22.840,69.788
466.806,473.573,22.840,69.788
465.218,478.688,22.840,69.788
467.511,485.920,22.840,69.788
465.371,490.176,22.645,69.193
467.295,495.248,22.645,69.193
464.149,497.992,22.843,69.798
452.682,490.407,22.843,69.798
449.870,497.877,23.043,70.409
451.183,504.948,22.846,69.808
450.765,511.959,22.651,69.212
448.693,514.346,22.849,69.817
456.732,562.333,23.049,70.428
461.538,574.259,23.049,70.428
460.292,576.930,23.049,70.428
457.622,577.820,23.049,70.428
454.420,576.964,23.251,71.045
452.294,574.261,23.454,71.666
454.605,576.361,23.660,72.293
458.434,578.105,23.867,72.926
456.038,574.602,23.867,72.926
458.803,574.787,23.867,72.926
461.567,575.340,23.867,72.926
462.489,572.944,23.867,72.926
465.622,569.810,23.867,72.926
468.018,568.151,23.867,72.926
467.097,569.810,23.867,72.926
464.701,572.944,23.867,72.926
465.991,568.336,23.867,72.926
463.595,564.096,23.867,72.926
466.360,570.179,23.867,72.926
459.265,571.560,24.076,73.564
452.386,574.349,24.076,73.564
438.069,572.676,24.076,73.564
431.190,570.259,24.076,73.564
428.029,569.701,24.076,73.564
415.200,571.002,24.076,73.564
408.320,570.073,24.076,73.564
401.441,562.450,24.076,73.564
399.024,563.751,24.076,73.564
392.145,565.796,24.076,73.564
385.637,561.892,24.076,73.564
383.220,563.937,24.076,73.564
379.687,564.867,24.076,73.564
376.898,560.590,24.076,73.564
370.019,557.430,24.076,73.564
367.602,559.103,24.076,73.564
364.813,556.686,24.076,73.564
362.396,554.269,24.076,73.564
360.722,552.595,24.076,73.564
358.677,554.269,24.076,73.564
360.722,558.545,24.076,73.564
363.140,562.821,24.076,73.564
364.813,567.470,24.076,73.564
371.320,570.259,24.076,73.564
374.481,571.188,24.076,73.564
386.939,572.490,24.076,73.564
394.841,573.711,23.870,72.936
403.396,574.202,23.666,72.313
412.717,572.923,23.666,72.313
420.842,574.123,23.464,71.696
428.544,574.959,23.264,71.084
441.886,572.622,23.467,71.706
449.679,573.891,23.467,71.706
459.646,575.522,23.467,71.706
466.352,581.865,23.467,71.706
467.258,579.872,23.467,71.706
470.702,581.140,23.467,71.706
470.883,584.221,23.467,71.706
466.508,534.309,23.673,72.333
464.862,524.619,23.673,72.333
466.508,523.339,23.673,72.333
464.862,522.791,23.673,72.333
465.776,521.146,23.673,72.333
464.131,526.447,23.673,72.333
466.463,524.819,23.880,72.966
464.435,523.528,23.880,72.966
465.726,526.295,23.880,72.966
464.568,526.066,23.676,72.344
465.482,524.055,23.676,72.344
464.335,523.829,23.474,71.726
466.329,527.273,23.474,71.726
465.423,528.905,23.474,71.726
465.604,527.636,23.474,71.726
464.697,526.367,23.474,71.726
467.804,533.924,23.274,71.114
465.468,539.496,23.274,71.114
467.392,538.264,23.477,71.736
465.761,535.544,23.477,71.736
467.030,538.264,23.477,71.736
466.123,543.159,23.477,71.736
465.579,541.890,23.477,71.736
465.503,544.496,23.277,71.124
465.682,549.349,23.277,71.124
465.143,548.450,23.277,71.124
466.761,546.473,23.277,71.124
463.705,543.417,23.277,71.124
465.682,541.080,23.277,71.124
466.941,544.136,23.277,71.124
466.514,538.652,23.078,70.516
466.336,532.058,23.078,70.516
447.265,512.988,23.078,70.516
446.018,514.948,23.078,70.516
451.899,520.117,23.078,70.516
454.173,515.972,23.280,71.133
455.361,517.319,23.484,71.756
456.932,516.447,23.689,72.384
465.266,522.319,23.896,73.017
468.035,532.838,23.896,73.017
465.471,531.195,24.106,73.656
467.083,529.155,24.317,74.300
467.271,525.962,24.317,74.300
466.332,524.272,24.317,74.300
467.271,516.573,24.317,74.300
464.078,515.258,24.317,74.300
467.271,522.582,24.317,74.300
464.829,517.887,24.317,74.300
464.642,518.826,24.317,74.300
466.268,519.849,24.529,74.951
462.289,515.871,24.529,74.951
464.318,517.290,24.744,75.606
465.729,524.884,24.533,74.961
468.923,534.071,24.747,75.617
466.820,516.680,24.747,75.617
464.557,509.493,24.964,76.279
462.051,503.516,24.964,76.279
465.714,504.094,24.964,76.279
463.036,494.078,25.182,76.946
461.286,489.994,25.182,76.946
465.370,499.134,25.182,76.946
463.619,495.439,25.182,76.946
466.952,504.306,24.967,76.289
464.831,496.400,24.967,76.289
467.723,494.665,24.967,76.289
465.988,497.171,24.967,76.289
467.338,500.835,24.967,76.289
465.988,498.714,24.967,76.289
465.154,497.347,24.754,75.638
468.430,500.467,24.543,74.992
466.725,492.317,24.543,74.992
465.535,485.425,24.333,74.352
463.092,487.116,24.333,74.352
461.252,488.525,24.546,75.003
464.854,485.681,24.546,75.003
462.389,481.700,24.546,75.003
465.612,489.093,24.546,75.003
464.285,491.937,24.546,75.003
466.370,494.022,24.546,75.003
463.527,496.866,24.546,75.003
461.821,498.572,24.546,75.003
465.422,500.278,24.546,75.003
464.095,509.946,24.546,75.003
468.076,520.372,24.546,75.003
465.612,516.391,24.546,75.003
463.148,518.476,24.546,75.003
467.508,527.006,24.546,75.003
466.688,531.580,24.337,74.362
468.003,535.151,24.337,74.362
467.064,527.445,24.337,74.362
466.124,525.378,24.337,74.362
469.695,528.197,24.337,74.362
469.131,521.243,24.337,74.362
468.567,518.048,24.337,74.362
467.627,520.867,24.337,74.362
467.181,512.933,24.129,73.727
467.740,510.138,24.129,73.727
468.025,509.544,23.923,73.098
467.947,511.478,23.719,72.474
468.782,509.096,23.926,73.108
468.343,505.983,23.722,72.484
468.160,502.868,23.722,72.484
467.493,504.241,23.930,73.118
468.335,507.520,24.139,73.758
418.561,479.744,24.139,73.758
419.793,472.733,24.350,74.404
427.127,468.408,24.350,74.404
434.085,469.348,24.350,74.404
441.419,471.417,24.350,74.404
448.830,469.357,24.563,75.055
463.057,463.855,24.563,75.055
467.420,461.389,24.563,75.055
465.563,460.089,24.778,75.711
464.989,464.490,24.778,75.711
467.859,472.718,24.778,75.711
466.519,476.354,24.778,75.711
469.007,478.459,24.778,75.711
468.050,469.848,24.778,75.711
466.328,472.718,24.778,75.711
464.989,486.687,24.778,75.711
462.501,491.471,24.778,75.711
465.371,491.663,24.778,75.711
463.498,489.174,24.995,76.374
466.356,495.369,25.214,77.042
463.252,484.853,25.434,77.716
411.200,492.513,25.434,77.716
404.218,494.953,25.217,77.053
395.065,496.316,25.217,77.053
392.923,494.564,25.217,77.053
390.560,502.302,25.002,76.395
389.595,498.248,25.002,76.395
388.629,490.717,25.002,76.395
380.259,487.464,24.789,75.743
381.216,485.741,24.789,75.743
375.665,480.573,24.789,75.743
378.198,477.347,24.577,75.096
382.562,473.409,24.367,74.455
389.207,469.033,24.580,75.107
386.739,468.843,24.580,75.107
394.609,464.428,24.795,75.764
391.737,460.407,24.795,75.764
394.645,457.928,24.584,75.117
397.158,458.804,24.374,74.476
404.056,466.651,24.166,73.840
406.483,468.704,24.166,73.840
408.909,474.863,24.166,73.840
407.976,474.303,24.166,73.840
411.148,476.356,24.166,73.840
412.526,478.310,23.960,73.210
411.473,480.834,24.169,73.850
409.263,483.764,24.381,74.496
412.122,490.144,24.173,73.861
410.442,492.197,24.173,73.861
411.002,495.744,24.173,73.861
413.001,502.501,24.384,74.507
414.759,510.351,24.176,73.871
411.211,514.272,24.176,73.871
414.012,515.952,24.176,73.871
419.762,518.636,23.970,73.240
421.744,515.469,24.179,73.881
422.304,513.789,24.179,73.881
418.009,514.349,24.179,73.881
420.481,511.567,23.973,73.250
428.812,508.049,23.973,73.250
433.811,500.459,23.973,73.250
433.625,501.755,23.973,73.250
448.251,498.978,23.973,73.250
456.953,496.941,23.973,73.250
466.146,497.570,24.183,73.891
464.839,496.636,24.183,73.891
468.014,491.967,24.183,73.891
466.333,485.804,24.183,73.891
464.504,479.546,24.394,74.538
467.707,477.097,24.394,74.538
