40.000,199.000,61.000,103.000
39.539,196.618,61.000,103.000
39.860,196.939,61.000,103.000
38.899,195.978,61.000,103.000
38.579,195.018,61.000,103.000
38.899,194.697,61.000,103.000
37.298,193.737,61.000,103.000
37.618,194.057,61.000,103.000
37.298,192.456,61.000,103.000
36.338,191.496,61.000,103.000
36.658,190.535,61.000,103.000
35.697,187.653,61.000,103.000
35.377,184.772,61.000,103.000
34.417,181.250,61.000,103.000
34.737,177.088,61.000,103.000
35.057,171.645,61.000,103.000
35.377,164.281,61.000,103.000
36.978,156.276,61.000,103.000
37.298,148.272,61.000,103.000
38.899,140.267,61.000,103.000
41.781,132.903,61.000,103.000
45.303,126.179,61.000,103.000
48.184,120.096,61.000,103.000
52.347,114.653,61.000,103.000
56.509,109.210,61.000,103.000
61.312,103.127,61.000,103.000
65.474,97.684,61.000,103.000
70.130,92.967,61.534,103.901
74.974,86.830,61.534,103.901
80.465,80.694,61.534,103.901
86.602,75.849,61.534,103.901
92.092,70.358,61.534,103.901
100.167,65.514,61.534,103.901
108.887,60.023,61.534,103.901
120.191,55.824,61.534,103.901
128.912,52.917,61.534,103.901
142.154,53.886,61.534,103.901
148.290,49.042,61.534,103.901
158.949,44.843,61.534,103.901
170.899,46.458,61.534,103.901
178.973,44.843,61.534,103.901
189.632,46.458,61.534,103.901
196.315,46.334,62.072,104.810
202.388,46.878,62.615,105.727
213.891,41.290,62.615,105.727
220.018,39.144,63.163,106.653
226.198,40.376,63.716,107.586
231.747,41.619,64.273,108.527
238.156,41.282,64.273,108.527
245.916,43.643,64.273,108.527
251.651,46.005,64.273,108.527
258.061,47.692,64.273,108.527
263.796,50.728,64.273,108.527
268.856,53.764,64.273,108.527
272.567,56.800,64.273,108.527
275.603,58.487,64.273,108.527
279.314,62.873,64.273,108.527
282.350,66.584,64.273,108.527
286.061,70.969,64.273,108.527
289.584,74.990,64.836,109.477
293.327,79.414,64.836,109.477
297.071,85.199,64.836,109.477
301.495,89.623,64.836,109.477
306.599,94.047,64.836,109.477
312.385,97.791,64.836,109.477
317.489,102.215,64.836,109.477
321.913,107.319,64.836,109.477
325.657,113.105,64.836,109.477
330.081,118.209,64.836,109.477
334.505,123.995,64.836,109.477
338.929,129.780,64.836,109.477
343.353,135.565,64.836,109.477
346.416,142.031,64.836,109.477
349.478,149.178,64.836,109.477
352.541,155.643,64.836,109.477
354.923,162.109,64.836,109.477
357.306,167.895,64.836,109.477
359.688,173.680,64.836,109.477
362.070,180.826,64.836,109.477
363.771,186.612,64.836,109.477
364.112,192.397,64.836,109.477
363.771,196.821,64.836,109.477
364.792,200.564,64.836,109.477
364.452,204.988,64.836,109.477
364.792,206.690,64.836,109.477
363.091,208.392,64.836,109.477
363.431,208.732,64.836,109.477
361.049,207.711,64.836,109.477
362.070,206.690,64.836,109.477
360.368,204.988,64.836,109.477
360.028,201.926,64.836,109.477
361.730,200.224,64.836,109.477
360.028,197.161,64.836,109.477
361.730,194.099,64.836,109.477
362.751,190.355,64.836,109.477
364.452,187.292,64.836,109.477
366.154,183.549,64.836,109.477
364.452,179.125,64.836,109.477
366.834,174.701,64.836,109.477
367.855,170.277,64.836,109.477
368.196,164.492,64.836,109.477
367.175,158.706,64.836,109.477
368.196,152.921,64.836,109.477
366.494,147.136,64.836,109.477
364.792,142.031,64.836,109.477
363.091,136.926,64.836,109.477
359.347,132.502,64.836,109.477
355.604,128.759,64.836,109.477
351.861,125.016,64.836,109.477
349.478,121.953,64.836,109.477
345.735,118.890,64.836,109.477
340.630,118.550,64.836,109.477
334.164,120.251,64.836,109.477
326.337,117.869,64.836,109.477
319.871,118.890,64.836,109.477
312.044,117.188,64.836,109.477
299.453,116.848,64.836,109.477
292.542,118.113,65.403,110.435
285.333,117.083,65.403,110.435
279.497,118.800,65.403,110.435
273.933,120.780,65.975,111.401
268.046,121.126,65.975,111.401
262.851,119.395,65.975,111.401
257.238,119.972,66.553,112.376
251.300,121.020,66.553,112.376
245.638,123.035,67.135,113.359
240.649,125.067,67.722,114.351
235.616,124.931,68.315,115.352
233.106,126.724,68.315,115.352
230.596,129.951,68.315,115.352
227.724,132.019,68.913,116.361
224.086,134.105,69.516,117.379
222.991,138.849,69.516,117.379
220.069,141.701,70.124,118.406
221.649,145.333,70.738,119.442
223.242,148.236,71.357,120.487
225.115,150.858,71.357,120.487
227.737,152.730,71.357,120.487
231.107,155.352,71.357,120.487
235.976,157.225,71.357,120.487
240.096,158.348,71.357,120.487
244.216,157.974,71.357,120.487
248.336,157.599,71.357,120.487
251.707,156.476,71.357,120.487
255.827,154.603,71.357,120.487
261.445,154.977,71.357,120.487
265.565,153.854,71.357,120.487
269.685,153.479,71.357,120.487
274.554,156.101,71.357,120.487
279.423,154.977,71.357,120.487
282.793,154.603,71.357,120.487
286.913,156.476,71.357,120.487
290.284,156.101,71.357,120.487
295.902,157.225,71.357,120.487
300.771,160.595,71.357,120.487
304.891,162.468,71.357,120.487
309.011,164.341,71.357,120.487
312.382,166.963,71.357,120.487
310.509,166.588,71.357,120.487
314.629,170.708,71.357,120.487
315.753,171.083,71.357,120.487
318.374,171.457,71.357,120.487
316.502,169.584,71.357,120.487
321.371,171.457,71.357,120.487
322.494,169.584,71.357,120.487
326.818,169.733,70.747,119.459
330.160,169.362,70.747,119.459
331.274,168.248,70.747,119.459
334.616,167.877,70.747,119.459
337.958,166.020,70.747,119.459
342.043,164.906,70.747,119.459
346.128,163.792,70.747,119.459
349.470,163.420,70.747,119.459
352.069,162.306,70.747,119.459
355.411,161.935,70.747,119.459
359.496,160.821,70.747,119.459
364.324,159.707,70.747,119.459
369.151,159.336,70.747,119.459
373.236,158.964,70.747,119.459
377.320,157.108,70.747,119.459
381.405,155.994,70.747,119.459
385.490,154.880,70.747,119.459
390.317,154.508,70.747,119.459
395.145,152.652,70.747,119.459
399.972,151.538,70.747,119.459
405.542,149.681,70.747,119.459
408.884,147.824,70.747,119.459
411.484,145.968,70.747,119.459
412.598,142.625,70.747,119.459
415.197,140.026,70.747,119.459
418.539,138.169,70.747,119.459
421.138,138.541,70.747,119.459
422.995,136.684,70.747,119.459
426.337,136.313,70.747,119.459
428.194,138.169,70.747,119.459
430.051,136.313,70.747,119.459
433.393,138.912,70.747,119.459
435.249,139.283,70.747,119.459
438.591,141.140,70.747,119.459
441.933,142.997,70.747,119.459
445.275,144.854,70.747,119.459
444.161,142.254,70.747,119.459
448.989,144.854,70.747,119.459
450.103,142.254,70.747,119.459
451.960,140.397,70.747,119.459
453.816,136.313,70.747,119.459
454.930,131.485,70.747,119.459
454.559,125.915,70.747,119.459
454.188,119.602,70.747,119.459
453.816,115.518,70.747,119.459
453.445,111.433,70.747,119.459
451.588,106.606,70.747,119.459
448.989,101.778,70.747,119.459
445.647,94.723,70.747,119.459
440.077,86.182,70.747,119.459
433.764,79.126,70.747,119.459
425.966,71.328,70.747,119.459
417.425,67.986,70.747,119.459
405.171,63.159,70.747,119.459
396.630,60.560,70.747,119.459
382.890,55.732,70.747,119.459
367.666,47.191,70.747,119.459
351.698,41.621,70.747,119.459
337.958,42.735,70.747,119.459
320.506,36.422,70.747,119.459
302.310,30.852,70.747,119.459
288.570,29.738,70.747,119.459
272.603,27.882,70.747,119.459
257.378,28.996,70.747,119.459
237.697,22.683,70.747,119.459
221.729,23.054,70.747,119.459
206.504,22.683,70.747,119.459
188.309,17.113,70.747,119.459
172.341,14.513,70.747,119.459
157.116,11.914,70.747,119.459
149.810,13.511,70.143,118.439
142.079,15.352,70.143,118.439
133.611,13.511,70.143,118.439
126.889,15.634,70.757,119.475
110.971,13.208,71.376,120.521
94.113,15.831,71.376,120.521
85.496,19.202,71.376,120.521
76.351,23.667,72.001,121.575
69.171,30.092,72.001,121.575
61.991,35.761,72.001,121.575
54.810,41.429,72.001,121.575
48.386,47.854,72.001,121.575
41.961,54.279,72.001,121.575
37.048,59.947,72.001,121.575
32.891,65.616,72.001,121.575
29.490,71.285,72.001,121.575
27.600,78.465,72.001,121.575
25.710,85.646,72.001,121.575
23.821,92.070,72.001,121.575
19.664,98.495,72.001,121.575
18.530,105.676,72.001,121.575
15.129,110.588,72.001,121.575
12.483,116.257,72.001,121.575
10.594,121.170,72.001,121.575
8.704,125.327,72.001,121.575
8.326,129.484,72.001,121.575
6.437,132.130,72.001,121.575
6.814,135.531,72.001,121.575
5.681,138.932,72.001,121.575
7.570,143.089,72.001,121.575
8.704,146.491,72.001,121.575
10.855,149.591,71.386,120.537
11.979,154.462,71.386,120.537
13.852,158.583,71.386,120.537
15.726,163.454,71.386,120.537
17.599,168.325,71.386,120.537
20.222,173.196,71.386,120.537
22.096,176.568,71.386,120.537
24.719,180.690,71.386,120.537
26.592,184.812,71.386,120.537
28.465,188.184,71.386,120.537
31.088,190.807,71.386,120.537
33.711,192.680,71.386,120.537
35.844,192.829,70.777,119.508
38.444,193.944,70.777,119.508
41.045,196.544,70.777,119.508
44.388,199.887,70.777,119.508
41.045,195.058,70.777,119.508
45.131,200.630,70.777,119.508
48.474,206.946,70.777,119.508
45.131,203.602,70.777,119.508
48.474,211.404,70.777,119.508
51.818,216.976,70.777,119.508
53.675,219.577,70.777,119.508
53.304,222.920,70.777,119.508
51.446,221.063,70.777,119.508
55.533,225.892,70.777,119.508
52.573,223.865,70.173,118.488
55.888,228.653,70.173,118.488
54.783,226.075,70.173,118.488
54.004,225.503,69.574,117.477
57.291,230.980,69.574,117.477
56.195,229.155,69.574,117.477
57.291,229.520,69.574,117.477
58.387,232.806,69.574,117.477
57.291,231.711,69.574,117.477
59.117,235.728,69.574,117.477
55.830,234.632,69.574,117.477
59.117,237.919,69.574,117.477
56.561,236.823,69.574,117.477
60.064,240.531,68.980,116.474
57.530,239.445,68.980,116.474
54.271,239.807,68.980,116.474
58.978,243.790,68.980,116.474
56.443,244.152,68.980,116.474
58.254,246.686,68.980,116.474
55.719,249.221,68.980,116.474
52.461,248.134,68.980,116.474
55.719,252.117,68.980,116.474
51.013,250.307,68.980,116.474
54.995,254.289,68.980,116.474
50.288,252.479,68.980,116.474
55.719,256.462,68.980,116.474
51.013,254.652,68.980,116.474
47.030,251.393,68.980,116.474
51.013,255.376,68.980,116.474
55.719,257.910,68.980,116.474
51.013,256.100,68.980,116.474
56.443,260.082,68.980,116.474
50.288,257.548,68.980,116.474
44.133,256.462,68.980,116.474
49.564,260.445,68.980,116.474
56.570,266.240,68.391,115.480
53.339,263.727,68.391,115.480
60.160,271.266,68.391,115.480
56.929,269.471,68.391,115.480
63.875,275.217,67.807,114.494
66.366,278.420,67.807,114.494
65.299,277.352,67.807,114.494
64.943,276.285,67.807,114.494
63.875,275.929,67.807,114.494
63.817,276.765,67.228,113.516
63.071,278.971,66.654,112.547
62.022,280.020,66.654,112.547
59.573,280.370,66.654,112.547
58.523,277.921,66.654,112.547
61.880,277.377,66.085,111.587
61.533,278.418,66.085,111.587
59.798,277.377,66.085,111.587
64.308,279.112,66.085,111.587
62.573,280.846,66.085,111.587
61.840,278.953,65.521,110.634
61.496,279.297,65.521,110.634
63.216,280.329,65.521,110.634
61.167,280.903,66.094,111.602
62.464,280.364,65.530,110.649
59.710,280.937,66.104,111.618
63.715,280.398,65.539,110.665
62.988,279.864,64.980,109.720
61.965,279.523,64.980,109.720
65.035,279.181,64.980,109.720
64.011,278.158,64.980,109.720
62.988,276.453,64.980,109.720
61.283,275.430,64.980,109.720
63.224,275.565,64.425,108.783
61.533,275.227,64.425,108.783
60.519,274.889,64.425,108.783
60.181,273.875,64.425,108.783
63.900,274.213,64.425,108.783
61.533,271.846,64.425,108.783
59.842,270.155,64.425,108.783
62.886,268.464,64.425,108.783
60.519,266.097,64.425,108.783
58.152,262.377,64.425,108.783
55.785,257.981,64.425,108.783
52.065,252.909,64.425,108.783
55.785,249.866,64.425,108.783
49.131,240.763,63.875,107.855
50.137,237.075,63.875,107.855
52.484,231.375,63.875,107.855
54.161,219.641,63.875,107.855
49.131,204.554,63.875,107.855
51.478,198.854,63.875,107.855
49.802,192.484,63.875,107.855
52.819,184.773,63.875,107.855
55.166,177.732,63.875,107.855
56.172,170.692,63.875,107.855
59.190,164.321,63.875,107.855
61.536,156.610,63.875,107.855
63.883,150.240,63.875,107.855
66.901,143.200,63.875,107.855
69.918,136.159,63.875,107.855
73.606,130.459,63.875,107.855
76.623,125.430,63.875,107.855
80.982,121.072,63.875,107.855
86.011,116.713,63.875,107.855
91.040,112.355,63.875,107.855
96.740,107.326,63.875,107.855
102.439,102.297,63.875,107.855
110.150,100.620,63.875,107.855
125.237,101.626,63.875,107.855
133.619,98.609,63.875,107.855
146.024,100.285,63.875,107.855
159.099,101.291,63.875,107.855
170.834,101.626,63.875,107.855
183.909,101.962,63.875,107.855
194.973,103.638,63.875,107.855
207.378,105.314,63.875,107.855
221.795,105.649,63.875,107.855
233.529,107.326,63.875,107.855
241.240,107.661,63.875,107.855
253.645,112.020,63.875,107.855
262.697,116.378,63.875,107.855
270.408,119.395,63.875,107.855
278.033,122.704,64.434,108.798
283.782,127.100,64.434,108.798
287.503,132.173,64.434,108.798
291.223,137.923,64.434,108.798
294.267,144.349,64.434,108.798
297.310,150.775,64.434,108.798
295.619,156.524,64.434,108.798
297.987,160.921,64.434,108.798
294.943,165.317,64.434,108.798
291.541,168.654,64.998,109.750
288.471,170.360,64.998,109.750
286.438,173.727,65.567,110.711
284.029,175.447,65.567,110.711
281.620,177.168,65.567,110.711
280.587,177.512,65.567,110.711
277.490,179.233,65.567,110.711
274.393,180.265,65.567,110.711
271.984,181.298,65.567,110.711
269.575,182.330,65.567,110.711
269.231,183.363,65.567,110.711
267.510,184.395,65.567,110.711
265.789,186.116,65.567,110.711
264.068,188.525,65.567,110.711
263.036,190.246,65.567,110.711
262.692,191.966,65.567,110.711
261.659,194.375,65.567,110.711
259.939,194.720,65.567,110.711
258.218,197.817,65.567,110.711
258.562,199.538,65.567,110.711
255.820,199.003,65.007,109.766
256.161,202.756,65.007,109.766
255.138,203.097,65.007,109.766
254.797,204.803,65.007,109.766
251.726,203.780,65.007,109.766
253.432,207.533,65.007,109.766
251.043,207.192,65.007,109.766
252.067,210.263,65.007,109.766
250.014,211.730,64.452,108.829
251.279,214.505,63.902,107.900
248.261,214.169,63.902,107.900
250.170,218.229,63.356,106.979
246.871,215.117,62.815,106.065
249.179,219.403,62.815,106.065
245.266,216.318,62.279,105.160
243.299,213.259,61.748,104.262
241.679,209.045,61.748,104.262
240.994,206.645,61.220,103.372
241.315,203.110,61.220,103.372
240.994,198.933,61.220,103.372
242.600,193.470,61.220,103.372
240.994,184.151,61.220,103.372
242.600,175.475,61.220,103.372
240.994,164.871,61.220,103.372
243.243,156.195,61.220,103.372
244.850,145.591,61.220,103.372
245.814,137.558,61.220,103.372
246.135,130.167,61.220,103.372
247.099,124.704,61.220,103.372
248.706,119.242,61.220,103.372
251.598,115.707,61.220,103.372
255.132,113.458,61.220,103.372
258.667,111.851,61.220,103.372
262.844,112.172,61.220,103.372
267.022,109.923,61.220,103.372
271.199,108.959,61.220,103.372
275.376,107.995,61.220,103.372
280.049,108.531,61.756,104.277
282.769,107.742,62.296,105.189
286.183,110.299,62.842,106.109
287.599,112.877,63.391,107.038
289.027,116.160,63.946,107.975
289.091,120.160,64.506,108.919
287.768,123.501,65.070,109.872
285.032,128.272,65.639,110.834
281.242,133.440,65.639,110.834
278.483,146.021,66.214,111.804
273.965,153.320,66.214,111.804
268.752,166.874,66.214,111.804
264.234,181.818,66.214,111.804
256.936,197.457,66.214,111.804
247.740,208.724,66.793,112.782
238.464,219.370,67.378,113.769
224.757,226.485,67.967,114.764
215.318,233.662,68.562,115.768
208.481,238.340,68.562,115.768
202.648,238.202,69.162,116.781
195.025,234.935,69.162,116.781
188.853,229.490,69.162,116.781
185.586,222.593,69.162,116.781
188.127,215.695,69.162,116.781
185.586,205.168,69.162,116.781
188.853,196.819,69.162,116.781
191.394,187.743,69.162,116.781
195.388,179.394,69.162,116.781
199.381,171.771,69.162,116.781
203.374,164.873,69.162,116.781
206.641,157.976,69.162,116.781
210.634,153.257,69.162,116.781
216.079,148.537,69.162,116.781
224.429,142.366,69.162,116.781
231.940,139.251,69.767,117.803
239.630,136.687,69.767,117.803
247.320,134.124,69.767,117.803
257.207,136.687,69.767,117.803
266.362,140.715,69.767,117.803
276.191,143.578,70.377,118.834
283.835,145.709,70.993,119.874
290.781,149.386,71.614,120.923
309.200,155.776,71.614,120.923
326.867,162.166,71.614,120.923
343.030,169.308,71.614,120.923
356.938,172.691,71.614,120.923
364.831,170.811,71.614,120.923
378.739,171.187,71.614,120.923
388.888,169.308,71.614,120.923
399.037,167.428,71.614,120.923
406.931,165.549,71.614,120.923
413.321,162.166,71.614,120.923
418.960,159.535,71.614,120.923
423.846,156.152,71.614,120.923
425.726,152.769,71.614,120.923
423.846,148.634,71.614,120.923
421.215,143.747,71.614,120.923
416.328,139.612,71.614,120.923
411.442,135.478,71.614,120.923
405.803,134.350,71.614,120.923
391.895,130.967,71.614,120.923
375.732,126.832,71.614,120.923
358.065,124.953,71.614,120.923
340.399,123.073,71.614,120.923
318.973,124.201,71.614,120.923
290.781,120.066,71.614,120.923
270.859,122.697,71.614,120.923
250.937,125.329,71.614,120.923
222.745,125.705,71.614,120.923
178.766,132.095,71.614,120.923
151.097,130.410,72.241,121.981
123.417,126.997,72.241,121.981
94.729,123.743,72.873,123.048
68.927,125.165,73.511,124.125
42.898,128.181,74.154,125.211
24.605,127.014,74.154,125.211
4.755,122.732,74.154,125.211
-9.646,116.115,74.154,125.211
-14.706,109.499,74.154,125.211
-17.431,103.660,74.154,125.211
-15.485,98.601,74.154,125.211
-14.317,93.541,74.154,125.211
-10.036,88.481,74.154,125.211
-4.197,81.086,74.154,125.211
11.037,72.958,74.803,126.306
18.497,60.001,74.803,126.306
33.865,52.607,75.457,127.412
50.104,45.874,75.457,127.412
65.550,37.557,75.457,127.412
76.244,30.032,75.457,127.412
89.314,22.507,75.457,127.412
110.499,16.672,76.118,128.526
128.478,17.870,76.118,128.526
136.069,15.073,76.118,128.526
151.651,13.875,76.118,128.526
168.031,17.471,76.118,128.526
181.216,20.267,76.118,128.526
192.003,19.069,76.118,128.526
212.379,17.870,76.118,128.526
223.965,20.667,76.118,128.526
233.154,21.066,76.118,128.526
243.142,23.064,76.118,128.526
253.929,25.861,76.118,128.526
262.319,31.854,76.118,128.526
269.910,41.043,76.118,128.526
275.903,47.835,76.118,128.526
281.896,57.823,76.118,128.526
285.492,68.610,76.118,128.526
287.489,78.598,76.118,128.526
285.492,87.787,76.118,128.526
283.494,96.177,76.118,128.526
282.296,105.366,76.118,128.526
281.097,114.555,76.118,128.526
279.099,122.946,76.118,128.526
277.901,132.135,76.118,128.526
278.300,140.525,76.118,128.526
277.102,147.317,76.118,128.526
276.702,155.707,76.118,128.526
277.102,163.298,76.118,128.526
276.702,171.688,76.118,128.526
277.102,180.078,76.118,128.526
277.501,186.870,76.118,128.526
279.499,193.662,76.118,128.526
279.898,197.257,76.118,128.526
281.896,200.054,76.118,128.526
283.095,201.253,76.118,128.526
285.092,201.652,76.118,128.526
283.894,198.056,76.118,128.526
286.690,196.059,76.118,128.526
289.487,192.463,76.118,128.526
291.485,188.867,76.118,128.526
295.880,186.071,76.118,128.526
294.681,181.676,76.118,128.526
299.875,178.879,76.118,128.526
297.078,176.083,76.118,128.526
302.272,174.884,76.118,128.526
300.274,172.087,76.118,128.526
303.071,174.085,76.118,128.526
300.274,173.685,76.118,128.526
299.076,175.683,76.118,128.526
297.877,178.480,76.118,128.526
294.281,181.276,76.118,128.526
290.686,182.475,76.118,128.526
287.486,185.598,76.784,129.651
283.053,186.001,76.784,129.651
279.426,187.210,76.784,129.651
273.380,186.001,76.784,129.651
266.529,192.047,76.784,129.651
258.344,195.197,77.455,130.785
248.180,196.417,77.455,130.785
234.090,198.762,78.133,131.930
222.399,199.446,78.817,133.084
208.061,200.135,79.506,134.249
198.462,200.553,79.506,134.249
187.195,200.970,79.506,134.249
177.009,201.666,80.202,135.423
169.010,207.139,80.202,135.423
161.012,211.769,80.202,135.423
153.856,215.558,80.202,135.423
148.383,215.979,80.202,135.423
143.753,217.242,80.202,135.423
139.964,220.188,80.202,135.423
137.859,222.293,80.202,135.423
135.754,226.082,80.202,135.423
135.333,231.555,80.202,135.423
136.596,237.027,80.202,135.423
137.859,240.816,80.202,135.423
140.806,245.446,80.202,135.423
145.436,249.235,80.202,135.423
150.067,252.182,80.202,135.423
153.856,256.812,80.202,135.423
155.961,258.917,80.202,135.423
158.907,260.180,80.202,135.423
163.303,263.471,80.904,136.608
165.426,262.197,80.904,136.608
169.248,264.320,80.904,136.608
171.371,263.046,80.904,136.608
174.344,262.622,80.904,136.608
177.316,261.348,80.904,136.608
178.590,259.225,80.904,136.608
179.864,257.951,80.904,136.608
183.686,259.225,80.904,136.608
188.357,258.800,80.904,136.608
193.028,255.827,80.904,136.608
199.398,253.704,80.904,136.608
208.316,254.129,80.904,136.608
218.083,254.553,80.904,136.608
226.151,250.732,80.904,136.608
233.370,248.608,80.904,136.608
241.438,246.485,80.904,136.608
250.356,243.513,80.904,136.608
264.369,247.334,80.904,136.608
273.287,245.211,80.904,136.608
286.451,247.334,80.904,136.608
296.218,246.910,80.904,136.608
313.629,250.732,80.904,136.608
330.190,251.156,80.904,136.608
345.902,249.882,80.904,136.608
362.463,246.910,80.904,136.608
379.085,245.877,81.612,137.804
392.364,243.735,81.612,137.804
402.216,240.736,81.612,137.804
411.212,236.881,81.612,137.804
421.064,232.169,81.612,137.804
436.914,230.027,81.612,137.804
445.909,227.029,81.612,137.804
452.335,224.887,81.612,137.804
457.047,221.032,81.612,137.804
462.616,218.033,81.612,137.804
468.184,213.321,81.612,137.804
474.610,208.609,81.612,137.804
480.179,200.470,81.612,137.804
473.753,191.475,81.612,137.804
466.471,180.765,81.612,137.804
458.043,165.891,80.915,136.627
449.974,148.478,80.915,136.627
435.958,132.764,80.915,136.627
426.190,117.899,80.915,136.627
410.476,101.335,80.915,136.627
396.460,83.922,80.915,136.627
379.897,69.907,80.915,136.627
361.634,52.494,80.915,136.627
339.125,36.780,80.915,136.627
314.828,27.911,81.623,137.823
297.345,20.721,82.337,139.029
285.676,15.102,82.337,139.029
252.092,18.481,83.058,140.245
230.727,20.102,83.785,141.472
210.978,25.343,84.518,142.710
189.240,25.786,84.518,142.710
173.714,30.666,84.518,142.710
154.701,44.138,85.257,143.959
137.249,52.640,85.257,143.959
128.161,73.568,86.003,145.219
120.486,92.076,86.003,145.219
115.521,102.459,86.003,145.219
120.486,119.161,86.003,145.219
119.132,127.738,86.003,145.219
124.098,139.926,86.003,145.219
129.966,153.920,86.003,145.219
134.932,162.497,86.003,145.219
142.606,171.977,86.003,145.219
151.183,181.456,86.003,145.219
159.759,186.422,86.003,145.219
168.336,189.582,86.003,145.219
177.816,192.742,86.003,145.219
186.393,198.610,86.003,145.219
197.678,202.673,86.003,145.219
216.186,206.736,86.003,145.219
226.569,208.090,86.003,145.219
238.757,209.444,86.003,145.219
250.042,206.284,86.003,145.219
261.328,202.221,86.003,145.219
271.710,199.964,86.003,145.219
281.190,200.416,86.003,145.219
288.864,198.159,86.003,145.219
296.538,195.902,86.003,145.219
306.920,196.353,86.003,145.219
315.497,194.999,86.003,145.219
323.171,192.742,86.003,145.219
330.845,189.582,86.003,145.219
333.102,187.325,86.003,145.219
335.360,184.165,86.003,145.219
334.908,180.102,86.003,145.219
333.554,176.942,86.003,145.219
329.491,173.782,86.003,145.219
324.526,171.525,86.003,145.219
318.657,169.268,86.003,145.219
312.789,167.011,86.003,145.219
307.431,166.310,85.269,143.979
299.822,164.967,85.269,143.979
292.214,162.729,85.269,143.979
285.500,160.492,85.269,143.979
280.188,158.050,84.541,142.750
276.652,155.628,83.819,141.531
270.053,150.789,83.819,141.531
263.973,147.530,83.104,140.323
259.174,142.732,83.104,140.323
254.848,138.650,82.394,139.125
250.558,132.915,81.691,137.937
246.699,127.341,81.691,137.937
241.610,123.328,80.994,136.760
236.083,118.651,80.994,136.760
231.407,113.975,80.994,136.760
226.731,109.299,80.994,136.760
222.514,106.150,80.302,135.592
214.506,104.042,80.302,135.592
207.036,99.275,79.617,134.435
199.096,96.350,79.617,134.435
188.648,93.425,79.617,134.435
179.037,90.500,79.617,134.435
170.261,85.903,79.617,134.435
161.485,83.813,79.617,134.435
152.709,84.231,79.617,134.435
136.412,82.977,79.617,134.435
127.636,85.067,79.617,134.435
118.860,87.992,79.617,134.435
109.249,91.753,79.617,134.435
99.637,98.022,79.617,134.435
89.190,102.618,79.617,134.435
78.742,106.379,79.617,134.435
70.802,110.976,79.617,134.435
64.534,115.573,79.617,134.435
56.594,118.498,79.617,134.435
46.983,120.588,79.617,134.435
39.043,123.513,79.617,134.435
31.103,127.274,79.617,134.435
23.163,132.707,79.617,134.435
19.402,138.139,79.617,134.435
15.641,143.572,79.617,134.435
13.551,150.676,79.617,134.435
13.133,156.945,79.617,134.435
16.327,165.265,78.937,133.287
17.068,173.514,78.263,132.150
18.300,180.497,78.263,132.150
19.837,186.271,77.595,131.021
24.539,190.407,76.933,129.903
30.777,194.507,76.276,128.794
36.180,198.572,75.625,127.695
41.340,202.938,75.625,127.695
38.952,198.449,74.979,126.605
44.855,204.352,74.979,126.605
45.249,201.597,74.979,126.605
48.004,206.713,74.979,126.605
45.636,203.798,74.339,125.524
47.587,198.726,74.339,125.524
45.636,191.312,74.339,125.524
47.587,195.604,74.339,125.524
49.538,202.237,74.339,125.524
48.367,197.165,74.339,125.524
45.636,189.751,74.339,125.524
48.367,194.824,74.339,125.524
49.538,200.677,74.339,125.524
51.489,209.651,74.339,125.524
52.660,218.625,74.339,125.524
53.050,221.357,74.339,125.524
51.099,220.186,74.339,125.524
50.709,226.819,74.339,125.524
51.879,225.649,74.339,125.524
48.770,229.611,73.705,124.452
49.157,227.676,73.705,124.452
47.223,225.742,73.705,124.452
44.896,225.141,73.076,123.390
43.336,224.545,72.452,122.336
41.791,223.212,71.833,121.292
42.922,221.327,71.833,121.292
43.299,220.196,71.833,121.292
40.295,219.610,71.220,120.257
38.775,219.759,70.612,119.230
36.546,224.968,70.009,118.212
35.443,222.396,70.009,118.212
33.606,220.559,70.009,118.212
30.678,222.856,69.412,117.203
24.932,223.001,68.819,116.203
17.825,222.439,68.232,115.211
15.318,222.081,68.232,115.211
13.164,224.320,67.649,114.227
10.335,223.075,67.072,113.252
8.217,225.276,66.499,112.285
5.773,222.833,66.499,112.285
4.355,225.696,65.931,111.327
1.932,225.350,65.931,111.327
-0.490,227.080,65.931,111.327
-0.836,228.810,65.931,111.327
-2.567,231.233,65.931,111.327
-2.913,232.271,65.931,111.327
-3.259,234.693,65.931,111.327
-3.605,236.424,65.931,111.327
-2.986,238.587,65.369,110.376
-2.643,240.989,65.369,110.376
-3.368,242.464,64.811,109.434
-2.347,244.845,64.811,109.434
-1.327,245.866,64.811,109.434
-0.306,246.886,64.811,109.434
0.034,247.907,64.811,109.434
0.374,249.608,64.811,109.434
-0.646,251.309,64.811,109.434
1.054,253.690,64.811,109.434
2.755,255.391,64.811,109.434
5.137,257.092,64.811,109.434
8.198,258.793,64.811,109.434
10.579,259.813,64.811,109.434
14.131,261.775,65.378,110.392
11.043,262.118,65.378,110.392
16.033,264.801,65.950,111.358
19.148,266.532,65.950,111.358
16.033,265.493,65.950,111.358
19.148,267.224,65.950,111.358
16.725,267.570,65.950,111.358
19.841,269.993,65.950,111.358
20.617,271.280,66.527,112.332
20.683,272.578,67.109,113.315
23.149,273.635,67.109,113.315
23.939,272.778,67.696,114.306
24.735,273.371,68.288,115.307
27.008,273.968,68.886,116.316
26.646,272.884,68.886,116.316
29.901,274.692,68.886,116.316
30.262,273.607,68.886,116.316
31.347,273.968,68.886,116.316
32.432,272.884,68.886,116.316
33.516,272.522,68.886,116.316
34.601,270.714,68.886,116.316
34.963,270.353,68.886,116.316
35.324,269.991,68.886,116.316
36.409,269.630,68.886,116.316
37.494,267.099,68.886,116.316
37.855,266.014,68.886,116.316
37.796,263.336,68.298,115.323
40.306,263.694,68.298,115.323
41.381,261.902,68.298,115.323
43.174,260.109,68.298,115.323
44.966,256.883,68.298,115.323
46.041,252.940,68.298,115.323
47.117,249.713,68.298,115.323
50.125,248.106,68.895,116.332
51.677,244.262,69.498,117.350
53.501,240.979,69.498,117.350
55.325,237.695,69.498,117.350
50.583,232.224,69.498,117.350
52.407,227.482,69.498,117.350
53.972,224.351,70.106,118.376
56.548,221.775,70.106,118.376
59.636,222.389,70.720,119.412
60.468,217.681,71.339,120.457
55.600,213.562,71.339,120.457
51.066,208.046,71.963,121.511
47.667,203.135,71.963,121.511
46.533,200.491,71.963,121.511
135.653,241.386,72.593,122.574
143.654,240.243,72.593,122.574
149.370,239.862,72.593,122.574
154.323,238.719,72.593,122.574
160.038,236.814,72.593,122.574
164.992,234.909,72.593,122.574
169.945,232.241,72.593,122.574
174.136,229.574,72.593,122.574
178.328,225.383,72.593,122.574
183.281,221.192,72.593,122.574
188.234,217.000,72.593,122.574
193.188,214.333,72.593,122.574
198.141,211.666,72.593,122.574
202.332,208.999,72.593,122.574
206.523,207.094,72.593,122.574
210.715,204.427,72.593,122.574
215.668,201.759,72.593,122.574
221.383,200.616,72.593,122.574
227.861,199.473,72.593,122.574
234.183,198.547,73.228,123.647
240.717,198.162,73.228,123.647
245.713,199.315,73.228,123.647
249.172,198.162,73.228,123.647
252.632,197.778,73.228,123.647
255.322,197.393,73.228,123.647
258.781,197.778,73.228,123.647
261.472,197.393,73.228,123.647
262.625,196.240,73.228,123.647
260.703,194.319,73.228,123.647
264.931,195.472,73.228,123.647
262.241,192.781,73.228,123.647
266.469,194.703,73.228,123.647
263.778,191.244,73.228,123.647
265.700,190.091,73.228,123.647
263.009,187.400,73.228,123.647
266.469,187.785,73.228,123.647
264.547,185.094,73.228,123.647
261.856,180.866,73.228,123.647
266.084,181.250,73.228,123.647
262.625,175.485,73.228,123.647
264.547,174.332,73.228,123.647
261.856,169.335,73.228,123.647
265.315,167.414,73.228,123.647
261.856,162.417,73.228,123.647
264.547,159.726,73.228,123.647
263.394,155.498,73.228,123.647
266.084,152.039,73.228,123.647
269.543,149.349,73.228,123.647
266.853,145.121,73.228,123.647
271.850,147.811,73.228,123.647
274.540,145.121,73.228,123.647
272.618,141.662,73.228,123.647
275.309,140.508,73.228,123.647
277.999,137.818,73.228,123.647
279.921,133.590,73.228,123.647
280.305,128.593,73.228,123.647
282.493,122.746,72.603,122.591
284.398,124.652,72.603,122.591
287.066,121.984,72.603,122.591
290.496,123.890,72.603,122.591
293.925,119.698,72.603,122.591
298.879,121.603,72.603,122.591
302.309,118.936,72.603,122.591
305.739,120.079,72.603,122.591
304.595,115.887,72.603,122.591
308.787,119.317,72.603,122.591
312.217,121.984,72.603,122.591
311.836,119.317,72.603,122.591
315.266,121.984,72.603,122.591
317.933,123.890,72.603,122.591
314.503,118.936,72.603,122.591
316.409,117.030,72.603,122.591
312.979,112.838,72.603,122.591
314.122,109.409,72.603,122.591
317.552,112.838,72.603,122.591
312.598,107.884,72.603,122.591
316.028,110.552,72.603,122.591
320.220,113.982,72.603,122.591
314.503,109.028,72.603,122.591
318.695,113.220,72.603,122.591
314.503,108.266,72.603,122.591
318.695,112.457,72.603,122.591
313.741,107.503,72.603,122.591
317.933,111.695,72.603,122.591
322.887,117.411,72.603,122.591
325.555,121.603,72.603,122.591
322.887,119.698,72.603,122.591
326.317,123.128,72.603,122.591
323.649,119.698,72.603,122.591
327.079,123.128,72.603,122.591
325.936,121.222,72.603,122.591
325.555,118.555,72.603,122.591
328.222,122.746,72.603,122.591
327.079,120.079,72.603,122.591
330.509,123.509,72.603,122.591
331.652,120.841,72.603,122.591
328.984,117.411,72.603,122.591
332.414,122.365,72.603,122.591
333.557,119.698,72.603,122.591
329.365,115.506,72.603,122.591
332.033,119.698,72.603,122.591
327.841,115.506,72.603,122.591
325.174,115.887,72.603,122.591
323.268,120.841,72.603,122.591
319.076,125.795,72.603,122.591
314.122,129.225,72.603,122.591
309.930,131.130,72.603,122.591
308.025,133.798,72.603,122.591
304.595,137.990,72.603,122.591
300.404,141.419,72.603,122.591
296.974,144.849,72.603,122.591
300.404,149.803,72.603,122.591
298.914,153.563,73.238,123.664
302.374,157.792,73.238,123.664
305.833,162.020,73.238,123.664
309.293,166.249,73.238,123.664
312.753,169.708,73.238,123.664
314.403,172.714,73.879,124.746
317.893,173.877,73.879,124.746
322.158,173.489,73.879,124.746
327.199,172.326,73.879,124.746
333.633,170.588,74.525,125.838
341.847,167.067,74.525,125.838
349.280,162.764,74.525,125.838
359.059,157.679,74.525,125.838
366.491,154.159,74.525,125.838
379.400,149.856,74.525,125.838
393.873,143.206,74.525,125.838
410.601,147.178,73.889,124.763
417.194,142.136,73.889,124.763
426.114,138.645,73.889,124.763
434.258,135.931,73.889,124.763
450.935,134.767,73.889,124.763
467.612,131.277,73.889,124.763
475.116,128.404,73.258,123.698
482.556,130.057,72.633,122.642
481.007,124.258,72.013,121.595
487.432,126.904,72.013,121.595
482.946,121.154,71.398,120.557
479.960,122.034,70.789,119.528
478.450,124.357,70.184,118.508
474.796,125.941,69.585,117.496
467.126,123.384,69.585,117.496
454.343,120.827,69.585,117.496
448.864,122.653,69.585,117.496
428.776,117.175,69.585,117.496
416.723,113.888,69.585,117.496
411.244,111.331,69.585,117.496
405.035,108.774,69.585,117.496
386.408,101.104,69.585,117.496
377.277,94.165,69.585,117.496
369.607,89.417,69.585,117.496
361.937,84.669,69.585,117.496
354.751,81.251,68.991,116.493
349.319,78.716,68.991,116.493
344.315,77.446,68.402,115.499
340.053,76.188,67.818,114.513
338.606,74.246,67.239,113.535
338.549,73.009,66.665,112.566
337.809,71.100,66.096,111.605
339.107,72.591,65.532,110.652
338.380,71.386,64.973,109.708
340.767,73.091,64.973,109.708
340.046,75.223,64.418,108.771
339.991,77.996,63.868,107.843
341.667,80.343,63.868,107.843
338.342,81.130,63.323,106.922
336.680,84.786,63.323,106.922
333.689,90.437,63.323,106.922
330.033,96.752,63.323,106.922
325.712,107.720,63.323,106.922
320.062,115.364,63.323,106.922
313.747,128.991,63.323,106.922
297.458,133.634,63.877,107.858
283.712,129.946,63.877,107.858
276.671,132.963,63.877,107.858
270.971,135.981,63.877,107.858
266.224,150.973,64.436,108.801
262.504,158.752,64.436,108.801
258.409,164.863,65.000,109.753
255.338,163.839,65.000,109.753
251.906,159.513,65.568,110.714
248.445,154.442,66.142,111.682
245.320,147.152,66.142,111.682
243.252,139.902,66.721,112.660
239.399,132.548,66.721,112.660
242.338,126.671,67.305,113.645
244.811,121.372,67.305,113.645
247.051,116.167,67.894,114.640
249.546,110.109,67.894,114.640
251.328,105.476,67.894,114.640
255.048,100.226,68.488,115.643
259.722,96.991,68.488,115.643
278.055,111.729,68.488,115.643
284.166,110.651,68.488,115.643
286.683,108.135,68.488,115.643
286.323,105.618,68.488,115.643
285.245,103.102,68.488,115.643
282.728,102.024,68.488,115.643
280.931,101.664,68.488,115.643
277.696,104.180,68.488,115.643
273.429,105.726,67.903,114.656
268.795,108.221,67.903,114.656
262.736,106.439,67.903,114.656
257.390,108.934,67.903,114.656
249.906,105.013,67.903,114.656
242.421,103.231,67.903,114.656
236.362,102.875,67.903,114.656
229.590,100.380,67.903,114.656
222.819,98.598,67.903,114.656
218.185,101.093,67.903,114.656
212.126,99.311,67.903,114.656
204.642,96.103,67.903,114.656
197.629,92.072,67.323,113.677
190.209,86.065,67.323,113.677
183.495,78.644,67.323,113.677
178.194,69.810,67.323,113.677
172.894,63.096,67.323,113.677
164.060,47.901,67.323,113.677
158.759,39.774,67.323,113.677
155.579,35.887,67.323,113.677
153.812,31.293,67.323,113.677
157.699,34.473,67.323,113.677
155.225,29.173,67.323,113.677
153.789,25.176,66.749,112.707
157.643,29.030,66.749,112.707
160.796,32.183,66.749,112.707
158.344,26.928,66.749,112.707
160.796,30.782,66.749,112.707
159.044,26.227,66.749,112.707
157.993,27.979,66.749,112.707
161.847,30.432,66.749,112.707
158.694,26.578,66.749,112.707
161.146,31.132,66.749,112.707
160.095,34.285,66.749,112.707
162.548,36.738,66.749,112.707
158.694,32.884,66.749,112.707
158.344,36.037,66.749,112.707
157.293,37.088,66.749,112.707
156.242,38.139,66.749,112.707
155.891,39.891,66.749,112.707
154.840,41.643,66.749,112.707
155.891,46.197,66.749,112.707
154.139,50.752,66.749,112.707
156.592,56.007,66.749,112.707
162.405,70.238,67.333,113.693
166.292,79.780,67.333,113.693
161.698,76.599,67.333,113.693
164.172,83.314,67.333,113.693
156.750,78.720,67.333,113.693
150.035,76.952,67.333,113.693
143.320,75.185,67.333,113.693
141.553,75.539,67.333,113.693
142.613,78.013,67.333,113.693
139.433,76.952,67.333,113.693
136.959,78.013,67.333,113.693
139.433,81.193,67.333,113.693
136.959,79.426,67.333,113.693
137.312,78.366,67.333,113.693
136.959,79.426,67.333,113.693
135.192,76.952,67.333,113.693
136.252,79.426,67.333,113.693
133.778,76.246,67.333,113.693
136.252,79.426,67.333,113.693
133.778,75.539,67.333,113.693
136.959,78.013,67.333,113.693
135.192,74.832,67.333,113.693
136.959,76.599,67.333,113.693
134.485,72.005,67.333,113.693
138.372,73.065,67.333,113.693
135.192,69.884,67.333,113.693
139.079,73.065,67.333,113.693
138.019,70.591,67.333,113.693
141.200,73.065,67.333,113.693
140.140,70.591,67.333,113.693
143.320,73.065,67.333,113.693
144.381,69.884,67.333,113.693
146.854,71.651,67.333,113.693
147.915,69.177,67.333,113.693
151.802,71.651,67.333,113.693
154.276,68.471,67.333,113.693
158.871,70.238,67.333,113.693
161.344,67.057,67.333,113.693
165.035,69.820,67.922,114.688
166.104,64.472,67.922,114.688
167.887,61.263,67.922,114.688
171.808,63.046,67.922,114.688
174.304,60.550,67.922,114.688
172.521,57.342,67.922,114.688
177.156,58.411,67.922,114.688
180.365,59.481,67.922,114.688
177.869,54.133,67.922,114.688
182.504,55.916,67.922,114.688
183.573,52.707,67.922,114.688
186.782,55.203,67.922,114.688
182.860,50.568,67.922,114.688
186.782,53.064,67.922,114.688
183.573,48.429,67.922,114.688
187.495,50.925,67.922,114.688
184.286,45.577,67.922,114.688
187.495,47.360,67.922,114.688
184.999,45.577,67.922,114.688
188.921,46.647,67.922,114.688
186.425,42.725,67.922,114.688
188.921,43.795,67.922,114.688
187.851,41.299,67.922,114.688
189.634,40.230,67.922,114.688
192.129,40.586,67.922,114.688
192.486,40.230,67.922,114.688
194.268,39.873,67.922,114.688
195.338,39.517,67.922,114.688
197.833,40.586,67.922,114.688
201.042,41.656,67.922,114.688
203.538,44.151,67.922,114.688
206.746,45.934,67.922,114.688
204.964,44.151,67.922,114.688
208.885,46.647,67.922,114.688
207.103,45.577,67.922,114.688
211.024,47.360,67.922,114.688
208.529,46.290,67.922,114.688
211.737,48.073,67.922,114.688
209.242,45.577,67.922,114.688
213.163,46.647,67.922,114.688
210.668,44.151,67.922,114.688
214.088,45.684,67.342,113.709
212.321,45.331,67.342,113.709
213.643,44.092,66.767,112.738
215.395,45.844,66.767,112.738
214.343,44.793,66.767,112.738
215.395,46.545,66.767,112.738
215.044,44.092,66.767,112.738
215.395,45.143,66.767,112.738
214.343,44.092,66.767,112.738
214.694,45.844,66.767,112.738
213.643,46.194,66.767,112.738
211.189,45.844,66.767,112.738
213.868,48.718,66.197,111.775
210.046,47.676,66.197,111.775
212.478,48.718,66.197,111.775
208.354,47.501,65.632,110.821
210.076,49.223,65.632,110.821
206.976,49.568,65.632,110.821
204.564,47.845,65.632,110.821
207.665,49.568,65.632,110.821
204.564,47.156,65.632,110.821
206.976,48.190,65.632,110.821
204.564,47.156,65.632,110.821
207.665,48.190,65.632,110.821
206.631,47.156,65.632,110.821
209.043,47.501,65.632,110.821
210.076,48.534,65.632,110.821
211.110,48.190,65.632,110.821
210.381,44.966,65.072,109.875
214.139,47.357,65.072,109.875
212.431,44.966,65.072,109.875
215.707,47.101,64.516,108.937
216.313,44.592,63.966,108.007
217.992,46.271,63.966,108.007
218.999,45.935,63.966,108.007
220.006,46.271,63.966,108.007
220.342,45.264,63.966,108.007
221.095,45.824,64.525,108.952
221.433,43.453,64.525,108.952
224.482,43.792,64.525,108.952
222.111,42.776,64.525,108.952
225.836,43.792,64.525,108.952
226.852,42.776,64.525,108.952
228.546,42.437,64.525,108.952
229.562,41.421,64.525,108.952
231.709,43.374,65.090,109.906
233.176,45.345,65.659,110.867
235.588,46.379,65.659,110.867
235.933,48.791,65.659,110.867
239.034,51.893,65.659,110.867
242.136,54.305,65.659,110.867
245.927,56.718,65.659,110.867
248.339,58.441,65.659,110.867
252.644,60.428,66.234,111.838
258.554,62.862,66.234,111.838
263.074,65.991,66.234,111.838
268.984,71.206,66.234,111.838
273.503,77.811,66.234,111.838
278.718,83.721,66.234,111.838
282.348,90.715,66.813,112.816
286.907,95.274,66.813,112.816
289.362,100.534,66.813,112.816
293.024,106.870,67.398,113.803
297.622,112.884,67.398,113.803
301.514,120.313,67.398,113.803
305.208,126.705,67.988,114.799
309.665,132.421,68.583,115.804
313.625,137.820,68.583,115.804
312.956,142.110,69.183,116.817
314.772,146.831,69.183,116.817
314.841,151.159,69.788,117.839
314.160,154.773,70.399,118.870
316.008,158.838,70.399,118.870
314.160,162.163,70.399,118.870
315.269,166.228,70.399,118.870
313.421,170.292,70.399,118.870
312.313,173.618,70.399,118.870
311.943,176.944,70.399,118.870
310.096,179.530,70.399,118.870
309.726,182.117,70.399,118.870
307.879,185.442,70.399,118.870
307.509,188.768,70.399,118.870
306.401,192.833,70.399,118.870
307.509,196.158,70.399,118.870
307.879,198.006,70.399,118.870
309.726,202.070,70.399,118.870
312.313,204.657,70.399,118.870
311.204,207.243,70.399,118.870
315.269,210.569,70.399,118.870
317.855,213.156,70.399,118.870
319.703,215.003,70.399,118.870
320.811,217.590,70.399,118.870
324.876,220.176,70.399,118.870
329.680,222.024,70.399,118.870
332.266,223.132,70.399,118.870
336.331,224.980,70.399,118.870
339.656,226.827,70.399,118.870
342.982,227.936,70.399,118.870
346.308,229.044,70.399,118.870
345.938,227.197,70.399,118.870
349.264,227.566,70.399,118.870
351.111,228.675,70.399,118.870
350.742,228.305,70.399,118.870
351.850,227.936,70.399,118.870
352.959,229.783,70.399,118.870
350.372,227.936,70.399,118.870
350.003,229.783,70.399,118.870
347.416,227.936,70.399,118.870
