69.000,48.000,26.000,39.000
71.155,48.882,26.000,39.000
70.518,48.755,26.000,39.000
71.919,49.137,26.000,39.000
73.065,49.773,26.000,39.000
71.664,48.882,26.000,39.000
73.065,49.518,26.000,39.000
72.683,49.646,26.000,39.000
71.792,49.009,26.000,39.000
73.447,49.900,26.000,39.000
72.555,49.773,26.000,39.000
73.701,49.900,26.000,39.000
72.810,49.518,26.000,39.000
74.720,50.410,26.000,39.000
76.120,51.046,26.000,39.000
75.229,49.900,26.000,39.000
77.139,50.282,26.000,39.000
78.030,50.919,26.000,39.000
79.176,50.537,26.000,39.000
81.085,50.919,26.000,39.000
82.995,51.301,26.000,39.000
85.414,51.683,26.000,39.000
88.087,51.555,26.000,39.000
89.488,52.701,26.000,39.000
94.453,53.592,26.000,39.000
97.381,53.974,26.000,39.000
101.582,55.375,26.000,39.000
106.802,56.521,26.000,39.000
113.295,57.412,26.000,39.000
114.950,58.558,26.000,39.000
117.878,57.412,26.000,39.000
122.589,57.284,26.000,39.000
125.262,56.648,26.000,39.000
130.228,56.266,26.000,39.000
133.410,56.648,26.000,39.000
134.811,56.266,26.000,39.000
136.975,56.393,26.000,39.000
138.630,56.266,26.000,39.000
140.285,55.884,26.000,39.000
142.195,55.757,26.000,39.000
143.341,56.139,26.000,39.000
144.486,56.775,26.000,39.000
144.614,56.393,26.000,39.000
145.250,57.284,26.000,39.000
144.614,57.157,26.000,39.000
144.996,57.030,26.000,39.000
144.104,56.393,26.000,39.000
144.741,57.284,26.000,39.000
144.614,56.648,26.000,39.000
144.741,56.266,26.000,39.000
145.378,57.157,26.000,39.000
144.996,57.284,26.000,39.000
144.104,57.157,26.000,39.000
144.091,56.454,25.778,38.667
145.227,57.338,25.778,38.667
144.596,56.707,25.778,38.667
145.227,57.590,25.778,38.667
144.849,56.959,25.778,38.667
145.732,57.843,25.778,38.667
144.849,57.212,25.778,38.667
145.480,57.338,25.778,38.667
145.858,56.959,25.778,38.667
145.732,57.843,25.778,38.667
146.111,57.969,25.778,38.667
145.732,58.095,25.778,38.667
145.353,57.212,25.778,38.667
146.490,57.843,25.778,38.667
145.606,57.969,25.778,38.667
146.490,58.348,25.778,38.667
145.606,57.212,25.778,38.667
146.490,58.095,25.778,38.667
145.858,57.464,25.778,38.667
146.742,57.843,25.778,38.667
146.616,58.221,25.778,38.667
146.237,57.843,25.778,38.667
147.121,58.474,25.778,38.667
146.742,57.590,25.778,38.667
147.276,58.585,26.004,39.005
146.385,57.440,26.004,39.005
147.021,58.076,26.004,39.005
147.658,58.458,26.004,39.005
146.767,57.821,26.004,39.005
147.658,58.203,26.004,39.005
147.021,58.331,26.004,39.005
146.130,57.949,26.004,39.005
145.239,57.312,26.004,39.005
144.602,57.694,26.004,39.005
143.202,56.548,26.004,39.005
141.801,57.440,26.004,39.005
141.419,56.803,26.004,39.005
140.018,57.440,26.004,39.005
137.854,57.058,26.004,39.005
136.198,57.949,26.004,39.005
134.289,57.567,26.004,39.005
132.888,56.930,26.004,39.005
132.251,57.312,26.004,39.005
132.888,58.203,26.004,39.005
133.779,58.840,26.004,39.005
138.745,60.750,26.004,39.005
143.456,62.151,26.004,39.005
145.875,63.551,26.004,39.005
148.549,64.952,26.004,39.005
147.403,63.806,26.004,39.005
150.077,64.952,26.004,39.005
149.050,63.346,26.231,39.347
149.788,65.393,26.007,39.011
148.133,64.247,26.007,39.011
149.788,65.393,26.007,39.011
148.133,64.247,26.007,39.011
150.043,65.393,26.007,39.011
151.699,66.030,26.007,39.011
151.317,64.374,26.007,39.011
151.189,65.775,26.007,39.011
150.807,64.120,26.007,39.011
152.463,65.521,26.007,39.011
150.807,64.374,26.007,39.011
152.208,65.775,26.007,39.011
151.317,64.374,26.007,39.011
151.444,65.775,26.007,39.011
151.062,64.120,26.007,39.011
150.935,65.266,26.007,39.011
150.807,64.120,26.007,39.011
152.463,65.521,26.007,39.011
151.062,64.629,26.007,39.011
149.916,63.738,26.007,39.011
150.807,65.139,26.007,39.011
151.444,64.502,26.007,39.011
150.807,65.139,26.007,39.011
152.208,65.775,26.007,39.011
150.807,64.374,26.007,39.011
152.208,66.030,26.007,39.011
150.807,64.629,26.007,39.011
152.208,65.266,26.007,39.011
150.807,65.648,26.007,39.011
