319.000,185.000,67.000,56.000
316.356,184.291,67.000,56.000
315.146,184.049,67.000,56.000
312.002,181.388,67.000,56.000
309.825,179.695,67.000,56.000
309.099,178.485,67.000,56.000
307.406,177.760,67.000,56.000
305.873,175.779,67.586,56.490
303.677,175.047,67.586,56.490
302.457,174.803,67.586,56.490
301.237,173.583,67.586,56.490
298.690,170.585,68.178,56.984
296.967,170.339,68.178,56.984
296.229,168.124,68.178,56.984
294.506,167.877,68.178,56.984
292.783,166.647,68.178,56.984
294.014,165.416,68.178,56.984
292.783,163.201,68.178,56.984
290.568,162.462,68.178,56.984
286.876,159.755,68.178,56.984
289.091,162.462,68.178,56.984
287.860,160.247,68.178,56.984
286.630,158.524,68.178,56.984
283.430,156.309,68.178,56.984
280.723,153.602,68.178,56.984
284.415,155.325,68.178,56.984
280.723,152.617,68.178,56.984
278.507,150.402,68.178,56.984
282.199,148.679,68.178,56.984
278.507,145.479,68.178,56.984
273.338,142.772,68.178,56.984
271.616,137.111,68.178,56.984
269.893,131.942,68.178,56.984
272.108,134.649,68.178,56.984
272.846,130.465,68.178,56.984
269.154,125.788,68.178,56.984
271.862,121.604,68.178,56.984
269.646,119.389,68.178,56.984
267.296,116.030,67.596,56.498
268.751,113.031,68.187,56.992
271.459,115.247,68.187,56.992
273.432,117.268,68.784,57.491
275.667,114.537,68.784,57.491
279.888,117.765,68.784,57.491
281.130,115.530,68.784,57.491
281.875,112.302,68.784,57.491
283.116,110.564,68.784,57.491
281.875,108.329,68.784,57.491
281.130,107.584,68.784,57.491
277.405,104.852,68.784,57.491
267.177,101.292,69.386,57.994
264.049,103.863,69.993,58.501
262.786,101.588,69.993,58.501
265.565,103.357,69.993,58.501
267.840,100.578,69.993,58.501
269.864,101.074,69.395,58.002
272.119,98.819,69.395,58.002
272.870,96.063,69.395,58.002
275.626,99.821,69.395,58.002
279.384,99.070,69.395,58.002
282.641,98.819,69.395,58.002
283.393,101.074,69.395,58.002
284.144,101.825,69.395,58.002
283.894,100.072,69.395,58.002
286.149,98.318,69.395,58.002
287.902,97.065,69.395,58.002
289.155,96.815,69.395,58.002
286.900,94.560,69.395,58.002
289.656,94.811,69.395,58.002
288.904,93.558,69.395,58.002
292.161,94.811,69.395,58.002
291.410,93.057,69.395,58.002
293.664,91.804,69.395,58.002
295.919,91.554,69.395,58.002
295.168,89.800,69.395,58.002
292.913,87.545,69.395,58.002
297.853,88.037,68.803,57.507
295.618,86.795,68.803,57.507
297.853,88.037,68.803,57.507
297.108,86.298,68.803,57.507
299.343,85.056,68.803,57.507
297.605,85.802,68.803,57.507
300.337,86.547,68.803,57.507
298.598,87.292,68.803,57.507
291.892,98.966,68.803,57.507
293.134,97.228,68.803,57.507
295.866,95.986,68.803,57.507
299.095,93.750,68.803,57.507
303.631,88.661,69.405,58.010
308.208,85.069,70.012,58.518
310.751,81.963,70.625,59.030
309.476,78.648,70.625,59.030
306.293,76.038,71.243,59.546
302.949,73.208,71.243,59.546
305.264,71.922,71.243,59.546
301.406,75.780,71.243,59.546
303.721,78.610,71.243,59.546
304.200,75.977,71.866,60.067
303.940,72.085,71.866,60.067
301.969,69.557,71.253,59.554
302.741,71.357,71.253,59.554
304.300,70.357,70.644,59.046
307.105,72.142,70.644,59.046
306.340,71.887,70.644,59.046
305.575,73.162,70.644,59.046
302.769,74.948,70.644,59.046
297.924,76.733,70.644,59.046
297.876,72.553,71.262,59.563
299.677,73.840,71.262,59.563
300.684,75.952,71.886,60.084
298.348,77.769,71.886,60.084
297.050,76.471,71.886,60.084
294.195,78.807,71.886,60.084
297.569,76.471,71.886,60.084
299.386,78.807,71.886,60.084
301.998,80.406,72.515,60.610
301.212,78.050,72.515,60.610
288.820,63.563,73.150,61.140
289.084,63.827,73.150,61.140
294.101,64.619,73.150,61.140
295.676,66.247,73.790,61.675
295.943,68.111,73.790,61.675
298.340,71.575,73.790,61.675
299.955,76.776,73.160,61.148
301.275,81.794,73.160,61.148
303.907,86.951,72.535,60.626
303.121,87.213,72.535,60.626
303.907,89.046,72.535,60.626
304.168,90.355,72.535,60.626
304.430,89.570,72.535,60.626
305.455,92.257,73.170,61.157
303.078,89.880,73.170,61.157
304.927,91.729,73.170,61.157
303.606,90.408,73.170,61.157
306.512,93.842,73.170,61.157
302.549,92.521,73.170,61.157
304.927,95.427,73.170,61.157
306.247,96.219,73.170,61.157
303.342,96.484,73.170,61.157
303.606,98.333,73.170,61.157
302.813,98.069,73.170,61.157
305.191,100.446,73.170,61.157
301.892,96.659,73.810,61.692
298.961,93.727,73.810,61.692
296.030,91.329,73.810,61.692
292.566,88.931,73.810,61.692
295.497,91.862,73.810,61.692
292.033,89.464,73.810,61.692
294.431,90.263,73.810,61.692
293.289,90.813,74.456,62.232
292.137,93.020,75.107,62.776
288.195,96.359,75.765,63.326
283.545,99.915,75.765,63.326
285.737,101.600,76.428,63.880
283.805,100.772,76.428,63.880
287.944,103.256,76.428,63.880
286.013,100.772,76.428,63.880
290.151,103.807,76.428,63.880
286.564,101.324,76.428,63.880
290.151,103.807,76.428,63.880
287.116,100.220,76.428,63.880
282.426,98.841,76.428,63.880
285.461,101.324,76.428,63.880
285.409,101.893,77.096,64.439
281.234,100.501,77.096,64.439
279.843,104.120,77.096,64.439
277.338,104.398,77.096,64.439
275.946,104.676,77.096,64.439
277.338,108.295,77.096,64.439
277.286,110.010,77.771,65.002
278.128,112.537,77.771,65.002
278.970,112.256,77.771,65.002
282.059,114.783,77.771,65.002
280.093,112.256,77.771,65.002
283.743,115.906,77.771,65.002
280.655,112.818,77.771,65.002
285.428,114.783,77.771,65.002
283.649,113.635,78.451,65.571
287.576,116.402,77.782,65.012
285.610,115.559,77.782,65.012
290.945,119.772,77.782,65.012
281.117,116.683,77.782,65.012
278.028,118.648,77.782,65.012
274.378,118.368,77.782,65.012
272.244,120.015,77.118,64.457
273.636,121.407,77.118,64.457
273.358,120.015,77.118,64.457
274.193,120.850,77.118,64.457
271.130,118.344,77.118,64.457
265.841,114.725,77.118,64.457
261.223,118.724,77.792,65.021
262.627,123.498,77.792,65.021
264.031,129.396,77.792,65.021
267.433,132.278,78.473,65.589
269.703,134.604,79.160,66.163
265.416,133.175,79.160,66.163
267.707,136.694,79.852,66.742
274.337,150.243,79.852,66.742
278.420,153.202,80.551,67.326
275.221,154.074,80.551,67.326
273.186,154.947,80.551,67.326
269.987,155.819,80.551,67.326
273.767,158.436,80.551,67.326
269.987,156.982,80.551,67.326
272.022,159.600,80.551,67.326
269.987,159.309,80.551,67.326
267.951,158.436,80.551,67.326
269.987,161.635,80.551,67.326
266.788,161.926,80.551,67.326
263.589,161.635,80.551,67.326
265.625,164.834,80.551,67.326
263.007,161.635,80.551,67.326
265.625,164.252,80.551,67.326
261.844,162.217,80.551,67.326
258.645,162.508,80.551,67.326
256.610,162.798,80.551,67.326
254.574,162.508,80.551,67.326
255.446,163.962,80.551,67.326
251.666,163.089,80.551,67.326
254.283,163.962,80.551,67.326
251.666,163.089,80.551,67.326
254.865,163.962,80.551,67.326
253.992,163.671,80.551,67.326
256.610,164.543,80.551,67.326
253.411,165.416,80.551,67.326
254.283,166.288,80.551,67.326
251.666,167.160,80.551,67.326
253.702,168.615,80.551,67.326
