298.000,149.000,67.000,122.000
297.396,150.604,67.000,122.000
294.083,149.500,67.000,122.000
292.979,148.396,67.000,122.000
289.666,149.500,67.000,122.000
287.089,147.660,67.000,122.000
288.930,149.500,67.000,122.000
285.617,147.660,67.000,122.000
286.721,150.972,67.000,122.000
284.145,146.923,67.000,122.000
281.568,143.611,67.000,122.000
284.145,147.660,67.000,122.000
281.568,143.611,67.000,122.000
278.991,141.770,67.000,122.000
277.566,140.105,67.586,123.068
279.174,141.469,68.178,124.144
275.803,139.596,68.178,124.144
273.181,138.473,68.178,124.144
269.061,138.098,68.178,124.144
265.690,136.974,68.178,124.144
262.319,136.600,68.178,124.144
258.948,135.476,68.178,124.144
254.078,132.854,68.178,124.144
253.704,131.731,68.178,124.144
250.333,134.352,68.178,124.144
248.460,132.480,68.178,124.144
248.834,137.349,68.178,124.144
246.962,136.974,68.178,124.144
243.591,135.102,68.178,124.144
240.969,133.229,68.178,124.144
237.598,134.352,68.178,124.144
234.227,131.731,68.178,124.144
228.608,136.600,68.178,124.144
223.739,133.229,68.178,124.144
215.124,130.607,68.178,124.144
218.495,131.731,68.178,124.144
220.368,129.858,68.178,124.144
216.997,128.734,68.178,124.144
218.121,128.360,68.178,124.144
215.499,128.734,68.178,124.144
200.077,130.360,67.596,123.085
212.321,129.799,67.019,122.034
216.371,130.167,67.019,122.034
213.058,130.535,67.019,122.034
215.635,130.903,67.019,122.034
221.158,131.271,67.019,122.034
227.417,133.112,67.019,122.034
223.367,129.062,67.019,122.034
217.844,124.276,67.019,122.034
212.024,120.127,66.446,120.992
209.814,118.863,65.879,119.959
211.155,121.140,65.317,118.935
209.360,117.911,65.317,118.935
210.437,118.987,65.317,118.935
207.565,117.044,64.759,117.920
208.883,119.977,64.206,116.913
206.748,116.691,63.658,115.915
207.097,113.543,63.658,115.915
192.122,110.527,64.215,116.929
201.647,108.763,64.215,116.929
202.265,110.294,63.667,115.931
200.516,107.146,63.667,115.931
200.447,106.618,63.124,114.942
199.406,104.190,63.124,114.942
201.834,107.311,63.124,114.942
198.382,103.403,62.585,113.960
195.287,98.246,62.585,113.960
197.694,102.028,62.585,113.960
201.476,105.123,62.585,113.960
197.006,99.277,62.585,113.960
198.038,101.684,62.585,113.960
197.006,99.277,62.585,113.960
197.085,101.951,63.132,114.958
196.044,97.442,63.132,114.958
191.858,90.895,63.685,115.963
188.351,93.615,64.242,116.978
185.175,86.204,64.242,116.978
180.915,81.713,64.804,118.002
177.347,83.021,65.371,119.034
184.055,88.022,65.943,120.076
190.214,92.732,65.943,120.076
191.782,94.063,66.520,121.126
189.618,91.660,67.102,122.186
161.740,170.100,67.689,123.255
159.137,174.934,67.689,123.255
157.278,174.562,67.689,123.255
156.162,172.703,67.689,123.255
155.046,174.562,67.689,123.255
161.993,170.592,68.282,124.334
157.116,176.970,68.282,124.334
153.357,175.272,68.879,125.422
152.978,178.678,68.879,125.422
152.600,177.543,68.879,125.422
151.465,180.948,68.879,125.422
149.573,179.056,68.879,125.422
150.708,180.948,68.879,125.422
148.816,179.056,68.879,125.422
148.902,182.774,69.482,126.519
146.994,182.392,69.482,126.519
145.848,185.828,69.482,126.519
141.649,184.683,69.482,126.519
140.504,188.118,69.482,126.519
138.596,186.973,69.482,126.519
138.977,188.882,69.482,126.519
133.587,187.937,70.090,127.626
128.939,186.194,70.703,128.743
127.773,188.913,70.703,128.743
123.881,186.359,71.322,129.870
119.151,188.603,71.946,131.006
227.009,102.545,72.575,132.152
223.040,111.278,71.956,131.024
220.647,115.308,71.342,129.906
218.275,114.715,70.733,128.797
216.332,116.658,70.733,128.797
215.166,114.715,70.733,128.797
210.475,116.940,71.351,129.924
206.947,114.980,71.351,129.924
205.771,111.452,71.351,129.924
204.164,114.684,70.742,128.814
202.998,111.186,70.742,128.814
201.832,109.243,70.742,128.814
201.443,108.077,70.742,128.814
201.366,110.522,70.138,127.715
199.439,110.908,70.138,127.715
198.283,108.981,70.138,127.715
197.127,111.678,70.138,127.715
195.971,110.522,70.138,127.715
194.480,113.518,70.752,128.832
196.423,114.684,70.752,128.832
196.034,111.963,70.752,128.832
198.755,98.359,70.752,128.832
196.454,104.568,71.371,129.960
194.936,105.205,71.996,131.097
193.749,103.228,71.996,131.097
191.772,104.414,71.996,131.097
188.619,102.625,72.626,132.244
166.674,98.236,72.626,132.244
169.709,109.310,72.006,131.115
165.771,104.853,71.391,129.996
166.163,103.676,71.391,129.996
165.449,105.921,72.016,131.133
164.262,104.734,72.016,131.133
165.163,102.944,72.646,132.281
166.360,104.141,72.646,132.281
168.356,104.541,72.646,132.281
169.553,103.343,72.646,132.281
172.347,102.146,72.646,132.281
173.256,106.067,73.282,133.438
174.464,107.275,73.282,133.438
175.672,110.898,73.282,133.438
177.685,112.911,73.282,133.438
179.698,115.729,73.282,133.438
180.906,116.937,73.282,133.438
182.919,116.535,73.282,133.438
186.542,117.742,73.282,133.438
203.854,117.340,73.282,133.438
213.919,123.379,73.282,133.438
219.153,118.145,73.282,133.438
217.945,115.327,73.282,133.438
219.958,118.950,73.282,133.438
224.386,120.963,73.282,133.438
227.205,122.976,73.282,133.438
227.910,123.939,72.656,132.299
229.906,125.934,72.656,132.299
231.103,127.132,72.656,132.299
234.140,124.971,72.036,131.170
236.377,126.689,71.421,130.050
239.124,127.081,71.421,130.050
241.086,128.258,71.421,130.050
244.836,126.134,70.811,128.940
247.559,127.301,70.811,128.940
243.280,129.246,70.811,128.940
245.480,130.935,70.207,127.839
247.408,134.406,70.207,127.839
250.108,137.106,70.207,127.839
251.537,138.781,69.607,126.748
254.979,142.987,69.607,126.748
255.361,136.486,69.607,126.748
218.267,138.398,69.607,126.748
319.606,132.662,69.607,126.748
345.993,139.163,69.607,126.748
361.672,143.370,69.607,126.748
368.311,140.553,69.013,125.666
374.757,143.965,69.013,125.666
335.704,132.970,69.013,125.666
339.677,139.027,69.617,126.765
331.924,144.353,70.226,127.874
329.995,143.195,70.226,127.874
330.381,145.896,70.226,127.874
326.137,143.195,70.226,127.874
310.252,141.106,69.627,126.783
306.044,143.019,69.627,126.783
299.541,141.106,69.627,126.783
295.333,141.489,69.627,126.783
283.315,137.925,69.032,125.700
282.500,136.611,68.443,124.627
279.503,137.222,69.042,125.718
257.882,141.395,69.042,125.718
252.951,141.015,69.042,125.718
249.538,139.119,69.042,125.718
255.067,141.290,69.646,126.818
258.511,140.908,69.646,126.818
260.424,138.994,69.646,126.818
289.465,127.964,69.051,125.735
274.776,134.024,69.656,126.836
270.966,133.445,69.061,125.753
273.622,129.272,69.061,125.753
274.760,134.204,69.061,125.753
277.416,132.307,69.061,125.753
280.614,131.368,69.665,126.853
285.589,127.158,69.665,126.853
288.269,130.603,69.665,126.853
295.540,126.392,69.665,126.853
298.985,127.541,69.665,126.853
293.681,123.975,69.071,125.770
292.543,129.667,69.071,125.770
296.717,123.975,69.071,125.770
300.693,126.925,69.675,126.871
303.373,123.480,69.675,126.871
296.866,130.753,69.675,126.871
299.545,130.370,69.675,126.871
300.417,130.992,70.285,127.981
299.259,132.151,70.285,127.981
299.347,131.986,70.900,129.101
296.621,134.713,70.900,129.101
299.105,135.346,71.520,130.230
300.806,131.151,72.146,131.370
304.373,115.693,72.146,131.370
306.355,142.249,72.146,131.370
301.995,133.133,72.146,131.370
303.977,133.530,72.146,131.370
304.373,136.304,72.146,131.370
344.405,128.773,72.146,131.370
302.788,143.439,72.146,131.370
299.221,146.213,72.146,131.370
295.653,145.024,72.146,131.370
290.501,140.664,72.146,131.370
296.446,142.646,72.146,131.370
289.708,138.286,72.146,131.370
283.442,135.366,71.530,130.248
292.481,131.830,71.530,130.248
299.947,133.009,71.530,130.248
297.982,132.616,71.530,130.248
298.375,135.366,71.530,130.248
296.410,136.545,71.530,130.248
296.017,138.510,71.530,130.248
294.496,139.149,72.156,131.388
290.928,140.338,72.156,131.388
287.361,142.320,72.156,131.388
283.414,140.174,71.540,130.266
279.877,139.781,71.540,130.266
256.688,148.034,71.540,130.266
260.001,146.256,72.166,131.406
267.534,140.309,72.166,131.406
274.274,137.533,72.166,131.406
273.085,137.137,72.166,131.406
273.481,137.533,72.166,131.406
269.120,137.930,72.166,131.406
267.138,139.912,72.166,131.406
263.977,140.556,72.797,132.556
261.977,138.557,72.797,132.556
257.970,136.747,73.434,133.716
255.952,133.923,73.434,133.716
253.564,132.097,74.077,134.886
252.822,130.256,74.725,136.066
246.664,131.487,74.725,136.066
240.867,132.996,75.379,137.257
235.484,131.754,75.379,137.257
233.413,131.340,75.379,137.257
230.514,134.238,75.379,137.257
227.213,134.911,76.038,138.458
220.947,131.987,76.038,138.458
216.352,131.569,76.038,138.458
212.592,130.316,76.038,138.458
207.997,129.063,76.038,138.458
192.540,122.797,76.038,138.458
184.603,119.037,76.038,138.458
179.173,116.948,76.038,138.458
172.907,114.024,76.038,138.458
166.640,116.948,76.038,138.458
161.210,115.695,76.038,138.458
152.437,107.758,76.038,138.458
155.361,122.379,76.038,138.458
147.424,121.126,76.038,138.458
140.323,119.037,76.038,138.458
134.534,115.960,75.389,137.276
130.806,113.889,75.389,137.276
124.108,111.166,76.049,138.477
118.677,111.584,76.049,138.477
114.081,111.166,76.049,138.477
108.650,113.255,76.049,138.477
103.218,112.837,76.049,138.477
96.951,114.926,76.049,138.477
90.684,111.166,76.049,138.477
82.746,114.926,76.049,138.477
76.479,111.166,76.049,138.477
71.048,109.913,76.049,138.477
66.452,107.824,76.049,138.477
61.856,107.406,76.049,138.477
52.806,94.546,75.400,137.295
47.874,110.893,74.756,136.123
45.820,111.304,74.756,136.123
42.533,113.087,74.118,134.961
38.054,111.051,74.118,134.961
33.575,111.458,74.118,134.961
29.910,110.236,74.118,134.961
24.617,109.015,74.118,134.961
18.509,108.608,74.118,134.961
15.263,107.600,74.766,136.142
9.463,106.583,75.421,137.333
13.804,102.160,76.081,138.535
29.269,93.382,76.081,138.535
73.064,101.773,76.746,139.747
81.804,100.730,77.418,140.970
83.931,99.454,77.418,140.970
75.309,101.889,78.095,142.203
72.768,99.947,78.778,143.447
68.008,100.380,78.778,143.447
63.247,101.678,78.778,143.447
61.083,101.246,78.778,143.447
57.188,100.813,78.778,143.447
58.174,100.629,79.468,144.703
50.219,98.653,80.163,145.969
65.599,96.269,79.479,144.723
73.180,90.496,78.800,143.487
83.042,94.750,79.490,144.743
81.731,90.819,79.490,144.743
85.662,96.497,79.490,144.743
92.392,100.949,78.811,143.507
82.727,91.889,79.501,144.763
86.658,101.061,79.501,144.763
92.130,107.143,80.196,146.029
96.977,111.989,80.196,146.029
96.174,105.480,80.898,147.307
100.831,108.935,81.606,148.596
100.383,104.900,81.606,148.596
103.521,104.452,81.606,148.596
103.073,104.003,81.606,148.596
107.771,109.327,82.320,149.896
109.729,107.281,83.040,151.208
117.649,111.932,82.332,149.917
123.316,113.594,83.052,151.229
130.161,116.788,83.052,151.229
137.005,115.419,83.052,151.229
144.761,117.701,83.052,151.229
148.868,116.332,83.052,151.229
158.450,114.051,83.052,151.229
168.031,116.332,83.052,151.229
170.006,100.237,83.779,152.552
176.202,111.216,83.063,151.250
179.396,116.236,83.063,151.250
171.638,117.605,83.063,151.250
174.833,121.712,83.063,151.250
178.940,123.081,83.063,151.250
182.134,125.362,83.063,151.250
194.455,126.731,83.063,151.250
200.387,123.537,83.063,151.250
208.311,125.518,82.354,149.959
212.635,124.834,81.651,148.679
220.094,120.965,82.366,149.980
225.072,125.038,82.366,149.980
228.239,127.300,82.366,149.980
178.916,123.228,82.366,149.980
181.179,129.110,82.366,149.980
187.966,123.228,82.366,149.980
195.659,130.920,82.366,149.980
