163.000,44.000,47.000,164.000
162.885,40.919,47.411,165.435
164.741,35.656,47.826,166.883
167.445,30.348,48.245,168.343
165.397,25.022,48.245,168.343
167.445,16.420,48.245,168.343
165.397,10.275,48.245,168.343
163.349,3.312,48.245,168.343
162.120,-7.749,48.245,168.343
160.891,-14.713,48.245,168.343
162.120,-16.761,48.245,168.343
158.970,-13.718,48.667,169.816
157.730,-13.305,48.667,169.816
158.970,-12.065,48.667,169.816
156.904,-7.520,48.667,169.816
157.962,-2.757,49.093,171.302
161.592,12.302,49.522,172.801
166.116,28.355,49.955,174.313
170.680,34.114,50.393,175.838
167.685,37.965,50.393,175.838
171.536,45.239,50.393,175.838
168.541,49.946,50.393,175.838
174.103,54.652,50.393,175.838
168.541,51.657,50.393,175.838
175.815,57.220,50.393,175.838
170.252,52.513,50.393,175.838
174.959,58.075,50.393,175.838
164.262,55.080,50.393,175.838
154.421,52.941,50.393,175.838
147.147,53.369,50.393,175.838
141.585,49.518,50.393,175.838
137.208,47.346,49.962,174.337
131.693,42.680,49.962,174.337
133.814,40.559,49.962,174.337
132.541,36.741,49.962,174.337
136.360,35.468,49.962,174.337
139.329,35.892,49.962,174.337
143.147,34.620,49.962,174.337
146.117,32.499,49.962,174.337
150.783,32.074,49.962,174.337
154.601,34.195,49.962,174.337
155.025,38.013,49.962,174.337
154.601,39.286,49.962,174.337
152.480,41.407,49.962,174.337
154.601,40.135,49.962,174.337
156.722,42.256,49.962,174.337
154.601,42.680,49.962,174.337
150.783,50.740,49.962,174.337
154.601,55.407,49.962,174.337
151.632,52.437,49.962,174.337
156.298,56.255,49.962,174.337
160.116,58.376,49.962,174.337
156.298,60.497,49.962,174.337
159.268,62.618,49.962,174.337
154.601,61.346,49.962,174.337
155.025,65.164,49.962,174.337
152.056,68.133,49.962,174.337
147.389,68.558,49.962,174.337
141.874,68.133,49.962,174.337
136.360,67.709,49.962,174.337
129.148,64.740,49.962,174.337
120.239,59.225,49.962,174.337
117.846,64.115,50.400,175.862
111.427,59.407,50.400,175.862
106.382,55.568,50.841,177.401
102.177,57.889,51.285,178.953
99.129,60.066,51.285,178.953
99.351,62.408,51.734,180.519
96.276,61.090,51.734,180.519
102.803,64.352,52.187,182.099
100.588,63.909,52.187,182.099
105.462,64.352,52.187,182.099
105.019,59.478,52.187,182.099
107.403,57.229,51.741,180.544
109.600,59.426,51.741,180.544
107.403,51.078,51.741,180.544
113.196,52.278,51.300,179.003
117.116,48.358,51.300,179.003
121.036,48.793,51.300,179.003
120.601,45.744,51.300,179.003
122.945,49.483,50.862,177.475
119.370,47.291,50.428,175.960
126.649,50.288,50.428,175.960
129.788,50.622,49.997,174.458
132.072,53.437,49.570,172.968
130.231,52.122,49.147,171.492
133.986,52.539,49.147,171.492
136.232,52.864,48.728,170.028
139.265,49.957,48.312,168.576
143.073,51.877,47.899,167.137
147.642,54.575,47.490,165.711
149.812,58.823,47.085,164.296
145.723,58.354,46.683,162.893
149.402,62.529,46.284,161.503
146.149,65.136,45.889,160.124
149.766,72.281,45.498,158.757
147.322,75.597,45.109,157.402
148.636,79.632,44.724,156.058
150.679,82.892,44.342,154.726
154.068,84.021,44.342,154.726
153.155,82.110,43.964,153.405
158.754,83.230,43.964,153.405
156.888,82.110,43.964,153.405
161.741,80.991,43.964,153.405
165.100,79.124,43.964,153.405
163.980,75.018,43.964,153.405
166.593,74.645,43.964,153.405
168.460,72.032,43.964,153.405
167.340,68.672,43.964,153.405
170.700,71.285,43.964,153.405
165.847,70.912,43.964,153.405
168.460,72.778,43.964,153.405
165.100,73.151,43.964,153.405
163.980,72.778,43.964,153.405
160.890,75.254,43.588,152.096
157.105,75.542,43.216,150.797
159.673,76.643,43.216,150.797
162.242,79.211,43.216,150.797
158.488,75.201,42.847,149.510
159.580,77.748,42.847,149.510
154.439,72.352,42.482,148.234
151.192,71.270,42.482,148.234
147.946,69.466,42.482,148.234
146.651,64.751,42.853,149.531
145.559,64.387,42.853,149.531
148.106,67.662,42.853,149.531
144.104,64.387,42.853,149.531
147.379,69.117,42.853,149.531
149.056,71.074,43.228,150.839
151.500,73.047,43.607,152.159
150.930,71.243,43.988,153.490
153.544,69.376,43.988,153.490
159.147,74.231,43.988,153.490
155.785,70.870,43.988,153.490
156.159,68.255,43.988,153.490
157.279,67.882,43.988,153.490
158.400,68.255,43.988,153.490
161.761,69.376,43.988,153.490
158.400,67.508,43.988,153.490
160.267,69.376,43.988,153.490
153.918,66.761,43.988,153.490
147.568,67.135,43.988,153.490
141.966,64.520,43.988,153.490
138.605,66.388,43.988,153.490
133.002,66.014,43.988,153.490
126.653,62.653,43.988,153.490
121.050,63.026,43.988,153.490
115.448,60.412,43.988,153.490
112.833,62.279,43.988,153.490
110.219,64.147,43.988,153.490
109.845,66.014,43.988,153.490
107.231,67.882,43.988,153.490
107.604,71.990,43.988,153.490
109.326,75.530,44.373,154.834
110.290,77.556,44.761,156.188
113.601,80.378,45.153,157.555
113.984,83.062,45.153,157.555
116.668,83.446,45.153,157.555
120.118,83.062,45.153,157.555
122.802,82.679,45.153,157.555
127.019,81.529,45.153,157.555
132.770,76.545,45.153,157.555
136.221,73.861,45.153,157.555
136.604,71.944,45.153,157.555
136.221,68.493,45.153,157.555
133.537,65.810,45.153,157.555
130.853,63.893,45.153,157.555
128.169,63.509,45.153,157.555
130.086,64.660,45.153,157.555
125.102,61.976,45.153,157.555
120.118,60.059,45.153,157.555
115.901,65.043,45.153,157.555
112.727,69.082,44.767,156.210
111.064,73.828,44.385,154.876
109.934,72.697,44.385,154.876
111.226,77.403,44.006,153.554
109.358,75.534,44.006,153.554
108.452,78.013,43.631,152.244
110.445,79.747,43.258,150.944
107.140,77.910,43.258,150.944
106.966,81.780,42.889,149.655
108.925,84.905,42.523,148.378
107.346,81.664,42.160,147.111
105.556,77.010,42.160,147.111
105.914,75.220,42.160,147.111
103.408,71.283,42.160,147.111
105.914,70.209,42.160,147.111
103.161,64.061,42.529,148.398
98.903,60.821,42.901,149.697
95.355,56.806,43.276,151.007
89.516,55.015,43.655,152.328
83.956,53.903,43.655,152.328
81.106,56.656,44.037,153.661
76.993,54.787,44.037,153.661
73.628,58.152,44.037,153.661
69.514,57.778,44.037,153.661
67.645,55.908,44.037,153.661
73.254,60.021,44.037,153.661
78.862,61.143,44.037,153.661
77.741,63.760,44.037,153.661
80.358,64.882,44.037,153.661
79.236,60.769,44.037,153.661
79.610,62.639,44.037,153.661
80.732,57.030,44.037,153.661
78.862,57.404,44.037,153.661
80.732,55.534,44.037,153.661
78.114,52.917,44.037,153.661
79.984,57.778,44.037,153.661
84.097,61.891,44.037,153.661
97.782,65.830,43.661,152.349
104.826,60.269,43.661,152.349
110.387,56.191,43.661,152.349
117.445,60.820,43.288,151.049
123.694,64.128,43.288,151.049
118.915,63.025,43.288,151.049
117.813,67.803,43.288,151.049
122.521,62.998,43.667,152.370
119.184,62.628,43.667,152.370
118.072,64.482,43.667,152.370
122.821,64.955,44.049,153.704
117.211,60.093,44.049,153.704
113.845,61.963,44.049,153.704
110.969,60.140,44.435,155.048
115.119,65.800,44.435,155.048
109.123,60.094,44.823,156.405
103.856,55.119,45.216,157.774
99.633,50.895,45.216,157.774
108.486,54.534,45.611,159.154
115.844,60.343,45.611,159.154
120.879,63.829,45.611,159.154
116.619,58.019,45.611,159.154
119.330,61.505,45.611,159.154
123.590,64.216,45.611,159.154
126.301,66.152,45.611,159.154
123.590,62.667,45.611,159.154
127.850,66.152,45.611,159.154
123.590,63.441,45.611,159.154
129.399,66.152,45.611,159.154
132.110,66.540,45.611,159.154
135.596,67.701,45.611,159.154
138.307,66.540,45.611,159.154
143.341,64.603,45.611,159.154
148.302,62.716,46.010,160.547
153.306,60.812,46.413,161.952
160.778,62.931,46.819,163.369
158.791,64.124,46.819,163.369
154.104,62.187,47.229,164.798
157.713,64.994,47.229,164.798
153.302,64.593,47.229,164.798
146.484,63.390,47.229,164.798
138.865,60.583,47.229,164.798
135.781,60.273,47.642,166.240
131.841,59.131,48.059,167.695
128.168,57.907,48.059,167.695
122.864,56.682,48.059,167.695
120.823,57.090,48.059,167.695
126.944,55.050,48.059,167.695
128.168,52.194,48.059,167.695
135.922,50.970,48.059,167.695
155.101,51.378,48.059,167.695
152.244,45.257,48.059,167.695
154.284,44.849,48.059,167.695
156.325,45.257,48.059,167.695
159.181,47.297,48.059,167.695
162.038,44.441,48.059,167.695
165.826,48.739,47.649,166.263
170.276,53.190,47.649,166.263
166.635,54.403,47.649,166.263
171.085,58.045,47.649,166.263
158.263,53.623,47.242,164.844
157.291,57.849,46.839,163.437
151.325,52.679,46.839,163.437
134.224,56.258,46.839,163.437
124.282,57.451,46.839,163.437
119.907,55.463,46.839,163.437
113.941,56.656,46.839,163.437
107.976,55.463,46.839,163.437
102.010,54.269,46.839,163.437
104.794,56.258,46.839,163.437
106.783,57.451,46.839,163.437
111.157,63.417,46.839,163.437
116.328,65.405,46.839,163.437
119.112,62.621,46.839,163.437
121.895,60.633,46.839,163.437
123.884,57.849,46.839,163.437
123.486,51.088,46.839,163.437
125.475,53.872,46.839,163.437
129.054,50.292,46.839,163.437
128.656,43.531,46.839,163.437
137.803,36.771,46.839,163.437
144.564,37.168,46.839,163.437
145.757,33.589,46.839,163.437
143.769,33.987,46.839,163.437
142.576,34.384,46.839,163.437
145.360,35.577,46.839,163.437
141.780,39.157,46.839,163.437
140.587,42.736,46.839,163.437
143.236,46.505,47.248,164.867
136.416,50.116,47.248,164.867
143.200,38.292,47.662,166.309
140.367,35.459,47.662,166.309
138.343,41.529,47.662,166.309
138.748,43.553,47.662,166.309
136.725,44.767,47.662,166.309
136.101,45.284,48.079,167.765
132.427,46.508,48.079,167.765
129.288,48.703,48.500,169.232
131.186,56.827,48.924,170.713
129.109,73.859,48.924,170.713
133.679,70.120,48.924,170.713
133.263,68.043,48.924,170.713
134.509,67.628,48.924,170.713
137.276,63.900,49.352,172.207
136.019,61.805,49.352,172.207
137.950,57.186,49.784,173.714
142.499,54.260,50.219,175.234
138.345,50.434,50.659,176.767
136.801,48.337,51.102,178.314
138.801,49.781,51.549,179.874
133.641,49.443,52.000,181.448
130.550,46.352,52.000,181.448
130.991,50.326,52.000,181.448
131.217,52.700,52.455,183.036
133.444,56.709,52.455,183.036
130.931,53.625,52.914,184.637
134.076,59.466,52.914,184.637
137.069,64.645,53.377,186.253
141.148,69.630,53.377,186.253
143.414,68.271,53.377,186.253
144.773,69.630,53.377,186.253
142.507,68.271,53.377,186.253
140.241,65.098,53.377,186.253
142.330,57.315,53.844,187.882
135.066,50.401,54.315,189.526
128.683,46.263,54.791,191.185
122.244,40.181,55.270,192.858
125.369,40.780,55.754,194.545
118.268,36.520,55.754,194.545
112.114,32.259,55.754,194.545
108.800,31.786,55.754,194.545
105.486,27.525,55.754,194.545
106.907,27.999,55.754,194.545
104.540,30.366,55.754,194.545
101.226,27.052,55.754,194.545
103.593,31.312,55.754,194.545
103.119,31.786,55.754,194.545
105.486,33.206,55.754,194.545
104.066,30.839,55.754,194.545
106.433,30.366,55.754,194.545
101.226,27.999,55.754,194.545
104.540,31.312,55.754,194.545
99.332,28.945,55.754,194.545
100.752,30.366,55.754,194.545
101.226,27.999,55.754,194.545
102.646,30.366,55.754,194.545
100.279,31.786,55.754,194.545
101.903,33.078,55.278,192.884
105.344,36.191,54.806,191.238
109.664,39.277,54.338,189.605
114.739,36.970,54.338,189.605
118.891,37.432,54.338,189.605
123.967,36.970,54.338,189.605
128.119,37.432,54.338,189.605
127.658,39.738,54.338,189.605
129.964,40.200,54.338,189.605
135.040,41.584,54.338,189.605
138.269,42.045,54.338,189.605
138.731,38.816,54.338,189.605
138.269,39.277,54.338,189.605
137.808,40.661,54.338,189.605
138.490,42.821,53.874,187.987
140.951,44.962,53.414,186.382
140.498,41.787,53.414,186.382
143.823,59.839,52.958,184.791
141.856,64.576,52.506,183.213
138.165,70.143,52.058,181.649
129.331,65.312,51.614,180.099
130.834,69.074,51.173,178.561
122.999,68.564,50.736,177.037
123.635,74.783,50.303,175.526
118.433,70.949,49.874,174.027
115.754,77.063,49.448,172.542
117.194,81.486,49.026,171.069
119.434,85.059,48.607,169.608
115.212,80.548,48.192,168.161
119.011,86.456,47.781,166.725
125.152,92.313,47.373,165.302
129.671,90.271,46.969,163.891
134.151,89.025,46.568,162.492
137.050,87.790,46.170,161.104
141.454,88.095,45.776,159.729
138.995,87.640,45.385,158.366
145.546,84.942,45.385,158.366
152.097,81.474,45.385,158.366
160.190,78.776,45.385,158.366
168.283,79.162,45.385,158.366
174.834,80.318,45.385,158.366
179.843,79.932,45.385,158.366
181.770,81.088,45.385,158.366
186.780,79.162,45.385,158.366
190.248,81.088,45.385,158.366
191.404,77.620,45.385,158.366
194.982,79.424,44.998,157.014
195.364,79.806,44.998,157.014
197.419,83.086,44.614,155.673
200.197,86.337,44.233,154.344
202.218,88.828,43.855,153.027
206.401,92.751,43.481,151.721
211.201,92.381,43.481,151.721
215.262,90.535,43.481,151.721
221.538,94.597,43.481,151.721
214.160,91.282,43.110,150.425
208.987,90.139,42.742,149.141
213.064,90.421,42.377,147.868
217.809,88.595,42.015,146.606
217.452,83.244,42.015,146.606
219.235,78.606,42.015,146.606
215.761,73.211,42.383,147.889
212.993,64.818,42.754,149.183
207.548,58.647,42.754,149.183
205.007,52.475,42.754,149.183
203.192,47.030,42.754,149.183
205.145,49.438,42.389,147.909
206.225,51.237,42.389,147.909
205.865,50.877,42.389,147.909
202.626,49.798,42.389,147.909
201.753,48.673,42.027,146.647
201.396,44.034,42.027,146.647
198.185,45.819,42.027,146.647
194.259,46.889,42.027,146.647
196.757,50.814,42.027,146.647
191.405,55.453,42.027,146.647
187.479,60.806,42.027,146.647
190.691,73.296,42.027,146.647
185.648,77.055,41.668,145.395
