302.000,135.000,67.000,81.000
298.135,138.119,67.000,81.000
295.516,143.066,67.000,81.000
295.807,146.849,67.000,81.000
297.844,150.051,67.000,81.000
296.971,147.432,67.000,81.000
301.918,146.558,67.000,81.000
306.283,148.014,67.000,81.000
309.484,150.633,67.000,81.000
309.193,152.088,67.000,81.000
311.230,154.707,67.000,81.000
310.357,149.760,67.000,81.000
316.606,146.982,66.428,80.309
327.281,143.231,66.428,80.309
333.917,139.481,66.428,80.309
335.937,136.884,66.428,80.309
334.494,134.287,66.428,80.309
337.668,134.576,66.428,80.309
336.225,131.402,66.428,80.309
340.553,126.497,66.428,80.309
347.190,122.169,66.428,80.309
352.095,117.264,66.428,80.309
358.154,114.667,66.428,80.309
364.790,117.841,66.428,80.309
359.885,121.015,66.428,80.309
360.750,124.189,66.428,80.309
364.501,126.785,66.428,80.309
358.310,119.528,65.861,79.623
356.308,113.520,65.861,79.623
353.733,101.792,65.861,79.623
350.220,95.286,66.437,80.320
346.468,90.957,66.437,80.320
345.290,90.902,67.019,81.022
342.671,94.104,67.019,81.022
347.037,98.470,67.019,81.022
333.938,100.508,67.019,81.022
340.507,112.387,67.605,81.731
354.308,123.251,67.605,81.731
359.731,123.797,68.197,82.447
364.594,116.453,68.793,83.168
363.100,107.788,68.793,83.168
359.216,97.927,68.793,83.168
361.307,91.652,68.793,83.168
364.594,92.549,68.793,83.168
361.681,89.697,68.206,82.458
364.574,95.540,67.624,81.754
367.217,103.471,67.624,81.754
371.623,119.626,67.624,81.754
370.742,142.242,67.624,81.754
383.372,146.648,67.624,81.754
332.558,149.291,67.624,81.754
331.089,151.348,67.624,81.754
365.455,106.996,67.624,81.754
367.176,106.485,67.046,81.056
363.390,110.271,67.046,81.056
360.769,114.056,67.046,81.056
347.665,120.172,67.046,81.056
345.044,136.189,67.046,81.056
312.137,165.019,67.046,81.056
292.625,168.805,67.046,81.056
288.451,200.986,67.633,81.765
292.270,187.767,67.633,81.765
279.639,147.521,67.633,81.765
273.622,122.774,68.225,82.481
270.155,93.926,67.643,81.777
273.774,99.893,68.234,82.492
279.405,107.302,68.234,82.492
255.991,102.856,68.234,82.492
260.437,124.492,68.234,82.492
264.695,127.472,68.831,83.214
273.963,149.895,68.831,83.214
286.221,172.318,68.831,83.214
273.963,175.008,68.831,83.214
269.478,172.318,68.831,83.214
261.406,152.287,68.831,83.214
255.896,128.940,69.434,83.942
259.816,134.066,69.434,83.942
257.102,119.289,69.434,83.942
253.181,112.956,69.434,83.942
240.822,111.043,70.041,84.677
244.168,122.907,70.041,84.677
233.520,137.206,70.041,84.677
228.349,146.637,70.041,84.677
232.304,158.501,70.041,84.677
237.922,169.045,70.654,85.418
240.684,174.262,70.654,85.418
237.544,167.283,71.272,86.165
232.900,164.496,71.272,86.165
228.257,165.425,71.272,86.165
223.613,169.450,71.272,86.165
220.827,176.570,71.272,86.165
218.660,181.213,71.272,86.165
222.065,177.808,71.272,86.165
219.651,175.458,70.664,85.430
215.661,173.309,70.664,85.430
215.065,169.182,70.061,84.700
217.195,174.355,70.061,84.700
218.978,174.420,69.463,83.977
218.073,170.498,69.463,83.977
213.547,159.334,69.463,83.977
218.073,160.240,69.463,83.977
220.788,157.524,69.463,83.977
226.521,160.843,69.463,83.977
237.708,161.496,68.870,83.260
267.762,242.997,69.472,83.989
277.664,246.032,70.080,84.724
285.158,247.845,70.693,85.465
331.114,163.438,71.312,86.213
310.567,153.834,70.703,85.477
321.930,155.369,70.703,85.477
314.867,138.479,70.703,85.477
311.095,142.197,71.322,86.225
308.926,146.844,71.322,86.225
313.573,159.545,71.322,86.225
310.166,156.137,71.322,86.225
307.378,170.697,71.322,86.225
303.970,154.898,71.322,86.225
298.704,147.154,71.322,86.225
297.155,149.942,71.322,86.225
293.350,154.327,71.946,86.979
296.558,110.705,72.575,87.740
331.005,158.134,71.956,86.991
320.691,163.447,71.956,86.991
342.481,187.092,72.585,87.753
327.033,181.102,72.585,87.753
304.648,144.215,72.585,87.753
305.594,150.836,72.585,87.753
313.593,157.670,71.966,87.003
299.527,133.601,71.966,87.003
264.831,88.277,71.966,87.003
250.739,2.350,72.596,87.765
247.512,7.461,73.231,88.533
243.606,11.312,73.872,89.307
239.435,17.408,73.872,89.307
233.520,13.400,74.518,90.089
234.190,20.636,75.170,90.877
241.046,16.392,75.170,90.877
242.026,21.289,75.170,90.877
235.822,15.086,75.170,90.877
240.720,29.778,75.170,90.877
232.694,45.110,75.828,91.672
238.951,30.947,75.828,91.672
238.622,34.570,75.828,91.672
271.887,-24.384,75.828,91.672
266.946,-25.373,75.828,91.672
229.729,2.623,75.828,91.672
225.448,0.976,75.828,91.672
315.252,79.908,76.491,92.474
319.571,76.254,76.491,92.474
313.259,81.902,76.491,92.474
308.940,76.254,76.491,92.474
297.976,79.244,76.491,92.474
291.852,85.310,77.160,93.284
286.155,86.985,77.160,93.284
280.457,86.650,77.160,93.284
277.715,85.898,77.836,94.100
278.729,84.208,77.836,94.100
279.428,88.301,78.517,94.923
281.815,91.371,78.517,94.923
286.715,66.136,79.204,95.754
300.820,71.985,79.204,95.754
349.327,132.188,79.204,95.754
353.111,136.660,79.204,95.754
352.079,139.068,79.204,95.754
335.159,146.760,79.897,96.592
372.159,139.579,80.596,97.437
376.009,148.330,80.596,97.437
383.192,135.346,81.301,98.289
388.489,117.336,81.301,98.289
393.563,117.992,82.012,99.149
486.703,211.206,81.312,98.303
513.898,208.027,81.312,98.303
595.482,257.119,81.312,98.303
593.716,262.416,81.312,98.303
598.307,265.595,81.312,98.303
546.185,168.509,82.024,99.163
542.978,161.740,82.024,99.163
548.322,162.809,82.024,99.163
545.116,158.890,82.024,99.163
550.680,173.564,81.324,98.317
553.439,168.125,80.629,97.477
547.485,155.868,80.629,97.477
552.955,160.042,79.941,96.645
542.284,146.451,80.641,97.491
468.379,186.030,80.641,97.491
461.547,182.687,79.952,96.659
466.756,185.118,79.952,96.659
484.467,166.713,79.952,96.659
483.761,186.579,80.652,97.504
499.566,183.639,81.357,98.357
492.328,151.697,82.069,99.218
587.505,201.246,82.069,99.218
596.549,201.321,81.369,98.371
600.000,193.811,80.674,97.531
602.737,206.876,79.985,96.699
587.798,241.270,79.985,96.699
590.230,250.650,79.985,96.699
585.714,257.251,79.985,96.699
579.808,256.904,79.985,96.699
576.681,264.199,79.985,96.699
574.249,273.579,79.985,96.699
594.052,267.673,79.985,96.699
603.432,267.326,79.985,96.699
607.948,264.894,79.985,96.699
603.432,261.767,79.985,96.699
610.033,264.894,79.985,96.699
606.211,261.073,79.985,96.699
609.603,265.214,79.303,95.873
612.434,263.029,79.997,96.712
607.917,268.936,79.997,96.712
611.739,265.809,79.997,96.712
607.222,268.241,79.997,96.712
611.502,264.612,80.696,97.558
609.749,269.870,80.696,97.558
615.708,266.715,80.696,97.558
611.151,271.973,80.696,97.558
607.296,267.416,80.696,97.558
604.562,265.439,80.008,96.726
605.281,260.385,80.708,97.572
587.403,244.611,80.708,97.572
584.535,245.980,81.414,98.426
588.424,254.113,81.414,98.426
601.508,251.638,81.414,98.426
608.411,265.513,80.719,97.586
608.060,263.059,80.719,97.586
603.502,259.202,80.719,97.586
598.945,253.943,80.719,97.586
596.490,257.099,80.719,97.586
598.945,262.358,80.719,97.586
597.192,259.903,80.719,97.586
596.841,263.760,80.719,97.586
592.984,259.202,80.719,97.586
591.231,262.358,80.719,97.586
588.777,264.812,80.719,97.586
596.140,260.955,80.719,97.586
596.490,257.099,80.719,97.586
599.646,256.047,80.719,97.586
601.399,259.202,80.719,97.586
594.737,263.059,80.719,97.586
597.192,259.903,80.719,97.586
597.542,256.748,80.719,97.586
592.756,254.770,80.030,96.752
600.601,251.853,80.730,97.599
603.055,261.320,80.730,97.599
600.601,267.281,80.730,97.599
600.250,271.138,80.730,97.599
602.705,267.281,80.730,97.599
603.756,270.437,80.730,97.599
602.391,273.933,80.041,96.766
604.824,273.585,80.041,96.766
608.897,277.051,79.358,95.940
604.864,279.814,78.680,95.121
608.623,277.422,78.680,95.121
601.290,272.827,78.009,94.309
596.665,262.321,77.343,93.504
589.457,257.148,76.682,92.706
586.049,254.353,77.353,93.517
588.401,258.721,77.353,93.517
590.473,252.457,78.030,94.335
588.101,255.507,78.030,94.335
592.507,242.289,78.030,94.335
590.134,249.407,78.030,94.335
593.862,247.712,78.030,94.335
591.490,255.507,78.030,94.335
597.929,257.880,78.030,94.335
603.013,260.930,78.030,94.335
606.741,261.947,78.030,94.335
603.691,260.252,78.030,94.335
607.000,264.953,77.364,93.530
603.724,261.091,76.704,92.731
606.722,262.090,76.704,92.731
603.474,262.811,76.049,91.940
605.410,266.104,75.400,91.155
607.969,264.895,74.756,90.377
608.943,268.467,74.756,90.377
604.289,267.073,75.410,91.167
603.307,265.435,75.410,91.167
599.704,261.177,75.410,91.167
601.996,264.780,75.410,91.167
599.048,265.763,75.410,91.167
599.376,263.470,75.410,91.167
597.461,268.014,74.766,90.389
598.731,269.350,74.128,89.618
593.079,266.905,73.495,88.853
596.590,274.247,73.495,88.853
600.740,271.374,73.495,88.853
598.506,274.247,73.495,88.853
604.571,268.821,73.495,88.853
609.556,272.003,72.868,88.094
611.772,273.585,72.868,88.094
614.373,268.334,73.506,88.865
610.861,266.099,73.506,88.865
614.373,268.334,73.506,88.865
610.222,262.906,73.506,88.865
613.339,264.843,72.878,88.106
610.871,267.998,72.256,87.354
615.160,273.576,71.639,86.608
612.359,278.244,71.639,86.608
555.290,214.560,71.028,85.869
556.496,209.207,70.421,85.136
558.637,195.443,70.421,85.136
555.272,182.902,70.421,85.136
551.693,178.193,69.820,84.409
554.063,174.707,69.224,83.689
551.131,171.837,68.633,82.974
551.715,176.554,68.047,82.266
556.148,180.987,68.047,82.266
562.355,186.603,68.047,82.266
569.153,200.494,68.047,82.266
572.995,212.612,68.047,82.266
576.247,208.179,68.047,82.266
576.542,196.061,68.047,82.266
576.247,181.578,68.047,82.266
575.951,170.052,68.047,82.266
579.202,165.618,68.047,82.266
580.934,162.797,67.466,81.564
578.297,159.574,67.466,81.564
582.107,156.937,67.466,81.564
582.986,161.332,67.466,81.564
586.209,172.175,67.466,81.564
590.019,182.431,67.466,81.564
593.828,187.413,67.466,81.564
590.019,184.775,67.466,81.564
587.967,178.035,67.466,81.564
584.158,168.365,67.466,81.564
580.348,164.556,67.466,81.564
581.814,161.332,67.466,81.564
582.693,157.523,67.466,81.564
582.986,161.918,67.466,81.564
580.934,166.314,67.466,81.564
582.400,172.468,67.466,81.564
580.934,183.896,67.466,81.564
578.883,185.361,67.466,81.564
571.557,181.552,67.466,81.564
566.576,169.537,67.466,81.564
560.288,157.592,66.890,80.867
555.188,148.017,66.319,80.177
551.650,143.237,66.900,80.879
548.677,139.011,67.485,81.586
547.797,142.822,67.485,81.586
547.504,147.805,67.485,81.586
548.384,158.650,67.485,81.586
548.091,167.737,67.485,81.586
541.349,163.926,67.485,81.586
537.919,157.697,66.909,80.890
537.921,143.015,66.338,80.199
536.237,127.897,65.771,79.515
533.094,122.469,65.771,79.515
529.952,124.469,65.771,79.515
526.809,126.468,65.771,79.515
521.953,130.754,65.771,79.515
512.526,149.323,65.771,79.515
514.525,160.464,65.771,79.515
518.239,160.750,65.771,79.515
504.863,150.219,65.210,78.836
506.610,139.133,65.781,79.526
513.181,127.418,65.781,79.526
591.087,48.877,66.356,80.222
595.588,54.000,65.790,79.537
593.917,66.327,65.228,78.858
559.655,-11.555,65.799,79.548
554.973,-8.094,66.375,80.244
543.153,-12.995,66.375,80.244
530.180,-10.977,66.375,80.244
496.430,26.211,65.808,79.559
482.996,2.486,65.808,79.559
413.858,-2.256,66.384,80.255
420.489,0.339,66.384,80.255
424.430,-2.413,65.817,79.570
426.431,-0.412,65.817,79.570
430.147,-5.272,65.817,79.570
433.292,-2.699,65.817,79.570
498.934,47.060,66.393,80.266
497.492,42.734,66.393,80.266
493.743,30.910,66.393,80.266
478.459,0.631,66.393,80.266
473.556,-3.695,66.393,80.266
472.691,2.361,66.393,80.266
474.710,14.761,66.393,80.266
479.612,-4.560,66.393,80.266
484.116,-16.315,65.826,79.581
481.543,-13.170,65.826,79.581
477.254,-17.459,65.826,79.581
473.156,-21.030,66.402,80.277
396.149,43.286,66.402,80.277
396.437,46.459,66.402,80.277
398.456,51.939,66.402,80.277
397.591,55.111,66.402,80.277
393.265,47.324,66.402,80.277
396.437,45.305,66.402,80.277
401.341,41.556,66.402,80.277
404.156,45.556,65.835,79.592
