275.000,137.000,23.000,26.000
276.753,135.475,23.000,26.000
278.200,134.029,23.000,26.000
278.874,134.511,23.000,26.000
279.356,135.186,23.000,26.000
275.789,136.632,23.000,26.000
271.258,142.128,23.000,26.000
267.691,149.166,23.000,26.000
267.401,150.033,23.000,26.000
266.534,152.251,23.000,26.000
268.751,150.998,23.000,26.000
273.090,149.744,23.000,26.000
277.621,144.634,23.000,26.000
276.946,143.188,23.000,26.000
278.585,132.679,23.000,26.000
277.717,119.085,23.000,26.000
276.850,105.299,23.000,26.000
274.825,89.005,23.000,26.000
273.765,87.559,23.000,26.000
275.211,77.050,23.000,26.000
277.235,66.734,23.000,26.000
279.260,59.117,23.000,26.000
281.285,54.393,23.000,26.000
280.995,52.754,23.000,26.000
280.706,53.622,23.000,26.000
281.960,57.961,23.000,26.000
283.213,62.878,23.000,26.000
284.466,69.723,23.000,26.000
284.756,70.976,23.000,26.000
281.381,72.422,23.000,26.000
279.935,70.398,23.000,26.000
278.682,63.552,23.000,26.000
278.007,58.057,23.000,26.000
277.139,56.611,23.000,26.000
276.271,55.165,23.000,26.000
275.596,53.333,23.000,26.000
276.850,49.380,23.000,26.000
278.296,47.934,23.000,26.000
279.356,47.644,23.000,26.000
277.910,46.005,23.000,26.000
273.765,41.860,23.000,26.000
268.269,34.436,23.000,26.000
264.509,27.591,23.000,26.000
263.256,26.530,23.000,26.000
261.810,28.555,23.000,26.000
257.471,33.086,23.000,26.000
252.747,34.147,23.000,26.000
251.494,35.015,23.000,26.000
250.433,33.761,23.000,26.000
254.579,41.185,23.000,26.000
262.195,51.308,23.000,26.000
270.005,57.961,23.000,26.000
278.200,62.299,23.000,26.000
280.224,63.552,23.000,26.000
288.805,70.976,23.000,26.000
292.758,82.449,23.000,26.000
291.119,95.657,23.000,26.000
281.381,100.574,23.000,26.000
280.321,100.285,23.000,26.000
273.283,98.646,23.000,26.000
263.545,89.873,23.000,26.000
256.314,81.678,23.000,26.000
250.047,76.568,23.000,26.000
248.794,75.122,23.000,26.000
245.034,73.676,23.000,26.000
243.781,72.808,23.000,26.000
242.720,71.747,23.000,26.000
242.238,70.108,23.000,26.000
241.949,69.048,23.000,26.000
243.202,67.409,23.000,26.000
242.527,65.963,23.000,26.000
241.660,64.709,23.000,26.000
240.792,65.577,23.000,26.000
239.731,64.709,23.000,26.000
239.249,68.662,23.000,26.000
240.888,73.194,23.000,26.000
239.635,78.303,23.000,26.000
235.489,88.427,23.000,26.000
235.007,89.487,23.000,26.000
231.054,99.225,23.000,26.000
224.788,103.949,23.000,26.000
219.485,105.588,23.000,26.000
212.061,104.334,23.000,26.000
210.808,103.660,23.000,26.000
200.878,104.913,23.000,26.000
193.454,105.973,23.000,26.000
190.079,102.021,23.000,26.000
189.597,98.068,23.000,26.000
188.730,96.814,23.000,26.000
190.176,97.296,23.000,26.000
191.044,98.935,23.000,26.000
192.683,100.189,23.000,26.000
194.322,96.429,23.000,26.000
195.961,95.947,23.000,26.000
199.913,93.922,23.000,26.000
198.082,95.561,23.000,26.000
191.429,99.128,23.000,26.000
184.777,100.574,23.000,26.000
183.909,100.864,23.000,26.000
182.270,101.346,23.000,26.000
181.017,100.285,23.000,26.000
177.257,101.924,23.000,26.000
170.797,103.756,23.000,26.000
170.122,105.009,23.000,26.000
167.712,109.155,23.000,26.000
167.230,110.408,23.000,26.000
168.483,107.998,23.000,26.000
165.880,100.960,23.000,26.000
164.820,99.514,23.000,26.000
160.867,92.090,23.000,26.000
156.528,84.667,23.000,26.000
152.768,77.050,23.000,26.000
147.658,67.312,23.000,26.000
145.634,63.360,23.000,26.000
140.524,52.851,23.000,26.000
136.378,48.898,23.000,26.000
133.004,47.259,23.000,26.000
135.221,45.427,23.000,26.000
135.511,44.752,23.000,26.000
137.342,43.499,23.000,26.000
137.824,45.138,23.000,26.000
138.885,47.355,23.000,26.000
141.102,52.079,23.000,26.000
143.127,55.647,23.000,26.000
147.276,63.142,23.201,26.227
149.513,73.354,23.201,26.227
150.193,81.621,23.201,26.227
153.986,91.443,23.201,26.227
155.251,92.902,23.201,26.227
160.989,97.473,23.201,26.227
174.313,101.266,23.201,26.227
184.330,99.224,23.201,26.227
192.013,94.847,23.201,26.227
193.666,93.778,23.201,26.227
201.155,86.483,23.201,26.227
208.060,79.578,23.201,26.227
211.464,72.868,23.201,26.227
215.257,65.768,23.201,26.227
216.327,65.087,23.201,26.227
214.531,60.487,23.404,26.457
216.138,53.633,23.609,26.688
216.745,48.343,23.816,26.922
215.047,38.660,23.816,26.922
214.227,37.007,24.024,27.158
212.716,29.857,24.024,27.158
211.269,28.809,24.234,27.395
209.746,31.552,24.234,27.395
208.019,36.733,24.234,27.395
206.559,38.175,24.446,27.635
199.205,45.722,24.660,27.877
171.605,34.248,24.660,27.877
161.007,49.489,24.876,28.121
154.165,64.436,25.094,28.367
153.218,66.856,25.094,28.367
146.100,75.249,25.313,28.615
141.325,79.812,25.313,28.615
138.885,78.432,25.313,28.615
139.100,75.806,25.535,28.865
139.318,74.692,25.758,29.118
138.209,66.043,25.983,29.373
135.974,57.318,26.211,29.630
131.468,48.742,26.440,29.889
126.258,43.976,26.440,29.889
122.167,41.914,26.672,30.150
117.806,43.368,26.672,30.150
118.365,47.952,26.672,30.150
123.396,49.405,26.672,30.150
132.005,50.858,26.672,30.150
134.353,52.312,26.672,30.150
142.962,51.306,26.672,30.150
151.794,51.641,26.672,30.150
157.272,46.610,26.672,30.150
164.763,41.132,26.672,30.150
165.769,39.231,26.672,30.150
164.540,32.858,26.672,30.150
163.757,30.510,26.672,30.150
162.751,32.188,26.672,30.150
164.651,36.995,26.672,30.150
165.881,38.225,26.672,30.150
168.005,46.834,26.672,30.150
173.260,61.927,26.672,30.150
175.608,70.983,26.672,30.150
181.086,79.368,26.672,30.150
182.540,81.269,26.672,30.150
184.217,83.169,26.672,30.150
185.670,84.623,26.672,30.150
185.335,85.852,26.672,30.150
185.223,86.188,26.672,30.150
184.440,84.958,26.672,30.150
185.223,86.411,26.672,30.150
186.676,92.113,26.672,30.150
190.366,100.275,26.672,30.150
194.950,108.884,26.672,30.150
195.732,110.561,26.672,30.150
199.198,115.815,26.672,30.150
204.006,120.176,26.672,30.150
205.459,122.300,26.672,30.150
206.912,126.884,26.672,30.150
206.353,127.890,26.672,30.150
204.453,130.238,26.672,30.150
202.105,132.586,26.672,30.150
199.981,134.710,26.672,30.150
197.857,134.374,26.672,30.150
196.403,133.592,26.672,30.150
194.950,132.809,26.672,30.150
193.720,134.263,26.672,30.150
193.384,133.480,26.672,30.150
193.496,131.579,26.672,30.150
192.937,130.126,26.672,30.150
192.378,125.542,26.672,30.150
194.726,117.828,26.672,30.150
197.298,109.443,26.672,30.150
198.975,105.082,26.672,30.150
197.968,103.629,26.672,30.150
197.409,101.952,26.672,30.150
197.745,102.958,26.672,30.150
199.422,104.412,26.672,30.150
203.545,103.707,26.905,30.414
205.011,103.594,26.905,30.414
207.552,101.727,27.140,30.680
212.444,97.517,27.140,30.680
219.839,93.081,27.140,30.680
225.186,88.416,27.140,30.680
227.283,86.999,27.378,30.949
230.841,82.064,27.378,30.949
231.415,77.589,27.378,30.949
229.923,76.556,27.378,30.949
228.660,78.507,27.378,30.949
230.152,79.310,27.378,30.949
228.431,83.327,27.378,30.949
225.332,89.180,27.378,30.949
223.152,94.114,27.378,30.949
222.348,95.836,27.378,30.949
223.152,97.328,27.378,30.949
224.644,98.131,27.378,30.949
228.890,95.951,27.378,30.949
232.447,87.802,27.378,30.949
238.759,77.589,27.378,30.949
240.022,75.867,27.378,30.949
243.809,66.801,27.378,30.949
245.989,59.112,27.378,30.949
248.170,54.407,27.378,30.949
252.646,51.997,27.378,30.949
253.908,52.570,27.378,30.949
257.925,46.947,27.378,30.949
262.630,41.553,27.378,30.949
267.335,36.848,27.378,30.949
271.352,34.667,27.378,30.949
270.778,33.405,27.378,30.949
275.254,31.454,27.378,30.949
276.975,32.716,27.378,30.949
276.401,34.208,27.378,30.949
275.828,38.914,27.378,30.949
276.401,40.406,27.378,30.949
274.910,46.488,27.378,30.949
272.729,56.013,27.378,30.949
271.696,65.079,27.378,30.949
270.663,70.473,27.378,30.949
272.385,72.424,27.378,30.949
271.122,74.375,27.378,30.949
269.860,73.572,27.378,30.949
270.893,72.080,27.378,30.949
271.926,67.834,27.378,30.949
272.270,68.637,27.378,30.949
273.762,63.473,27.378,30.949
274.795,58.768,27.378,30.949
273.991,56.128,27.378,30.949
274.565,53.259,27.378,30.949
273.532,51.997,27.378,30.949
274.795,50.734,27.378,30.949
276.287,48.095,27.378,30.949
278.238,46.373,27.378,30.949
279.959,47.177,27.378,30.949
279.156,46.373,27.378,30.949
278.582,47.865,27.378,30.949
277.549,50.046,27.378,30.949
277.205,52.226,27.378,30.949
276.401,56.702,27.378,30.949
277.205,57.735,27.378,30.949
275.024,62.440,27.378,30.949
270.778,65.309,27.378,30.949
267.450,67.260,27.378,30.949
260.679,68.293,27.378,30.949
258.728,67.030,27.378,30.949
250.580,68.522,27.378,30.949
242.202,69.785,27.378,30.949
235.890,70.588,27.378,30.949
229.349,69.096,27.378,30.949
227.857,67.834,27.378,30.949
221.086,69.785,27.378,30.949
213.397,74.720,27.378,30.949
208.462,82.868,27.378,30.949
204.904,91.475,27.378,30.949
203.642,90.901,27.378,30.949
202.609,96.754,27.378,30.949
202.494,101.918,27.378,30.949
204.216,106.853,27.378,30.949
206.396,112.017,27.378,30.949
207.659,113.050,27.378,30.949
209.839,116.378,27.378,30.949
212.020,121.772,27.378,30.949
212.823,126.936,27.378,30.949
212.479,129.805,27.378,30.949
213.282,130.838,27.378,30.949
212.249,131.642,27.378,30.949
211.905,131.068,27.378,30.949
212.249,132.560,27.378,30.949
211.446,135.429,27.378,30.949
212.479,136.462,27.378,30.949
214.200,137.724,27.378,30.949
214.774,139.446,27.378,30.949
215.118,140.478,27.378,30.949
214.085,141.741,27.378,30.949
213.512,142.315,27.378,30.949
214.544,143.807,27.378,30.949
215.577,145.987,27.378,30.949
215.233,151.610,27.378,30.949
214.659,159.529,27.378,30.949
216.610,161.250,27.378,30.949
217.184,165.497,27.378,30.949
216.151,167.448,27.378,30.949
218.102,165.726,27.378,30.949
223.037,161.709,27.378,30.949
224.758,162.283,27.378,30.949
227.627,153.906,27.378,30.949
229.808,144.839,27.378,30.949
231.529,133.707,27.378,30.949
236.464,124.871,27.378,30.949
235.431,123.608,27.378,30.949
240.137,117.755,27.378,30.949
244.383,111.903,27.378,30.949
246.334,103.754,27.378,30.949
248.744,97.442,27.378,30.949
249.777,95.951,27.378,30.949
254.711,90.786,27.378,30.949
260.564,84.933,27.378,30.949
265.499,79.769,27.378,30.949
268.598,74.146,27.378,30.949
269.171,72.195,27.378,30.949
271.352,66.801,27.378,30.949
273.532,61.407,27.378,30.949
275.942,56.472,27.378,30.949
275.828,54.980,27.378,30.949
276.860,55.554,27.378,30.949
275.828,56.817,27.378,30.949
274.795,58.768,27.378,30.949
276.516,61.407,27.378,30.949
278.697,63.588,27.378,30.949
281.107,65.079,27.378,30.949
283.746,66.342,27.378,30.949
288.911,65.768,27.378,30.949
294.534,67.030,27.378,30.949
299.469,66.686,27.378,30.949
302.108,67.949,27.378,30.949
307.273,69.900,27.378,30.949
312.896,74.605,27.378,30.949
317.601,76.326,27.378,30.949
322.995,74.834,27.378,30.949
327.471,77.015,27.378,30.949
335.389,76.211,27.378,30.949
343.308,74.720,27.378,30.949
351.915,76.900,27.378,30.949
357.998,78.621,27.378,30.949
360.637,79.884,27.378,30.949
363.277,77.244,27.378,30.949
364.539,75.293,27.378,30.949
364.883,76.097,27.378,30.949
362.473,78.048,27.378,30.949
362.818,79.310,27.378,30.949
361.555,81.031,27.378,30.949
363.965,85.966,27.378,30.949
365.228,91.360,27.378,30.949
359.834,96.295,27.378,30.949
355.128,100.771,27.378,30.949
351.800,91.016,27.378,30.949
360.178,95.262,27.378,30.949
