122.000,51.000,51.000,61.000
120.518,51.280,51.000,61.000
121.178,51.941,51.000,61.000
120.518,52.601,51.000,61.000
121.619,54.143,51.000,61.000
120.518,54.804,51.000,61.000
121.178,56.346,51.000,61.000
119.637,56.125,51.000,61.000
121.178,57.667,51.000,61.000
119.637,57.447,51.000,61.000
120.738,58.108,51.000,61.000
120.077,57.887,51.000,61.000
119.857,58.108,51.000,61.000
119.637,58.768,51.000,61.000
120.297,59.429,51.000,61.000
119.196,58.768,51.000,61.000
119.857,59.870,51.000,61.000
118.756,59.209,51.000,61.000
120.297,60.310,51.000,61.000
119.196,60.530,51.000,61.000
118.535,60.310,51.000,61.000
119.637,60.530,51.000,61.000
118.976,61.191,51.000,61.000
118.756,60.530,51.000,61.000
119.416,61.632,51.000,61.000
118.756,62.733,51.000,61.000
118.976,62.072,51.000,61.000
118.756,62.733,51.000,61.000
118.535,62.072,51.000,61.000
118.315,62.292,51.000,61.000
116.773,61.191,51.000,61.000
116.113,59.649,51.000,61.000
114.571,59.870,51.000,61.000
112.589,58.328,51.000,61.000
111.047,57.227,51.000,61.000
109.946,56.125,51.000,61.000
108.844,55.905,51.000,61.000
108.184,55.244,51.000,61.000
107.523,55.024,51.000,61.000
108.184,55.685,51.000,61.000
106.642,55.024,51.000,61.000
108.624,55.244,51.000,61.000
108.404,54.143,51.000,61.000
109.505,53.923,51.000,61.000
110.166,52.822,51.000,61.000
112.148,52.161,51.000,61.000
112.809,51.500,51.000,61.000
113.910,50.839,51.000,61.000
113.249,50.619,51.000,61.000
114.351,51.720,51.000,61.000
113.690,52.822,51.000,61.000
115.672,54.804,51.000,61.000
113.690,55.905,51.000,61.000
114.791,57.447,51.000,61.000
114.571,59.870,51.000,61.000
115.672,62.292,51.000,61.000
115.452,64.715,51.000,61.000
115.672,67.138,51.000,61.000
116.333,69.120,51.000,61.000
114.791,70.662,51.000,61.000
115.892,73.085,51.000,61.000
113.910,75.067,51.000,61.000
115.452,77.490,51.000,61.000
114.351,79.472,51.000,61.000
116.333,81.014,51.000,61.000
116.113,82.115,51.000,61.000
117.654,82.776,51.000,61.000
119.196,83.877,51.000,61.000
119.857,84.097,51.000,61.000
120.958,85.199,51.000,61.000
122.941,85.859,51.000,61.000
124.482,86.520,51.000,61.000
126.465,86.300,51.000,61.000
127.125,85.199,51.000,61.000
126.905,84.097,51.000,61.000
126.244,82.556,51.000,61.000
125.143,80.573,51.000,61.000
124.042,78.591,51.000,61.000
123.381,76.168,51.000,61.000
122.720,73.746,51.000,61.000
124.262,71.763,51.000,61.000
122.280,69.781,51.000,61.000
122.500,68.680,51.000,61.000
122.720,68.019,51.000,61.000
122.500,67.358,51.000,61.000
122.280,66.697,51.000,61.000
121.619,66.477,51.000,61.000
122.720,65.376,51.000,61.000
121.178,64.715,51.000,61.000
119.637,64.054,51.000,61.000
120.738,62.513,51.000,61.000
119.196,61.411,51.000,61.000
117.654,59.429,51.000,61.000
116.994,57.447,51.000,61.000
115.452,56.346,51.000,61.000
113.470,55.244,51.000,61.000
111.487,54.143,51.000,61.000
110.386,53.923,51.000,61.000
108.844,53.262,51.000,61.000
106.862,52.601,51.000,61.000
106.642,53.262,51.000,61.000
105.541,52.601,51.000,61.000
105.761,53.262,51.000,61.000
104.660,52.601,51.000,61.000
104.439,52.822,51.000,61.000
103.779,52.601,51.000,61.000
104.880,52.822,51.000,61.000
103.779,52.601,51.000,61.000
105.320,52.822,51.000,61.000
104.660,53.042,51.000,61.000
106.201,53.262,51.000,61.000
105.100,53.042,51.000,61.000
106.642,53.703,51.000,61.000
107.303,54.804,51.000,61.000
107.082,55.905,51.000,61.000
108.624,56.125,51.000,61.000
110.166,58.108,51.000,61.000
111.267,60.090,51.000,61.000
111.487,61.632,51.000,61.000
112.148,62.733,51.000,61.000
112.368,64.275,51.000,61.000
112.589,64.495,51.000,61.000
113.249,65.156,51.000,61.000
113.029,65.376,51.000,61.000
115.452,66.477,51.000,61.000
114.351,66.697,51.000,61.000
116.333,68.239,51.000,61.000
114.351,66.697,51.000,61.000
115.452,67.799,51.000,61.000
114.351,66.697,51.000,61.000
115.452,66.918,51.000,61.000
113.910,65.376,51.000,61.000
115.452,66.477,51.000,61.000
113.910,65.376,51.000,61.000
115.452,66.477,51.000,61.000
113.910,65.376,51.000,61.000
115.452,66.477,51.000,61.000
113.470,65.816,51.000,61.000
115.011,67.358,51.000,61.000
112.589,65.816,51.000,61.000
112.368,66.037,51.000,61.000
110.827,64.935,51.000,61.000
110.606,64.275,51.000,61.000
109.505,64.054,51.000,61.000
107.523,63.394,51.000,61.000
105.981,63.614,51.000,61.000
106.201,64.275,51.000,61.000
104.660,63.173,51.000,61.000
106.201,63.834,51.000,61.000
104.660,63.614,51.000,61.000
106.201,64.275,51.000,61.000
104.660,64.054,51.000,61.000
106.201,65.156,51.000,61.000
104.915,64.342,50.565,60.479
106.880,66.307,50.565,60.479
107.099,66.525,50.565,60.479
106.007,66.307,50.565,60.479
106.662,66.962,50.565,60.479
106.443,67.180,50.565,60.479
106.225,66.525,50.565,60.479
106.443,65.870,50.565,60.479
106.662,66.089,50.565,60.479
106.880,66.307,50.565,60.479
106.662,65.652,50.565,60.479
106.880,65.870,50.565,60.479
106.662,66.089,50.565,60.479
106.443,66.307,50.565,60.479
105.788,65.652,50.565,60.479
106.880,65.870,50.565,60.479
106.225,66.089,50.565,60.479
105.133,65.870,50.565,60.479
105.788,65.652,50.565,60.479
105.570,64.997,50.565,60.479
104.915,64.342,50.565,60.479
105.570,64.123,50.565,60.479
104.041,63.468,50.565,60.479
104.696,62.813,50.565,60.479
103.605,63.031,50.565,60.479
103.386,62.813,50.565,60.479
103.168,62.595,50.565,60.479
102.949,61.940,50.565,60.479
103.605,62.595,50.565,60.479
102.949,62.813,50.565,60.479
103.605,63.031,50.565,60.479
103.386,63.687,50.565,60.479
102.731,63.468,50.565,60.479
103.386,63.687,50.565,60.479
104.041,64.342,50.565,60.479
104.260,64.123,50.565,60.479
104.041,64.778,50.565,60.479
104.696,64.123,50.565,60.479
104.041,64.778,50.565,60.479
105.133,64.560,50.565,60.479
104.478,64.342,50.565,60.479
105.570,64.997,50.565,60.479
105.788,65.652,50.565,60.479
106.880,65.433,50.565,60.479
106.225,65.652,50.565,60.479
107.317,66.744,50.565,60.479
107.099,66.962,50.565,60.479
107.317,67.617,50.565,60.479
107.972,68.272,50.565,60.479
108.627,68.927,50.565,60.479
107.972,69.583,50.565,60.479
109.501,70.238,50.565,60.479
107.972,70.019,50.565,60.479
109.501,71.111,50.565,60.479
107.972,71.330,50.565,60.479
109.064,71.985,50.565,60.479
109.282,72.640,50.565,60.479
107.317,71.985,50.565,60.479
107.972,73.077,50.565,60.479
107.317,73.295,50.565,60.479
106.662,72.203,50.565,60.479
107.317,72.858,50.565,60.479
105.788,71.766,50.565,60.479
106.880,72.421,50.565,60.479
106.225,70.893,50.565,60.479
106.443,71.985,50.565,60.479
104.915,71.330,50.565,60.479
106.443,71.548,50.565,60.479
104.041,70.893,50.565,60.479
105.133,71.111,50.565,60.479
103.168,70.456,50.565,60.479
103.386,69.801,50.565,60.479
102.294,70.019,50.565,60.479
102.513,70.238,50.565,60.479
100.984,69.583,50.565,60.479
102.513,70.238,50.565,60.479
100.111,69.146,50.565,60.479
101.639,69.801,50.565,60.479
100.111,69.583,50.565,60.479
101.639,69.801,50.565,60.479
101.858,70.019,50.565,60.479
102.949,70.674,50.565,60.479
102.294,70.019,50.565,60.479
103.386,71.548,50.565,60.479
101.421,70.456,50.565,60.479
102.949,71.548,50.565,60.479
101.674,71.167,50.133,59.963
102.757,72.249,50.133,59.963
100.808,71.167,50.133,59.963
102.757,72.249,50.133,59.963
102.107,71.167,50.133,59.963
103.623,71.816,50.133,59.963
102.973,70.734,50.133,59.963
104.056,70.950,50.133,59.963
104.705,71.167,50.133,59.963
104.922,71.816,50.133,59.963
104.705,71.600,50.133,59.963
103.623,70.950,50.133,59.963
104.272,70.734,50.133,59.963
103.190,69.218,50.133,59.963
101.674,67.703,50.133,59.963
100.591,65.754,50.133,59.963
101.674,64.239,50.133,59.963
100.158,62.723,50.133,59.963
102.107,60.775,50.133,59.963
100.591,58.826,50.133,59.963
101.241,56.877,50.133,59.963
101.457,55.362,50.133,59.963
99.942,53.413,50.133,59.963
101.457,52.331,50.133,59.963
99.942,49.949,50.133,59.963
101.024,48.001,50.133,59.963
100.375,46.052,50.133,59.963
100.591,44.536,50.133,59.963
99.509,42.588,50.133,59.963
101.024,41.505,50.133,59.963
99.942,39.557,50.133,59.963
101.457,40.206,50.133,59.963
99.942,39.124,50.133,59.963
101.890,40.206,50.133,59.963
101.674,40.423,50.133,59.963
103.190,41.938,50.133,59.963
104.705,43.021,50.133,59.963
104.489,44.103,50.133,59.963
106.437,46.052,50.133,59.963
107.520,47.568,50.133,59.963
107.736,48.650,50.133,59.963
109.252,49.300,50.133,59.963
111.200,51.248,50.133,59.963
111.850,51.898,50.133,59.963
111.633,52.547,50.133,59.963
112.716,53.197,50.133,59.963
112.066,53.846,50.133,59.963
113.582,54.496,50.133,59.963
112.066,54.279,50.133,59.963
114.015,55.362,50.133,59.963
113.798,56.444,50.133,59.963
114.881,57.527,50.133,59.963
115.964,58.609,50.133,59.963
117.046,59.692,50.133,59.963
118.129,61.208,50.133,59.963
118.345,63.589,50.133,59.963
118.562,64.672,50.133,59.963
117.479,65.754,50.133,59.963
118.562,67.270,50.133,59.963
117.479,68.785,50.133,59.963
118.995,70.301,50.133,59.963
118.778,72.249,50.133,59.963
118.129,73.765,50.133,59.963
117.046,74.848,50.133,59.963
115.531,75.930,50.133,59.963
114.881,77.013,50.133,59.963
115.097,77.662,50.133,59.963
113.149,76.580,50.133,59.963
114.664,77.662,50.133,59.963
112.716,77.446,50.133,59.963
113.365,77.229,50.133,59.963
113.149,77.446,50.133,59.963
113.365,77.229,50.133,59.963
112.283,77.446,50.133,59.963
112.066,76.363,50.133,59.963
110.984,76.147,50.133,59.963
109.901,75.064,50.133,59.963
109.252,74.415,50.133,59.963
108.169,73.765,50.133,59.963
106.654,72.249,50.133,59.963
104.705,72.033,50.133,59.963
104.056,71.816,50.133,59.963
102.540,70.301,50.133,59.963
100.158,70.517,50.133,59.963
100.375,69.868,50.133,59.963
97.993,68.785,50.133,59.963
96.045,67.703,50.133,59.963
94.962,66.620,50.133,59.963
93.447,65.971,50.133,59.963
92.364,66.187,50.133,59.963
90.849,65.538,50.133,59.963
89.333,64.888,50.133,59.963
89.983,65.105,50.133,59.963
87.601,64.888,50.133,59.963
86.085,63.806,50.133,59.963
85.436,63.156,50.133,59.963
84.353,63.806,50.133,59.963
82.405,63.156,50.133,59.963
82.621,64.239,50.133,59.963
79.374,63.589,50.133,59.963
78.291,63.373,50.133,59.963
78.941,64.455,50.133,59.963
75.693,63.373,50.133,59.963
76.343,64.455,50.133,59.963
73.528,62.940,50.133,59.963
71.579,63.156,50.133,59.963
70.064,62.507,50.133,59.963
71.579,62.723,50.133,59.963
68.332,61.208,50.133,59.963
69.414,62.723,50.133,59.963
66.167,61.208,50.133,59.963
67.682,62.723,50.133,59.963
65.301,61.208,50.133,59.963
64.651,63.156,50.133,59.963
62.702,62.507,50.133,59.963
61.620,63.156,50.133,59.963
62.269,64.239,50.133,59.963
62.486,62.723,50.133,59.963
60.104,62.507,50.133,59.963
61.620,63.156,50.133,59.963
58.805,62.940,50.133,59.963
59.888,63.156,50.133,59.963
58.805,62.507,50.133,59.963
56.857,60.991,50.133,59.963
58.805,60.775,50.133,59.963
59.888,58.826,50.133,59.963
60.537,56.877,50.133,59.963
61.620,55.795,50.133,59.963
63.136,55.145,50.133,59.963
64.651,54.929,50.133,59.963
64.868,53.846,50.133,59.963
66.383,52.331,50.133,59.963
67.466,51.681,50.133,59.963
68.981,49.733,50.133,59.963
70.064,48.217,50.133,59.963
70.713,47.135,50.133,59.963
71.363,46.052,50.133,59.963
72.445,44.969,50.133,59.963
73.961,43.887,50.133,59.963
75.476,42.371,50.133,59.963
77.425,42.155,50.133,59.963
78.941,40.639,50.133,59.963
80.456,39.124,50.133,59.963
82.405,38.907,50.133,59.963
84.353,38.258,50.133,59.963
86.302,38.474,50.133,59.963
88.683,38.258,50.133,59.963
90.199,39.340,50.133,59.963
92.148,39.557,50.133,59.963
94.096,40.206,50.133,59.963
95.612,41.722,50.133,59.963
94.962,41.505,50.133,59.963
97.344,43.454,50.133,59.963
99.292,44.969,50.133,59.963
99.942,46.485,50.133,59.963
100.158,48.001,50.133,59.963
101.241,49.516,50.133,59.963
102.323,51.465,50.133,59.963
102.973,52.980,50.133,59.963
101.890,54.929,50.133,59.963
103.406,56.877,50.133,59.963
102.757,58.826,50.133,59.963
104.272,61.208,50.133,59.963
104.056,63.589,50.133,59.963
104.272,65.971,50.133,59.963
104.489,67.919,50.133,59.963
104.272,70.301,50.133,59.963
105.355,72.682,50.133,59.963
104.705,74.198,50.133,59.963
105.355,76.580,50.133,59.963
105.571,78.961,50.133,59.963
104.922,81.343,50.133,59.963
106.004,84.157,50.133,59.963
105.355,86.972,50.133,59.963
104.272,89.354,50.133,59.963
104.056,92.601,50.133,59.963
103.406,94.550,50.133,59.963
102.757,97.364,50.133,59.963
103.406,100.179,50.133,59.963
102.757,102.561,50.133,59.963
102.540,104.509,50.133,59.963
101.890,106.891,50.133,59.963
103.225,109.070,50.572,60.488
102.569,111.472,50.572,60.488
101.477,112.564,50.572,60.488
102.569,114.966,50.572,60.488
103.225,118.242,50.572,60.488
105.190,121.082,50.572,60.488
104.972,123.484,50.572,60.488
103.880,125.013,50.572,60.488
104.098,127.852,50.572,60.488
103.443,130.255,50.572,60.488
102.351,132.220,50.572,60.488
101.458,133.970,51.014,61.017
100.797,135.953,51.014,61.017
101.899,137.936,51.014,61.017
102.331,140.561,50.579,60.496
102.550,142.090,50.579,60.496
101.657,143.840,51.021,61.025
102.759,144.942,51.021,61.025
100.503,145.804,51.468,61.559
100.961,146.674,51.918,62.098
100.964,147.092,52.372,62.641
99.575,147.513,52.831,63.189
99.578,148.874,53.293,63.742
96.278,149.775,53.759,64.300
97.709,150.683,54.230,64.863
93.871,151.119,54.704,65.430
93.874,151.560,55.183,66.003
88.014,151.515,55.666,66.580
86.538,152.949,56.153,67.163
84.055,151.909,56.644,67.751
83.557,151.864,57.140,68.343
84.066,151.312,57.640,68.941
100.909,149.734,58.144,69.545
110.177,148.143,58.653,70.153
114.854,148.615,59.166,70.767
111.190,150.663,59.684,71.386
106.438,150.086,60.206,72.011
103.243,149.505,60.733,72.641
102.170,145.154,61.264,73.277
99.462,140.223,61.800,73.918
97.593,135.686,61.800,73.918
94.314,131.259,62.341,74.565
91.352,122.913,62.341,74.565
87.314,116.182,62.341,74.565
82.350,111.717,62.886,75.217
77.733,107.100,62.886,75.217
78.293,103.708,63.437,75.875
78.019,100.147,63.437,75.875
78.841,97.133,63.437,75.875
80.211,94.120,63.437,75.875
81.580,91.106,63.437,75.875
82.950,89.188,63.437,75.875
84.320,87.819,63.437,75.875
85.690,85.901,63.437,75.875
86.255,84.727,63.992,76.539
86.531,83.345,63.992,76.539
87.667,81.594,64.552,77.209
89.619,80.757,64.552,77.209
91.570,81.036,64.552,77.209
92.964,80.200,64.552,77.209
95.473,81.594,64.552,77.209
97.425,82.430,64.552,77.209
99.934,83.824,64.552,77.209
101.328,84.660,64.552,77.209
104.394,84.939,64.552,77.209
106.346,85.218,64.552,77.209
109.412,85.496,64.552,77.209
110.248,85.218,64.552,77.209
112.757,85.496,64.552,77.209
113.036,84.103,64.552,77.209
116.303,84.160,64.001,76.550
117.133,82.778,64.001,76.550
119.067,82.502,64.001,76.550
121.002,83.331,64.001,76.550
121.006,80.691,63.454,75.896
124.568,82.062,63.454,75.896
123.746,80.691,63.454,75.896
127.857,81.514,63.454,75.896
126.486,79.047,63.454,75.896
130.597,80.417,63.454,75.896
133.611,79.047,63.454,75.896
136.626,79.869,63.454,75.896
137.996,79.595,63.454,75.896
139.914,80.965,63.454,75.896
141.285,81.240,63.454,75.896
142.107,82.610,63.454,75.896
142.929,83.432,63.454,75.896
144.847,84.802,63.454,75.896
144.573,86.720,63.454,75.896
144.847,88.639,63.454,75.896
142.929,90.557,63.454,75.896
147.039,92.475,63.454,75.896
144.573,94.393,63.454,75.896
141.559,97.408,63.454,75.896
145.121,99.874,63.454,75.896
141.559,101.792,63.454,75.896
144.573,103.163,63.454,75.896
149.232,102.340,63.454,75.896
155.652,104.001,62.912,75.248
161.487,104.587,62.375,74.606
164.644,104.117,61.843,73.969
164.647,101.046,61.315,73.338
167.030,99.192,61.315,73.338
167.295,95.750,61.315,73.338
168.332,92.704,60.792,72.712
169.120,89.816,60.792,72.712
170.432,86.929,60.792,72.712
170.170,83.516,60.792,72.712
169.382,81.678,60.792,72.712
169.645,79.315,60.792,72.712
168.857,76.952,60.792,72.712
168.069,74.064,60.792,72.712
167.807,71.701,60.792,72.712
166.494,69.338,60.792,72.712
166.757,65.925,60.792,72.712
164.394,61.987,60.792,72.712
166.232,58.574,60.792,72.712
165.969,55.686,60.792,72.712
166.232,53.849,60.792,72.712
167.544,52.536,60.792,72.712
165.707,50.173,60.792,72.712
167.544,51.486,60.792,72.712
165.181,48.073,60.792,72.712
166.494,49.385,60.792,72.712
164.131,46.497,60.792,72.712
162.819,47.810,60.792,72.712
160.456,48.073,60.792,72.712
158.618,49.385,60.792,72.712
156.780,51.223,60.792,72.712
155.468,52.536,60.792,72.712
154.680,53.324,60.792,72.712
152.842,55.161,60.792,72.712
151.004,56.474,60.792,72.712
149.167,57.787,60.792,72.712
147.854,58.574,60.792,72.712
144.966,59.362,60.792,72.712
143.128,61.200,60.792,72.712
140.240,60.412,60.792,72.712
137.877,61.200,60.792,72.712
135.515,60.937,60.792,72.712
133.677,61.200,60.792,72.712
131.839,60.937,60.792,72.712
128.951,59.624,60.792,72.712
126.588,60.937,60.792,72.712
124.225,62.250,60.792,72.712
121.862,64.613,60.792,72.712
118.975,65.925,60.792,72.712
120.002,68.541,60.273,72.091
118.990,69.103,59.758,71.475
117.700,67.296,59.758,71.475
121.055,66.522,59.758,71.475
123.893,65.748,59.758,71.475
127.765,64.973,59.758,71.475
131.293,65.027,59.248,70.865
134.619,66.818,59.248,70.865
136.619,67.370,58.742,70.260
137.380,67.624,58.742,70.260
138.142,67.877,58.742,70.260
139.917,68.638,58.742,70.260
140.678,66.355,58.742,70.260
140.932,67.116,58.742,70.260
139.156,65.340,58.742,70.260
136.559,64.773,59.256,70.875
135.064,66.324,58.750,70.270
132.781,66.578,58.750,70.270
132.527,68.861,58.750,70.270
130.244,71.652,58.750,70.270
127.960,72.413,58.750,70.270
126.691,72.667,58.750,70.270
125.423,73.936,58.750,70.270
124.154,76.219,58.750,70.270
122.378,77.995,58.750,70.270
120.095,79.264,58.750,70.270
118.319,80.025,58.750,70.270
116.542,81.801,58.750,70.270
116.289,83.070,58.750,70.270
117.557,84.338,58.750,70.270
117.811,86.622,58.750,70.270
120.095,87.383,58.750,70.270
121.138,87.336,59.264,70.885
120.142,89.885,58.759,70.280
119.381,92.169,58.759,70.280
118.620,95.468,58.759,70.280
116.843,91.662,58.759,70.280
120.142,88.363,58.759,70.280
119.105,88.316,59.273,70.895
120.607,91.365,58.767,70.290
119.569,92.358,59.281,70.905
118.074,96.907,58.775,70.299
115.601,101.912,58.273,69.699
116.859,107.701,58.273,69.699
112.934,106.770,57.776,69.104
110.189,105.523,57.776,69.104
111.936,104.275,57.776,69.104
109.690,103.028,57.776,69.104
106.945,98.287,57.776,69.104
110.688,102.030,57.776,69.104
106.796,98.673,57.282,68.514
106.054,95.952,57.282,68.514
104.817,93.726,57.282,68.514
101.601,95.952,57.282,68.514
97.396,97.684,57.282,68.514
101.601,102.384,57.282,68.514
98.385,99.168,57.282,68.514
101.107,98.426,57.282,68.514
96.901,96.199,57.282,68.514
97.148,94.962,57.282,68.514
96.406,92.241,57.282,68.514
96.654,90.510,57.282,68.514
96.406,88.283,57.282,68.514
98.138,87.046,57.282,68.514
97.891,84.820,57.282,68.514
98.633,83.583,57.282,68.514
100.084,82.668,56.793,67.929
101.310,80.461,56.793,67.929
100.575,78.254,56.793,67.929
100.820,76.046,56.793,67.929
98.612,73.839,56.793,67.929
98.858,71.141,56.793,67.929
98.122,68.443,56.793,67.929
96.895,66.235,56.793,67.929
97.631,64.028,56.793,67.929
96.405,62.801,56.793,67.929
97.631,61.084,56.793,67.929
95.914,59.368,56.793,67.929
94.197,57.160,56.793,67.929
92.971,55.443,56.793,67.929
90.764,54.217,56.793,67.929
89.047,52.990,56.793,67.929
87.330,52.255,56.793,67.929
86.103,51.519,56.793,67.929
84.387,50.783,56.793,67.929
85.122,51.028,56.793,67.929
82.424,48.821,56.793,67.929
83.651,50.047,56.793,67.929
80.782,48.662,56.309,67.350
82.971,49.392,56.309,67.350
81.269,48.662,56.309,67.350
82.971,50.851,56.309,67.350
79.810,50.608,56.309,67.350
81.512,53.282,56.309,67.350
79.810,55.471,56.309,67.350
81.026,56.201,56.309,67.350
78.351,57.417,56.309,67.350
79.566,58.146,56.309,67.350
77.864,59.362,56.309,67.350
76.162,58.632,56.309,67.350
76.405,61.307,56.309,67.350
76.648,63.982,56.309,67.350
75.432,65.685,56.309,67.350
76.648,67.873,56.309,67.350
74.460,68.603,56.309,67.350
75.676,70.305,56.309,67.350
73.973,71.035,56.309,67.350
71.785,70.791,56.309,67.350
73.487,72.007,56.309,67.350
74.217,74.196,56.309,67.350
71.055,72.494,56.309,67.350
72.271,72.250,56.309,67.350
73.973,72.980,56.309,67.350
75.189,70.791,56.309,67.350
76.891,69.089,56.309,67.350
78.107,66.900,56.309,67.350
80.782,64.712,56.309,67.350
84.430,63.010,56.309,67.350
87.591,61.794,56.309,67.350
90.266,59.605,56.309,67.350
92.941,57.417,56.309,67.350
95.437,54.879,56.801,67.939
97.154,53.652,56.801,67.939
99.362,53.407,56.801,67.939
101.569,52.180,56.801,67.939
102.796,51.935,56.801,67.939
103.532,53.652,56.801,67.939
101.324,50.954,56.801,67.939
103.041,53.161,56.801,67.939
100.834,50.463,56.801,67.939
100.098,50.218,56.801,67.939
98.871,48.501,56.801,67.939
98.626,48.746,56.801,67.939
97.890,47.029,56.801,67.939
96.663,45.802,56.801,67.939
97.399,44.576,56.801,67.939
97.154,42.368,56.801,67.939
96.418,40.651,56.801,67.939
96.663,39.915,56.801,67.939
95.437,38.688,56.801,67.939
94.701,37.952,56.801,67.939
94.456,37.707,56.801,67.939
92.738,36.971,56.801,67.939
90.531,36.726,56.801,67.939
91.267,38.443,56.801,67.939
88.078,36.726,56.801,67.939
85.870,35.499,56.801,67.939
84.153,34.763,56.801,67.939
84.889,35.499,56.801,67.939
81.209,33.782,56.801,67.939
80.964,32.065,56.801,67.939
78.265,29.367,56.801,67.939
78.511,27.650,56.801,67.939
75.812,24.461,56.801,67.939
77.827,26.929,57.298,68.533
74.610,23.712,57.298,68.533
75.120,21.130,57.800,69.133
71.376,19.382,57.800,69.133
70.128,17.136,57.800,69.133
70.877,20.381,57.800,69.133
67.631,18.134,57.800,69.133
69.878,20.880,57.800,69.133
66.633,18.633,57.800,69.133
69.379,20.880,57.800,69.133
71.625,24.125,57.800,69.133
68.380,21.379,57.800,69.133
72.125,25.623,57.800,69.133
74.371,28.868,57.800,69.133
76.618,32.113,57.800,69.133
74.186,31.190,57.306,68.543
77.898,36.388,57.306,68.543
80.125,40.100,57.306,68.543
81.858,42.327,57.306,68.543
80.412,43.344,56.817,67.958
83.111,45.553,56.817,67.958
84.338,46.779,56.817,67.958
85.565,47.515,56.817,67.958
86.301,47.270,56.817,67.958
88.019,47.025,56.817,67.958
89.246,47.270,56.817,67.958
91.454,45.553,56.817,67.958
93.851,44.646,56.332,67.378
95.554,42.943,56.332,67.378
97.744,41.726,56.332,67.378
100.420,40.023,56.332,67.378
102.123,38.320,56.332,67.378
104.312,36.617,56.332,67.378
106.502,35.401,56.332,67.378
108.205,33.698,56.332,67.378
109.908,32.968,56.332,67.378
111.610,31.752,56.332,67.378
114.773,30.535,56.332,67.378
115.990,29.319,56.332,67.378
118.179,29.562,56.332,67.378
119.395,27.373,56.332,67.378
122.072,28.589,56.332,67.378
121.828,26.400,56.332,67.378
124.991,27.129,56.332,67.378
127.180,28.346,56.332,67.378
126.937,27.129,56.332,67.378
129.613,28.346,56.332,67.378
131.803,28.589,56.332,67.378
131.073,26.886,56.332,67.378
134.236,28.103,56.332,67.378
136.912,28.832,56.332,67.378
137.155,27.129,56.332,67.378
140.804,28.832,56.332,67.378
142.507,29.076,56.332,67.378
144.697,29.806,56.332,67.378
146.886,30.535,56.332,67.378
148.589,30.779,56.332,67.378
148.832,31.995,56.332,67.378
150.830,33.945,56.825,67.967
150.585,35.172,56.825,67.967
152.303,36.399,56.825,67.967
152.057,37.135,56.825,67.967
153.775,38.853,56.825,67.967
154.511,40.571,56.825,67.967
156.720,42.779,56.825,67.967
158.929,44.988,56.825,67.967
157.702,46.706,56.825,67.967
159.419,48.424,56.825,67.967
159.925,50.390,57.322,68.562
159.183,52.123,57.322,68.562
160.916,53.856,57.322,68.562
161.163,55.589,57.322,68.562
162.896,57.322,57.322,68.562
161.658,57.569,57.322,68.562
160.421,58.312,57.322,68.562
160.668,59.055,57.322,68.562
157.450,57.817,57.322,68.562
157.202,59.055,57.322,68.562
154.479,56.827,57.322,68.562
153.737,57.074,57.322,68.562
151.013,54.846,57.322,68.562
151.756,55.589,57.322,68.562
150.023,54.351,57.322,68.562
149.281,55.094,57.322,68.562
148.043,54.846,57.322,68.562
145.320,55.094,57.322,68.562
142.101,54.351,57.322,68.562
138.883,55.094,57.322,68.562
136.160,55.836,57.322,68.562
133.932,57.074,57.322,68.562
131.209,55.836,57.322,68.562
128.981,56.579,57.322,68.562
126.753,57.322,57.322,68.562
124.341,58.339,56.833,67.977
121.150,58.094,56.833,67.977
117.959,59.812,56.833,67.977
114.769,61.039,56.833,67.977
111.578,62.266,56.833,67.977
107.896,62.021,56.833,67.977
105.196,63.248,56.833,67.977
102.497,62.511,56.833,67.977
100.288,63.248,56.833,67.977
97.588,63.984,56.833,67.977
95.870,66.193,56.833,67.977
93.661,66.439,56.833,67.977
93.415,68.648,56.833,67.977
90.715,69.875,56.833,67.977
90.961,71.102,56.833,67.977
88.752,71.347,56.833,67.977
88.997,71.593,56.833,67.977
87.279,71.838,56.833,67.977
88.015,73.066,56.833,67.977
86.297,73.802,56.833,67.977
88.015,76.011,56.833,67.977
88.261,79.202,56.833,67.977
88.997,82.883,56.833,67.977
88.752,87.547,56.833,67.977
89.979,91.719,56.833,67.977
90.715,95.401,56.833,67.977
90.961,98.592,56.833,67.977
89.243,100.801,56.833,67.977
91.452,103.991,56.833,67.977
94.473,108.474,57.330,68.571
98.683,111.693,57.330,68.571
103.387,115.406,57.330,68.571
102.644,116.644,57.330,68.571
100.911,120.358,57.330,68.571
104.625,120.111,57.330,68.571
103.387,121.349,57.330,68.571
102.644,120.606,57.330,68.571
102.396,119.368,57.330,68.571
105.615,116.644,57.330,68.571
103.080,112.030,57.832,69.171
98.834,104.787,57.832,69.171
94.089,101.041,57.832,69.171
90.343,96.295,57.832,69.171
89.094,91.051,57.832,69.171
89.843,85.806,57.832,69.171
88.095,80.561,57.832,69.171
89.344,76.814,57.832,69.171
87.595,72.569,57.832,69.171
87.845,69.322,57.832,69.171
88.594,67.074,57.832,69.171
89.572,64.689,57.338,68.581
90.810,62.460,57.338,68.581
92.048,60.727,57.338,68.581
94.277,60.974,57.338,68.581
96.506,60.232,57.338,68.581
99.230,59.489,57.338,68.581
102.449,59.736,57.338,68.581
105.668,60.479,57.338,68.581
108.392,60.727,57.338,68.581
111.115,61.965,57.338,68.581
112.849,63.203,57.338,68.581
114.087,63.451,57.338,68.581
115.820,64.194,57.338,68.581
117.058,64.936,57.338,68.581
118.297,65.679,57.338,68.581
120.030,65.432,57.338,68.581
118.792,63.698,57.338,68.581
118.544,63.946,57.338,68.581
119.287,64.689,57.338,68.581
117.058,62.955,57.338,68.581
115.325,63.203,57.338,68.581
114.087,62.955,57.338,68.581
112.354,63.698,57.338,68.581
109.630,62.955,57.338,68.581
106.906,63.698,57.338,68.581
104.677,62.955,57.338,68.581
102.449,63.698,57.338,68.581
100.220,63.451,57.338,68.581
97.991,63.698,57.338,68.581
95.763,63.451,57.338,68.581
93.534,65.184,57.338,68.581
92.296,66.917,57.338,68.581
90.563,67.660,57.338,68.581
88.334,68.898,57.338,68.581
88.086,70.632,57.338,68.581
86.353,71.375,57.338,68.581
86.601,73.108,57.338,68.581
84.867,73.851,57.338,68.581
85.115,76.575,57.338,68.581
83.877,78.308,57.338,68.581
82.639,81.527,57.338,68.581
83.877,85.242,57.338,68.581
84.124,88.461,57.338,68.581
85.363,91.185,57.338,68.581
84.620,93.909,57.338,68.581
84.372,96.632,57.338,68.581
85.610,97.375,57.338,68.581
84.647,98.393,56.849,67.995
86.087,97.006,56.363,67.415
86.817,98.223,56.363,67.415
88.521,98.954,56.363,67.415
90.712,98.223,56.363,67.415
89.008,99.440,56.363,67.415
91.686,99.684,56.363,67.415
89.314,98.784,55.882,66.839
92.934,100.956,55.882,66.839
95.589,101.198,55.882,66.839
98.244,98.543,55.882,66.839
99.933,101.680,55.882,66.839
103.070,101.922,55.882,66.839
105.242,100.715,55.882,66.839
109.345,97.095,55.882,66.839
112.965,93.958,55.882,66.839
114.654,89.855,55.882,66.839
113.930,85.752,55.882,66.839
112.241,82.615,55.882,66.839
110.552,80.925,55.882,66.839
109.345,78.753,55.882,66.839
106.208,76.581,55.882,66.839
103.553,74.892,55.882,66.839
102.829,73.685,55.882,66.839
100.174,71.513,55.882,66.839
97.520,70.306,55.882,66.839
95.830,69.582,55.882,66.839
93.658,67.893,55.882,66.839
91.969,66.204,55.882,66.839
91.245,64.997,55.882,66.839
91.003,63.308,55.882,66.839
91.245,62.101,55.882,66.839
91.486,59.929,55.882,66.839
92.210,57.757,55.882,66.839
92.451,56.068,55.882,66.839
93.658,55.344,55.882,66.839
94.865,56.550,55.882,66.839
95.106,56.309,55.882,66.839
96.796,57.033,55.882,66.839
98.485,57.274,55.882,66.839
100.174,58.481,55.882,66.839
100.416,57.757,55.882,66.839
102.588,57.033,55.882,66.839
103.794,57.274,55.882,66.839
104.518,57.516,55.882,66.839
104.277,56.309,55.882,66.839
106.449,57.033,55.882,66.839
108.138,56.309,55.882,66.839
110.793,56.550,55.882,66.839
112.000,56.309,55.882,66.839
112.241,57.516,55.882,66.839
112.482,57.274,55.882,66.839
114.172,57.998,55.882,66.839
113.448,58.722,55.882,66.839
116.103,58.964,55.882,66.839
117.792,59.688,55.882,66.839
119.481,59.446,55.882,66.839
121.171,60.170,55.882,66.839
118.999,58.964,55.882,66.839
121.653,58.240,55.882,66.839
123.825,58.481,55.882,66.839
123.101,58.722,55.882,66.839
123.825,56.550,55.882,66.839
124.549,57.757,55.882,66.839
125.756,57.033,55.882,66.839
127.445,57.757,55.882,66.839
127.204,57.516,55.882,66.839
128.411,57.757,55.882,66.839
129.135,57.516,55.882,66.839
130.080,58.507,55.405,66.269
130.797,58.747,55.405,66.269
129.122,59.943,55.405,66.269
131.755,60.182,55.405,66.269
129.601,62.336,55.405,66.269
131.276,65.446,55.405,66.269
129.601,69.514,55.405,66.269
130.797,73.103,55.405,66.269
129.122,76.692,55.405,66.269
129.362,80.281,55.405,66.269
126.730,82.913,55.405,66.269
126.012,84.588,55.405,66.269
124.815,87.699,55.405,66.269
122.662,89.853,55.405,66.269
120.987,92.485,55.405,66.269
120.269,94.638,55.405,66.269
118.594,96.313,55.405,66.269
117.876,97.031,55.405,66.269
117.637,98.227,55.405,66.269
116.441,97.988,55.405,66.269
115.244,96.792,55.405,66.269
117.398,96.552,55.405,66.269
116.202,94.399,55.405,66.269
115.005,92.245,55.405,66.269
114.287,89.613,55.405,66.269
117.876,86.024,55.405,66.269
120.987,82.913,55.405,66.269
122.662,78.846,55.405,66.269
123.380,75.257,55.405,66.269
123.141,72.625,55.405,66.269
123.858,69.993,55.405,66.269
122.183,66.882,55.405,66.269
123.858,64.250,55.405,66.269
121.226,61.139,55.405,66.269
119.551,58.986,55.405,66.269
117.398,57.311,55.405,66.269
115.244,57.072,55.405,66.269
113.091,55.397,55.405,66.269
110.937,56.114,55.405,66.269
108.305,54.440,55.405,66.269
105.673,54.200,55.405,66.269
102.563,52.047,55.405,66.269
98.974,51.329,55.405,66.269
96.342,50.611,55.405,66.269
93.231,51.329,55.405,66.269
90.599,49.654,55.405,66.269
87.488,50.372,55.405,66.269
84.378,49.654,55.405,66.269
81.746,50.372,55.405,66.269
79.114,50.133,55.405,66.269
76.960,50.372,55.405,66.269
74.328,50.611,55.405,66.269
71.696,51.329,55.405,66.269
70.021,51.090,55.405,66.269
68.346,51.329,55.405,66.269
67.415,51.845,54.932,65.703
66.704,52.082,54.932,65.703
65.043,52.320,54.932,65.703
64.331,51.608,54.932,65.703
63.871,52.583,54.463,65.142
63.416,52.631,53.998,64.586
64.582,53.797,53.998,64.586
66.680,52.631,53.998,64.586
70.178,54.264,53.998,64.586
72.277,53.564,53.998,64.586
75.775,56.596,53.998,64.586
78.807,57.762,53.998,64.586
82.771,58.928,53.998,64.586
86.269,60.094,53.998,64.586
90.234,61.260,53.998,64.586
94.665,62.892,53.998,64.586
99.562,63.125,53.998,64.586
103.993,64.291,53.998,64.586
108.298,64.726,54.471,65.151
112.297,64.961,54.471,65.151
115.826,65.196,54.471,65.151
119.354,64.961,54.471,65.151
122.412,64.255,54.471,65.151
126.412,64.961,54.471,65.151
129.470,64.255,54.471,65.151
132.998,64.961,54.471,65.151
136.997,65.667,54.471,65.151
140.056,64.961,54.471,65.151
143.584,65.667,54.471,65.151
146.642,66.373,54.471,65.151
145.466,67.078,54.471,65.151
146.172,67.784,54.471,65.151
145.466,69.431,54.471,65.151
145.951,71.798,54.947,65.721
142.062,75.646,55.428,66.296
139.121,78.545,55.913,66.877
137.144,81.965,56.402,67.462
137.646,82.419,56.896,68.052
135.130,86.907,57.394,68.647
133.395,86.659,57.394,68.647
132.382,90.169,57.896,69.248
131.132,86.919,57.896,69.248
132.382,83.168,57.896,69.248
129.131,83.418,57.896,69.248
131.382,80.668,57.896,69.248
130.132,82.418,57.896,69.248
132.882,79.668,57.896,69.248
135.632,78.418,57.896,69.248
136.883,80.668,57.896,69.248
138.133,77.918,57.896,69.248
140.383,78.168,57.896,69.248
142.133,79.418,57.896,69.248
144.384,79.668,57.896,69.248
141.133,78.918,57.896,69.248
142.383,77.168,57.896,69.248
143.633,78.918,57.896,69.248
140.383,76.167,57.896,69.248
138.133,77.918,57.896,69.248
139.883,76.668,57.896,69.248
140.133,78.418,57.896,69.248
140.883,77.168,57.896,69.248
141.633,76.418,57.896,69.248
138.383,78.668,57.896,69.248
136.132,79.418,57.896,69.248
133.882,76.167,57.896,69.248
135.132,74.417,57.896,69.248
132.882,78.168,57.896,69.248
129.131,82.418,57.896,69.248
130.882,85.169,57.896,69.248
131.632,88.919,57.896,69.248
133.382,88.169,57.896,69.248
136.632,87.919,57.896,69.248
140.383,87.169,57.896,69.248
142.633,85.919,57.896,69.248
143.383,83.669,57.896,69.248
143.633,82.418,57.896,69.248
140.383,81.168,57.896,69.248
138.633,79.918,57.896,69.248
136.382,81.168,57.896,69.248
134.632,79.918,57.896,69.248
132.882,80.668,57.896,69.248
130.132,81.918,57.896,69.248
127.381,81.668,57.896,69.248
126.131,81.918,57.896,69.248
123.881,80.168,57.896,69.248
121.630,78.918,57.896,69.248
118.380,78.668,57.896,69.248
115.630,79.918,57.896,69.248
107.379,79.168,57.896,69.248
102.628,80.918,57.896,69.248
98.377,84.169,57.896,69.248
93.127,87.919,57.896,69.248
89.715,84.556,57.402,68.657
92.937,85.795,57.402,68.657
90.706,88.026,57.402,68.657
88.775,84.691,56.912,68.071
88.037,86.412,56.912,68.071
87.300,86.658,56.912,68.071
87.054,86.904,56.912,68.071
88.775,88.132,56.912,68.071
87.054,87.395,56.912,68.071
88.775,87.641,56.912,68.071
88.037,86.904,56.912,68.071
88.775,87.641,56.912,68.071
88.037,85.920,56.912,68.071
87.791,85.183,56.912,68.071
88.037,86.904,56.912,68.071
86.808,82.234,56.912,68.071
86.071,81.005,56.912,68.071
85.334,78.793,56.912,68.071
85.337,77.405,56.426,67.490
85.093,76.186,56.426,67.490
84.621,75.761,55.944,66.914
85.829,76.003,55.944,66.914
84.621,73.828,55.944,66.914
85.345,74.070,55.944,66.914
84.137,72.379,55.944,66.914
84.862,72.620,55.944,66.914
84.621,72.862,55.944,66.914
85.829,70.204,55.944,66.914
85.104,71.895,55.944,66.914
86.312,72.137,55.944,66.914
86.554,70.929,55.944,66.914
87.762,69.721,55.944,66.914
88.970,69.479,55.944,66.914
86.795,68.755,55.944,66.914
85.587,69.479,55.944,66.914
83.233,68.115,55.467,66.342
83.952,67.875,55.467,66.342
83.233,65.720,55.467,66.342
82.993,63.564,55.467,66.342
85.628,64.761,55.467,66.342
87.305,63.564,55.467,66.342
89.940,63.324,55.467,66.342
92.575,61.647,55.467,66.342
95.210,61.408,55.467,66.342
97.366,59.731,55.467,66.342
99.043,57.575,55.467,66.342
101.199,55.898,55.467,66.342
100.959,53.742,55.467,66.342
102.157,51.107,55.467,66.342
103.355,48.473,55.467,66.342
103.115,46.796,55.467,66.342
103.834,45.119,55.467,66.342
105.031,43.442,55.467,66.342
105.750,42.723,55.467,66.342
105.031,41.526,55.467,66.342
107.187,42.244,55.467,66.342
105.990,40.089,55.467,66.342
108.625,40.328,55.467,66.342
108.864,40.089,55.467,66.342
110.541,39.370,55.467,66.342
111.739,40.568,55.467,66.342
112.936,40.807,55.467,66.342
114.134,39.609,55.467,66.342
114.853,40.328,55.467,66.342
116.050,39.130,55.467,66.342
117.248,39.370,55.467,66.342
118.446,40.089,55.467,66.342
119.644,40.328,55.467,66.342
121.799,41.047,55.467,66.342
123.476,41.765,55.467,66.342
125.153,43.442,55.467,66.342
126.830,44.640,55.467,66.342
129.465,45.838,55.467,66.342
130.662,45.119,55.467,66.342
128.507,43.921,55.467,66.342
127.788,44.640,55.467,66.342
126.111,45.358,55.467,66.342
123.955,45.598,55.467,66.342
122.758,46.796,55.467,66.342
120.123,47.035,55.467,66.342
118.446,47.275,55.467,66.342
116.290,47.993,55.467,66.342
115.092,48.233,55.467,66.342
113.415,48.473,55.467,66.342
111.739,49.191,55.467,66.342
109.583,49.431,55.467,66.342
106.948,50.628,55.467,66.342
104.313,51.826,55.467,66.342
102.157,53.503,55.467,66.342
99.043,55.659,55.467,66.342
96.408,57.815,55.467,66.342
94.252,59.491,55.467,66.342
92.096,60.689,55.467,66.342
90.898,61.887,55.467,66.342
89.222,62.606,55.467,66.342
87.545,64.282,55.467,66.342
85.868,65.001,55.467,66.342
84.670,65.720,55.467,66.342
84.431,68.355,55.467,66.342
83.233,70.510,55.467,66.342
82.993,72.187,55.467,66.342
82.754,72.427,55.467,66.342
82.035,74.583,55.467,66.342
82.754,76.739,55.467,66.342
82.035,77.457,55.467,66.342
83.233,79.134,55.467,66.342
82.514,79.373,55.467,66.342
84.670,80.092,55.467,66.342
85.868,79.373,55.467,66.342
88.024,81.529,55.467,66.342
89.222,81.769,55.467,66.342
89.940,82.008,55.467,66.342
91.138,81.769,55.467,66.342
92.815,82.488,55.467,66.342
93.533,82.727,55.467,66.342
93.773,82.008,55.467,66.342
94.971,81.769,55.467,66.342
96.168,81.529,55.467,66.342
95.929,81.290,55.467,66.342
97.606,80.571,55.467,66.342
97.845,79.853,55.467,66.342
98.564,78.176,55.467,66.342
98.324,76.499,55.467,66.342
99.043,74.822,55.467,66.342
98.324,72.187,55.467,66.342
98.085,70.510,55.467,66.342
99.282,68.834,55.467,66.342
100.001,66.678,55.467,66.342
101.678,65.480,55.467,66.342
103.355,64.761,55.467,66.342
105.031,65.480,55.467,66.342
107.666,67.157,55.467,66.342
109.822,67.396,55.467,66.342
111.978,69.552,55.467,66.342
114.134,71.229,55.467,66.342
114.853,71.469,55.467,66.342
116.529,73.145,55.467,66.342
117.248,72.906,55.467,66.342
117.967,73.624,55.467,66.342
118.206,73.864,55.467,66.342
117.488,72.666,55.467,66.342
118.685,73.385,55.467,66.342
119.883,73.624,55.467,66.342
121.081,74.822,55.467,66.342
123.237,75.062,55.467,66.342
126.351,76.259,55.467,66.342
130.423,77.457,55.467,66.342
135.453,79.134,55.467,66.342
139.385,81.053,55.952,66.923
143.976,81.778,55.952,66.923
147.942,85.696,56.442,67.509
151.442,88.649,56.935,68.099
155.622,90.862,56.935,68.099
167.219,93.336,57.434,68.695
175.900,96.065,57.434,68.695
179.125,98.297,57.434,68.695
182.349,98.049,57.434,68.695
185.078,100.777,57.434,68.695
186.318,101.025,57.434,68.695
187.062,103.258,57.434,68.695
189.294,101.521,57.434,68.695
187.062,104.250,57.434,68.695
188.302,104.002,57.434,68.695
189.046,103.754,57.434,68.695
186.318,104.994,57.434,68.695
188.550,103.754,57.434,68.695
188.798,103.506,57.434,68.695
189.542,101.769,57.434,68.695
189.294,102.514,57.434,68.695
187.062,102.762,57.434,68.695
189.294,102.018,57.434,68.695
186.070,103.754,57.434,68.695
187.806,103.010,57.434,68.695
184.581,104.746,57.434,68.695
187.806,103.010,57.434,68.695
185.078,105.242,57.434,68.695
187.806,103.506,57.434,68.695
185.078,105.242,57.434,68.695
188.302,102.514,57.434,68.695
185.574,105.242,57.434,68.695
188.798,103.010,57.434,68.695
185.574,105.738,57.434,68.695
188.302,104.002,57.434,68.695
186.566,105.242,57.434,68.695
188.798,103.506,57.434,68.695
185.574,105.738,57.434,68.695
188.302,104.002,57.434,68.695
185.574,106.234,57.434,68.695
188.302,103.506,57.434,68.695
185.574,105.738,57.434,68.695
188.302,104.002,57.434,68.695
185.574,106.730,57.434,68.695
188.798,104.002,57.434,68.695
185.574,106.234,57.434,68.695
188.302,104.002,57.434,68.695
186.070,106.730,57.434,68.695
188.798,104.498,57.434,68.695
185.574,106.730,57.434,68.695
188.302,104.994,57.434,68.695
186.566,107.226,57.434,68.695
189.294,104.498,57.434,68.695
186.070,106.730,57.434,68.695
188.302,104.498,57.434,68.695
186.566,106.730,57.434,68.695
189.294,104.498,57.434,68.695
186.070,106.730,57.434,68.695
188.798,104.498,57.434,68.695
185.574,106.234,57.434,68.695
188.302,104.002,57.434,68.695
186.566,107.226,57.434,68.695
189.294,104.498,57.434,68.695
186.566,106.730,57.434,68.695
189.790,104.498,57.434,68.695
186.742,106.994,57.936,69.296
189.495,104.742,57.936,69.296
186.742,106.994,57.936,69.296
189.495,104.742,57.936,69.296
