32.000,60.000,68.000,78.000
38.532,63.085,68.000,78.000
41.691,67.968,68.000,78.000
46.574,73.425,68.000,78.000
52.606,78.308,68.000,78.000
61.511,79.170,68.000,78.000
66.968,77.734,68.000,78.000
73.574,79.745,68.000,78.000
84.202,83.479,68.000,78.000
95.404,88.362,68.000,78.000
107.755,91.521,68.000,78.000
113.787,88.362,68.000,78.000
119.819,87.500,68.000,78.000
124.127,83.766,68.000,78.000
128.436,79.457,68.000,78.000
133.319,75.723,68.000,78.000
138.202,71.989,68.000,78.000
148.255,69.404,68.000,78.000
158.308,67.394,68.000,78.000
170.659,67.106,68.000,78.000
192.776,69.691,68.000,78.000
204.553,66.532,68.000,78.000
223.618,69.387,67.420,77.334
236.433,65.685,67.420,77.334
255.336,67.960,66.844,76.674
266.348,64.854,66.844,76.674
277.924,66.266,66.844,76.674
287.299,63.012,66.273,76.019
290.587,64.702,65.708,75.370
291.679,62.586,65.147,74.727
285.901,63.962,65.147,74.727
272.967,65.338,65.147,74.727
259.483,62.311,65.147,74.727
247.651,62.036,65.147,74.727
242.972,66.714,65.147,74.727
230.589,70.292,65.147,74.727
214.904,73.869,65.147,74.727
201.420,78.547,65.147,74.727
188.487,84.326,65.147,74.727
178.305,86.802,65.147,74.727
168.123,97.534,65.147,74.727
163.996,100.011,65.147,74.727
153.814,101.387,65.147,74.727
148.035,103.313,65.147,74.727
136.753,92.031,65.147,74.727
132.075,95.608,65.147,74.727
121.893,92.031,65.147,74.727
117.215,90.655,65.147,74.727
113.638,88.729,65.147,74.727
116.114,91.756,65.147,74.727
113.087,88.729,65.147,74.727
117.215,91.205,65.147,74.727
120.792,88.178,65.147,74.727
124.370,84.601,65.147,74.727
136.753,81.574,65.147,74.727
156.291,80.198,65.147,74.727
175.278,76.621,65.147,74.727
198.118,77.997,65.147,74.727
213.253,74.419,65.147,74.727
233.341,75.795,65.147,74.727
247.375,73.869,65.147,74.727
261.960,70.842,65.147,74.727
276.467,66.597,64.591,74.089
288.744,63.596,64.591,74.089
298.293,61.686,64.591,74.089
302.386,59.230,64.591,74.089
302.659,56.229,64.591,74.089
301.294,57.048,64.591,74.089
293.382,61.140,64.591,74.089
279.468,66.324,64.591,74.089
268.282,78.056,64.591,74.089
258.187,87.605,64.591,74.089
247.001,95.517,64.591,74.089
225.745,99.947,65.156,74.737
199.048,99.121,65.156,74.737
175.913,102.462,65.726,75.391
157.129,100.709,66.301,76.051
142.846,99.309,66.301,76.051
123.522,92.307,66.301,76.051
102.518,86.986,66.301,76.051
81.273,82.922,66.881,76.717
58.955,83.204,66.881,76.717
37.523,95.899,67.466,77.388
24.699,99.604,67.466,77.388
11.844,98.389,68.057,78.065
-1.714,94.217,68.652,78.748
-6.473,91.792,69.253,79.437
-4.677,91.144,69.859,80.132
1.520,87.308,69.859,80.132
15.389,75.210,69.859,80.132
19.815,70.784,69.859,80.132
22.704,71.414,69.262,79.448
25.569,72.609,68.671,78.770
31.660,93.784,68.671,78.770
41.813,99.295,68.671,78.770
49.645,102.486,68.671,78.770
54.576,101.036,68.671,78.770
59.507,100.745,68.671,78.770
64.438,99.295,68.671,78.770
62.408,93.784,68.671,78.770
68.499,90.013,68.671,78.770
88.514,93.204,68.671,78.770
109.109,97.555,68.671,78.770
122.742,96.685,68.671,78.770
138.695,100.455,68.671,78.770
162.191,103.646,68.671,78.770
183.366,102.776,68.671,78.770
205.364,106.297,69.272,79.459
235.503,107.760,69.272,79.459
255.693,106.297,69.272,79.459
294.024,109.515,69.272,79.459
315.970,108.052,69.272,79.459
330.307,105.419,69.272,79.459
352.253,109.223,69.272,79.459
359.568,105.419,69.272,79.459
363.372,100.444,69.272,79.459
351.375,91.959,69.272,79.459
337.037,81.718,69.272,79.459
329.137,76.743,69.272,79.459
335.282,80.547,69.272,79.459
330.307,83.766,69.272,79.459
323.106,86.717,69.878,80.154
314.026,89.090,70.490,80.856
306.699,94.534,71.106,81.563
294.384,106.248,71.106,81.563
286.376,110.509,71.729,82.277
287.285,109.600,71.729,82.277
281.692,102.098,72.356,82.997
275.423,99.542,72.989,83.723
270.182,96.150,72.989,83.723
275.423,102.625,72.989,83.723
271.415,110.332,72.989,83.723
263.091,111.257,72.989,83.723
255.383,109.716,72.989,83.723
247.059,108.174,72.989,83.723
242.434,109.716,72.989,83.723
232.260,105.091,72.989,83.723
227.201,95.560,73.628,84.456
232.488,95.249,73.628,84.456
239.019,93.694,73.628,84.456
248.660,95.871,73.628,84.456
251.459,94.938,73.628,84.456
254.258,96.493,73.628,84.456
250.215,93.694,73.628,84.456
250.526,97.116,73.628,84.456
245.861,99.915,73.628,84.456
241.196,102.714,73.628,84.456
236.531,102.403,73.628,84.456
233.110,98.982,73.628,84.456
229.689,94.938,73.628,84.456
225.646,90.895,73.628,84.456
230.311,85.608,73.628,84.456
235.598,79.077,73.628,84.456
243.373,75.034,73.628,84.456
258.612,72.857,73.628,84.456
272.608,71.302,73.628,84.456
284.737,66.637,73.628,84.456
295.064,61.232,72.999,83.735
299.072,54.757,72.999,83.735
315.328,54.212,72.376,83.020
318.918,56.058,71.758,82.311
314.977,59.998,71.758,82.311
291.032,63.938,71.758,82.311
277.998,78.185,71.758,82.311
273.451,93.643,71.758,82.311
268.905,104.252,71.758,82.311
273.451,109.405,71.758,82.311
270.724,104.858,71.758,82.311
264.964,98.493,71.758,82.311
251.931,92.128,71.758,82.311
238.257,82.136,72.386,83.031
234.282,78.161,72.386,83.031
229.084,73.575,72.386,83.031
223.275,68.377,72.386,83.031
218.689,63.179,72.386,83.031
215.325,65.319,72.386,83.031
220.523,69.906,72.386,83.031
209.864,80.512,73.020,83.758
203.387,90.073,73.020,83.758
170.504,95.714,73.659,84.491
168.949,92.913,73.659,84.491
169.882,91.358,73.659,84.491
163.971,92.291,73.659,84.491
159.304,90.735,73.659,84.491
170.816,92.913,73.659,84.491
192.284,93.224,73.659,84.491
200.062,88.557,73.659,84.491
202.240,82.646,73.659,84.491
203.796,77.357,73.659,84.491
212.819,73.934,73.659,84.491
218.108,68.645,73.659,84.491
224.020,64.600,73.659,84.491
221.602,65.871,73.030,83.769
219.443,69.265,73.030,83.769
224.070,72.658,73.030,83.769
229.931,76.668,73.030,83.769
232.090,78.210,73.030,83.769
231.165,79.136,73.030,83.769
229.623,80.678,73.030,83.769
233.633,79.136,73.030,83.769
235.792,76.977,73.030,83.769
230.548,72.349,73.030,83.769
254.301,75.743,73.030,83.769
269.416,72.966,73.030,83.769
284.532,75.743,73.030,83.769
280.522,72.966,73.030,83.769
265.973,70.387,73.669,84.502
255.082,73.809,73.669,84.502
241.702,74.743,73.669,84.502
244.888,77.882,74.313,85.242
252.108,81.963,74.313,85.242
255.560,87.299,74.313,85.242
247.713,92.007,74.313,85.242
233.553,95.174,74.964,85.988
209.804,90.424,74.964,85.988
186.689,93.907,74.964,85.988
162.018,98.399,75.620,86.740
158.505,104.468,75.620,86.740
145.405,109.000,76.281,87.499
148.305,106.744,76.281,87.499
154.427,102.556,76.281,87.499
166.994,95.789,76.281,87.499
173.760,87.089,76.281,87.499
179.882,75.167,76.281,87.499
187.293,67.112,76.281,87.499
203.081,57.768,76.281,87.499
217.581,49.713,76.281,87.499
223.059,46.813,76.281,87.499
229.181,50.357,76.281,87.499
232.081,55.835,76.281,87.499
228.536,60.668,76.281,87.499
223.059,66.146,76.281,87.499
218.226,76.779,76.281,87.499
212.103,90.634,76.281,87.499
199.537,92.889,76.281,87.499
194.060,94.500,76.281,87.499
189.432,96.429,76.949,88.265
196.092,94.377,77.622,89.037
199.043,90.771,77.622,89.037
205.273,88.476,77.622,89.037
217.404,86.180,77.622,89.037
230.191,81.262,77.622,89.037
231.532,76.504,78.301,89.816
234.918,78.484,78.986,90.602
238.335,83.217,79.677,91.395
245.402,88.939,79.677,91.395
250.451,93.987,79.677,91.395
248.768,97.016,79.677,91.395
243.720,96.007,79.677,91.395
235.306,93.651,79.677,91.395
228.911,98.026,79.677,91.395
223.190,99.036,79.677,91.395
210.737,100.045,79.677,91.395
194.919,106.440,79.677,91.395
181.793,110.142,79.677,91.395
177.418,107.113,79.677,91.395
178.427,104.084,79.677,91.395
184.149,98.362,79.677,91.395
222.180,103.411,79.677,91.395
232.613,100.382,79.677,91.395
238.335,96.007,79.677,91.395
236.951,92.502,80.375,92.194
232.772,93.143,81.078,93.001
227.635,96.910,81.078,93.001
221.812,110.951,81.078,93.001
218.045,114.718,81.078,93.001
213.127,107.642,81.787,93.815
218.081,94.838,82.503,94.636
226.096,82.640,82.503,94.636
232.021,78.807,82.503,94.636
235.854,76.367,82.503,94.636
237.597,76.019,82.503,94.636
240.036,80.549,82.503,94.636
236.203,80.201,82.503,94.636
241.430,84.034,82.503,94.636
237.597,80.898,82.503,94.636
235.450,84.413,83.225,95.464
229.680,84.356,83.953,96.299
223.134,85.025,84.688,97.142
217.768,83.236,84.688,97.142
214.549,80.732,84.688,97.142
211.611,76.274,85.429,97.992
217.526,57.721,86.176,98.849
190.658,65.124,86.930,99.714
195.923,58.290,87.691,100.587
211.851,51.993,87.691,100.587
227.778,55.326,87.691,100.587
244.446,61.623,87.691,100.587
263.337,76.810,87.691,100.587
271.116,78.662,87.691,100.587
269.264,75.328,87.691,100.587
265.189,70.513,87.691,100.587
266.300,90.145,87.691,100.587
262.967,93.478,87.691,100.587
261.856,84.959,87.691,100.587
256.299,79.403,87.691,100.587
250.003,76.069,87.691,100.587
242.965,74.217,87.691,100.587
235.927,76.810,87.691,100.587
228.148,78.662,87.691,100.587
219.629,81.255,87.691,100.587
214.814,83.107,87.691,100.587
212.962,84.959,87.691,100.587
220.740,83.848,87.691,100.587
233.705,86.441,87.691,100.587
240.002,89.034,87.691,100.587
246.298,85.700,87.691,100.587
247.410,82.366,87.691,100.587
244.076,79.033,87.691,100.587
242.224,74.958,87.691,100.587
247.039,79.773,87.691,100.587
242.224,74.958,87.691,100.587
239.631,70.143,87.691,100.587
227.408,74.958,87.691,100.587
201.109,68.661,87.691,100.587
185.922,64.587,87.691,100.587
182.588,66.439,87.691,100.587
187.404,66.809,87.691,100.587
204.072,64.957,87.691,100.587
234.816,53.474,87.691,100.587
272.227,54.586,87.691,100.587
292.599,54.956,87.691,100.587
293.711,50.141,87.691,100.587
262.967,44.585,87.691,100.587
236.668,50.141,87.691,100.587
209.628,70.513,87.691,100.587
191.478,77.551,87.691,100.587
172.491,91.159,88.458,101.467
165.391,105.731,88.458,101.467
179.216,98.632,88.458,101.467
197.525,84.807,88.458,101.467
215.087,76.213,88.458,101.467
222.186,61.640,88.458,101.467
224.054,58.277,88.458,101.467
220.220,73.536,89.232,102.355
217.582,86.728,89.232,102.355
215.260,88.985,90.013,103.250
211.077,93.167,90.013,103.250
215.260,98.110,90.013,103.250
224.005,97.730,90.013,103.250
249.479,98.870,90.013,103.250
288.071,92.263,89.245,102.369
324.637,81.331,89.245,102.369
330.291,64.367,89.245,102.369
327.653,58.713,89.245,102.369
266.960,53.058,89.245,102.369
252.258,68.514,89.245,102.369
234.541,75.677,89.245,102.369
219.839,81.331,89.245,102.369
167.440,87.740,89.245,102.369
147.461,94.902,89.245,102.369
141.806,100.557,89.245,102.369
147.461,105.457,89.245,102.369
141.806,100.557,89.245,102.369
160.278,106.965,89.245,102.369
177.995,105.834,89.245,102.369
181.388,90.378,89.245,102.369
171.210,81.708,89.245,102.369
151.984,83.593,89.245,102.369
150.853,78.692,89.245,102.369
142.183,88.117,89.245,102.369
136.528,93.017,89.245,102.369
142.183,94.902,89.245,102.369
135.021,88.494,89.245,102.369
139.167,76.807,89.245,102.369
