146.000,54.000,68.000,101.000
144.845,52.845,68.000,101.000
145.838,53.838,68.000,101.000
146.831,52.845,68.000,101.000
149.811,52.513,68.000,101.000
148.818,50.858,68.000,101.000
151.797,52.513,68.000,101.000
149.480,50.196,68.000,101.000
152.460,49.865,68.000,101.000
153.453,49.534,68.000,101.000
157.095,50.527,68.000,101.000
155.770,49.989,67.420,100.138
160.221,54.580,66.844,99.283
162.499,56.858,66.844,99.283
165.007,55.059,66.273,98.435
170.642,59.572,65.708,97.595
168.113,57.179,65.147,96.762
166.225,55.426,64.591,95.936
169.055,53.225,64.591,95.936
171.479,51.486,64.039,95.117
174.909,49.304,64.039,95.117
179.137,48.189,63.493,94.305
185.741,51.306,62.950,93.500
191.691,54.994,62.413,92.702
195.642,58.945,62.413,92.702
195.612,62.601,61.880,91.910
194.994,65.639,61.352,91.126
193.216,67.485,60.828,90.348
191.453,66.426,60.309,89.577
190.278,70.533,59.794,88.812
187.409,68.924,59.284,88.054
184.001,67.328,58.778,87.302
179.505,65.746,58.276,86.557
172.834,63.071,57.778,85.818
172.257,65.358,57.285,85.085
167.515,64.522,57.285,85.085
158.311,62.011,57.285,85.085
157.474,64.522,57.285,85.085
153.093,63.524,56.796,84.359
151.447,63.075,56.311,83.639
152.818,64.446,56.311,83.639
152.543,64.172,56.311,83.639
153.366,66.091,56.311,83.639
149.802,65.268,56.311,83.639
145.689,64.994,56.311,83.639
142.125,64.172,56.311,83.639
142.947,66.639,56.311,83.639
143.221,64.720,56.311,83.639
146.939,66.949,55.831,82.925
147.443,65.447,55.354,82.217
151.485,63.560,55.354,82.217
148.521,62.213,55.354,82.217
152.024,64.099,55.354,82.217
149.894,61.558,54.882,81.515
152.833,64.497,54.882,81.515
155.606,66.606,55.362,82.228
152.641,65.258,55.362,82.228
155.067,69.840,55.362,82.228
156.954,72.266,55.362,82.228
155.067,73.614,55.362,82.228
153.180,70.110,55.362,82.228
153.450,67.145,55.362,82.228
152.641,64.180,55.362,82.228
151.293,61.215,55.362,82.228
155.876,60.406,55.362,82.228
160.997,58.519,55.362,82.228
167.808,59.133,54.889,81.527
169.346,61.306,54.421,80.831
171.201,64.751,54.421,80.831
173.586,67.665,54.421,80.831
175.970,69.520,54.421,80.831
178.355,70.315,54.421,80.831
179.680,70.580,54.421,80.831
180.475,69.255,54.421,80.831
182.330,68.460,54.421,80.831
184.184,67.665,54.421,80.831
183.389,66.341,54.421,80.831
181.005,64.486,54.421,80.831
183.919,63.161,54.421,80.831
180.791,64.798,53.956,80.141
176.664,65.397,53.495,79.456
180.050,69.304,53.495,79.456
175.101,69.043,53.495,79.456
170.674,68.262,53.495,79.456
171.455,68.522,53.495,79.456
171.715,69.304,53.495,79.456
168.640,68.372,53.039,78.778
168.898,67.081,53.039,78.778
167.361,67.166,52.586,78.106
164.838,65.750,52.137,77.439
165.092,64.481,52.137,77.439
159.761,63.720,52.137,77.439
155.953,61.435,52.137,77.439
154.684,59.658,52.137,77.439
155.445,62.958,52.137,77.439
154.684,66.258,52.137,77.439
153.922,69.050,52.137,77.439
155.699,71.843,52.137,77.439
152.907,71.081,52.137,77.439
151.638,71.843,52.137,77.439
153.594,73.412,51.692,76.778
154.349,73.160,51.692,76.778
155.607,71.398,51.692,76.778
154.852,69.636,51.692,76.778
156.614,68.881,51.692,76.778
159.045,68.472,51.251,76.122
161.790,70.219,51.251,76.122
165.660,69.327,50.813,75.473
170.361,72.048,50.813,75.473
172.093,74.275,50.813,75.473
174.482,76.769,50.379,74.828
176.689,76.034,50.379,74.828
176.935,73.826,50.379,74.828
177.180,71.618,50.379,74.828
183.245,70.034,50.820,75.483
187.335,68.435,51.265,76.144
188.083,71.181,51.265,76.144
190.330,71.930,51.265,76.144
192.576,74.176,51.265,76.144
196.820,76.922,51.265,76.144
193.076,73.677,51.265,76.144
195.821,76.423,51.265,76.144
193.076,78.170,51.265,76.144
196.320,81.415,51.265,76.144
198.068,82.663,51.265,76.144
198.317,81.415,51.265,76.144
196.570,78.170,51.265,76.144
194.597,74.355,50.827,75.494
192.092,69.713,51.272,76.154
188.170,65.897,50.834,75.504
183.316,66.944,50.400,74.859
181.377,65.588,49.970,74.220
180.403,67.091,49.544,73.587
177.750,68.297,49.544,73.587
175.096,69.986,49.544,73.587
170.996,71.675,49.544,73.587
167.377,70.468,49.544,73.587
165.000,71.489,49.121,72.959
162.369,71.728,49.121,72.959
162.130,68.619,49.121,72.959
162.369,67.423,49.121,72.959
163.087,69.097,49.121,72.959
162.369,68.379,49.121,72.959
165.145,70.324,48.701,72.336
166.331,68.190,48.701,72.336
167.991,67.479,48.701,72.336
170.599,67.241,48.701,72.336
172.259,70.324,48.701,72.336
173.445,72.458,48.701,72.336
177.002,73.644,48.701,72.336
178.187,73.881,48.701,72.336
180.321,74.592,48.701,72.336
183.404,71.984,48.701,72.336
186.961,69.376,48.701,72.336
185.775,66.293,48.701,72.336
187.435,67.479,48.701,72.336
188.146,71.035,48.701,72.336
187.909,73.170,48.701,72.336
187.672,73.881,48.701,72.336
187.909,75.541,48.701,72.336
187.672,76.252,48.701,72.336
187.435,78.861,48.701,72.336
186.724,81.943,48.701,72.336
184.115,80.758,48.701,72.336
185.117,82.629,49.127,72.969
183.443,80.476,49.127,72.969
183.204,77.366,49.127,72.969
184.400,74.257,49.127,72.969
183.682,71.625,49.127,72.969
182.008,73.300,49.127,72.969
179.096,74.206,49.557,73.607
174.675,72.648,49.991,74.251
173.458,71.431,49.991,74.251
172.241,73.621,49.991,74.251
170.050,75.812,49.991,74.251
164.939,77.516,49.991,74.251
159.690,77.595,49.564,73.617
156.841,74.849,49.141,72.989
153.731,72.217,49.141,72.989
152.056,71.499,49.141,72.989
155.166,73.174,49.141,72.989
156.841,75.327,49.141,72.989
159.473,74.131,49.141,72.989
162.583,75.806,49.141,72.989
164.258,78.438,49.141,72.989
166.890,80.591,49.141,72.989
166.651,82.266,49.141,72.989
168.326,84.419,49.141,72.989
170.958,84.180,49.141,72.989
173.590,84.898,49.141,72.989
174.307,84.659,49.141,72.989
183.166,86.547,49.571,73.628
188.235,82.926,49.571,73.628
193.786,80.271,49.571,73.628
196.291,78.712,50.005,74.272
194.099,75.547,50.005,74.272
197.752,76.277,50.005,74.272
202.377,75.060,50.005,74.272
204.569,75.304,50.005,74.272
205.786,77.008,50.005,74.272
209.311,78.430,50.442,74.922
214.468,79.167,50.442,74.922
216.187,77.939,50.442,74.922
217.907,76.219,50.442,74.922
218.643,76.956,50.442,74.922
220.363,76.219,50.442,74.922
217.661,75.483,50.442,74.922
215.942,77.202,50.442,74.922
214.714,75.974,50.442,74.922
210.539,78.184,50.442,74.922
210.514,80.181,50.012,74.282
209.297,78.477,50.012,74.282
211.001,80.181,50.012,74.282
210.502,79.786,49.585,73.648
211.709,78.579,49.585,73.648
211.468,76.889,49.585,73.648
209.024,75.824,50.019,74.293
206.558,77.246,50.456,74.943
202.220,80.682,50.026,74.303
199.053,79.464,50.026,74.303
199.784,78.733,50.026,74.303
199.285,77.387,49.599,73.669
200.975,74.731,49.599,73.669
197.353,73.040,49.599,73.669
195.662,71.833,49.599,73.669
200.251,74.489,49.599,73.669
203.996,76.924,49.175,73.040
200.235,79.805,48.755,72.416
202.372,80.043,48.755,72.416
204.033,79.331,48.755,72.416
211.867,76.719,48.755,72.416
211.630,76.482,48.755,72.416
213.292,76.719,48.755,72.416
212.105,76.482,48.755,72.416
215.665,74.345,48.755,72.416
217.958,72.570,48.339,71.798
227.155,73.945,48.762,72.426
232.141,77.031,48.762,72.426
236.551,80.851,49.189,73.060
239.186,86.360,49.189,73.060
235.593,89.473,49.189,73.060
237.270,92.108,49.189,73.060
233.677,94.263,49.189,73.060
231.043,92.108,49.189,73.060
233.198,90.431,49.189,73.060
235.354,89.234,49.189,73.060
248.526,91.389,49.189,73.060
246.633,91.935,48.769,72.436
232.623,91.222,48.769,72.436
224.260,90.373,48.353,71.818
221.200,91.550,48.353,71.818
219.339,92.087,47.940,71.205
220.506,93.721,47.940,71.205
218.205,92.430,47.531,70.597
220.751,90.348,47.531,70.597
223.760,85.951,47.531,70.597
217.974,81.091,47.531,70.597
213.577,77.619,47.531,70.597
211.494,75.074,47.531,70.597
212.374,70.182,47.125,69.994
217.193,65.823,47.125,69.994
222.011,68.805,47.125,69.994
225.912,72.706,47.125,69.994
229.354,78.442,47.125,69.994
236.008,82.343,47.125,69.994
244.974,86.505,47.537,70.607
246.594,92.291,47.537,70.607
243.585,90.671,47.537,70.607
247.520,86.274,47.537,70.607
210.539,149.308,47.953,71.225
213.107,142.537,47.953,71.225
212.629,133.047,47.544,70.617
207.637,129.057,47.138,70.014
202.688,130.923,46.736,69.416
204.281,127.055,46.736,69.416
210.880,129.558,46.736,69.416
227.492,138.433,46.736,69.416
229.085,140.480,46.736,69.416
227.037,140.253,46.736,69.416
224.989,137.750,46.736,69.416
222.486,136.157,46.736,69.416
225.899,137.750,46.736,69.416
224.528,140.012,47.144,70.023
222.921,142.078,47.144,70.023
225.774,143.889,47.557,70.636
229.247,146.899,47.557,70.636
240.130,150.835,47.557,70.636
245.077,153.170,47.151,70.033
243.011,149.267,47.151,70.033
241.863,145.824,47.151,70.033
244.388,147.890,47.151,70.033
241.863,145.365,47.151,70.033
245.766,145.594,47.151,70.033
243.951,148.357,46.749,69.435
248.276,158.144,46.749,69.435
251.235,162.924,46.749,69.435
250.097,165.883,46.749,69.435
246.859,168.146,47.158,70.043
240.660,168.835,47.158,70.043
234.460,168.605,47.158,70.043
230.098,166.539,47.158,70.043
222.062,164.472,47.158,70.043
217.699,163.324,47.158,70.043
209.164,162.055,46.755,69.445
201.652,158.640,46.755,69.445
199.148,163.421,46.755,69.445
189.814,165.014,46.755,69.445
186.238,165.089,46.356,68.852
182.252,166.484,45.960,68.264
179.174,165.247,45.568,67.682
176.121,164.020,45.179,67.104
172.666,161.946,44.793,66.531
168.958,158.675,44.793,66.531
165.251,155.403,44.793,66.531
162.851,158.675,44.793,66.531
159.144,162.382,44.793,66.531
151.947,160.419,44.793,66.531
142.585,157.222,45.185,67.113
140.358,155.350,45.580,67.700
138.361,153.797,45.580,67.700
135.920,154.019,45.580,67.700
133.034,153.353,45.580,67.700
131.481,154.019,45.580,67.700
131.026,152.359,45.191,67.122
128.606,154.339,45.191,67.122
132.018,157.416,44.806,66.549
130.491,159.380,44.806,66.549
127.064,156.046,44.423,65.981
129.444,154.099,44.423,65.981
140.475,158.641,44.423,65.981
138.528,161.886,44.423,65.981
141.340,165.562,44.423,65.981
142.421,167.077,44.423,65.981
141.772,166.860,44.423,65.981
144.584,167.077,44.423,65.981
148.261,169.456,44.423,65.981
152.371,170.105,44.423,65.981
150.857,168.158,44.423,65.981
139.826,158.857,44.423,65.981
138.744,153.883,44.423,65.981
138.301,150.999,44.044,65.418
137.229,146.925,44.044,65.418
140.445,142.850,44.044,65.418
138.086,140.062,44.044,65.418
136.156,140.706,44.044,65.418
132.082,146.496,44.044,65.418
127.578,156.146,44.044,65.418
124.968,160.476,44.429,65.990
129.873,167.947,44.818,66.568
86.448,163.801,44.818,66.568
84.724,159.615,44.435,66.000
79.636,155.886,44.056,65.436
75.990,151.381,44.056,65.436
72.343,148.593,44.056,65.436
69.392,147.407,43.680,64.878
57.752,146.647,43.307,64.324
49.950,150.231,43.307,64.324
40.461,153.816,43.307,64.324
30.566,155.530,42.937,63.775
22.831,157.412,42.937,63.775
15.467,156.256,42.571,63.230
11.529,158.951,42.571,63.230
9.249,159.573,42.571,63.230
11.944,157.293,42.571,63.230
11.923,156.147,42.207,62.691
17.472,153.887,42.207,62.691
15.622,152.037,42.207,62.691
13.362,154.298,42.207,62.691
9.733,155.969,41.847,62.155
10.344,158.210,41.847,62.155
12.312,157.481,41.490,61.625
17.022,155.576,41.136,61.099
13.617,159.382,41.136,61.099
16.927,156.856,41.496,61.633
16.118,154.557,41.141,61.107
15.317,156.186,40.790,60.586
13.926,154.398,40.790,60.586
11.742,153.008,40.790,60.586
10.947,149.973,40.442,60.068
9.175,147.019,40.442,60.068
7.619,144.394,40.097,59.556
10.547,146.932,40.097,59.556
9.766,150.043,39.755,59.047
8.024,152.559,39.755,59.047
6.669,154.301,39.755,59.047
4.927,156.818,39.755,59.047
4.346,154.301,39.755,59.047
3.765,151.785,39.755,59.047
3.369,150.337,39.415,58.543
4.098,143.285,39.079,58.043
-0.658,140.051,39.079,58.043
-1.990,136.055,39.079,58.043
0.219,132.033,38.745,57.548
2.294,123.544,38.745,57.548
-1.038,131.704,38.414,57.057
5.508,122.165,38.414,57.057
14.299,120.108,38.414,57.057
13.916,117.979,38.086,56.569
12.088,116.592,37.761,56.087
18.891,118.247,37.761,56.087
27.164,118.798,37.761,56.087
34.335,121.556,37.761,56.087
41.505,118.431,37.761,56.087
55.851,118.751,38.092,56.577
60.175,114.469,37.767,56.094
73.599,115.388,37.767,56.094
58.337,142.051,37.767,56.094
54.475,142.970,37.767,56.094
56.498,144.993,37.767,56.094
58.888,147.751,37.767,56.094
60.543,150.510,37.767,56.094
62.934,153.268,37.767,56.094
61.839,155.122,37.444,55.616
59.469,153.481,37.444,55.616
63.297,151.476,37.444,55.616
60.927,150.929,37.444,55.616
60.198,149.210,37.124,55.141
55.679,147.944,37.124,55.141
61.631,146.777,37.449,55.623
65.170,147.903,37.130,55.148
68.244,149.169,37.130,55.148
69.148,150.434,37.130,55.148
74.029,151.338,37.130,55.148
75.294,152.965,37.130,55.148
73.306,154.592,37.130,55.148
69.408,152.535,36.813,54.678
66.360,151.997,36.813,54.678
60.804,150.026,36.813,54.678
58.474,148.412,36.813,54.678
54.352,146.441,36.813,54.678
49.512,144.828,36.813,54.678
51.842,142.856,36.813,54.678
54.437,143.168,37.135,55.156
61.488,141.541,37.135,55.156
63.477,139.913,37.135,55.156
72.698,141.541,37.135,55.156
85.174,144.614,37.135,55.156
97.799,149.748,37.460,55.639
119.139,153.213,37.460,55.639
128.805,154.855,37.460,55.639
129.352,153.578,37.460,55.639
127.911,151.858,37.140,55.164
125.070,148.741,36.823,54.693
121.904,146.701,36.509,54.226
123.504,149.723,36.509,54.226
125.815,152.745,36.509,54.226
121.371,151.500,36.509,54.226
118.704,153.456,36.509,54.226
114.260,152.211,36.509,54.226
161.366,155.233,36.509,54.226
162.611,156.833,36.509,54.226
160.655,155.233,36.509,54.226
159.411,155.411,36.509,54.226
158.878,153.100,36.509,54.226
159.055,150.789,36.509,54.226
161.629,148.548,36.828,54.700
166.829,146.575,36.828,54.700
169.160,148.548,36.828,54.700
170.653,154.741,37.150,55.179
171.417,158.023,37.475,55.662
170.870,160.030,37.475,55.662
168.863,162.402,37.475,55.662
161.747,162.949,37.475,55.662
155.360,160.212,37.475,55.662
148.609,157.475,37.475,55.662
145.266,154.800,37.803,56.149
138.456,151.303,37.803,56.149
136.431,144.125,37.803,56.149
134.774,140.628,37.803,56.149
133.118,138.235,37.803,56.149
135.142,138.419,37.803,56.149
131.645,136.762,37.803,56.149
128.516,138.419,37.803,56.149
129.805,139.339,37.803,56.149
134.406,136.578,37.803,56.149
135.695,140.076,37.803,56.149
136.615,140.260,37.803,56.149
134.590,138.235,37.803,56.149
134.774,136.578,37.803,56.149
131.645,134.554,37.803,56.149
132.198,133.633,37.803,56.149
128.700,136.026,37.803,56.149
125.571,139.155,37.803,56.149
121.338,141.548,37.803,56.149
118.945,144.309,37.803,56.149
115.080,145.229,37.803,56.149
112.319,147.622,37.803,56.149
115.533,146.964,37.480,55.670
119.000,149.336,37.480,55.670
122.764,152.647,37.808,56.157
125.052,149.571,38.139,56.648
122.030,143.042,38.473,57.144
118.471,138.359,38.473,57.144
122.405,141.918,38.473,57.144
120.719,150.347,38.473,57.144
118.658,153.532,38.473,57.144
113.600,153.344,38.473,57.144
108.632,152.134,38.810,57.644
109.199,149.300,38.810,57.644
106.364,146.088,38.810,57.644
108.443,142.119,38.810,57.644
104.475,134.750,38.810,57.644
111.088,137.584,38.810,57.644
112.411,134.750,38.810,57.644
118.647,139.852,38.810,57.644
100.562,131.802,38.478,57.152
88.384,134.612,38.478,57.152
75.457,138.921,38.478,57.152
67.776,136.111,38.478,57.152
58.970,140.420,38.478,57.152
51.641,142.309,38.150,56.664
48.618,139.205,38.484,57.160
44.308,136.769,38.484,57.160
42.622,134.333,38.484,57.160
40.935,131.898,38.484,57.160
42.745,131.227,38.155,56.672
39.722,134.598,38.489,57.167
33.163,137.783,38.489,57.167
28.391,140.770,38.160,56.679
19.658,148.759,38.160,56.679
7.209,153.033,38.160,56.679
-6.726,150.989,38.160,56.679
-13.558,136.077,38.494,57.175
-14.308,135.406,38.166,56.687
-15.609,136.335,38.166,56.687
-15.052,137.636,38.166,56.687
-8.176,132.991,38.166,56.687
6.323,138.266,38.500,57.183
7.261,141.828,38.500,57.183
3.324,145.764,38.500,57.183
2.762,149.326,38.500,57.183
-5.669,153.111,38.837,57.684
-12.665,151.409,38.837,57.684
-17.014,154.623,38.837,57.684
-15.312,152.922,38.837,57.684
-12.748,150.401,38.505,57.191
-14.962,149.364,38.176,56.703
-11.058,151.409,38.176,56.703
-10.351,152.558,37.850,56.219
-13.484,153.848,37.850,56.219
-11.705,155.346,37.527,55.739
-6.040,145.297,37.527,55.739
-11.261,143.367,37.856,56.227
-13.883,141.043,38.187,56.719
-15.384,142.891,38.521,57.215
-15.572,167.836,38.521,57.215
-17.420,167.166,38.192,56.727
-19.615,166.138,37.866,56.242
-29.706,161.521,37.543,55.762
-30.620,169.382,37.543,55.762
-32.422,165.161,37.222,55.286
-30.428,191.803,37.222,55.286
-29.885,193.796,37.222,55.286
-29.549,195.977,36.905,54.814
-4.213,214.485,36.905,54.814
-2.955,217.899,36.905,54.814
-4.213,221.313,36.905,54.814
-4.752,222.930,36.905,54.814
-7.088,223.110,36.905,54.814
-5.002,221.766,36.590,54.346
-5.893,219.806,36.590,54.346
-1.795,218.916,36.590,54.346
-6.249,216.600,36.590,54.346
-4.290,219.984,36.590,54.346
-3.399,219.094,36.590,54.346
2.480,218.916,36.590,54.346
7.677,219.669,36.277,53.882
14.212,221.259,36.277,53.882
22.925,220.480,36.595,54.354
