0.00144649
0.02978563
0.03172708
0.02968931
0.02923656
0.02924013
0.02928925
0.02930331
0.03343463
0.02917624
0.02959323
0.02924299
0.02915907
0.02968669
0.02919149
0.02975297
0.02988768
0.02990961
0.02978230
0.02970958
0.03113985
0.02962685
0.02974367
0.03085804
0.02996135
0.02977610
0.03023291
0.02992821
0.02999401
0.03046989
0.03012824
0.03001714
0.02984285
0.03049731
0.03043342
0.03074622
0.03052616
0.03008580
0.03008628
0.02988696
0.03024030
0.02988005
0.02984333
0.03017807
0.03024149
0.03055120
0.03039765
0.03035498
0.02991104
0.02989244
0.03258109
0.03001022
0.02985406
0.02976823
0.03035164
0.03030968
0.02987361
0.02986550
0.02961636
0.03001451
0.03184485
0.02967095
0.03034568
0.02988720
0.02981758
0.03017068
0.03024960
0.03108478
0.03058267
0.03060651
0.03042150
0.02993464
0.03119946
0.03006124
0.02992511
0.03028202
0.03411031
0.03042150
0.03095603
0.02992034
0.03009844
0.02997208
0.02987242
0.02989650
0.02990770
0.02984762
0.03275776
0.03057432
0.03090572
0.03083086
0.03069854
0.03306961
0.03137040
0.03050137
0.02953839
0.02935624
0.03005719
0.02980947
0.02980590
0.02939487
0.02961469
0.02913952
0.02976966
0.03278613
0.03031683
0.03022695
0.02943349
0.02934623
0.02921820
0.02954245
0.02935076
0.02928281
0.02927828
0.02922940
0.02934241
0.02933145
0.02915740
0.02948165
0.02931809
0.02941918
0.03322363
0.02941799
0.02930140
0.02900457
0.03154111
0.02923250
0.02926326
0.02918267
0.02989674
0.02938867
0.02918124
0.02931118
0.02927160
0.02907538
0.02982998
0.03002453
0.03422785
0.03371596
0.03351641
0.02975035
0.02956915
0.02947712
0.02943850
0.02937436
0.02969956
0.02989793
0.03031468
0.02995300
0.02974582
0.02979231
0.03426433
0.02984667
0.02963352
0.03149533
0.03941035
0.02930713
0.03047276
0.02979255
0.02985168
0.02975869
0.03353596
0.03356600
0.03361869
0.03368211
0.03359842
0.03380775
0.03389668
0.03414130
0.03370857
0.03348279
0.03358793
0.03353190
0.03351426
0.03114104
0.02974200
0.03011894
0.03076816
0.03034019
0.03041911
0.03111601
0.03039002
0.03020358
0.03031659
0.02988124
0.03028011
0.03001308
0.03391600
0.03035522
0.02966499
0.03415585
0.03370857
0.03360653
0.03359866
0.02921057
0.02981281
0.02994657
0.03777266
0.02969456
0.03968477
0.02979660
0.03193402
0.03877258
0.02991724
0.03043675
0.03047585
0.03075981
0.03051138
0.03005099
0.02917266
0.02893353
0.03158903
0.03026271
0.03369474
0.03001547
0.02974391
0.02964735
0.03083587
0.02972007
0.02947068
0.03521323
0.03593159
0.03569865
0.03806472
0.03557992
0.02954865
0.02925158
0.02980494
0.02982998
0.02947569
0.02934051
0.02956080
0.02922535
0.02920651
0.02920079
0.02938819
0.03993726
0.03246689
0.03025842
0.03100467
0.04008889
0.03069830
0.02939773
0.02921486
0.02981806
0.03030133
0.02995872
0.03038096
0.03010035
0.02938747
0.02938032
0.02927160
0.02931619
0.02937651
0.02982402
0.02905345
0.02937555
0.02928352
0.02877498
0.02933097
0.03661680
0.02973342
0.02949238
0.02939916
0.02908659
0.02904248
0.02936459
0.02937603
0.02936387
0.02944613
0.02916527
0.02902174
0.02910399
0.02909684
0.02908254
0.02899981
0.02926946
0.02919221
0.02887917
0.02905917
0.02932835
0.02952838
0.02921915
0.02911091
0.02983856
0.02915740
0.02911949
0.02945471
0.02910233
0.02920222
0.02913642
0.02922225
0.02883124
0.02883744
0.02876830
0.02932286
0.02906966
0.02911067
0.02930737
0.02911806
0.03150105
0.02917147
0.02932549
0.02927899
0.02946305
0.02918172
0.02909398
0.03454137
0.02888298
0.02893257
0.02888656
0.02890730
0.02982330
0.03006387
0.02981925
0.02992725
0.02999091
0.03255582
0.03062606
0.04509091
0.04714489
0.04720020
0.05002689
0.04907155
0.04717731
0.04841995
0.04651022
0.04856777
0.04614425
0.03264260
0.03435826
0.02926993
0.03409958
0.02971888
0.03018022
0.02982187
0.03445148
0.02901173
0.03093600
0.03147411
0.02991867
0.03026485
0.02986145
0.02991724
0.02987266
0.02999759
0.02975631
0.02984524
0.02992749
0.02996778
0.03007460
0.02995610
0.03023791
0.02979350
0.03019786
0.02973247
0.02981734
0.02961206
0.03368592
0.02956080
0.03002834
0.02960420
0.02951097
0.02957797
0.03183007
0.03473926
0.03330350
0.03000355
0.02999449
0.03221273
0.02974200
0.02961826
0.02943444
0.03000546
0.02957463
0.02947783
0.02947497
0.02964282
0.02954030
0.02937698
0.02940726
