0.00115728
0.01602721
0.01607442
0.01604152
0.01593018
0.01601958
0.01587963
0.01583815
0.01583195
0.01582789
0.01587367
0.01587033
0.01588988
0.01592350
0.01597261
0.01596260
0.01656079
0.01692009
0.01597285
0.01595330
0.01603174
0.01589489
0.01594663
0.01593280
0.01586604
0.01585507
0.01587987
0.01589274
0.01590943
0.01595044
0.01593828
0.01595879
0.01596594
0.01646948
0.01687098
0.01682281
0.01788950
0.01685333
0.01681614
0.01672316
0.01671958
0.01703548
0.01703358
0.01644135
0.01599717
0.01586819
0.01609492
0.01632333
0.01591039
0.01600599
0.01607203
0.01610804
0.01590657
0.01585674
0.01702332
0.01603508
0.01586962
0.01584840
0.01586056
0.01588655
0.01597214
0.01604128
0.01603079
0.01605034
0.01611161
0.01585579
0.01589203
0.01584601
0.01582456
0.01584530
0.01582170
0.01600981
0.01589847
0.01585388
0.01590896
0.01588774
0.01589680
0.01590419
0.01598430
0.01589942
0.01609206
0.01645803
0.01604199
0.01604795
0.01622343
0.01598978
0.01587439
0.01586652
0.01592851
0.01583910
0.01586533
0.01593161
0.01587939
0.01599216
0.01605630
0.01594949
0.01594424
0.01590061
0.01589417
0.01585913
0.01587152
0.01583385
0.01581550
0.01583481
0.01587796
0.01585555
0.01630020
0.01595092
0.01589036
0.01595187
0.01608944
0.01642513
0.01662421
0.01653695
0.01619315
0.01617646
0.01601171
0.01633716
0.01674056
0.01648235
0.01658177
0.01636791
0.01635027
0.01638222
0.01632810
0.01636863
0.01620770
0.01616287
0.01609921
0.01609993
0.01611853
0.01614165
0.01613140
0.01612139
0.01607203
0.01617527
0.01622701
0.01612902
0.01611447
0.01626444
0.01647043
0.01637101
0.01615047
0.01607370
0.01612830
0.01600170
0.01588964
0.01592112
0.01582432
0.01586056
0.01585102
0.01622272
0.01620698
0.01597691
0.01591253
0.01606297
0.01598239
0.01584768
0.01585293
0.01585507
0.01589370
0.01586914
0.01584601
0.01580095
0.01585484
0.01589513
0.01586866
0.01585388
0.01591635
0.01583982
0.01590538
0.01604271
0.01593018
0.01601934
0.01622844
0.01596665
0.01585865
0.01584554
0.01584196
0.01588297
0.01593208
0.01606417
0.01604486
0.01602626
0.01600456
0.01625133
0.01599693
0.01590371
0.01586723
0.01590896
0.01605225
0.01613021
0.01588750
0.01584005
0.01585340
0.01583719
0.01581860
0.01583624
0.01583648
0.01597714
0.01710153
0.01598835
0.01595831
0.01599050
0.01597476
0.01645279
0.01603866
0.01592135
0.01583600
0.01587558
0.01589775
0.01583099
0.01587653
0.01592922
0.01600862
0.01615095
0.01608205
0.01604438
0.01625347
0.01591277
0.01587605
0.01586795
0.01585722
0.01587367
0.01588845
0.01590967
0.01612520
0.01603103
0.01594019
0.01592755
0.01601601
0.01619673
0.01587534
0.01584077
0.01588988
0.01586771
0.01582861
0.01583719
0.01584077
0.01591182
0.01613283
0.01633048
0.01637626
0.01597619
0.01606274
0.01595020
0.01605678
0.01612115
0.01590085
0.01593232
0.01586580
0.01584005
0.01582289
0.01586556
0.01585221
0.01584053
0.01586413
0.01588917
0.01587033
0.01584959
0.01594067
0.01601911
0.01601028
0.01604581
0.01587343
0.01585841
0.01582146
0.01586866
0.01588750
0.01593590
0.01607728
0.01589084
0.01588964
0.01592064
0.01601243
0.01594973
0.01589298
0.01596642
0.01599884
0.01592779
0.01665139
0.01658511
0.01599789
0.01590610
0.01588631
0.01588917
0.01620650
0.01641321
0.01613975
0.01615500
0.01591039
0.01585293
0.01585150
0.01586175
0.01584148
0.01584649
0.01585531
0.01603150
0.01595831
0.01589131
0.01585340
0.01594305
0.01614141
0.01598454
0.01598358
0.01641893
0.01612663
0.01632857
0.01620650
0.01588058
0.01582241
0.01580119
0.01586342
0.01583838
0.01587868
0.01586342
0.01600051
0.01614285
0.01596403
0.01589894
0.01596785
0.01593971
0.01586795
0.01589513
0.01586008
0.01584911
0.01607728
0.01618767
0.01612186
0.01632071
0.01599407
0.01640582
0.01689172
0.01600695
0.01608491
0.01609278
0.01596904
0.01587725
0.01596332
0.01591516
0.01627493
0.01623559
0.01592851
0.01591110
0.01643682
0.01700258
0.01623368
0.01614404
0.01596284
0.01596236
0.01598096
0.01590538
0.01591444
0.01586390
0.01584721
0.01580906
0.01581693
0.01591921
0.01622295
0.01612067
0.01599622
0.01632261
0.01629329
0.01600146
0.01622009
0.01601696
0.01588416
0.01652050
0.01674461
0.01611304
0.01594949
0.01603770
0.01715970
0.01709437
0.01698112
0.01695323
0.01795125
0.01794410
0.01796293
0.01798248
0.01806879
0.01843023
0.01827455
0.01801419
0.01800203
0.01812220
0.01795912
0.01843357
0.01965117
0.01827455
0.01805282
0.01798987
0.01793051
