0.00390649
0.02436662
0.02385569
0.02492118
0.02380419
0.02440453
0.02452826
0.02428746
0.02483749
0.02580309
0.02416468
0.02451730
0.02435637
0.02428198
0.02389455
0.02332187
0.02332258
0.02438307
0.02387547
0.02366948
0.02450919
0.02450776
0.02444482
0.02536154
0.02432036
0.02465343
0.02747560
0.02459860
0.02432609
0.02429652
0.02359653
0.02426672
0.02371216
0.02386999
0.02353644
0.02378726
0.02380347
0.02447081
0.02366114
0.02391624
0.02357388
0.02356386
0.02355671
0.02360272
0.02366734
0.02398610
0.02428937
0.02456832
0.02430058
0.02420974
0.02437234
0.02429914
0.02342343
0.02364111
0.02363348
0.02365756
0.02380013
0.02377820
0.02354574
0.02462888
0.02385616
0.02434802
0.02589273
0.02400804
0.02441406
0.02438331
0.02394772
0.02384114
0.02392435
0.02409983
0.02401853
0.02396321
0.02491593
0.02392364
0.02393651
0.02365589
0.02455378
0.02429175
0.02489686
0.02435923
0.02495003
0.02473497
0.02542019
0.02499843
0.02791834
0.02861118
0.02678037
0.02699018
0.02673197
0.02782416
0.02468085
0.02440166
0.02422452
0.02433324
0.02429986
0.02440500
0.02413797
0.02483797
0.02373028
0.02354884
0.02380824
0.02389979
0.02381325
0.02383828
0.02384472
0.02396464
0.02401352
0.02361345
0.02589512
0.02985740
0.03004289
0.02386236
0.02419901
0.02475119
0.02456951
0.02446580
0.02440572
0.02449107
0.02465963
0.02451396
0.02430654
0.02427292
0.02424145
0.02432466
0.02440500
0.02359796
0.02365851
0.02429795
0.02442980
0.02448654
0.02436614
0.02428365
0.02427721
0.02360868
0.02428484
0.02426696
0.02452970
0.02397799
0.02394867
0.02388358
0.02401161
0.02396178
0.02379489
0.02394485
0.02401924
0.02395391
0.02374029
0.02548957
0.02469587
0.02456784
0.02439308
0.02444696
0.02476311
0.02598453
0.02602553
0.02447796
0.02438426
0.02396321
0.02437568
0.02400351
0.02449489
0.02409077
0.02440619
0.02371526
0.02364969
0.02356100
0.02358770
0.02436090
0.02388430
0.02386284
0.02356362
0.02390003
0.02423143
0.02409959
0.02380061
0.02382946
0.02371311
0.02421570
0.02359796
0.02757287
0.02547979
0.02400374
0.02396941
0.02385235
0.02476168
0.03072882
0.03015780
0.04644227
0.04241920
0.04178929
0.04173303
0.04146194
0.04174471
0.04129672
0.04180527
0.04171300
0.04177117
0.04176331
0.04166651
0.04166508
0.02429748
0.02412605
0.02408290
0.02459908
0.02425146
0.02406931
0.02394724
0.02407384
0.02432323
0.02346325
0.02365756
0.02381277
0.02376986
0.02350545
0.02461624
0.02343750
0.02367043
0.02379012
0.02362037
0.02568078
0.02363849
0.02427483
0.02424574
0.02429533
0.02584219
0.02427864
0.02440739
0.02439427
0.02432513
0.02423477
0.02434444
0.02430797
0.02369928
0.02370930
0.02382755
0.02410698
0.02432323
0.02434731
0.02408838
0.02370715
0.02362251
0.02446008
0.02670288
0.02529430
0.02421141
0.02438521
0.02572489
0.02572393
0.02382684
0.02444601
0.02479792
0.03934503
