0.00111485
0.03341508
0.03447270
0.03472781
0.03490734
0.03461862
0.03454661
0.03457260
0.03446603
0.03464079
0.03491807
0.03471804
0.03462553
0.03484464
0.03503871
0.03449273
0.03433299
0.04266477
0.02788091
0.03447127
0.03456593
0.03452826
0.03471875
0.03491664
0.03451729
0.03460574
0.03451681
0.03473568
0.03462243
0.03486419
0.03485799
0.03467107
0.03481507
0.03461218
0.03463364
0.03441215
0.03454423
0.03462744
0.03081894
0.03442574
0.03456521
0.03474951
0.03479815
0.03478146
0.03464007
0.03456259
0.03460169
0.03468180
0.03491521
0.03489876
0.03484941
0.03494835
0.03466082
0.03497219
0.03453922
0.03462219
0.03452206
0.03072953
0.03453875
0.03461504
0.03465033
0.03487349
0.03489327
0.03486729
0.03453135
0.03459191
0.03500462
0.03430414
0.03485322
0.03503966
0.03394723
0.03462839
0.03494859
0.03447151
0.03437519
0.03450704
0.02922463
0.01633048
0.01630235
0.01623535
0.01618385
0.01593089
0.01595044
0.01605296
0.01595521
0.01605320
0.01606560
0.01593184
0.01591611
0.01589060
0.01585555
0.01696539
0.01594472
0.01599956
0.01608634
0.01591086
0.01590228
0.01586914
0.01585937
0.01593041
0.01593089
0.01590014
0.01589370
0.01623034
0.01627803
0.01591516
0.01694322
0.01587820
0.01587462
0.01624060
0.01677680
0.01626062
0.01625466
0.01618719
0.01626229
0.01633978
0.01625586
0.01622081
0.01624823
0.01618743
0.01606941
0.01587939
0.01588798
0.01587343
0.01600695
0.01615930
0.01598144
0.01593113
0.01591992
0.01591921
0.01591706
0.01629853
0.01686382
0.01701283
0.01700735
0.01694465
0.01687932
0.01687264
0.01663065
0.01644754
0.01649117
0.01640463
0.01624894
0.01608753
0.01600766
0.01607299
0.01596618
0.01587892
0.01588535
0.01596713
0.01597834
0.01595092
0.01590204
0.01590729
0.01665926
0.01655436
0.01616478
0.01652789
0.02180457
0.03433490
0.03469586
0.03483820
0.03474188
0.03487515
0.03468132
0.03454351
0.03433347
0.03453207
0.03474379
0.03497362
0.03484607
0.03522873
0.03441668
0.03484559
0.03474045
0.03456068
0.03464389
0.03323102
0.03299356
0.03452516
0.03477407
0.03461576
0.03493047
0.03470469
0.03464365
0.03440475
0.03463531
0.03464985
0.03489828
0.03478098
0.03469515
0.03479123
0.03485513
0.03429127
0.03459501
0.03461075
0.03422570
0.01927137
0.01659131
0.01647449
0.01634765
0.01626801
0.01619840
0.01771855
0.01765084
0.01769352
0.01762915
0.01638007
0.01793242
0.01772070
0.01697087
0.01796985
0.01815152
0.01810956
0.01814151
0.01797509
0.01795053
0.01789808
0.01909351
0.01917529
0.01944256
0.01918292
0.01898789
0.01895499
0.01898980
0.01894498
0.01893759
0.01897979
0.01901221
0.01895833
0.01889491
0.01892114
0.01949835
0.02258420
0.02202463
0.01918411
0.01920748
0.01895285
0.01895857
0.01897025
0.01898432
0.01901388
0.01899409
0.01933026
0.01900721
0.01896763
0.01894689
0.01899290
0.01902723
0.01904511
0.01900268
0.01888967
0.01898718
0.01896930
0.01893878
0.01897001
0.01899695
0.01907039
0.01892781
0.01899719
0.01965046
0.02007985
0.01908255
0.01896834
0.01900673
0.01897311
0.01896524
0.01900148
0.01890683
0.01894641
0.01904583
0.01927328
0.01913977
0.01915526
0.01914763
0.01900220
0.01897454
0.01898813
0.01903248
0.01899815
0.01913166
0.01901674
0.01895189
0.01899004
0.01902151
0.01925635
0.01900649
0.01894307
0.02200603
0.01901460
0.01902127
0.01894498
0.01934910
0.01917648
0.01811385
0.01821947
0.01825714
0.01800394
0.01799297
0.01793194
0.01801467
0.01695156
0.01798677
0.01793861
0.01946139
0.01834917
0.01798129
0.01903343
0.01797199
0.01902652
0.01899099
0.01903868
0.01904917
0.01922560
0.01912117
0.01900101
0.01894999
0.01891041
0.01892734
0.01895356
0.01887059
0.01902008
0.01915193
0.01908708
0.01910233
0.01906991
0.01909137
0.01897979
0.01897860
0.01897550
0.01901054
0.01904416
0.01991773
0.01923704
0.01913118
0.01923800
0.01905298
0.01899242
0.01900864
0.01901507
0.01892090
0.01893544
0.01901770
0.01906204
0.01909471
0.01913834
0.01900125
0.01897168
0.02211833
0.01901221
0.01799345
0.01793551
0.01803565
0.01791120
0.01796436
0.01798987
0.01689863
0.01694703
0.01701283
0.01701188
0.01698709
0.01694894
0.01695585
0.01587510
0.01740479
0.01632380
0.01603150
0.01597214
0.01591706
0.01595140
0.01593089
0.01637340
0.01645589
0.01604557
0.01594353
0.01631212
0.01652312
0.01602960
0.01606250
0.01601124
0.01599741
0.01597071
0.01595998
0.01594186
0.01594758
0.01593590
0.01602745
0.01593542
0.01603937
0.01615858
0.01591754
0.01588368
0.01588845
0.01587963
0.01586556
0.01591730
0.01585984
0.01587987
0.01590586
0.01610494
0.01625156
0.01611710
0.01603198
0.01591563
0.01589465
0.01590490
0.01589322
0.01593947
0.01602554
0.01593423
0.01590180
0.01587200
0.01589823
0.01588488
0.01698923
0.01690531
0.01690125
0.01689816
0.01700592
0.01696873
0.01689315
0.01686883
0.01713014
0.01696134
0.01692128
0.01694584
0.01695085
0.01691365
0.01687860
0.01693988
0.01692200
0.01692629
0.01691031
0.01689816
0.01707363
0.01725125
0.01711702
0.01711321
0.01823306
0.01800299
0.01797438
0.01793528
0.01788521
0.01901913
0.01894999
0.01795650
0.01799679
0.01793575
0.01792979
0.01792097
0.01784587
0.01785612
0.01796079
0.01793242
0.01800036
0.01789427
0.01831985
0.01797366
0.01699233
0.01703691
0.01693153
0.01699710
0.01695108
0.01694155
0.01697278
0.01699948
0.01593089
0.01593661
0.01609921
0.01627612
0.01604342
0.01604557
