0.00108767
0.01672196
0.01624870
0.01616788
0.01592755
0.01612735
0.01600146
0.01625705
0.01606727
0.01607990
0.01619005
0.01626492
0.01610970
0.01615524
0.01599526
0.01607680
0.01608729
0.01621294
0.01677465
0.01654029
0.01634431
0.01624107
0.01621199
0.01628089
0.01612687
0.01609135
0.01605105
0.01617503
0.01645589
0.01662159
0.01625514
0.01617527
0.01614594
0.01608777
0.01607156
0.01618695
0.01612520
0.01616645
0.01619291
0.01633191
0.01626182
0.01615286
0.01615047
0.01615953
0.01613545
0.01623464
0.01622415
0.01618552
0.01626277
0.01626730
0.01619720
0.01627779
0.01630425
0.01622438
0.01626539
0.01638532
0.01623058
0.01625228
0.01614094
0.01628160
0.01624846
0.01625919
0.01619625
0.01612449
0.01612258
0.01615191
0.01614785
0.01629472
0.01613164
0.01622558
0.01672816
0.01864767
0.01793361
0.01692867
0.01976156
0.01659226
0.01676655
0.01669765
0.01633430
0.01618314
0.01626992
0.01644397
0.01623559
0.01616263
0.01611185
0.01614738
0.01612282
0.01613450
0.01612163
0.01614428
0.01611567
0.01658440
0.01641321
0.01617980
0.01613617
0.01615286
0.01619434
0.01633334
0.01611304
0.01592946
0.01613855
0.01611257
0.01599574
0.01612616
0.01631117
0.01612592
0.01610470
0.01608992
0.01612401
0.01615334
0.01615620
0.01618958
0.01616526
0.01619363
0.01662612
0.01641488
0.01616693
0.01618028
0.01612711
0.01615214
0.01611471
0.01606202
0.01620340
0.01631165
0.01622009
0.01625109
0.01619387
0.01621771
0.01610208
0.01608729
0.01623154
0.01624322
0.01609516
0.01615381
0.01626992
0.01609492
0.01599264
0.01593018
0.01597261
0.01615405
0.01608729
0.01609540
0.01610351
0.01619720
0.01613832
0.01612997
0.01609397
0.01599026
0.01601386
0.01597166
0.01598239
0.01596618
0.01591802
0.01712584
0.01600027
0.01596761
0.01612353
0.01621652
0.01623940
0.01597834
0.01610851
0.01671314
0.01645803
0.01610780
0.01624799
0.01614809
0.01612902
0.01595879
0.01591134
0.01592612
0.01594329
0.01595044
0.01594591
0.01600742
0.01605511
0.01594281
0.01595473
0.01617718
0.01620793
0.01608872
0.01609516
0.01634169
0.01620030
0.01627207
0.01615405
0.01605320
0.01732278
0.01652431
0.01624513
0.01636195
0.01641965
0.01689291
0.02629066
0.03514934
0.03584218
0.03541780
0.03529406
0.03502369
0.03485847
0.03487611
0.03623009
0.03591442
0.03542209
0.03492498
0.03511333
0.03522015
0.03497219
0.03479695
0.03490925
0.01776052
0.01671624
0.01716328
0.01673913
0.01645875
0.01644564
0.01631331
0.01635623
0.01629996
0.01620436
0.01629496
0.01624107
0.01622272
0.01628542
0.01622748
0.01602864
0.01626801
0.01619625
0.01626801
0.01606226
0.01610231
0.01614618
0.01623654
0.01639128
0.01625156
0.01621652
0.01620245
0.01610851
0.01609635
0.01604867
0.01591420
0.01607394
0.01622176
0.01661777
0.01643324
0.01605535
0.01639819
0.01669216
0.01634645
0.01629424
0.01625729
0.01631713
0.01628447
0.01593113
0.01621962
0.01627970
0.01621675
0.01627040
0.01630807
0.01627231
0.01624417
0.01628137
0.01628971
0.01625752
0.01623368
0.01623940
0.01634336
0.01630974
0.01638484
0.01635647
0.01649666
0.01630282
0.01610780
0.01617265
0.01636028
0.01614261
0.01619101
0.01597214
0.01603103
0.01599836
0.01597381
0.01599312
0.01596522
0.01597786
0.01602912
0.01598668
0.01598811
0.01599121
0.01595306
0.01632690
0.01616192
0.01613641
