0.00103879
0.01934075
0.02000809
0.01917338
0.01905131
0.01903677
0.01903510
0.01907325
0.01905060
0.01903033
0.01897120
0.01902390
0.01927710
0.01920366
0.01906347
0.01900864
0.01902747
0.01902843
0.01901507
0.01901937
0.01900673
0.01899934
0.01897645
0.01907277
0.01901269
0.01899505
0.01907468
0.01894236
0.01912045
0.01916814
0.01911616
0.01963091
0.01911926
0.01905203
0.01901627
0.01904917
0.01912785
0.01909518
0.01908278
0.01897693
0.01908922
0.01900196
0.01900840
0.01933241
0.02070928
0.02064657
0.02051997
0.02046657
0.02036715
0.02024579
0.01902628
0.01898956
0.01900244
0.01900697
0.01904893
0.01896381
0.01903248
0.01943350
0.01935625
0.01903534
0.01900458
0.01907802
0.01912880
0.01917529
0.01903653
0.01902866
0.01894498
0.01902890
0.01900482
0.01900864
0.01899099
0.01899052
0.01925039
0.01932168
0.01922703
0.01901674
0.01901817
0.01899123
0.01900172
0.01910162
0.01914549
0.01917076
0.01919675
0.01907158
0.01902699
0.01914263
0.01907921
0.01900554
0.01905608
0.01900196
0.01912570
0.01914454
0.01909065
0.01918769
0.01926947
0.01910591
0.01917744
0.01905608
0.01904678
0.01905203
0.01911902
0.01907921
0.01908469
0.01909137
0.01917720
0.01910233
0.01906824
0.01909161
0.01929522
0.01941037
0.01920295
0.01934028
0.01939130
0.01907682
0.01909208
0.01906180
0.01903176
0.01902819
0.01905823
0.01906061
0.01906013
0.01903725
0.01902056
0.01903892
0.01915479
0.01929712
0.01924276
0.01917553
0.01906013
0.01970768
0.01922750
0.01923537
0.01920676
0.01941252
0.01975560
0.01961946
0.01996994
0.01909375
0.01909614
0.01900244
