0.00698948
0.03320956
0.03290987
0.03288865
0.03292632
0.02832627
0.03311563
0.03293133
0.03283024
0.03280044
0.03295040
0.03271294
0.03291154
0.03108644
0.02843165
0.02879310
0.02848721
0.02849460
0.02852392
0.02970910
0.02867794
0.02965760
0.02949357
0.02932000
0.02968335
0.02877712
0.02871442
0.02881169
0.02871966
0.02874088
0.02879834
0.02875757
0.02885628
0.02890587
0.03240061
0.02907133
0.02939606
0.02967262
0.02910709
0.02911615
0.02901196
0.02905631
0.03001356
0.02994013
0.02964544
0.02939868
0.03005624
0.03041387
0.03006363
0.02961612
0.02979517
0.02958298
0.03000951
0.02897716
0.02913904
0.02913308
0.02901292
0.02920580
0.02902532
0.02907872
0.02910328
0.02898192
0.02919650
0.02913404
0.02861476
0.02844954
0.02900457
0.02918911
0.02826691
0.02848577
0.02817488
