0.00108814
0.01589870
0.01612186
0.01595521
0.01592517
0.01591849
0.01594925
0.01589251
0.01591778
0.01586652
0.01586723
0.01588202
0.01585054
0.01586986
0.01590848
0.01614499
0.01592016
0.01590633
0.01592016
0.01589298
0.01613283
0.01620984
0.01595497
0.01597095
0.01592040
0.01585770
0.01588464
0.01591778
0.01602864
0.01615071
0.01599193
0.01592350
0.01617026
0.01611209
0.01595092
0.01592469
0.01587391
0.01595497
0.01595616
0.01590586
0.01594543
0.01613164
0.01633334
0.01611423
0.01610160
0.01596570
0.01595116
0.01593328
0.01588488
0.01598382
0.01605105
0.01603007
0.01607203
0.01599312
0.01604152
0.01612568
0.01610923
0.01606131
0.01606655
0.01595950
0.01599002
0.01595712
0.01594830
0.01589966
0.01594305
0.01591134
0.01591730
0.01591754
0.01594591
0.01598096
0.01597738
0.01602387
0.01615119
0.01599932
0.01589870
0.01592064
0.01626778
0.01628685
0.01595426
0.01592135
0.01592708
0.01592970
0.01591396
0.01591682
0.01611280
0.01626277
0.01604176
0.01598167
0.01593232
0.01591897
0.01595473
0.01594186
0.01590633
0.01595998
0.01602006
0.01598001
0.01595116
0.01593757
0.01600218
0.01624417
0.01615477
0.01612163
0.01597857
0.01598692
0.01593924
0.01603889
0.01606345
0.01604748
0.01597047
0.01592946
0.01589751
0.01603580
0.01612782
0.01602149
0.01606226
0.01607037
0.01610184
0.01592851
0.01592708
0.01595879
0.01589251
0.01585841
0.01590657
0.01588774
0.01587892
0.01590204
0.01591873
0.01589370
0.01584601
0.01608562
0.01637650
0.01598859
0.01589084
0.01591873
0.01595807
0.01594472
0.01590300
0.01593852
0.01594353
0.01588511
0.01585388
0.01586723
0.01594353
0.01598358
0.01591301
0.01588321
0.01590133
0.01717758
0.01734614
0.01714063
0.01698661
0.01697183
0.01705408
0.01815176
0.01838970
0.01820326
0.01807690
0.01796651
0.01905179
0.01905966
0.01899123
0.01896024
0.01902437
0.01908588
0.01907134
0.01910520
0.01922274
0.01966810
0.02161789
0.02153516
0.02177596
0.02271485
0.02160001
0.02302074
0.02242184
0.01942873
0.01917863
0.01903367
0.01898170
0.01903987
0.01904035
0.01904559
0.01899219
0.01899791
0.01905560
0.01905775
0.01897788
0.01898694
0.01905751
0.01902747
0.01898408
0.01900816
0.01895690
0.01898718
0.01897502
0.01893783
0.01901817
0.01914430
0.01912522
0.01902866
0.01908708
0.01906061
0.01911879
0.01935887
0.01925635
0.01917076
0.01908803
0.01904082
0.01914620
0.01904202
0.01899481
0.01898503
0.01895022
0.01897383
0.01901317
0.01918173
0.01905441
0.01899981
0.01899290
0.01896882
0.01933622
0.02006865
0.01933360
0.01941061
0.01939750
0.01924968
0.01914167
0.01904869
0.01904035
0.01902866
0.01900172
0.01909304
0.02061534
0.01951122
0.02075267
0.01917434
0.01910377
0.01900625
0.01896834
0.01898289
0.01905060
0.01914835
0.01928282
0.01907969
0.01901770
0.01916790
0.01913929
0.01945114
0.02105403
0.01902556
0.01901746
0.01943612
0.01937127
0.01969743
0.01926804
0.01910257
0.01899529
0.01899362
0.01902080
0.01913500
0.01898980
0.01899862
0.01910400
0.01900768
0.01907539
0.01902556
0.01900482
0.01911211
0.01914048
0.01909018
0.01909447
0.01915669
0.01941705
0.01958299
0.01943898
0.01932907
0.02062416
0.02190304
0.02229595
0.01952839
0.01904225
0.01906657
0.01906323
0.01913524
0.01904821
0.01901960
0.01893163
0.01903439
0.01899052
0.01895857
0.01906276
0.01911521
0.01901746
0.01901698
0.01901364
0.01895237
0.01910114
0.01904941
0.01907897
0.01908326
0.01911092
0.01918316
0.01904321
0.01902556
0.01899529
0.01978827
0.01924372
0.01920438
0.01937914
0.01908708
0.01902866
0.01913977
0.01907086
0.01900983
0.01935554
0.01927495
0.01909280
0.01902294
0.01907158
0.01907039
0.01900887
0.01899791
0.01904917
0.01906991
0.01914287
0.01920390
0.01947141
0.01955581
0.01942730
0.01926112
0.01912618
0.01942039
0.01918340
0.01906586
0.01905060
0.01907134
0.01914763
0.01914334
0.01909542
0.01908612
0.01907659
0.01904702
0.01922202
0.01922059
0.01924443
0.01924348
0.01908970
0.01910400
0.01905346
0.01914287
0.01901865
0.01921773
0.01952076
0.01926398
0.01906705
0.01910925
0.01910686
0.01904988
0.02101898
0.01917553
0.01906586
0.01903462
0.01907754
0.01906061
0.01904869
0.01912093
0.02006149
0.01917934
0.01914287
0.01911354
0.01910400
0.01911759
0.01908398
0.01906085
0.01916027
0.01932025
0.01929069
0.01969981
0.01940703
0.01999879
0.01968288
0.01963735
0.02054930
0.02246952
0.02168965
0.02059555
0.02047110
0.02042127
0.02039051
0.02048230
0.02062941
0.02089310
0.02088428
0.02038741
0.02053189
0.02020550
0.01902771
0.01916862
0.01911592
0.01953602
0.01908064
0.01908779
0.01907349
0.01909256
0.01911426
0.01907039
0.01913214
0.01933980
0.01949549
0.01942563
0.01918769
0.01907992
0.01936388
0.01909995
0.01910639
0.01907897
0.01904011
0.01907659
0.01905298
0.01908135
0.01909542
0.01907873
0.01910257
0.01899886
0.01910853
0.01919293
0.01917315
0.01937461
0.01937675
0.01944780
0.01922488
0.01907277
0.01912308
0.01908922
0.01912618
0.01914120
0.01909280
0.01905608
0.01913929
0.01911402
0.01917887
0.01905799
0.01909161
0.01977372
0.01930094
0.01913548
0.01912355
0.01904249
0.01905847
0.01914477
0.01903367
0.01908326
0.01905489
0.01911926
0.01902270
0.01905155
0.01915812
0.01927185
0.01947713
0.01919651
0.01916242
0.01908255
0.01923037
0.01912260
0.01906323
0.01921415
0.01907444
0.01923180
0.01912618
0.01916218
0.01913762
0.01907396
0.01908517
0.01916337
0.01924062
0.01944637
0.01927352
0.01908922
0.01906848
0.01925373
0.02026200
0.01935577
0.01931214
0.01910591
0.01907682
0.01911449
0.01918030
0.01930404
0.01943684
0.01974010
0.01907730
0.01913357
0.01909494
0.01936078
0.02042317
0.01936984
0.01910877
0.01906514
0.01908088
0.01910615
0.01907420
0.01914859
0.01917434
0.01910543
0.01913071
0.01940536
0.01901174
0.01912117
0.01930285
0.01946902
0.01930070
0.01925635
0.01913595
0.01906204
0.01910782
0.01904678
0.01914334
0.01911950
0.01907182
0.01944828
0.01914978
0.01915932
0.01915884
0.01924086
0.01918936
0.01908493
0.01913619
0.01916289
0.02124023
0.01919293
0.01917529
0.01925540
0.01930881
0.01947355
0.01922965
0.01937437
0.01911473
0.01920033
0.01932144
0.01923037
0.01919007
0.01911736
0.01911640
0.01915765
0.01916933
0.01958466
0.02114606
0.01910043
0.01917458
0.01913977
0.01921296
0.01910090
0.01964617
0.02104211
0.01932216
0.01933932
0.01946926
0.01959085
0.01968026
0.01965475
0.01999164
0.01935697
0.01947904
0.01943040
0.01911592
0.01912951
0.01910090
0.01916218
0.01910782
0.01919007
0.01914358
0.01952839
0.01937270
0.01914692
0.01912951
0.01908088
0.01918125
0.01963615
0.01918507
0.01920366
0.01953435
0.02045918
0.01938653
0.01920629
0.01918602
0.01931906
0.01992106
0.02400565
0.02161574
0.02189422
0.02184248
0.02119303
0.01971483
0.02006698
0.02018309
0.01929212
0.02003002
0.01928949
0.01912928
0.01908112
0.01916742
0.01910329
0.01897717
0.01904058
0.01900125
0.01896596
0.01894593
0.01901531
0.01903129
0.01935768
0.01911974
0.01906204
0.01903915
0.01902175
0.01951599
0.01919389
0.01926398
0.01912594
0.01905298
0.01911259
0.01911235
0.01912022
0.01896071
0.01904726
0.01905298
0.01902461
0.01894617
0.01993418
0.01915193
0.01904249
0.01898503
0.01910734
0.01900673
0.01940250
0.01924062
0.01922989
0.01941323
0.01905441
0.01922536
0.01918697
0.01925135
0.01912975
0.01913929
0.01910710
0.01906395
0.01933098
0.01906538
0.02056813
0.01910973
0.01907992
0.01914358
0.01918578
0.01916122
0.01904511
0.01909590
0.01898241
0.01906133
0.01899505
0.01893592
0.01897001
0.01896787
0.01902580
0.01903176
0.01908135
0.01898980
0.01896405
0.01946354
0.02199769
0.01913428
0.01908159
0.01921463
0.01912642
0.01906967
0.01901531
0.01905489
0.01936293
0.01931238
0.01901078
0.01913452
0.01906228
0.01914263
0.01926661
0.01950932
0.01915741
0.01923585
0.01930976
0.01919532
0.01914763
0.01912427
0.01906443
0.01906729
0.01904655
0.01900744
0.01974368
0.02147865
0.01977062
0.01934433
0.01930690
0.01910353
0.01906466
0.01922941
0.01906395
0.01905847
0.01920938
0.01902246
0.01901913
0.01909971
0.01902652
0.01909089
0.01907396
0.01911259
0.01914358
0.01932597
0.01911330
0.01901317
0.01903033
0.01958132
0.02188301
0.02072239
0.02059817
0.02080393
0.01990700
0.01895595
0.01898718
0.01894999
0.01898623
0.01909947
0.01960874
0.02251053
0.01924086
0.01917839
0.01905107
0.01905966
0.01912546
0.01900291
0.01905107
0.01922965
0.01927423
0.01919937
0.01921320
0.01910877
0.01915908
0.01928973
0.01908541
0.01907516
0.01905441
0.01922512
0.01935267
0.01915479
0.01915908
0.01924562
0.01921892
0.01916432
0.01951528
0.01940560
0.01919794
0.01930022
0.01907659
0.01913953
0.01912928
0.01909494
0.01921606
0.02057743
0.01913428
0.01926255
0.01916099
0.01909590
0.01916122
0.01904488
0.01913047
0.01909256
0.01913905
0.01980972
0.01912522
0.01944160
0.01931500
0.01934719
0.01913619
0.01910996
0.01970291
0.01916385
0.01912427
0.01905274
0.01912117
0.01916289
0.01909375
0.01948690
0.01942778
0.01941395
0.01916122
0.01920009
0.01943350
0.01913953
0.01907039
0.01904464
0.01915193
0.01918101
0.01919031
0.01909852
0.01909947
0.01911139
0.01905918
0.01921511
0.01953459
0.01947260
0.01916099
0.01916385
0.01920581
0.01924086
0.01917815
0.01922059
0.01928306
0.01912069
0.01925898
0.01947331
0.02015352
0.01916909
0.01917577
0.01937485
0.01974368
0.01945114
0.01922202
0.01920319
0.01916552
0.01916838
0.01908970
0.01908374
0.01935029
0.01917696
0.01915789
0.01908088
0.01909971
0.01949644
0.01927423
0.01914644
0.01917529
0.01960897
0.02229619
0.01921034
0.01917577
0.01950479
0.01928735
0.01950455
0.01911616
0.01956272
0.02038598
0.01999807
0.01913357
0.01973987
0.02009034
0.01946568
0.01910400
0.01914406
0.01911521
0.01936102
0.01909113
0.01907754
0.01910830
0.01916552
0.01967168
0.02287054
0.02224994
0.01936460
0.01967764
0.01986861
0.01929927
0.01909351
0.01909924
0.01912093
0.01910138
0.01905084
0.01908875
0.01905680
0.01904607
0.01911592
0.01910830
0.01907206
0.01904440
0.01904082
0.01909590
0.01927114
0.01927829
0.01907015
0.01939273
0.01979971
0.01957059
0.01916218
0.01917052
0.01921773
0.01924014
0.01933694
0.01934695
0.01934958
0.02134371
0.01937532
0.01925230
0.01938748
0.01914930
0.01914549
0.01911521
0.01909614
0.01909232
0.01915717
0.01923180
0.01914644
0.01917386
0.01912880
0.01914644
0.01913691
0.01917100
0.02055478
0.01925659
0.01919460
0.01913476
0.01918983
0.01911879
0.01913619
0.01915646
0.01914692
0.01919341
0.01947594
0.01964903
0.02167749
0.01937842
0.01937580
0.01914668
0.01914310
0.01917839
0.01927710
0.01923156
0.01925015
0.01935148
0.01921225
0.01942611
0.01933813
0.01954579
0.01940203
0.01970220
0.01947093
0.01933575
0.01928592
0.01924610
0.01943612
0.01944757
0.01934147
0.01939082
0.01920676
0.01924253
0.01970816
0.02004051
0.01925993
0.01918292
0.02043962
0.01938534
0.01935363
0.01927495
0.01922464
0.01927423
0.01921844
0.01935029
0.01924157
0.01934004
0.01938319
0.01926041
0.01926780
0.01929784
0.01928616
0.01951838
0.01933718
0.02219844
0.01950097
0.01940989
0.01922154
0.01924682
0.01925874
0.01927519
0.01924920
0.01926613
0.01930523
0.01938391
0.01930451
0.02037406
0.01977921
0.01937604
0.01940942
0.01927114
0.01934338
0.01940322
0.01933575
0.01942420
0.01947856
0.01934814
0.01930261
0.01932716
0.01956606
0.01956677
0.01945448
0.01931429
0.01931095
0.01968312
0.01940084
0.01932836
0.01967764
0.02197814
0.02180529
0.02178597
0.02179980
0.02209592
0.02029753
0.02004051
0.01994252
0.01976919
0.01945949
0.01944757
0.01946712
0.01958776
0.01967716
0.01952600
0.01931500
0.01937509
0.01953959
0.02272463
0.01946807
0.01988673
0.02040505
0.01969242
0.01971388
0.01949286
0.01952004
0.01974177
0.01973367
0.01936531
0.01930761
0.01931071
0.01937819
0.01939511
0.01945329
0.01944971
0.01938939
0.01927495
0.01939726
0.01939106
0.01935554
0.01944566
0.01962376
0.01958418
0.01961207
0.01942015
0.01940107
0.01938963
0.01933360
0.01943398
0.01961994
0.02193284
0.01946497
0.01957250
0.01940417
0.01986766
0.02286792
0.01971912
0.01980543
0.01938510
0.01940942
0.01941466
0.01943827
0.01937509
0.01932335
0.01932931
0.01944160
0.01934457
0.01934052
0.01939392
0.02048874
0.02021122
0.01944375
0.01933098
0.01934791
0.01943541
0.01970387
0.01936889
0.01969934
0.01982093
0.02104092
0.01941586
0.01939273
0.01937342
0.01932192
0.02031302
0.01934552
0.01966786
0.01970387
0.01952767
0.01944661
0.01937723
0.01935792
0.01956391
0.01935029
0.01941872
0.01937008
0.01933837
0.01933074
0.01929045
0.01930332
0.01986098
0.01965404
0.01938081
0.01931262
0.01939702
0.01935387
0.01933646
0.01942563
0.01955128
0.01948881
0.01939511
0.01933599
0.01932764
0.01937199
0.01929331
0.01920533
0.01926184
0.01931787
0.01934934
0.01931000
0.01933908
0.01957703
0.01925731
0.01978731
0.01924467
0.01954007
0.01921821
0.01932931
0.01944041
0.01962066
0.01940060
0.01927829
0.01928473
0.01940417
0.02033091
0.01940823
0.01945615
0.01922798
0.01921058
0.01984215
0.01950574
0.01922655
0.01928997
0.01942873
0.01942396
0.01959634
0.01942348
0.01922369
0.01938224
0.02006578
0.01917005
0.01918387
0.01919675
0.01929307
0.01933575
0.01921749
0.01922202
0.01916122
0.01927924
0.01928806
0.02069640
0.02089095
0.01937628
0.01930952
0.01917934
0.01917577
0.01921082
0.01916504
0.01917315
0.02108574
0.02140117
0.02101612
0.02095032
0.02075624
0.02064371
0.02062345
0.02070928
0.02060652
0.02062535
0.02059054
0.02065206
0.02044392
0.01920724
0.01931953
0.01926446
0.01921105
0.01917601
0.01916146
0.01921988
0.01917934
0.02003074
0.01919913
0.01921630
0.01966214
0.01949573
0.01933193
0.01928282
0.01919055
0.01917171
0.01911855
0.01950169
0.01948142
0.01924992
0.01926279
0.01926756
0.01977086
0.01989818
0.01926208
0.01921988
0.01917696
0.01920891
0.01928830
0.01914859
0.02066207
0.02003789
0.01938629
0.01984286
0.02171564
0.01936078
0.01914644
0.01922321
0.01918840
0.01917124
0.01915717
0.01918888
0.01916838
0.01923013
0.01931524
0.01972580
0.02039456
0.01934123
0.01954579
0.01948118
0.01932859
0.02005267
0.01924253
0.01923585
0.01915741
0.01926637
0.01931334
0.01931882
0.01937795
0.01922035
0.02116561
0.01976800
0.01979351
0.01930523
0.01930308
0.01950192
0.01958585
0.01923513
0.01931000
0.01914811
0.01914573
0.01914001
0.01918960
0.01917267
0.01915550
0.01929331
0.01942420
0.01958227
0.01951361
0.01922941
0.01921129
0.01919889
0.01921892
0.01954293
0.01952720
0.01935053
0.01922321
0.01916718
0.01929307
0.01926136
0.01918840
0.01928282
0.01922560
0.01925898
0.01938224
0.01965451
0.01933789
0.01920676
0.01917624
0.01923418
0.01929569
0.01935101
0.01921344
0.01929712
0.01922178
0.01922274
0.01930261
0.01929903
0.01935434
0.01923966
0.01921701
0.01925683
0.01934981
0.01945996
0.01947093
0.01929355
0.01938486
0.01926112
0.01924539
0.01922035
0.01923442
0.01926708
0.01927447
0.01917720
0.01912856
0.01908588
0.01922488
0.01916432
0.01943111
0.01955247
0.01935315
0.01923156
0.01938367
0.01925850
0.01917505
0.01924324
0.01925707
0.01987720
0.01953030
0.01949692
0.01949930
0.01920390
0.01956391
0.02259398
0.01949644
0.01964927
0.02069426
0.02156138
0.01951909
0.01948047
0.01939535
0.01959443
0.01931310
0.01939464
0.01920080
0.01920795
0.01921916
0.01917791
0.01938248
0.01927781
0.01919937
0.01914835
0.01925492
0.01951480
