0.00201702
0.01676631
0.01615620
0.01650405
0.01666188
0.01675248
0.01658511
0.01629686
0.01672816
0.01644325
0.01638913
0.01664948
0.01661777
0.01627254
0.01624036
0.01622272
0.01617265
0.01621389
0.01629615
0.01623440
0.01642776
0.01623201
0.01618385
0.01614761
0.01612353
0.01616645
0.01598620
0.01612926
0.01607251
0.01621675
0.01623559
0.01601028
0.01603365
0.01615548
0.01616907
0.01620960
0.01662970
0.01637387
0.01620960
0.01623201
0.01619482
0.01604700
0.01602292
0.01611185
0.01605082
0.01603460
0.01604533
0.01604033
0.01626873
0.01619196
0.01627874
0.01626658
0.01623845
0.01622677
0.01673269
0.01639771
0.01626110
0.01623559
0.01659369
0.01636243
0.01616287
0.01592660
0.01624560
0.01620626
0.01623249
0.01621294
0.01618838
0.01624370
0.01618314
0.01615024
0.01618838
0.01615214
0.01614451
0.01654458
0.01625848
0.01618648
0.01618695
0.01620245
0.01619434
0.01616716
0.01599097
0.01618147
0.01613998
0.01614881
0.01619101
0.01622438
0.01596761
0.01620150
0.01612830
0.01600027
0.01629519
0.01639867
0.01641703
0.01624608
0.01629138
0.01642942
0.01644683
0.01628470
0.01615286
0.01619005
0.01624131
0.01624012
0.01619530
0.01621056
0.01623797
0.01600480
0.01606345
0.01602793
0.01633382
0.01618743
0.01850414
0.01643133
0.01625991
0.01625419
0.01623988
0.01621413
0.01618791
0.01623154
0.01619267
0.01616502
0.01629376
0.01614046
0.01625061
0.01628828
0.01625752
0.01626301
0.01601839
0.01622057
0.01610303
0.01606750
0.01602149
0.01606250
0.01606822
0.01604605
0.01609135
0.01656985
0.01618814
0.01602292
0.01621604
0.01624346
0.01625133
0.01622152
0.01610327
0.01608753
0.01626110
0.01622963
0.01620317
0.01620436
0.01617408
0.01615953
0.01615167
0.01630044
0.01634789
0.01623368
0.01622128
0.01618862
0.01632118
0.01615715
0.01592374
0.01620150
0.01610065
0.01609874
0.01656914
0.01780796
0.01630425
0.01636720
0.01605105
0.01605010
0.01652336
0.01632452
0.01606393
0.01606512
0.01642704
0.01616359
0.01613188
0.01632142
0.01633120
0.01635933
0.01627731
0.01646972
0.01646900
0.01612759
0.01616693
0.01611114
0.01606894
0.01606393
0.01602721
0.01603246
0.01608157
0.01609993
0.01643062
0.01628995
0.01605153
0.01632476
0.01625562
0.01645398
0.01643753
0.01636815
0.01607585
0.01600051
0.01597524
0.01603580
0.01606035
0.01602960
0.01614213
0.01604724
0.01607370
0.01604652
0.01611161
0.01634598
0.01643515
0.01651430
0.01645875
0.01629090
0.01630116
0.01652312
0.01640701
0.01613903
0.01609683
0.01607895
0.01619959
0.01639557
0.01621366
0.01608586
0.01608872
0.01607418
0.01630855
0.01607823
0.01608181
0.01609635
0.01602888
0.01602006
0.01600218
0.01600003
0.01601195
0.01606011
0.01606941
0.01612830
0.01629472
0.01621294
0.01621127
0.01625061
0.01635051
0.01634955
0.01626563
0.01621842
0.01625800
0.01625228
0.01626039
0.01623607
0.01622748
0.01624346
0.01609445
0.01611662
0.01622701
0.01612806
0.01603270
0.01604128
0.01602650
0.01600599
0.01685619
0.01689386
0.01656532
0.01654673
0.01662183
0.01657319
0.01625323
0.01619339
0.01652122
0.01625800
0.01633072
0.01643395
0.01604056
0.01614952
0.01619887
0.01607633
0.01611495
0.01615834
0.01609850
0.01604414
0.01621413
0.01631188
0.01610565
0.01605940
0.01607084
0.01606870
0.01604152
0.01605844
0.01605654
0.01606369
0.01611066
0.01607800
0.01606202
0.01613641
0.01663423
0.01731229
0.01660395
0.01629019
0.01624298
0.01615810
0.01611948
0.01600742
0.01604915
0.01640987
0.01619244
0.01601553
0.01600337
0.01608324
0.01603413
0.01602125
0.01616502
0.01620102
0.01606965
0.01609612
0.01600027
0.01604629
0.01604533
0.01607323
0.01602411
0.01611710
0.01607823
0.01603079
0.01603508
0.01603508
0.01608920
0.01616621
0.01638579
0.01618361
0.01607442
0.01629448
0.01613784
0.01610303
0.01602817
0.01609063
0.01615834
0.01622272
0.01629758
0.01639080
0.01608658
0.01602721
0.01619697
0.01629400
0.01622891
0.01619482
0.01613283
0.01627564
0.01622939
0.01615405
0.01615977
0.01626110
0.01631522
0.01608014
0.01609921
0.01610780
0.01604056
0.01600718
0.01606560
0.01640797
0.01618886
0.01610851
0.01617503
0.01646399
