0.00181794
0.02333260
0.02310753
0.02287698
0.02262568
0.02107096
0.02132082
0.02116442
0.02120090
0.02632070
0.02138543
0.02138805
0.02100182
0.02085853
0.02111554
0.02117467
0.02089238
0.02137089
0.02106738
0.02090955
0.02125382
0.02097154
0.02114630
0.02104878
0.02119255
0.02111363
0.02111793
0.02106762
0.02121568
0.02108788
0.02135158
0.02120042
0.02574730
0.02310872
0.02385688
0.02318907
0.02309251
0.02262473
0.02321053
0.02255821
0.02034187
0.01947117
0.02016997
0.02120304
0.02084303
0.02110767
0.02138662
0.02088976
0.02126932
0.02129745
0.02092862
0.02106905
0.02141142
0.02107239
0.02099848
0.02119613
0.02118301
0.02138996
0.02116537
0.02109623
0.02137303
0.02136350
0.02086258
0.02112317
0.02138329
0.02088428
0.02141619
0.02120256
0.02091241
0.02120566
0.02111578
0.02086830
0.02116513
0.02113819
0.02100420
0.02135086
0.02127314
0.02116919
0.02156758
0.02180839
0.02113461
0.02153683
0.02164626
0.02116704
0.02111816
0.02119994
0.02112460
0.02107501
0.02137542
0.02103257
0.02115512
0.02119112
0.02141953
0.02114820
0.02121091
0.02097416
0.02133465
0.02138305
0.02094412
0.02141190
0.02088666
0.02092290
0.02106023
0.02100635
0.02151537
0.02215409
0.02128577
0.02125001
0.02151179
0.02138138
0.02103806
0.02096701
0.02119565
0.02108240
0.02118897
0.02123141
0.02097058
0.02150869
0.02106047
0.02102852
0.02123809
0.02092075
0.02110720
0.02135825
0.02100563
0.02107477
0.02174282
0.02092028
