0.00168204
0.01747417
0.01738763
0.01739430
0.01753616
0.01762938
0.01726079
0.01684499
0.01682878
0.01655674
0.01649833
0.01687026
0.01655602
0.01677155
0.01662517
0.01673460
0.01685143
0.01662517
0.01641107
0.01696420
0.01658869
0.01669407
0.01688552
0.01698422
0.01675177
0.01670361
0.01678586
0.01642466
0.01649237
0.01698089
0.01660419
0.01668024
0.01644850
0.01697135
0.01670980
0.01648808
0.01643872
0.01641273
0.01711750
0.01681709
0.01659560
0.01667142
0.01716256
0.01666522
0.01647305
0.01654506
0.01686263
0.01655245
0.01698780
0.01646376
0.01706624
0.01735568
0.01711583
0.01662827
0.01674008
0.01644468
0.01709795
0.01656127
0.01682281
0.01793265
0.01725340
0.02215791
0.01709628
0.01768875
0.01980662
0.02081609
0.01745462
0.01723981
0.01849985
0.01837397
0.01673079
0.01670361
0.01690269
0.01652646
0.01662397
0.01678443
0.01675534
0.01682925
0.01684475
0.01706958
0.01706386
0.01673818
0.01691937
0.01725173
0.01695633
0.01670957
0.01680422
0.01645470
0.01647067
0.01689291
0.01629639
0.01660705
0.01674724
0.01693130
0.01656795
0.01683068
0.01669049
0.01670980
0.01650047
0.01642013
0.01661205
0.01655006
0.01673555
0.01650119
0.01649332
0.01679015
0.01682091
0.01658058
0.01654935
0.01670122
0.01699829
0.01691437
0.01680660
0.01705241
0.01676416
0.01691675
0.01670218
0.01667356
0.01737905
0.01733232
0.01719260
0.01834345
0.01870894
0.01723528
0.01805115
0.01745129
0.01705694
0.01724601
0.01706529
0.01683354
0.01677942
0.01678228
0.01658702
0.01663589
0.01649809
0.01664138
0.01667547
0.01648831
0.01669812
0.01655793
0.01649141
0.01671648
0.01676941
0.01658201
0.01654768
0.01647902
0.01694393
0.01661205
0.01650643
0.01651978
0.01658106
0.01700163
0.01691580
0.01667380
0.01710725
0.01668692
0.01663232
0.01655650
0.01652431
0.01680017
0.01690269
0.01700616
0.01733589
0.01735616
0.01656651
0.01660442
0.01655078
0.01646852
0.01674056
0.01685643
0.01656961
0.01674414
0.01680589
0.01689625
0.01671004
0.01666951
0.01671004
0.01671576
0.01717710
0.01687002
0.01703858
0.01668429
0.01675701
0.01671934
0.01682210
0.01679730
0.01671910
0.01726365
0.01665115
0.01833797
0.01842308
0.01846910
0.01837492
0.01825285
0.01677346
0.01655817
0.01670003
0.01657915
0.01651669
0.01721835
0.01669359
0.01651669
0.01640916
0.01657176
0.01658511
0.01662135
0.01659322
0.01682258
0.01685786
0.01665258
0.01678133
0.01655221
0.01654720
0.01742125
0.01677799
0.01650500
0.01650548
0.01671529
0.01754141
0.01672220
0.01656795
0.01666880
0.01684546
0.01683688
0.01650095
0.01671505
0.01666975
0.01681590
0.01669312
0.01678371
0.01655197
0.01662970
0.01657891
0.01660419
0.01658463
0.01669621
0.01655006
0.01648664
0.01664233
0.01678944
0.01694465
0.01665425
0.01681924
0.01652288
0.01679635
0.01694155
0.01681113
0.01693320
0.01652861
0.01703882
0.01690316
0.01677799
0.01656842
0.01650190
0.02211595
0.01679420
0.01683021
0.01713920
0.01883650
0.01690722
0.01717520
0.01687956
0.01687908
0.01669073
0.01659727
0.01707149
0.01665950
0.01659894
0.01637220
0.01767850
0.01669455
0.01663518
0.01648164
0.01646399
0.01664710
0.01672268
0.01677132
0.01676059
0.01673484
0.01682162
0.01658893
0.01646686
0.01668906
0.01671338
0.01685500
0.01674891
0.01662898
0.01672363
0.01684976
0.01663542
0.01661134
0.01649332
0.01659012
0.01660872
0.01652288
0.01661801
0.01689005
0.01685023
0.01682138
0.01653743
0.01662302
0.01679492
0.01669645
0.01804280
0.01703787
0.01676106
0.01669121
0.01732588
0.01679754
0.01674390
0.01728129
0.01746011
0.01696396
0.01689935
0.01708817
0.01718712
0.01721692
0.01724100
0.01739144
0.01707935
0.01769495
0.01751375
0.01793838
0.01715970
0.01709747
0.01697421
0.01717424
0.01683474
0.01769447
0.01842093
0.03748870
0.02264237
0.02921867
0.02884841
0.02944708
0.03530359
0.03572750
0.03423429
0.03459001
0.03434181
0.03356171
0.03482461
0.03395629
0.03437138
0.03409290
0.03363395
0.03384924
0.02857637
0.02847910
0.02869916
0.02866912
0.02852511
0.02918386
0.02897120
0.03517365
0.03465152
0.03491163
0.03545356
0.03546119
0.03484178
0.03430724
0.03431296
0.03385139
0.03373957
0.03434134
0.03388786
0.03410149
0.03399014
0.03413248
0.03369761
0.03830600
0.03584909
0.03386188
0.03424144
0.03402877
0.03412056
0.03379536
0.03401232
0.03441215
0.03380632
0.03366613
0.03416324
0.03414273
0.03442955
0.03365064
0.03427768
0.03414059
0.03426456
0.03423357
0.03458571
0.03427887
0.03411746
0.03405190
0.03429198
0.03465199
0.03430128
0.03405023
0.03456974
0.03451037
0.03484416
0.03457689
0.03506589
0.03482533
0.03463173
0.03424907
0.03418899
0.03472877
0.03422928
0.03400946
0.03374648
0.03369594
0.03369141
0.03485990
0.03396821
0.03375506
0.03390479
0.03411674
0.03381968
0.03483462
0.03426385
0.03371072
0.03417587
0.03438687
0.03662348
0.03380227
0.03484797
0.03393650
0.03465295
0.03453946
0.03412032
0.03430223
0.03534007
0.03736711
0.04134607
0.03574038
0.03491068
0.03471470
0.03444219
0.03387213
0.03400493
0.03428292
0.03385401
0.03444290
0.03374863
0.03431797
0.03427386
0.03414607
0.03462243
0.03414202
0.03468060
0.03487825
0.03409648
0.03457689
0.03473186
0.03391623
0.03449106
0.03398752
0.03435230
0.03371358
0.03384089
0.03390026
0.03451467
0.03437638
0.03470397
0.03455758
0.03470159
0.03388405
0.03407454
0.03427911
0.03441000
0.03416228
0.03416157
0.03431940
0.03446293
0.03407693
0.03480124
0.03680634
0.03482223
0.03409696
0.03391385
0.03422332
0.03407383
0.03371000
0.03401184
0.03458285
0.03434825
0.03485107
0.03562760
0.03514242
0.03503919
0.03459907
0.03452611
0.03382277
0.03378272
0.03394723
0.03424215
0.03551316
0.03555179
0.03521562
0.03490472
0.03425670
0.03382158
0.03406978
0.03372765
0.03488302
0.03424120
0.03410459
0.03472161
0.03417802
0.03414464
0.03409982
0.03426743
0.03466249
0.03392982
0.03398061
0.03473568
0.03394914
0.03451729
0.03420210
0.03413653
0.03437352
0.03452730
0.03467321
0.03467417
0.03415298
0.03491306
0.03407502
0.03391528
0.03466964
0.03456092
0.03925037
0.03514671
0.03440261
0.03544068
0.03448963
0.03455067
0.03412223
0.03438759
0.03422189
0.03387403
0.03453636
0.03439355
0.03274488
0.03234053
0.03401089
0.03476715
0.03380632
0.03409624
0.03389096
0.03394413
0.03439522
0.03416777
0.03387570
0.03429055
0.03440571
0.03424120
0.03443670
0.03387499
0.03434086
0.03401375
0.03416371
0.03444767
0.03417921
0.03400564
0.03464508
0.03487682
0.03515482
0.03425932
0.03571558
0.03453779
0.03441572
0.03404379
0.03430247
0.03371453
0.03379583
0.03538251
0.03917122
0.03501916
0.03803086
0.03544879
0.03546667
0.03400159
0.03403687
0.03454304
0.03426528
0.03417492
0.03402638
0.03465462
0.03426576
0.03966713
0.03618717
0.03505588
0.03461170
0.03541303
0.03488326
0.03433466
0.03410244
0.03413200
0.03444767
0.03437209
0.03421044
0.03388023
0.03479266
0.03450322
0.03440881
0.03517675
0.03441787
0.03458500
0.03758717
0.03411341
0.03455615
0.03480196
0.03479624
0.03833175
0.03537560
0.03512979
0.03421640
0.03427029
0.03450584
0.03476429
0.03462505
0.03451157
0.03450346
0.03450537
0.03405333
0.03461742
0.03568649
0.03838491
0.03621554
0.03613448
0.03539038
0.03521633
0.03553104
0.03463173
0.03499198
0.03487492
0.03459454
0.03465009
0.03551793
0.03455138
0.03465390
0.03611875
0.03466082
0.03587914
0.03629398
0.03553247
0.03620601
0.03503990
0.03482270
0.03480577
0.03420520
0.03394222
0.03474879
0.03449059
0.03398085
0.03417087
0.03447437
0.03409243
0.03425908
0.03406739
0.03432012
0.03412008
0.03452492
0.03426456
0.03421903
0.03405905
0.03413224
0.03428555
0.03445935
0.03363371
0.03470159
0.03413105
0.03417706
0.03436899
0.03463316
0.03419757
0.03457141
0.03438258
0.03408480
0.03458714
0.03437352
0.03413534
0.03431559
0.03424430
0.03406620
0.03399253
0.03516412
0.03442621
0.03402305
0.03419328
0.03371143
0.03437233
0.03454733
0.03477120
0.03454518
0.03424025
0.03459358
0.03393865
0.03417897
0.03412819
0.03404355
0.03420091
0.03413010
0.03433108
0.03450060
0.03427935
0.03486896
0.03407931
0.03396749
0.03386378
0.03374314
0.03419685
0.03407741
0.03448319
0.03380656
0.03440523
0.03388119
0.03415585
0.03393674
0.03496885
0.03393650
0.03435683
0.03426480
0.03434181
0.03369260
0.03435850
0.03401446
0.03394651
0.03424072
0.03514051
0.03464794
0.03443766
0.03480077
0.03426456
0.03473687
0.03515434
0.03451109
0.03451109
0.03459144
0.03410840
0.03438902
0.03495884
0.03379583
0.03453970
0.03495240
0.03376722
0.03471375
0.03465152
0.03485036
0.03489852
0.03482389
0.03433943
0.03414822
0.03396893
0.03428483
0.03438330
0.03451204
0.03404927
0.03460932
0.03440118
0.03450847
0.03476977
0.03432083
0.03446460
0.03533387
0.03413939
0.03412104
0.03425694
0.03464913
0.03413820
0.03439975
0.03442693
0.03431058
0.03441572
0.03441191
0.03541160
0.03407049
0.03414059
0.03436494
0.03480148
0.03444743
0.03485489
0.03411460
0.03383589
0.03488302
0.03485346
0.03465343
0.03451061
0.03424215
0.03406692
0.03403902
0.03402662
