0.00168991
0.01708651
0.01691151
0.01719713
0.01766682
0.01629877
0.01689911
0.01675105
0.01641703
0.01688313
0.01662731
0.01672006
0.01661539
0.01657987
0.01686263
0.01680112
0.01653075
0.01653337
0.01675916
0.01684237
0.01697779
0.01674104
0.01674390
0.01685047
0.01674294
0.01668644
0.01675558
0.01668119
0.01682496
0.01663494
0.01677084
0.01674032
0.01663613
0.01674056
0.01686358
0.01666641
0.01664281
0.01666927
0.01699162
0.01668262
0.01669097
0.01653814
0.01665092
0.01686525
0.01658177
0.01649880
0.01680017
0.01659846
0.01665449
0.01652217
0.01665449
0.01676774
0.01680899
0.01653290
0.01654053
0.01670122
0.01660490
0.01686597
0.01659250
0.01650691
0.01656008
0.01690888
0.01678920
0.01669240
0.01656103
0.01652479
0.01671910
0.01660299
0.01672411
0.01659513
0.01647091
0.01699162
0.01686883
0.01670957
0.01653481
0.01659656
0.01689696
0.01707244
0.01668978
0.01657605
0.01677084
0.01671314
0.01660204
0.01659846
0.01649880
0.01757526
0.01836014
0.01672769
0.01656771
0.01671124
0.01674223
0.01654363
0.01719499
0.01669717
0.01667571
0.01697087
0.01694059
0.01686835
0.01678205
0.01667118
0.01686716
0.02075529
0.02082419
0.02093840
0.02133346
0.02044630
0.02089953
0.02114344
0.02093625
0.02102828
0.02146530
0.02085066
0.02086544
0.02108145
0.02009034
0.02088904
0.02535343
0.02003908
0.02056670
0.01745057
0.01684189
0.01701283
0.01643515
0.01648092
0.01660085
0.01693296
0.01689172
0.01676011
0.01662946
0.01662374
0.01670170
0.01699924
0.01676846
0.01688528
0.01657867
0.01687121
0.01693130
0.01678109
0.01647806
0.01652098
0.01671863
0.01669765
0.01684546
0.01656413
0.01660419
0.01703072
0.01664495
0.01669526
0.01649141
0.01654387
0.02111959
0.02089405
0.02076125
0.02113414
0.02084374
0.02105570
0.02087379
0.02538991
0.02536535
0.02522159
0.02510786
0.02888966
0.02923918
0.02900529
0.02952766
0.02957320
