0.00154185
0.02285719
0.02311087
0.02237844
0.02275300
0.02256131
0.02602768
0.02284360
0.02273035
0.02265310
0.02247357
0.02312422
0.02307820
0.02315187
0.02431965
0.02312469
0.02197838
0.02210879
0.02289581
0.02358675
0.02183056
0.02228498
0.02295876
0.02241564
0.02202296
0.02195334
0.02287865
0.02267766
0.02220941
0.02276659
0.02139258
0.02229095
0.02119136
0.02244616
0.02329803
0.02343225
0.02276635
0.02380824
0.02370763
0.02275586
0.02324200
0.02288795
0.02191210
0.02270103
0.02246857
0.02226901
0.02272797
0.02400255
0.02250242
0.02147555
0.02236748
0.02240062
0.02133179
0.02084780
0.02182603
0.02299142
0.02376008
0.02301335
0.02282953
0.02340055
0.02180409
0.02227092
0.02251005
0.02360392
0.02590823
0.02423787
0.02476072
0.02597785
0.02466083
0.02180815
0.02167678
0.02101350
0.02081847
0.02109528
0.02150226
0.02353144
0.02297306
0.02307701
0.02220845
0.02092838
0.02132463
0.02081847
0.02061296
0.02082801
0.02087927
0.02108812
0.02481198
0.02454901
0.02452254
0.02379322
0.02158546
0.02109122
0.02133656
0.02043247
0.02163982
0.02474356
0.02399468
0.02084160
0.02163815
0.02176285
0.02255630
0.02182794
0.02146864
0.02147675
0.02179837
0.02196455
0.02206135
0.02123094
0.02185988
0.02157736
0.02085137
0.02166653
0.02209902
0.02087784
0.02173185
0.02157474
0.02164435
0.02180076
0.02164865
0.02090526
0.02095366
0.02091646
0.02116346
0.02125645
0.02171111
0.02173424
0.02182984
0.02196980
0.02115560
0.02102041
0.02099133
0.02059937
0.02122307
0.02168989
0.02233338
0.02217436
0.02319479
0.02306080
0.02218485
0.02198052
0.02164102
0.02130580
0.02186346
0.02164149
0.02162290
0.02086902
0.02171469
0.02173972
0.02179289
0.02197003
0.02221537
0.02202129
0.02198219
0.02208376
0.02175570
0.02239227
0.02288628
0.02444863
0.02123356
0.02129602
0.02141666
0.02168250
0.02168393
0.02124500
0.02125788
0.02090263
0.02086687
0.02083755
0.02129412
0.02259922
0.02128601
0.02160168
0.02214527
0.02159262
0.02157235
0.02187967
0.02178907
0.02173400
0.02288127
0.02161598
0.02303505
0.02177691
0.02223206
0.02171564
0.02167964
0.02240419
0.02189898
0.02134061
0.02246547
0.02276349
0.02280760
0.02294207
0.02127862
0.02256608
0.02211070
0.02162719
0.02191639
0.02244329
0.02222395
0.02126479
0.02243114
0.02309513
0.02217102
0.02217317
0.02214980
0.02202392
0.02175093
0.02184701
0.02321410
0.02544022
0.02508903
0.02365065
0.02340341
0.02227950
0.02353144
0.02249384
0.02177572
0.02285171
0.02345681
0.02504230
0.02162051
0.02292490
0.02187610
0.02237082
0.02260280
0.02214479
0.02197814
0.02196026
0.02197552
0.02296734
0.02319908
0.02326751
0.02282190
0.02306032
0.02242899
0.02276206
0.02287960
0.02218556
0.02335811
0.02214098
0.02306414
0.02216387
0.02429867
0.02370000
0.02439713
0.02456570
0.02349472
0.02362752
0.02350450
0.02381825
0.02359843
0.02454710
0.02324486
0.02298737
0.02254653
0.02276683
0.02262473
0.02319765
0.02271199
0.02297783
0.02258062
0.02245045
0.02447629
0.02245402
0.02234912
0.02254248
0.02237248
0.02233720
0.02263331
0.02400112
0.02420521
0.02302194
0.02178359
0.02178025
0.02492261
0.02127934
0.02106619
0.02193928
0.02117658
0.02078295
0.02176380
0.02152872
0.02172661
0.02184987
0.02139902
0.02199554
0.02128744
0.02051067
0.02150369
0.02091312
0.02209449
0.02510524
0.03209782
0.02073407
0.02145648
0.02122211
0.02102399
0.02161098
0.02264786
0.02132082
0.02163100
0.02109218
0.02169490
0.02100587
0.02112985
0.02112579
0.02150345
