0.00169635
0.03256464
0.03322196
0.02922869
0.03651071
0.02947831
0.02974820
0.02923703
0.03200650
0.03210187
0.03216481
0.03090739
0.03138280
0.03136778
0.03027701
0.02884102
0.02821994
0.02825117
0.02801585
0.02767253
0.03152990
0.02962971
0.03055310
0.03043127
0.02884030
0.02939320
0.02812982
0.03140831
0.02820420
0.02844024
0.02766109
0.02874589
0.02832055
0.02788067
0.03096199
0.02808189
0.02749848
0.02809715
0.02891111
0.02993274
0.02916050
0.02880144
0.03184009
0.02856803
0.02991533
0.02935863
0.02863860
0.02870321
0.02891302
0.02874184
0.02765512
0.02755165
0.03178954
0.02874804
0.02836895
0.02975678
0.02904272
0.02842808
0.02850342
0.03025317
0.02778101
0.02827287
0.02838874
0.02713585
0.02757359
0.02781153
0.02803445
0.02689314
0.02739382
0.02783370
0.02785301
0.02688026
0.02948856
0.02817464
0.02916908
0.03176594
0.02913094
0.02765346
0.02769995
0.02839279
0.02785349
0.02780724
0.02745700
0.02833962
0.02767277
0.02700162
0.02723789
0.02739954
0.02833128
0.02730870
0.02752233
0.03143430
0.02889347
0.02787328
0.03107834
0.03090930
0.03105450
0.03094387
0.02853870
0.02737403
0.02855372
0.02837253
0.02814317
0.02813411
0.02768517
0.02789378
0.02774215
0.02855349
0.02788734
0.03008223
0.02817059
0.02822685
0.02793431
0.02870345
0.03043771
0.02884030
0.02893758
0.02703667
0.02772141
0.02793932
0.02800393
0.02937746
0.02776551
0.02935839
0.03205371
0.02757120
0.02883983
0.02881002
0.02721095
0.02957916
0.03106117
0.02886271
0.02799559
0.02709174
0.02836657
0.02773142
0.02745628
0.02738428
0.02809119
0.02841711
0.02812815
0.02657151
0.02692747
0.02745247
0.02718806
0.02735114
0.02793574
0.03053498
0.02797389
0.02687764
0.02750778
0.02781892
0.03042316
0.02873588
0.02747893
0.02723145
0.02799416
0.02754068
0.02775931
0.02960849
0.02718902
0.02813482
0.02741289
0.02728391
