0.00159335
0.02990270
0.03011799
0.03026485
0.03038669
0.02975464
0.02988338
0.03022575
0.03004265
0.03020215
0.02970481
0.02990818
0.03000641
0.03342319
0.03298855
0.03329206
0.03465915
0.03369546
0.03215432
0.03443766
0.03098750
0.03011680
0.03031421
0.02960086
0.02976513
0.02973795
0.03046775
0.03042626
0.02974057
0.03021693
0.02961850
0.02979255
0.03019619
0.03042865
0.03037786
0.02992964
0.03049231
0.02967429
0.02980185
0.02996135
0.03024817
0.03148460
0.03068519
0.02994370
0.02990890
0.03166294
0.03047347
0.03165245
0.02713704
0.03053236
0.02680063
0.03064251
0.03001785
0.03021264
0.03043747
0.02994156
0.03028989
0.03171420
0.02964282
0.03078747
0.03099298
0.03189778
0.03109360
0.03099728
0.03127742
0.03070641
0.03069496
0.03015733
0.03096366
0.03022218
0.03002906
0.03053856
0.03014803
0.02982855
0.03025246
0.03092384
0.03056598
0.03174996
0.03097987
0.03021741
0.03022552
0.02975798
0.03008652
0.02995181
0.03196073
0.02983975
0.03057051
0.02945542
0.03027344
0.02991629
0.02992821
0.03039432
0.02984905
0.02964449
0.03001094
0.03011107
0.02977347
0.02999640
0.03005695
0.03044653
0.03017545
0.02982569
0.03029490
0.03028798
0.02986217
0.02970910
0.03007627
0.02970862
0.02755356
0.02797103
0.02808833
0.02665377
0.02720094
0.02819228
0.02801824
0.03208566
0.03241825
0.03350544
0.03337789
0.03193212
0.02707243
0.02733994
0.02787662
0.02879024
0.02871323
0.02739549
0.02778101
0.02890921
0.02625680
0.02836490
0.02670693
0.02910495
0.02730608
0.02811217
0.02823496
0.03054523
0.03021789
0.03109193
0.03087306
0.02937055
0.02927232
0.03109837
0.02835178
0.03210378
0.03093457
0.03132153
0.03050876
0.03009105
0.03153944
0.03175783
0.02882862
0.03081965
0.02932668
0.03526139
0.02879763
0.03004313
0.03285313
0.02863264
0.03106642
0.03022194
0.03007293
0.03343487
0.03088069
0.03292155
0.02990389
0.03176403
0.02811551
0.03055167
0.02753329
0.02900171
0.02794075
0.02905297
0.02768469
0.02708602
0.02721453
0.02872300
0.02713490
0.02895117
0.02760077
0.02903247
0.02788353
0.02948213
0.02857256
0.03012657
0.03054523
0.02866244
0.03015637
0.03032088
0.03084254
0.03059721
0.03081155
0.03013468
0.03144813
0.02861857
0.03065753
0.02994466
0.03155470
0.02963185
0.02955890
0.03012109
0.02748299
0.03334641
0.03052425
0.02988505
0.02812266
0.02799320
0.02908063
0.03262401
0.03287196
0.03317952
0.03339672
0.03322291
0.03220105
0.03308296
0.03075838
0.03385472
0.03035975
0.03619957
0.02953529
0.02831459
0.02956200
0.02860880
0.02902389
0.02928090
0.02994251
0.02825618
0.02880812
0.02709055
0.02948070
0.02761722
0.02881885
0.02832174
0.02806330
0.02756763
0.02753472
0.03118968
0.02783704
0.02985859
0.02995062
0.03179169
0.02962923
0.03190470
0.03697848
0.02957678
0.03174114
0.03196335
0.03104830
0.02932835
0.03023815
0.02889466
0.02756643
0.02826786
0.02837062
0.02837110
0.02870393
0.03026175
0.02889347
0.03678393
0.02727532
0.03171372
0.03305101
0.03411150
0.03366351
0.03349948
0.03272533
0.03081942
0.03296471
0.03051209
0.03322983
0.03239679
0.03304076
0.03344226
0.03284979
0.03342390
0.02936053
0.02983665
0.02727079
0.03030825
0.02713418
0.02951169
0.02713251
0.02909040
0.02737379
0.02953696
0.02923965
0.02847266
0.02985787
0.03015995
0.03008842
0.02965212
0.03009319
0.03150892
0.03166294
0.02979660
0.02978349
0.03000402
0.02898169
0.03035903
0.03018045
0.03021932
0.02981567
0.02836466
0.03128004
0.02997398
0.03054118
0.02759504
0.03057814
0.03081632
0.02954149
0.02972221
0.02893448
0.02852535
0.02853155
0.02922964
0.02865624
0.02987814
0.02850008
0.02917099
0.02849364
0.02822471
0.02936196
0.02757335
0.03022790
0.03000879
0.02839422
0.02727056
0.02786136
0.03273177
0.02967525
0.02869344
0.02743649
0.03003359
0.03036690
0.03068471
0.03103757
0.03344941
0.02824688
0.03515220
0.03210640
0.02724242
0.02874327
0.02896571
0.02873611
0.02943230
0.02934813
0.02775788
0.02837086
0.03276324
0.03631592
0.03517771
0.04234266
0.04810429
0.06205559
0.04805970
0.04410481
0.04691744
0.04806876
0.05114722
0.04972315
0.04901505
0.04136157
0.03036451
0.03003120
0.03007770
0.02978349
0.03029728
