0.00178242
0.03061342
0.03024626
0.03081942
0.03130627
0.03177142
0.03223944
0.03160763
0.03168869
0.03076673
0.03137493
0.03301072
0.03243446
0.03074956
0.03060246
0.03042436
0.03049612
0.03044772
0.03083777
0.03002667
0.03025675
0.03014231
0.03113723
0.03151512
0.03071618
0.02999067
0.03016400
0.02994800
0.03013372
0.02985096
0.03012991
0.02989745
0.03042650
0.03030467
0.03061104
0.03007746
0.03011680
0.02989221
0.03165412
0.03052187
0.03011084
0.03028893
0.03009486
0.03041410
0.03051877
0.03022242
0.03074908
0.03093195
0.02966118
0.03220868
0.03229952
0.03065491
0.03017879
0.03052902
0.03015351
0.03237104
0.03124642
0.03124285
0.03245783
0.03050756
0.03133655
0.03018141
0.03034163
0.03011370
0.03034234
0.03029966
0.03055906
0.03048158
0.03054261
0.03021550
0.03115463
0.03049541
0.03027010
0.03012109
0.03016162
0.03076434
0.03012943
0.03033018
0.03070760
0.02977180
0.03046465
0.02981091
0.03031063
0.03003168
0.03001165
0.03008437
0.03034616
0.03006840
0.02998161
0.03075266
0.03155184
0.03069067
0.03537250
0.03609180
0.03414774
0.03064609
0.03244853
0.04860449
0.05150437
0.05211377
0.05265427
0.04999757
0.05089903
0.04962826
0.05007172
0.04840016
0.04738641
0.04877567
0.04963493
0.04969168
0.04869080
0.04980969
0.04972506
0.04915810
0.04952645
0.04925370
0.04990435
0.04916787
0.04949355
0.04979777
0.04947853
0.04888415
0.04957128
0.04935980
0.04894066
0.04888010
0.04910421
0.04987288
0.05001807
0.04882455
0.04978991
0.04898596
0.04798722
0.04833651
0.04841566
0.04984951
0.04912376
0.04903412
0.04873729
0.05016375
0.04946494
0.05107903
0.05009460
0.05063415
0.05092692
0.05387664
0.05507684
0.04435849
0.05279803
0.05048537
0.05467701
0.05584073
0.05550051
0.05369473
0.05558634
0.05507135
0.04775095
0.04703498
0.05389380
0.05165100
0.05077457
0.05175495
0.05237842
0.05853605
0.05024076
0.05165648
0.03330612
0.03241611
0.03469896
0.03170133
0.03208113
0.03164887
0.03121758
0.03066468
0.03110242
0.03167534
0.03101468
0.03135777
0.03089905
0.03159642
0.03104210
0.03080463
0.03062034
0.03074217
0.04055071
0.03204894
0.03125024
0.03064084
0.03083014
0.03093696
0.03059697
0.03055406
0.03106499
0.03017449
0.03137469
0.03105521
0.02829289
0.02958965
0.03029943
0.02898145
0.03036976
0.03147459
0.02965903
0.03112555
0.02833152
0.02933049
0.02914643
0.03057384
0.02946663
0.03004909
0.03340507
0.03183436
0.02940083
0.02936482
0.03058076
0.02858472
0.03131866
0.03063250
0.03038216
0.03147006
0.03104067
0.03104210
0.03078580
0.03021026
0.02969265
0.02850485
0.02982712
0.03602576
0.03606343
0.02936029
0.03463435
0.02964377
0.03094959
0.03043652
0.03065252
0.03225875
0.03219104
0.03095269
0.03018212
0.03050065
0.02919197
0.03218150
0.03661895
0.03468180
0.03352237
0.02791381
0.02929878
0.03107500
0.02962089
0.02933145
0.03298473
0.03205848
0.02982402
0.02983499
0.02919483
0.03186822
0.03261328
0.03298879
0.03370166
0.03350854
0.02998781
0.03179026
0.03117847
0.03064418
0.02960753
0.02949023
0.03088069
0.02950430
0.02918935
0.03041053
0.03176785
0.03047562
0.03138208
0.02919269
0.02827740
0.02881503
0.02900863
0.02840638
0.02857900
0.02866912
0.02884459
0.02756572
0.03046250
0.03090405
0.02935004
0.02899933
0.02884173
0.03090167
0.02961206
0.03194809
0.02925372
0.03083873
0.02801228
0.03227806
0.02961802
0.03035259
0.02893877
0.02831531
0.02887893
0.03063178
0.02837110
0.02968097
0.02917218
0.02902436
0.03014159
0.03136635
0.03122735
0.03465581
0.03002000
0.03015351
0.02916813
0.03380203
0.03213692
0.03471494
0.03343678
0.03339648
0.03308177
0.03573632
0.03276229
0.03537226
0.03340530
0.03288698
0.03095341
0.03267431
0.03597260
0.03477144
0.03263474
0.03427553
0.03139019
0.03494191
0.03384066
0.03013968
0.03017020
0.03052878
0.03151727
0.03243852
0.03152609
0.02901745
0.02968574
0.02823830
0.03050780
0.03149343
0.03234553
0.03213048
0.03163910
0.03146100
0.03164649
0.03176236
0.03155708
0.03149009
0.03188920
0.03255677
0.03609729
0.03279424
0.03135633
0.03223276
0.03161025
0.03216624
0.03130412
0.03044295
0.02824759
0.03029656
0.02799487
0.03180885
0.02935576
0.03143072
0.02853227
0.03152847
0.03103232
0.03155589
0.03067684
0.03118300
0.03126812
0.03101397
0.03133583
0.03149581
0.03160977
0.03129959
0.03156519
0.03101611
0.03129482
0.03130960
0.03135109
0.03130364
0.03182769
0.03463149
0.03367734
0.03195477
0.03144288
0.03095365
0.03119516
0.03055501
0.03226423
0.03164268
0.03189564
0.03110266
0.03142262
0.03152370
0.03242850
0.03186846
0.03109574
0.03226757
0.03255010
0.03262496
0.03302670
0.03402495
0.03320551
0.03324413
0.03316164
0.03426957
0.03186107
0.03321099
0.03184628
0.03146291
0.03133345
0.03196001
0.03126001
0.03197718
0.03575277
0.02926850
0.03217888
0.03055835
0.02962422
0.02908850
0.02966857
0.03547072
0.03597665
0.03586793
0.03581595
0.03661442
0.03624249
0.03606677
0.03561997
0.03662848
0.03634882
0.03565741
0.03167510
0.03192377
0.03217435
0.03262281
0.03205538
0.03291035
0.03222513
0.03336096
0.03441143
0.03382039
0.03914309
0.03774858
0.03260756
0.03232026
0.03307152
0.03234935
0.03143597
0.03140736
0.03086948
0.03144741
0.03089666
0.03150010
0.03116298
0.03123116
0.03045082
0.03049231
0.03197336
0.03075647
0.03307152
0.03153634
0.02919769
0.03115296
0.02839804
0.02839231
0.02772522
0.02999187
0.02753067
