0.00166988
0.02140665
0.02147818
0.02159023
0.02143741
0.02166390
0.02153444
0.02146268
0.02179670
0.02153873
0.02164245
0.02196479
0.02185059
0.02155042
0.02152920
0.02143216
0.02154827
0.02163720
0.02183485
0.02176547
0.02155280
0.02195382
0.02123809
0.02146626
0.02142525
0.02155519
0.02155805
0.02140164
0.02130151
0.02137089
0.02161741
0.02130413
0.02146077
0.02188993
0.02147603
0.02136970
0.02153230
0.02148604
0.02171302
0.02167392
0.02166438
0.02152061
0.02188492
0.02152157
0.02169943
0.02187800
0.02143455
0.02138805
0.02241397
0.02156997
0.02138424
0.02262616
0.02132726
0.02158880
0.02162290
0.02133703
0.02164650
0.02174473
0.02135730
0.02162218
0.02171302
0.02137971
0.02160859
0.02197719
0.02145720
0.02234697
0.02171826
0.02214551
0.02199101
0.02288222
0.02260375
0.02335691
0.02286172
0.02266622
0.02262664
0.02190709
0.02333403
0.02304864
0.02313638
0.02237177
0.02255082
0.02387738
0.02303910
0.02242637
0.02153325
0.02158976
0.02182269
0.02151322
0.02176833
0.02207637
0.02166152
0.02166605
0.02224112
0.02037835
0.02107096
0.02092838
0.02085376
0.02165580
0.02404428
0.02176690
0.02699018
0.02229023
0.02195239
0.02231836
0.02142835
0.02158666
0.02161598
0.02140307
0.02152371
0.02174664
0.02145696
0.02161121
0.02188277
0.02151060
0.02187896
0.02183080
0.02148414
0.02177286
0.02193332
0.02164268
0.02188611
0.02218795
0.02147293
0.02178907
0.02184319
0.02155113
0.02160597
0.02319503
0.02151012
0.02181220
0.02196527
0.02153373
0.02211237
0.02253532
0.02159023
0.02231836
0.02194309
0.02178240
0.02214146
0.02186704
0.02198291
0.02244782
0.02169275
0.02187133
0.02176547
0.02192044
0.02210069
0.02213478
0.02301669
0.02239299
0.02255702
0.02124643
0.02172589
0.02088213
0.02895975
0.02180052
0.02059984
0.02239776
0.02079010
0.02176714
