0.00205421
0.01887774
0.01817966
0.01905370
0.01746249
0.01757550
0.01766014
0.01732373
0.01912069
0.01758218
0.01786232
0.01708341
0.01753330
0.01834059
0.01740742
0.01684642
0.01696277
0.01735663
0.01695704
0.01684260
0.01771092
0.01916790
0.01743579
0.01778078
0.01723027
0.01681423
0.01746750
0.01856089
0.01710796
0.01725936
0.01710749
0.01731730
0.01713681
0.01698041
0.01670051
0.01756430
0.01874375
0.01829243
0.01689625
0.01986027
0.01777172
0.01674485
0.01670957
0.01660514
0.01699781
0.01729202
0.01636839
0.01683569
0.01738906
0.01730561
0.01700115
0.01682329
0.01678872
0.01769209
0.01803613
0.02039480
0.01770830
0.01706338
0.01673436
0.01718116
0.01728415
0.01708841
0.01694775
0.01864934
0.01716352
0.01707935
0.01705527
0.01667452
0.01708603
0.01683664
0.02139831
0.02172661
0.02162981
0.02239919
0.02168107
0.02125835
0.02205038
0.02143741
0.02275658
0.02135015
0.02159905
0.02595639
0.02141404
0.02605009
0.02602577
0.02581072
0.02602792
0.02171993
0.02511406
0.02150011
0.02157259
0.02192569
0.02172422
0.02189112
0.02609873
0.02610540
0.02666378
0.02459836
0.02375221
0.02534676
0.02588654
0.02364182
0.02341557
0.02903700
0.02435446
0.02983022
0.02610731
0.02515030
0.02866364
0.02777481
0.02560997
0.02633595
0.02193260
0.02204251
0.02185345
0.02136469
0.02739859
0.02946305
0.02640676
0.02759838
0.03114867
0.02659941
0.02811074
0.02453971
0.02621341
0.02627945
0.02690959
0.02184463
0.02357697
0.02400732
0.01867270
0.01771045
0.01780128
0.01833344
0.01790071
0.01706409
0.01704001
0.01716566
0.01725078
0.01688457
0.01678133
0.01703930
0.01766586
0.01669145
0.01688790
0.01743078
0.01680970
0.01723671
0.01768565
0.01859474
0.01774073
0.01810980
0.01686811
0.01716948
0.01701832
0.01685882
0.01857948
0.01692653
0.01697516
0.01722145
0.01709366
0.01687765
0.01697659
0.01695657
0.01716828
0.01768541
0.01698947
0.01665664
0.01684117
0.01680851
0.01736403
0.01944923
0.01693940
0.01697254
0.01687646
0.01769686
0.01775026
0.01902556
0.01753855
0.01733804
0.01694202
0.01695132
0.01740527
0.01782060
0.01691461
0.01664567
0.01826239
0.01693630
0.01705170
0.01723123
0.01696682
0.01760149
0.01708364
0.01751137
0.01695228
0.01680517
0.01722646
0.01715469
0.01717305
0.01688790
0.01710248
0.01734781
0.01708651
0.01704001
0.01731420
0.01693225
0.01685262
0.01698375
0.01739001
0.01718712
0.01711655
0.01921844
0.01904774
0.01728892
0.01755214
0.01714396
0.01673412
0.01686430
0.01687384
0.01665926
0.01712179
0.01723933
0.01683021
0.01666451
0.01685572
0.01706862
0.01721764
0.01755118
0.01715040
0.01747537
0.01703572
0.01677608
0.01668859
0.01680923
0.01850033
0.01684213
0.01676798
0.01730728
0.01791406
0.01772141
0.01710129
0.01740742
0.01684642
0.01728225
0.01824212
0.01722813
0.01717353
0.01688647
0.01732111
0.01716924
0.01764083
0.01715374
0.01688313
0.01737905
0.01785731
0.01770091
0.01798892
0.01810169
0.02384996
0.01842713
0.01769257
0.01676106
0.01848626
0.01821566
0.01878214
0.01755953
0.01817870
0.01858187
0.01766109
0.01880074
0.01841545
0.01804829
0.01838279
0.01776385
0.01757646
0.01773667
0.01702046
0.01851368
0.01806188
0.01805711
0.01743841
0.01797366
0.01710939
0.01818109
0.01750159
0.01724386
0.01722693
0.01705265
0.01685762
0.01691175
0.01764441
0.01738310
0.01837730
0.01851487
0.01724339
0.01745820
0.01743293
0.01730919
0.01848745
0.01708245
0.01695418
0.01681495
0.01725316
0.01722002
0.01662588
0.01696277
0.01737237
0.01685023
0.01679564
0.01662779
0.01639366
0.01748800
0.01710010
0.01752925
0.01745534
0.01738691
0.01712537
0.01702929
0.01743650
0.01734805
0.01721835
0.01703215
0.01749468
0.01713991
0.01749778
0.01816773
0.01759529
0.01739573
0.01704669
0.01711988
0.01717257
0.01702642
0.01705980
0.01697397
0.01692295
0.01705194
0.01720572
0.01883864
0.01762438
0.01994872
0.01981187
0.01913285
0.01684546
0.01720119
0.01722050
0.01711202
0.01725793
0.01795578
0.01840186
0.01746082
0.01678634
0.01675463
0.01680017
0.01968503
0.01712298
0.01703215
0.01702571
0.01697421
0.01645064
0.01709437
0.01739979
0.01697421
0.01799417
0.01791596
0.01683640
0.01676679
0.01672626
0.01662159
0.01705647
0.01684499
0.01671243
0.01673007
0.01666999
0.01724076
0.01712942
0.01704383
0.01734638
0.01705837
0.01686764
0.01763201
0.01686740
0.01688933
0.01687765
0.01729918
0.01671553
0.01693463
0.01731443
0.01711130
0.01705217
0.01672959
0.01674342
0.01682019
0.01661277
0.01667738
0.01682281
0.02112174
0.02123594
0.02100372
0.02116656
0.02160788
