0.00185156
0.01706457
0.01746893
0.01763701
0.01776242
0.01757598
0.01694226
0.01727200
0.01709700
0.01729274
0.01754999
0.01730800
0.01711869
0.01740098
0.01754689
0.01730776
0.01771331
0.01714420
0.01669097
0.01699305
0.01701450
0.01766109
0.01764846
0.01773381
0.01744437
0.01694131
0.01717806
0.01684785
0.01754808
0.01787710
0.01876354
0.02015042
0.01795197
0.01937056
0.01873159
0.01824975
0.01790023
0.01842904
0.01820993
0.01818705
0.01894474
0.01793957
0.01762676
0.01813960
0.01784635
0.01831937
0.01816893
0.01748157
0.01721573
0.01752234
0.01761627
0.01741862
0.01743555
0.01726007
0.01763678
0.01898026
0.01758456
0.01782870
0.01851106
0.01852846
0.01753473
0.01846218
0.01767349
0.01791763
0.01806140
0.01744509
0.01802754
0.01753783
0.01732445
0.01714182
0.01756001
0.01751876
0.01723599
0.01715922
0.01685548
0.01705861
0.01766706
0.01731443
0.01732445
0.01730514
0.01786423
0.01729822
0.01705027
0.01778698
0.01801896
0.01743913
0.01726937
0.01709604
0.01695108
0.01687670
0.01694322
0.01697159
0.01751256
0.01725292
0.01698303
0.01707888
0.01739240
0.01847029
0.01695347
0.01743603
0.01713252
0.01712036
0.01743984
0.01711392
0.01707458
0.01684332
0.01739240
0.01746488
0.01711798
0.01684999
0.01721311
0.01756239
0.01703787
0.01727223
0.01740599
0.01690149
0.01704741
0.01693463
0.01681805
0.01733708
0.01743126
0.01715183
0.01686311
0.01706243
0.01743078
0.01711559
0.01721048
0.01698494
0.01725006
0.01737761
0.01717520
0.01754236
0.01701117
0.01927304
0.01760435
0.01730490
0.01837850
0.01822305
0.01831532
0.01747179
0.01749611
0.01735377
0.01803875
0.01734638
0.01688886
0.01697135
0.01707077
0.01684904
0.01730299
0.01747656
0.01770377
0.01814795
0.01713777
0.01762700
0.01744127
0.01803255
0.01759720
0.01797438
0.01728129
0.01777482
0.01803374
0.01741290
0.02404404
0.01775312
0.01701069
0.01706433
0.01733232
0.01692009
0.01780653
0.01741433
0.01698589
0.01758027
0.01748347
0.01742530
0.01755047
0.01754689
0.01802254
0.01730680
0.02072191
0.02026033
0.02016473
0.01900291
0.01787972
0.01738763
0.02006054
0.01708961
0.01706958
0.01742506
0.01704574
0.01720643
0.01742530
0.01716065
0.01717448
0.01776338
0.01730323
0.01734281
0.01698947
0.01750660
0.01711059
0.01791167
0.01691175
0.01751566
0.01742530
0.01730466
0.01678038
0.02505255
0.01756072
0.01746631
0.01764250
0.01839089
0.01727390
0.01746941
0.01796222
0.01733327
0.01758695
0.01781154
0.01784778
0.01763105
0.01782894
0.01748419
0.01847434
0.01777577
0.01787519
0.01735759
0.01797581
0.01662493
0.01689863
0.02148271
0.02121305
0.02359486
0.01872039
0.01851249
0.01913214
0.01823688
0.01802206
0.01677132
0.01759076
0.01750350
0.01687455
0.01728415
0.01726866
0.01695848
0.01750612
0.01710677
0.01720691
0.02111053
0.02306318
0.02051735
0.02271581
0.02100968
0.02186465
0.02160478
0.02553296
0.02753305
0.02649403
0.02538466
0.02760315
0.02516007
0.02664328
0.02689505
0.02661967
0.02622914
0.02583861
0.02435279
0.02524829
0.02656174
0.03218746
0.03394771
0.02947831
0.02970672
0.02826500
0.03020144
0.03081512
0.02944732
0.03004479
0.03026152
0.03077412
0.03492570
0.03313303
0.03540015
0.03484321
0.03391838
0.03438163
0.03186107
0.03091288
0.03103805
0.03150368
0.03191614
0.03202915
0.03302550
0.03281355
0.03276277
0.03269076
0.03289795
0.03209233
0.03228879
0.03223825
0.03551197
0.03326464
0.03179669
0.03315187
0.03185201
0.03213549
0.03144097
0.03100848
0.03121638
0.03101754
0.03310156
0.03022456
0.02911353
0.03168297
0.03516173
0.03572607
0.03369284
0.03422356
0.02988219
0.03007746
0.02800798
0.02961659
0.02865934
0.03077602
0.03264976
0.03117990
0.03098488
0.03142071
0.03199983
0.03138089
0.03124523
0.03110361
0.03170848
0.03100991
0.03176379
0.03206015
0.03164482
0.03121638
0.03081751
0.03126740
0.03149891
0.03106642
0.02906585
0.02891016
0.02983165
0.02924442
0.03001118
0.03082085
0.02881050
0.02816296
0.02763724
0.02866316
0.02946949
0.02800918
0.03141928
0.03073931
0.03159237
0.02979565
0.02943444
0.02926207
0.03049541
0.02886558
0.03113985
0.02932239
0.03174520
0.02838755
0.03083920
0.02928686
0.03092813
0.02725935
0.03063035
0.02791739
0.02966309
0.02855659
0.02860069
0.02804804
0.03051090
0.02786374
0.02856350
0.02849507
0.03042197
0.03622985
0.03376985
0.03320599
0.03798199
0.03508925
0.03788090
0.03210139
0.03311539
0.02983046
0.02849126
0.02977848
0.02899432
0.03079057
0.02858996
