0.00409937
0.02318025
0.02279401
0.02341032
0.02307606
0.02243567
0.02365160
0.02162457
0.02214837
0.02223969
0.02110100
0.02231169
0.02154136
0.02358913
0.02527165
0.02490306
0.02145076
0.02183890
0.02115655
0.02272272
0.02497745
0.02106047
0.02427268
0.02467656
0.02518034
0.02262115
0.02294421
0.02302122
0.02103782
0.02320695
0.02187681
0.02185774
0.02115560
0.02391338
0.02287030
0.02224994
0.02154493
0.02153134
0.02231884
0.02228045
0.02251029
0.02323508
0.02294016
0.02396202
0.02436209
0.02365327
0.02365088
0.02202463
0.02224326
0.02279544
0.02473855
0.02273345
0.02313256
0.02406764
0.02238107
0.02301073
0.02281594
0.02761769
0.02589726
0.02511215
0.02324343
0.02340722
0.02252340
0.02293181
0.02252698
0.02265835
0.02243710
0.02246857
0.02295351
0.02243638
0.02297401
0.02161431
0.02306414
0.02167225
0.02435708
0.02234101
0.02103901
0.02143240
0.02216291
0.02184033
0.02304983
0.02328753
0.02281499
0.02321124
0.02313471
0.02244735
0.02261686
0.02254367
0.02322435
0.02240729
0.02294445
0.02436399
0.02359033
0.02287817
0.02292013
0.02270460
0.02290034
0.02304220
0.02301693
0.02284813
0.02327514
0.02338290
0.02501583
0.02487445
0.02326822
0.02400303
0.02338004
0.02412939
0.02371073
0.02335072
0.02533317
0.02366638
0.02297497
0.02394223
0.02401471
0.02355742
0.02303529
0.02351093
0.02320099
0.02339149
0.02349019
0.02317739
0.02356720
0.02297020
0.02299643
0.02323365
0.02291751
0.02389646
0.02361655
0.02343798
0.02318597
0.02380753
0.02297711
0.02347803
0.02584648
0.02330375
0.02336311
0.02286816
0.02278924
0.02291083
0.02360439
0.02302003
0.02310944
0.02915692
0.02247286
0.02204180
0.02218556
0.02215934
0.02298212
0.02388549
0.02348590
0.02349305
0.02198458
0.02262330
0.02210474
0.02278018
0.02311230
0.02459240
0.02152896
0.02246475
0.02288723
0.02257848
0.02151442
0.02257657
0.02197528
0.02232790
0.02243185
0.02145505
0.02192998
0.02192330
0.02121425
0.02238393
0.02087307
0.02113771
0.02312255
