0.00236654
0.01712012
0.01717186
0.01662564
0.01729560
0.01720142
0.01698375
0.01688290
0.01664233
0.01766014
0.01791978
0.01710105
0.01697493
0.01771355
0.01697111
0.01667690
0.01684499
0.01674366
0.01695633
0.01735735
0.01720810
0.01705432
0.01675200
0.01678777
0.01725030
0.01696944
0.01702738
0.01709819
0.01656389
0.01693535
0.01663613
0.01705670
0.01713371
0.01676989
0.01676059
0.01664567
0.01650524
0.01653647
0.01955795
0.01854539
0.01712966
0.01702380
0.01728630
0.01741004
0.01732993
0.02004457
0.01822972
0.01714945
0.01721597
0.01899529
0.02038169
0.02106404
0.02015591
0.01891661
0.01890278
0.01718068
0.01736116
0.01765895
0.01741624
0.02664733
0.02006006
0.01902437
0.01831746
0.01785040
0.01862168
0.01807737
0.02227139
0.02167988
0.01913643
0.01713157
0.01880980
0.01757550
0.01693940
0.01763320
0.01736856
0.02274752
0.01817703
0.01800919
0.01761341
0.01786947
0.01779890
0.01749825
0.01720333
0.01670241
0.01712799
0.01695776
0.01690912
0.01732087
0.01724887
0.01686716
0.01687312
0.01740289
0.01837397
0.01761842
0.01741290
0.01758623
0.01784348
0.01740575
0.01727366
0.01688409
0.01700497
0.01722908
0.01710153
0.01694727
0.01740646
0.01696539
0.01661253
0.01725388
0.01714492
0.01685929
0.01693845
0.01706600
0.01735353
0.01692295
0.01687074
0.01668739
0.01695395
0.01708174
0.01701570
0.01700163
0.01745939
0.01652384
0.01689577
0.01758289
0.01752090
0.01695323
0.01694417
0.01753354
0.01701045
0.01693773
0.01721454
0.01688623
0.01701379
0.01697540
0.01705146
0.01681495
0.01736045
0.01706362
0.01671505
0.01648617
0.01668715
0.01727366
0.01713800
0.01725435
0.01689982
0.01656723
0.01642036
0.01672053
0.01688981
0.01725483
0.01736689
0.01687503
0.01677108
0.01676464
0.01655889
0.01775527
0.01718044
0.01715279
0.01742363
0.01773500
0.01683021
0.01684833
0.01660752
0.01739240
0.01693559
0.01777577
0.01681066
0.01729584
0.01669121
0.01725006
0.01745272
0.01688957
0.01674104
0.01713467
0.01704574
0.01715565
0.01710081
0.01645255
0.01664758
0.01768875
0.01688719
0.01763153
0.01771307
0.01660800
0.01678157
0.01680851
0.01685476
0.01761913
0.01672387
0.01768661
0.01734114
0.01686835
0.01660323
0.01689196
0.01699758
0.01668882
0.01755500
0.01711273
0.01695490
0.01664329
0.01687312
0.01739073
0.01657033
0.01673055
0.01728749
0.01676822
0.01698756
0.01683044
0.01675391
0.01655531
0.01740170
0.01721478
0.02237868
0.01850080
0.01741314
0.01703620
0.01691675
0.01728296
0.01730824
0.01808023
0.01745129
0.01688528
0.01810837
0.01692963
0.01755047
0.01834774
0.01716661
0.01716232
0.01698899
0.01715970
0.01671839
0.01695275
0.01680088
0.01728749
0.01726842
0.01738334
0.01761603
0.01825500
0.01803422
0.01692700
0.01671267
0.01743031
0.01690793
0.01673675
0.01738834
0.01709986
0.01715112
0.01681042
0.01680303
0.01764131
0.01766658
0.01682973
0.01676059
0.01704645
0.01703739
0.01697040
0.01712847
0.01696706
0.01682687
0.01749492
0.01710510
0.01692986
0.01699376
0.01675415
0.01670408
0.01669645
0.01728559
0.01707792
0.01698232
0.01735616
0.01746321
0.01710558
0.01683903
0.01735091
0.01766777
0.01722670
0.01764464
0.01670766
0.01662803
0.01679182
0.01670432
0.01688957
0.01731205
0.01689315
0.01662827
0.01662326
0.01703811
0.01691008
0.01701021
0.01732421
0.01673675
0.01682496
0.01718307
0.01797605
0.01670098
0.01776266
0.01812077
0.01674461
0.01745081
0.01740217
0.01759124
0.01682925
0.01672816
0.01716042
0.01683617
0.01726580
0.01700234
0.01664042
0.01660991
0.01683283
0.01670885
0.01681876
0.01699090
0.01717854
0.01710033
0.01709127
0.01706839
0.01702142
0.01676273
0.01677799
0.01688147
0.01720834
0.01719928
0.01714182
0.01723146
0.01740408
0.01735902
0.01660442
0.01711845
0.01696086
0.01737571
0.01740861
0.01716518
0.01724863
0.01712251
0.01711965
0.01702261
0.01686502
0.01678061
0.01707339
0.01690817
0.01750016
0.01814127
0.01715970
0.01676488
0.01722407
0.01762486
0.01720166
0.01674843
0.01769114
0.01745820
0.01780915
0.01744747
0.01730084
0.01709247
0.01728177
0.01764464
0.01662636
0.01656246
0.01679945
0.01734066
0.01705122
0.01712418
0.01727343
0.01686978
0.01762009
0.01763201
0.01776290
0.01805258
0.01724482
0.01795840
0.01901126
0.01931691
0.01806998
0.01780534
0.01742649
