0.00242734
0.02136040
0.02083802
0.02175093
0.02281761
0.02231812
0.02221966
0.02227616
0.02216721
0.02258015
0.02865577
0.02189946
0.02096701
0.02148008
0.02044106
0.02122808
0.02379417
0.02170324
0.02097201
0.02118492
0.02021909
0.02028561
0.02062917
0.02105546
0.02062225
0.02009225
0.02087116
0.02102256
0.02139592
0.02036357
0.02176023
0.02154469
0.02139068
0.02182007
0.02166820
0.02134633
0.02176023
0.02069831
0.02016425
0.02020907
0.02143121
0.02050138
0.02253532
0.02063060
0.02066159
0.02229285
0.02190733
0.02177668
0.02185154
0.02229857
0.02209592
0.02177405
0.02170539
0.02154231
0.02159429
0.02163100
0.02144957
0.02171946
0.02204084
0.02152181
0.02166986
0.02198505
0.02175331
0.02166080
0.02243543
0.02246785
0.02268052
0.02239132
0.02171659
0.02186155
0.02187634
0.02152658
0.02159715
0.02224588
0.02202487
0.02167559
0.02207613
0.02223992
0.02160835
0.02237630
0.02209735
0.02261424
0.02358437
0.02445221
0.02196074
0.02200675
0.02199769
0.02233624
0.02201056
0.02175140
0.02190804
0.02185559
0.02215075
0.02183819
0.02164197
0.02150083
0.02162457
0.02200198
0.02216220
0.02205110
0.02169228
0.02164698
0.02180648
0.02143717
0.02138329
0.02129745
0.02154422
0.02146673
0.02141619
0.02137280
0.02139568
0.02135968
0.02157354
0.02145529
0.02103090
0.02006292
0.02249837
0.02221227
0.02307153
0.02982497
0.02393794
0.02457595
0.02352834
0.02335572
0.02292013
0.02343249
0.02235007
0.02301550
0.02271008
0.02299166
0.02241468
0.02188540
0.02336740
0.02199221
0.02218580
0.02238393
0.02213573
0.02228165
0.02249932
0.02304101
0.02308488
0.02259827
0.02179313
0.02240396
0.02235961
0.02184653
0.02217698
0.02212310
0.02211022
0.02186847
0.02178288
0.02176762
0.02162242
0.02150202
0.02155352
0.02194047
0.02154589
0.02173543
0.02302647
0.02187562
0.02184534
0.02195001
0.02192950
0.02422380
0.02174401
0.02181363
0.02178264
0.02208424
0.02191210
0.02233267
0.02156568
0.02218771
0.02161622
0.02168989
0.02200747
0.02170515
0.02227044
0.02235413
0.02135134
0.02216887
0.02147365
0.02158022
0.02230167
0.02142715
0.02151608
0.02219605
0.02165985
0.02180862
0.02207470
0.02136397
0.02143335
0.02167964
0.02171302
0.02154827
0.02180958
0.02151442
0.02145958
0.02221441
0.02167368
0.02133751
0.02223730
0.02128792
0.02175426
0.02186608
0.02184296
0.02143979
0.02145767
0.02120233
0.02131701
0.02155423
0.02146959
0.02144098
0.02207327
0.02162242
0.02140212
0.02219868
0.02149248
0.02133298
0.02195287
0.02135921
0.02162290
0.02157259
0.02134490
0.02138400
0.02149534
0.02134490
0.02147746
0.02199292
0.02134156
0.02134347
0.02219939
0.02143359
0.02134347
0.02202439
0.02130103
0.02045465
0.02012634
0.02047706
0.02264333
0.02192831
0.02226472
0.02162910
0.02220726
0.02184319
0.02063012
0.02454257
0.02294493
0.02323937
0.02295804
0.02412033
0.02497554
0.02453351
0.02574348
0.03333402
0.02284598
0.02349401
0.02685785
0.02457976
0.02589917
0.02353883
0.02400994
0.02208924
0.02294469
0.02210593
0.02210379
0.02190208
0.02210474
0.02315903
0.02244020
0.02466536
0.02315044
0.02254319
0.02184033
0.02207994
0.02246404
0.02247572
0.02225065
0.02272105
0.02243757
0.02217340
0.02278280
0.02234292
0.02285480
0.02251601
0.02266765
0.02276659
0.02588248
0.02329278
0.02210712
0.02187824
0.02184796
0.02180648
0.02213025
0.02223825
0.02197266
0.02255607
0.02228618
0.02254295
0.02247405
0.02184939
0.02251387
0.02214432
0.02239895
0.02262640
0.02201653
0.02264977
0.02264500
0.02282596
0.02328849
0.02313638
0.02366328
0.02269173
0.02233577
0.02251244
0.02239323
0.02245212
0.02237749
0.02208090
0.02241302
0.02181935
0.02248216
0.02231121
0.02201414
0.02236605
0.02284217
0.02672386
0.02242470
0.02237034
0.02234530
0.02237296
0.02318668
0.02284122
0.02299142
0.02223444
0.02266097
0.02749395
0.02466965
0.02398324
0.02266812
0.02477741
0.02458620
0.02214122
0.02232361
0.02226901
0.02253747
0.02240610
0.02250433
0.02187014
0.02274179
0.02193332
0.02206779
0.02321172
0.02174330
0.02185726
0.02223754
0.02185011
0.02204180
0.02184105
0.02174067
0.02215695
0.02211046
0.02241898
0.02234912
0.02202702
0.02194214
0.02241135
0.02216268
0.02201319
0.02190399
0.02187467
0.02173400
0.02168465
0.02353287
0.02236795
0.03297091
0.03326368
0.02515078
0.02320361
0.02306938
0.02367640
0.02296710
0.02310681
0.02284288
0.02454019
0.02437878
0.02293754
0.02308559
0.02278733
0.02195930
0.02173758
0.02219701
0.02247763
0.02151585
0.02168775
0.02182245
0.02219844
0.02207947
0.02154517
0.02206898
0.02181244
0.02157688
0.02218151
0.02183461
0.02207184
0.02242541
0.02227640
0.02184772
0.02215052
0.02233768
0.02275372
0.02189159
0.02057695
0.02214646
0.02194929
0.02137518
0.02244425
0.02170634
0.02201819
0.02708054
0.02177048
0.02273011
0.02180934
0.02223468
0.02211666
0.02161264
0.02182722
0.02201366
0.02201247
0.02261233
0.02191496
0.02202392
0.02216554
0.02175903
0.02198005
0.02225518
0.02181697
0.02225924
0.02212405
0.02264762
0.02236772
0.02266240
0.02234006
0.02214265
0.02225304
0.02181959
0.02171803
0.02218771
0.02387190
0.02317309
0.02198434
0.02320242
0.02329350
0.02329659
0.01992559
0.02031732
0.02329731
0.02293539
0.02291822
0.02237105
0.02331138
0.02339196
0.02309656
0.02315521
0.02255273
0.02326441
0.02342677
0.02106333
0.02339745
0.02299213
0.02255797
0.02295613
0.02379084
0.02338719
0.02301860
0.02302957
0.02220607
0.02099442
0.02069807
0.02030897
0.02041483
0.02023149
0.02223706
0.02179456
0.02226663
0.02230597
0.02141833
0.02159119
0.02158070
0.02148509
0.02200222
0.02226996
0.02222180
0.02269554
0.02175426
0.02180123
0.02250409
0.02219224
0.02171540
0.02183342
0.02200961
0.02174902
0.02170920
0.02224159
0.02212000
0.02182961
0.02286887
0.02340817
0.02286506
0.02363229
0.02260089
0.02324033
0.02243686
0.02292395
0.02319026
0.02259183
0.02269053
0.02315950
0.02467728
0.02369738
0.02260661
0.02241993
0.02224088
0.02214718
0.02116370
0.02063394
0.02279782
0.02249146
0.02352619
0.02272630
0.02215362
0.02215314
0.02186179
0.02238202
0.02266169
0.02159715
0.02265859
0.02187943
0.02206135
0.02248096
0.02199578
0.02271771
0.02195692
0.02199149
0.02187896
0.02200508
0.02179217
0.02145982
0.02126765
0.02020407
0.02113390
0.02160335
0.02014256
0.02058959
0.02079988
0.02111006
0.01995015
0.02055311
0.02247834
0.02018428
0.02056503
0.02263689
0.02061605
0.02069497
0.02358103
0.02139664
0.02081275
0.02346158
0.02109432
0.02050948
0.02181363
0.02180052
0.02050543
0.02321267
0.02128100
0.02096963
0.02374744
0.02060652
0.02073812
0.02200794
0.02170300
0.02166438
0.02221179
0.02080727
0.02086449
0.02319574
0.02038765
0.02046061
0.02267313
0.02086759
0.02020764
0.02147293
0.02096653
0.02028632
0.02115440
0.02379489
0.02103043
0.02153754
0.02221847
0.02053881
0.02278876
0.02303910
0.02023721
0.02286243
0.02440333
0.02306223
0.02386332
0.02306747
0.02362394
0.02394533
0.02366948
0.02285051
0.02379489
0.02205396
0.02176666
0.02184987
0.02153420
0.02205873
0.02187061
0.02155924
0.02187657
0.02160335
0.02170372
0.02221727
0.02141213
0.02218890
0.02255368
0.02143812
0.02159953
0.02064610
0.02034688
0.02003932
0.02215075
0.02053809
0.02039218
0.02066493
0.02177048
0.02028465
0.02226925
0.02258563
0.02256298
0.02162075
0.02572536
0.02279949
0.02305627
0.02235794
0.02147317
0.02101374
0.02201056
0.02212858
0.02066016
0.02105355
0.02194548
0.02078390
0.02063823
0.02074909
0.02164459
0.02058029
0.02077961
0.02269888
0.02050066
0.02041602
0.02109361
0.02164698
0.02054238
0.02207637
0.02133894
0.02040172
0.02158332
0.02144361
0.02045512
0.02152944
0.02094388
0.02044678
0.02111864
0.02162981
0.02084517
0.02119803
0.02088904
0.02093744
0.02200937
0.02182031
0.02067018
0.02099895
0.02248263
0.02128434
0.02240157
0.02255464
0.02055907
0.02081037
0.02218199
0.02078700
0.02096653
0.02242064
0.02094913
0.02097559
0.02191758
0.02132773
0.02107167
0.02303624
0.02269268
0.02188277
0.02244616
0.02097249
0.02053213
0.02065349
0.02165747
0.02040696
0.02232170
0.02190709
0.02080226
0.02245498
0.02172279
0.02046347
0.02286935
0.02186728
0.02296591
0.02253032
0.02049899
0.02251554
0.02149677
0.02035666
0.02113223
0.02209163
0.02046132
0.02231574
0.02200818
0.02040482
0.02093148
0.02426291
0.02286839
0.02277350
0.02279186
0.02356482
0.02336836
0.02324271
0.02295852
0.02326846
0.02399421
0.02231622
0.02339578
0.02034235
0.02165675
0.02093697
0.02130580
0.02122235
0.02123713
0.02086711
0.02301860
0.02195692
0.02167225
0.02239037
0.02171135
0.02173066
0.02206516
0.02210236
0.02158451
0.02175069
0.02179408
0.02183008
0.02228427
0.02180552
0.02165532
0.02166557
0.02175713
0.02156305
0.02191234
0.02199006
0.02301359
0.02099752
0.02141595
0.02001595
0.02108097
0.02332568
0.02209806
0.02118516
0.02437425
0.02207065
0.02106309
0.02409935
0.02145457
0.02181649
0.02077627
0.02136970
0.02149296
0.02194381
0.02490687
0.02168584
0.02128935
0.02102971
0.02116847
0.02243710
0.02132988
0.02126789
0.02288795
0.02135754
0.02205682
0.02208376
0.02140045
0.02120781
0.02142286
0.02140832
0.02192450
0.02084327
0.02164364
0.02154684
0.02116418
0.02093983
0.02080965
0.02180505
0.02038217
0.02095795
0.02012134
0.02027488
0.02145815
0.02037072
0.02015495
0.02183676
0.02113223
0.02018857
0.02014256
0.02127481
0.02035570
0.02164745
0.02190185
0.02051377
0.02145052
0.02165556
0.02068520
0.02075005
0.02181053
0.02126455
0.02077603
0.02172899
0.02127719
0.02250409
0.02155566
0.02066517
0.02046013
0.02156425
0.02117038
0.02090383
0.02213502
0.02216172
0.02181482
0.02208853
0.02177501
0.02149510
0.02193165
0.02230453
0.02183652
0.02218580
0.02182841
0.02230310
0.02171946
0.02151299
0.02227521
0.02151561
0.02155352
0.02186394
0.02197599
0.02147651
0.02173257
0.02213717
0.02163959
0.02149034
0.02220726
0.02177453
0.02147722
0.02171969
0.02131605
0.02158475
0.02169228
0.02128601
0.02180505
0.02187991
0.02158999
0.02191377
0.02172732
0.02135324
0.02149606
0.02180028
0.02164817
0.02165389
0.02060652
0.02034926
0.02100325
0.02356410
0.02303410
0.02322197
0.02283406
0.02330899
0.02279091
0.02378011
0.02339935
0.02342153
0.02385163
0.02195358
0.02325749
0.02304435
0.02136040
0.02351046
0.02330875
0.02085161
0.02084303
0.02315593
0.02331209
0.02326655
0.02431846
0.02313542
0.02383566
0.02287817
0.02232456
0.02342200
0.02251029
0.02311563
0.02213097
0.02251983
0.02238321
0.02298522
0.02242279
0.02223587
0.02161622
0.02203631
0.02208400
0.02229285
0.02255249
0.02230120
0.02242899
0.02232361
0.02245188
0.02220297
0.02299523
0.02255893
0.02207255
0.02230597
0.02283549
0.02246642
0.02222514
0.02250624
0.02200985
0.02232027
0.02214527
0.02231717
0.02194881
0.02193236
0.02233243
0.02191544
0.02202702
0.02222633
0.02181387
0.02221656
0.02211332
0.02149367
0.02196574
0.02207136
0.02226615
0.02241039
0.02181888
0.02218127
0.02206492
0.02243876
0.02266169
0.02249765
0.02223969
0.02191305
0.02246952
0.02230406
0.02221036
0.02066779
0.02121830
0.02088785
0.02537751
0.02360916
0.02415538
0.02319002
0.02370071
0.02337384
0.02321792
0.02327418
0.02264166
0.02214766
0.02209044
0.02231789
0.02244258
0.02183056
0.02251649
0.02199388
0.02200937
0.02241707
0.02226615
0.02184463
0.02228522
0.02180099
0.02188754
0.02247715
0.02223897
0.02159619
0.02215123
0.02239919
0.02023983
0.02125573
0.02297282
0.02066159
0.02642059
0.02118134
0.02033353
0.02353263
0.02127194
0.02038121
0.02284241
0.02333570
0.02364683
0.02393007
0.02376628
0.02378917
0.02399492
0.02358174
0.02108693
0.02210093
0.02115059
0.02203155
0.02250481
0.02013683
0.02240968
0.02321982
0.02143240
0.02174187
0.02219272
0.02061558
0.02339721
0.02302885
0.02421165
0.02177238
0.02041864
0.02053118
0.02214789
0.02067232
0.02257943
0.02280545
0.02172613
0.02165484
0.02258945
0.02361727
0.02331924
0.02138090
0.02114725
0.02427387
0.02527118
0.02532768
0.02354050
0.02324700
0.02381182
0.02427244
0.02406621
0.02308440
0.02112222
0.02238750
0.02198005
0.02135634
0.02069354
0.02202606
0.02120924
0.02113986
0.02121210
0.02132750
0.02235055
0.02178907
0.02425075
0.02391791
0.02406096
0.02249765
0.02029872
0.02165222
0.02158093
0.02059507
0.02172947
0.02103257
0.02063584
0.02076769
0.02306986
0.02090740
0.02068305
0.02127457
0.02082348
0.02055454
0.02175450
0.02199483
0.02068996
0.02185035
0.02238703
0.02056932
0.02152133
0.02063155
0.02090859
0.02110004
0.02058148
0.02131677
0.02074099
0.02154279
0.02087188
0.02061939
0.02089882
0.02061820
0.02214789
0.02084327
0.02065802
0.02075315
0.02035308
0.02064466
0.02160358
0.02088881
0.02006364
0.02117467
0.02103686
0.02046514
0.02080441
0.02180719
0.02020335
0.02144814
0.02253246
0.02063227
0.02142048
0.02236891
0.02040267
0.02134681
0.02106690
0.02133346
0.02079296
0.02108431
0.02131343
0.02069378
0.02127290
0.02109814
0.02113628
0.02148485
0.02141571
0.02064371
0.02117467
0.02178359
0.02148628
0.02128315
0.02086735
0.02117372
0.02058363
0.02139974
0.02182245
0.02082872
0.02245474
0.02176309
0.02055025
0.02168107
0.02159858
0.02048826
0.02142453
0.02182150
0.02015042
0.02076221
0.02073264
0.02174044
0.02055979
0.02041769
0.02211428
0.02074289
0.02405787
0.02117229
0.02041030
0.02112079
0.02209377
0.02211475
0.02056670
0.02157545
0.02088523
0.02113676
0.02206922
0.02316332
0.02163482
0.02238441
0.02284217
0.02158976
0.02319241
0.02180576
0.02424312
0.02154922
0.02232838
0.02429461
0.02203035
0.02303720
0.02257371
0.02253461
0.02263308
0.02199936
0.02218795
0.02233315
0.02243614
0.02228737
0.02213383
0.02270913
0.02204347
0.02259278
0.02236462
0.02305126
0.02195072
0.02222133
0.02226496
0.02320075
0.02259922
0.02219486
0.02245808
0.02211118
0.02194571
0.02253580
0.02200890
0.02174711
0.02198505
0.02214289
0.02163911
0.02206230
0.02272725
0.02197027
0.02177882
0.02217937
0.02182913
0.02301645
0.02182674
0.02178764
0.02218032
0.02183676
0.02256203
0.02227163
0.02198768
0.02227926
0.02202845
0.02225041
0.02264142
0.02233791
0.02257562
0.02244377
0.02320933
0.02281737
0.02222300
0.02214766
0.02247858
0.02279353
0.02242637
0.02215910
0.02214956
0.02221179
0.02189565
0.02214646
0.02214074
0.02188540
0.02215052
0.02185225
0.02183104
0.02205992
0.02187824
0.02212477
0.02220654
0.02172542
0.02165341
0.02188301
0.02217507
0.02170420
0.02216029
0.02227521
0.02202582
0.02181911
0.02203965
0.02172256
0.02173376
0.02175689
0.02166963
0.02166629
0.02239394
0.02540469
0.02202034
0.02241707
0.02173233
0.02192712
0.02210999
0.02272511
0.02100158
0.02126551
0.02119040
0.02172136
0.02197385
0.02099061
0.02248549
0.02116752
0.02067566
0.02223396
0.02229571
0.02044201
0.02177882
0.02250648
0.02060771
0.02250195
0.02172279
0.02063155
0.02097321
0.02150917
0.02057862
0.02170968
0.02240562
0.02155256
0.02142787
0.02173328
0.02267241
0.02214026
0.02220869
0.02299428
0.02246785
0.02283025
0.02318668
0.02256250
0.02296042
0.02285337
0.02263141
0.02218676
0.02235460
0.02216506
0.02223086
0.02187872
0.02242637
0.02315450
0.02197194
0.02173734
0.02217031
0.02261353
0.02203918
0.02222633
0.02241468
0.02341938
0.02193165
0.02229619
0.02224636
0.02340913
0.02374959
0.02235961
0.02284265
0.02234769
0.02254772
0.02281117
0.02895284
0.02255607
