0.00871015
0.03765249
0.03693914
0.03712130
0.03936696
0.03335619
0.03319311
0.03343391
0.03588510
0.03361034
0.03477454
0.03655100
0.03316331
0.03520584
0.03241825
0.03405619
0.03303695
0.03474641
0.03551435
0.03390026
0.03458786
0.03401279
0.03419042
0.03953671
0.03660083
0.03546786
0.03200984
0.03403521
0.03408384
0.03483129
0.03479695
0.03342557
0.03450489
0.03195000
0.03393030
0.04020405
0.04089260
0.03240705
0.03293300
0.03419185
0.03511643
0.03393626
0.03612709
0.03774905
0.03479671
0.04157138
0.03342366
0.03512740
0.03319478
0.03446031
0.03847694
0.03497887
0.03477645
0.03422570
0.04185319
0.03783488
0.03882909
0.03300428
0.03202510
0.03293633
0.03235340
0.03331113
0.03345323
0.03575134
0.03291941
0.03444171
0.03866649
0.03429103
0.03443551
0.03755689
0.03648233
0.03790116
0.03690863
0.03655243
0.03867316
0.03776336
0.03888392
0.03626180
0.04799938
0.04520082
0.03351712
0.03314877
0.03371048
0.03336430
0.03514051
0.03518438
0.04092264
0.04091096
0.03774333
0.03264332
0.03356576
0.03610969
0.03526139
0.03182554
0.03611326
0.03276372
0.03376937
0.03260612
0.03307295
0.03344774
0.03250289
0.03302646
0.03278279
0.03397059
0.03447676
0.03554678
0.03679538
0.03511524
0.03334212
0.03324270
0.03435779
0.03347564
0.03273201
0.03391004
0.03119087
0.03273988
0.03136206
0.03370786
0.03207612
0.03131294
0.03425407
0.03384757
0.03296661
0.03284454
0.03361464
0.03084874
0.03324652
0.03270602
0.03260183
0.03896070
0.03288317
0.03422260
0.03366280
0.03370309
0.03524351
0.03338981
0.03369045
0.03374243
0.03558183
0.03715634
0.03355908
0.03567719
0.03633952
0.03438020
0.03299356
0.03170466
0.03434730
0.03744411
0.03419900
0.03743958
0.03393435
0.03597021
0.03724074
0.03910136
0.04048467
0.04082227
0.04113388
0.03842854
0.03979349
0.03401780
0.04152513
0.04112840
0.03689599
0.03496122
0.03587699
0.03891563
0.03164148
0.03375745
0.03255486
0.03357983
0.03289247
0.03336692
0.03265762
0.03332424
0.03461051
0.03095698
0.03492188
0.03216934
0.03198814
0.03388739
0.03396010
0.03281355
0.03329754
0.03491426
0.03236008
0.04133177
0.03513622
0.03322172
0.03359938
0.03363705
0.03596830
0.03609276
0.03588343
0.03604913
0.03623176
0.03549457
0.03557253
0.03424215
0.03233743
0.03390527
0.03267169
0.03286743
0.03387690
0.03326011
0.03453994
0.03455639
0.03076506
0.03217196
0.03228545
0.03620338
0.03639936
0.03640389
0.03433990
0.03405261
0.03578424
0.03602791
0.03541780
0.03583717
0.03493190
0.03559613
0.03713942
0.03664565
0.03760743
0.03767419
0.03901935
0.03718996
0.03834319
0.03678584
0.03765392
0.03663206
0.03646851
0.03634477
0.03645921
0.03622723
0.03574419
0.03543568
0.03710938
0.03671360
0.03614354
0.03569531
0.03610587
0.03623724
0.04123950
0.03579450
0.03644347
0.03570366
0.03592086
0.03549671
0.03618741
0.03637457
0.03620362
0.03679132
0.03577065
0.03697705
0.03614759
0.03618670
0.03662610
0.03654385
0.03744078
0.03763247
0.03810096
0.03785348
0.03769660
0.03681374
0.03659749
0.03710747
0.03507543
0.03378177
0.04241514
0.03738832
0.03689528
0.03753686
0.03672361
0.03744650
0.03619981
0.03616667
0.03676510
0.03618741
0.03687501
0.03652477
0.03554368
0.03643727
0.03591061
0.03628397
0.03684187
0.03823233
0.04457831
0.03863192
0.03775620
0.03768587
0.03749514
0.03735113
0.03692389
0.03738427
0.03631830
0.03838897
0.03834987
0.03810382
0.03739405
0.03986216
0.03895783
0.03954434
0.03782558
0.03889680
0.03728008
0.03684878
0.03667879
0.03637409
0.03684068
0.03656769
0.03625512
0.03707576
0.03634810
0.03700995
0.03726768
0.03242612
0.03447104
0.03638816
0.03667712
0.03650212
0.03733611
0.03620863
0.03628111
0.03712606
0.03623509
0.03657007
0.03759575
0.03859758
0.03767967
0.03315830
0.03547263
0.03462434
0.03785205
0.03417802
0.03460670
0.03716683
0.03531194
0.03673339
0.03807211
0.03661537
0.03734636
0.03678417
0.03657389
0.03663874
0.03785348
0.03719854
0.03997731
0.03852773
0.03767872
0.03820705
0.03793859
0.03801346
0.03770113
0.03892422
0.03823018
0.03778410
0.03765249
0.03818679
0.03754115
0.03747129
0.03808165
0.03748941
0.03767467
0.03719354
0.03795004
