0.00255346
0.02136636
0.02257967
0.02139759
0.02241468
0.02325439
0.02315474
0.02328372
0.02318931
0.02179170
0.02178144
0.02090073
0.02057147
0.02099967
0.02102613
0.02084541
0.02082753
0.02108526
0.02059579
0.02003598
0.02042174
0.02057481
0.02076197
0.02037907
0.02090526
0.02083611
0.02025843
0.02081394
0.02228618
0.02256155
0.02178836
0.02216482
0.02255607
0.02227545
0.02188325
0.02174306
0.02226496
0.02214813
0.02202535
0.02188492
0.02169108
0.02191496
0.02068114
0.02051616
0.02163887
0.02190042
0.02139425
0.02111745
0.02215075
0.02132082
0.02117729
0.02177739
0.02146029
0.02109003
0.02195907
0.02141857
0.02107811
0.02178264
0.02202439
0.02147198
0.02220964
0.02264237
0.02144575
0.02146149
0.02140236
0.02121949
0.02117467
0.02137327
0.02107716
0.02115917
0.02157450
0.02142620
0.02150273
0.02168894
0.02146244
0.02183342
0.02192950
0.02153325
0.02197814
0.02321362
0.02194643
0.02260971
0.02207184
0.02375102
0.02232075
0.02142692
0.02190518
0.02281451
0.02271390
0.02335119
0.02438259
0.02544832
0.02296662
0.02199674
0.02170110
0.02181435
0.02210712
0.02142167
0.02126575
0.02142596
0.02115226
0.02124572
0.02153397
0.02149343
0.02130508
0.02164483
0.02126837
0.02163863
0.02151775
0.02119851
0.02215791
0.02326822
0.02126217
0.02126241
0.02137518
0.02129531
0.02131367
0.02120876
0.02113914
0.02132225
0.02167726
0.02159762
0.02148366
0.02145624
0.02153134
0.02179575
0.02217698
0.02121258
0.02122188
0.02164173
0.02162457
0.02152443
0.02152348
0.02121925
0.02167296
0.02153063
0.02123594
0.02151704
0.02164888
0.02264404
0.02166009
0.02242565
0.02252007
0.02176499
0.02177548
0.02193403
0.02201533
0.02195406
0.02197671
0.02178144
0.02252340
0.02357173
0.02421761
0.02267385
0.02241397
0.02219653
0.02212858
0.02293777
0.02194405
0.02269721
0.02203465
0.02166438
0.02208757
0.02263379
0.02235723
0.02249432
0.02227259
0.02389622
0.02283621
0.03180790
0.03014636
0.04120708
0.04016209
0.03985143
0.04089546
0.03932953
0.04041171
0.03961420
0.04103708
0.03925800
0.03892493
0.03893423
0.03988981
0.04134893
0.04171824
0.03528666
0.03846931
0.03907824
0.03947139
0.04131031
0.04116416
0.04071951
0.04125595
0.04124522
0.04112053
0.04156637
0.04315519
0.03873229
0.04077411
0.04044461
0.03860164
0.04012847
0.04174280
0.04128504
0.04149532
0.04091811
0.04069948
0.04079413
0.04141760
0.04109263
0.04132581
0.04169059
0.04007912
0.04078650
0.03499103
0.03942204
0.04101753
0.04129958
0.04118013
0.04123092
0.03855324
0.04113340
0.04150438
0.04138088
0.03918076
0.04849815
0.04169989
0.03994226
0.04144835
0.04055142
0.04172564
0.04058981
0.04295802
0.04126740
0.04127860
0.04092574
0.04149961
0.04098439
0.04109049
0.04165268
0.04067802
0.04111481
0.04100323
0.03395915
0.04086590
0.04084802
0.04147363
0.04311633
0.04119849
0.04098034
0.04119778
0.04081178
0.04146981
0.04123402
0.04113579
0.03927398
0.04071164
0.04045701
0.04960108
0.04304314
0.04131055
0.04134274
0.04135823
0.04093695
0.04063845
0.04114771
0.04134679
0.04103589
0.04127693
0.04120016
0.04092145
