0.00656247
0.03169990
0.03044891
0.02818227
0.02932715
0.02709508
0.03068161
0.03057122
0.03020835
0.03049016
0.03090739
0.03031445
0.03029180
0.03042102
0.03147936
0.03129339
0.03041911
0.03013635
0.03013229
0.03056359
0.03098869
0.02996325
0.03034258
0.03025389
0.02999187
0.02903509
0.02812386
0.02753711
0.02897453
0.02730703
0.02796769
0.03028154
0.03665042
0.03237915
0.03226590
0.03250241
0.03262544
0.03218794
0.03187537
0.03238630
0.03177714
0.03237414
0.03128290
0.03126240
0.03163981
0.03218389
0.03295588
0.03213716
0.03183651
0.03171682
0.03169656
0.03148365
0.03174591
0.03209853
0.03157091
0.03238726
0.03181338
0.02984095
0.02925205
0.02919316
0.03068948
0.02985668
0.02976656
0.02997708
0.02979207
0.03016615
0.02969003
0.03037429
0.03016758
0.02998066
0.03156424
0.02941704
0.02817774
0.02877021
0.02993774
0.02894711
0.02761936
0.03075671
0.02785969
0.02947283
0.02768993
0.02821517
0.03267670
0.03000760
0.02858973
0.03172302
0.02788138
0.02818751
0.03081775
0.02907777
0.02972555
0.02915359
0.02948809
0.02882695
0.02890420
0.03024888
0.02857590
0.03388929
0.03673887
0.02819920
0.03147626
0.02988076
0.02927113
0.02861285
0.02892280
0.02805257
0.02988434
0.03069592
0.02957940
0.03016210
0.02825761
0.02764225
0.02883458
0.02723527
0.02938056
0.02739334
0.02873850
0.02795076
0.02843666
0.03022599
0.03048563
0.03296947
0.03278041
0.03359294
