0.00169277
0.01731086
0.01692057
0.01694584
0.01816654
0.01730585
0.01724172
0.01829123
0.01708746
0.01722503
0.01725745
0.01951289
0.01741743
0.01806521
0.01716805
0.01699257
0.01730704
0.01667094
0.01700878
0.01678061
0.01659679
0.01724601
0.01741219
0.01739669
0.01670861
0.01682734
0.01735640
0.01747298
0.01695776
0.01688218
0.01661634
0.01661825
0.01664734
0.01718855
0.01784635
0.01678634
0.01784825
0.01763439
0.01700282
0.01662779
0.01945114
0.01718092
0.01876307
0.01903200
0.01878881
0.01897287
0.01675749
0.01965785
0.01898909
0.01925135
0.01886463
0.01842403
0.01957917
0.01975822
0.01900458
0.01891780
0.01946425
0.01959991
0.02132177
0.02034688
0.02133298
0.01922107
0.01838112
0.01892972
0.01947403
0.01941109
0.01946592
0.01917005
0.01927590
0.01938128
0.01889396
0.01853108
0.01890922
0.02116203
0.01931787
0.02004194
0.02002859
0.01944280
0.01945806
0.02256536
0.01932883
0.01988339
0.02016211
0.01961184
0.01947069
0.01987195
0.02232385
0.02201509
0.02181196
0.02181697
0.02231264
0.02256370
0.02270341
0.02283597
0.02233481
0.02394366
0.02323866
0.01979041
0.01989841
0.01887035
0.01908660
0.01915264
0.01942897
0.01929498
0.01900291
0.02194405
0.02215242
0.02382421
0.02339888
0.02332544
0.02050495
0.02083802
0.03676105
0.02609348
0.02491212
0.02590179
0.02578020
0.02587557
0.02298021
0.02067304
0.02429557
0.02412009
0.02421880
0.02634907
0.02285218
0.02354383
0.02311039
0.02397823
0.02353144
0.02327490
0.02372265
0.02351618
0.02382326
0.02315664
0.02321506
0.02301836
0.02398825
0.02344322
0.02334189
0.02371120
0.02393866
0.02305984
0.02370906
0.02289200
0.02365112
0.02287745
0.02361631
0.02337050
0.02211761
0.02222490
0.02276492
0.02392626
0.02158380
0.02257299
0.02190137
0.02242208
0.02169585
0.02181506
0.02177334
0.02309346
0.02336121
0.02376294
0.02394319
0.02192760
0.02142072
0.02293992
0.02306557
0.02285123
0.02288270
0.02284002
0.02317142
0.02329016
0.02322197
0.02305365
0.02338910
0.02329946
0.02316070
0.02307916
0.02320528
0.02353287
0.02314162
0.02301335
0.02294040
0.02306128
0.02340436
0.02281356
0.02272248
0.02306271
0.02259564
0.02205753
0.02212405
0.02162933
0.02004194
0.02175474
0.02242875
0.02207208
0.02246547
0.02550578
0.02454686
0.02339649
0.02432990
0.02559590
0.02516580
0.02468705
0.02386975
0.02382612
0.02340961
0.02282858
0.02325892
0.02358842
0.02149367
0.02100253
0.02051926
0.02027631
0.02102017
0.01922822
0.01892924
0.01880741
0.01917911
0.01986337
0.02031684
0.02107525
0.02110004
0.02404189
0.02255368
0.02327967
0.02052140
0.02279162
0.02234221
0.02243400
0.02284312
0.02310538
0.02395725
0.02454519
0.02814698
0.02478480
0.02313304
0.02378154
0.02324820
0.02420354
0.02343965
0.02225924
0.02249432
0.02105832
0.01991391
0.02183294
0.02266765
0.02182579
0.01972008
0.01910043
0.01941133
0.01921558
0.01969075
0.01986623
0.01950908
0.02047253
0.01959372
0.01921248
0.01940107
0.02014995
0.01981068
0.01921606
0.01920915
0.01911974
0.01937938
0.01777005
0.01693892
0.01689219
0.01752305
0.01720667
0.01816630
0.01784873
0.01687956
0.01714396
0.01669574
0.01727009
0.01693559
0.01706028
0.01752472
0.01700044
0.01689720
0.01691246
0.01713991
0.01678467
0.01742554
0.01697779
0.01695919
0.01679707
0.01687241
0.01763964
0.01692510
0.01678467
0.01772404
0.01707745
0.01692700
0.01689363
0.01681304
0.01682305
0.01665568
0.01653814
0.01881218
0.01931143
0.01936126
0.01942587
0.01966333
0.01874828
0.01863217
0.01869011
0.02086163
0.02183843
0.02133656
0.02150965
0.02122188
0.02081728
0.02092719
0.02114892
0.02090502
0.02326202
0.02297521
0.02331734
0.02315187
0.02308846
0.02274537
0.02296615
0.02318048
0.02317023
0.02304959
0.02400589
0.02314234
0.02296185
0.02510333
0.02574205
0.02244830
0.02307105
0.02328372
0.02360106
0.02316737
0.02344537
0.02329421
0.02306437
0.02349234
0.02337027
0.02307487
0.02314687
0.02320075
0.02334285
0.02358270
0.02397656
0.02410722
0.02312255
0.02321053
0.02323103
0.02318621
0.02392244
0.02301145
0.02375984
0.02305222
0.02313685
0.02311778
0.02295852
0.02324104
0.02290082
0.02349997
0.02333117
0.02417612
0.02355456
0.02302790
0.02301574
0.02430010
0.02412820
0.02395821
0.02379417
0.02410507
0.02452445
0.02382636
0.02382755
0.02474737
0.02437043
0.02447486
0.02596664
0.02640915
0.02383518
0.02521229
0.02385473
0.02358460
0.02332878
0.02312541
0.02389336
0.02316523
0.02388883
0.02293468
0.02315187
0.02369332
0.02318311
0.02317977
0.02288628
0.02328467
0.02327275
0.02300692
0.02383280
0.02374578
0.02342916
0.02201772
0.02223039
0.02266359
0.02157211
0.02355647
0.02208972
0.02194905
0.02154899
0.02269387
0.02269506
0.02364302
0.02225065
0.02537799
0.02109194
0.02184701
0.02281833
0.02226448
0.02309608
0.02164030
0.02190232
0.02290750
0.02569747
0.02249789
0.02355433
0.02441788
0.02561569
0.02369571
0.02428317
0.03149128
0.02651024
0.02658153
0.02742529
0.03294659
0.03117108
0.02732372
0.03222871
0.03612876
0.03107667
0.03383040
0.02986193
0.03467107
0.03319216
0.04122257
0.03101063
0.04579973
0.03287125
0.03383565
0.03349996
0.03973842
0.02958465
0.02497077
0.02481484
0.02404284
0.02391577
0.02403760
0.02502775
0.02476025
0.02399230
0.02394915
0.02390599
0.02487969
0.02437854
0.02368021
0.02336526
0.02368259
0.02439809
0.02325416
0.02491474
0.02546167
0.02410126
0.02594805
0.02589583
0.02561450
0.02421498
0.02449799
0.02584982
0.02341151
0.02422261
0.02384925
0.02432418
0.02462816
0.02374315
0.02365661
0.02502012
0.02464867
0.02374768
0.02368283
0.02314091
0.02309036
0.02374172
0.02309775
0.02282000
0.02344084
0.02370214
0.02370477
0.02331161
0.02338719
0.02308536
0.02319360
0.02292180
0.02342653
0.02306342
0.02326083
0.02437878
0.02328444
0.02392387
0.02326012
0.02347755
0.02391481
0.02331829
0.02394819
0.02350354
0.02306056
0.02341390
0.02761436
0.02346134
0.02423549
0.02375603
0.02380872
0.02365136
0.02396774
0.02413464
0.02578497
0.02443409
0.02429795
0.02809882
0.02389359
0.02365947
0.02495098
0.02457523
0.02355504
0.02362108
0.02305126
0.02287364
0.02354455
0.02330446
0.02342582
0.02303791
0.02287149
0.02289963
0.02286577
0.02284932
0.02301669
0.02325630
0.02295399
0.02282476
0.02361917
0.02288532
0.02328229
0.02287936
0.02299953
0.02328539
0.02299881
0.02288151
0.02304292
0.02382302
0.02322626
0.02308631
0.02381587
0.02390218
0.02458000
0.02344322
0.02373099
0.02310586
0.02352285
0.02304149
0.02338791
0.02334476
0.02986193
0.02373528
0.02408814
0.02372360
0.02440286
0.02305484
0.02361917
0.02355742
0.02323747
0.02355099
0.02337313
0.02440858
0.02328706
0.02462959
0.02351689
0.02323580
0.02300286
0.02289152
0.02300119
0.02314615
0.02284312
0.02395296
0.02309251
0.02431226
0.02404571
0.02489209
0.02377176
